7.6817 1.12717 0.605273 0.146309 0.0863024 0.0361957 0.0144562 0.00660436 0.00380858 0.00160019 0.000602923 0.000173937 0.000113437 1.19436e-05 7.82229e-06 2.12722e-06 6.90256e-07 2.24302e-08 1.22448e-08 0 0 0 0 0 0 0 0 0 0 0 0 0 0 0 0 0 0 0 0 0 0 0 0 0 0 0 0 0 0 0 0 0 0 0 0 0 0 0 0 0 0 0 0 0 0 0 0 0 0 0 0 0 0 0 0 0 0 0 0 0 0 0 0 0 0 0 0 0 0 0 0 0 0 0 0 0
6.54244 0.629712 0.559932 0.067277 0.0573805 0.0228178 0.0130652 0.00349934 0.00221897 0.00141008 0.000531713 0.000158645 5.42418e-05 1.52751e-05 2.33841e-06 6.39746e-07 1.43622e-07 3.93337e-08 0 0 0 0 0 0 0 0 0 0 0 0 0 0 0 0 0 0 0 0 0 0 0 0 0 0 0 0 0 0 0 0 0 0 0 0 0 0 0 0 0 0 0 0 0 0 0 0 0 0 0 0 0 0 0 0 0 0 0 0 0 0 0 0 0 0 0 0 0 0 0 0 0 0 0 0 0 0
6.93298 0.658853 0.365261 0.0784056 0.0614535 0.0182864 0.0115487 0.00279014 0.00279014 0.000459788 0.000459788 0.000156449 4.57641e-05 1.9461e-05 4.75265e-06 4.4593e-07 9.73003e-08 0 0 0 0 0 0 0 0 0 0 0 0 0 0 0 0 0 0 0 0 0 0 0 0 0 0 0 0 0 0 0 0 0 0 0 0 0 0 0 0 0 0 0 0 0 0 0 0 0 0 0 0 0 0 0 0 0 0 0 0 0 0 0 0 0 0 0 0 0 0 0 0 0 0 0 0 0 0 0
3.64095 0.606788 0.201558 0.126609 0.0462897 0.0245709 0.0138532 0.00811159 0.00319822 0.0013904 0.000504651 0.000167296 5.0031e-05 2.41875e-05 1.12259e-05 1.3771e-06 5.45543e-07 1.95921e-08 0 0 0 0 0 0 0 0 0 0 0 0 0 0 0 0 0 0 0 0 0 0 0 0 0 0 0 0 0 0 0 0 0 0 0 0 0 0 0 0 0 0 0 0 0 0 0 0 0 0 0 0 0 0 0 0 0 0 0 0 0 0 0 0 0 0 0 0 0 0 0 0 0 0 0 0 0 0
2.26772 0.722391 0.269554 0.045945 0.0361291 0.0262308 0.0133839 0.00339388 0.00239586 0.0010496 0.000317076 0.000245585 3.82765e-05 1.30409e-05 6.64866e-06 1.81933e-06 3.61751e-08 0 0 0 0 0 0 0 0 0 0 0 0 0 0 0 0 0 0 0 0 0 0 0 0 0 0 0 0 0 0 0 0 0 0 0 0 0 0 0 0 0 0 0 0 0 0 0 0 0 0 0 0 0 0 0 0 0 0 0 0 0 0 0 0 0 0 0 0 0 0 0 0 0 0 0 0 0 0 0
2.6179 0.795117 0.354151 0.118438 0.0435471 0.0290601 0.012569 0.00520119 0.00288412 0.00165121 0.000645158 0.000244344 0.000104346 3.01355e-05 5.69001e-06 1.00152e-06 5.26009e-07 3.59524e-08 0 0 0 0 0 0 0 0 0 0 0 0 0 0 0 0 0 0 0 0 0 0 0 0 0 0 0 0 0 0 0 0 0 0 0 0 0 0 0 0 0 0 0 0 0 0 0 0 0 0 0 0 0 0 0 0 0 0 0 0 0 0 0 0 0 0 0 0 0 0 0 0 0 0 0 0 0 0
3.74718 0.476324 0.461467 0.0903159 0.0487806 0.0215479 0.00715121 0.00524381 0.00288281 0.00111871 0.000470379 0.000186778 5.20724e-05 1.71741e-05 7.90016e-06 2.43131e-06 3.61479e-07 1.13258e-08 0 0 0 0 0 0 0 0 0 0 0 0 0 0 0 0 0 0 0 0 0 0 0 0 0 0 0 0 0 0 0 0 0 0 0 0 0 0 0 0 0 0 0 0 0 0 0 0 0 0 0 0 0 0 0 0 0 0 0 0 0 0 0 0 0 0 0 0 0 0 0 0 0 0 0 0 0 0
5.84964 0.982894 0.4171 0.140151 0.0577789 0.0281121 0.0131211 0.00842278 0.00354734 0.00225848 0.000529831 0.000273697 0.00012645 2.15038e-05 1.38418e-05 1.45705e-06 9.6893e-08 6.63546e-08 1.74882e-08 0 0 0 0 0 0 0 0 0 0 0 0 0 0 0 0 0 0 0 0 0 0 0 0 0 0 0 0 0 0 0 0 0 0 0 0 0 0 0 0 0 0 0 0 0 0 0 0 0 0 0 0 0 0 0 0 0 0 0 0 0 0 0 0 0 0 0 0 0 0 0 0 0 0 0 0 0
2.26208 0.927425 0.450646 0.0723154 0.0653398 0.0249954 0.0139225 0.00709167 0.00271863 0.000923955 0.000759678 0.000154896 3.36988e-05 2.83963e-05 4.37297e-06 1.14658e-06 1.22702e-08 1.02149e-08 0 0 0 0 0 0 0 0 0 0 0 0 0 0 0 0 0 0 0 0 0 0 0 0 0 0 0 0 0 0 0 0 0 0 0 0 0 0 0 0 0 0 0 0 0 0 0 0 0 0 0 0 0 0 0 0 0 0 0 0 0 0 0 0 0 0 0 0 0 0 0 0 0 0 0 0 0 0
4.80594 1.00129 0.571685 0.0805889 0.036004 0.0155959 0.0140968 0.00550829 0.00191756 0.000928682 0.000347429 0.000144771 7.23151e-05 3.30946e-05 1.5173e-06 1.81601e-07 1.81601e-07 0 0 0 0 0 0 0 0 0 0 0 0 0 0 0 0 0 0 0 0 0 0 0 0 0 0 0 0 0 0 0 0 0 0 0 0 0 0 0 0 0 0 0 0 0 0 0 0 0 0 0 0 0 0 0 0 0 0 0 0 0 0 0 0 0 0 0 0 0 0 0 0 0 0 0 0 0 0 0
9.77345 1.05791 0.476775 0.19175 0.0591597 0.0319786 0.0202072 0.013043 0.00318036 0.0015181 0.000650016 0.000206811 7.31489e-05 3.67415e-05 1.65194e-05 3.19315e-06 7.39594e-07 7.59585e-08 5.44435e-08 0 0 0 0 0 0 0 0 0 0 0 0 0 0 0 0 0 0 0 0 0 0 0 0 0 0 0 0 0 0 0 0 0 0 0 0 0 0 0 0 0 0 0 0 0 0 0 0 0 0 0 0 0 0 0 0 0 0 0 0 0 0 0 0 0 0 0 0 0 0 0 0 0 0 0 0 0
4.10574 0.623381 0.565258 0.0712722 0.0264458 0.00381108 0.00381108 0.00381108 0.00143695 0.000663193 0.000226696 0.000123837 5.32097e-05 8.28155e-06 2.50568e-06 1.37803e-06 1.86717e-07 0 0 0 0 0 0 0 0 0 0 0 0 0 0 0 0 0 0 0 0 0 0 0 0 0 0 0 0 0 0 0 0 0 0 0 0 0 0 0 0 0 0 0 0 0 0 0 0 0 0 0 0 0 0 0 0 0 0 0 0 0 0 0 0 0 0 0 0 0 0 0 0 0 0 0 0 0 0 0
8.98953 0.620202 0.290712 0.0910393 0.0428926 0.0152277 0.00940555 0.00685377 0.00285141 0.000655563 0.000433758 0.000148969 4.11577e-05 1.31365e-05 4.67127e-06 4.35437e-07 9.89121e-08 0 0 0 0 0 0 0 0 0 0 0 0 0 0 0 0 0 0 0 0 0 0 0 0 0 0 0 0 0 0 0 0 0 0 0 0 0 0 0 0 0 0 0 0 0 0 0 0 0 0 0 0 0 0 0 0 0 0 0 0 0 0 0 0 0 0 0 0 0 0 0 0 0 0 0 0 0 0 0
7.81334 0.887293 0.482437 0.113251 0.0442729 0.0107893 0.00922643 0.00533488 0.00167394 0.00131138 0.000175829 0.000175829 6.13459e-05 1.88589e-05 1.33126e-06 1.33126e-06 6.36374e-08 1.91783e-08 0 0 0 0 0 0 0 0 0 0 0 0 0 0 0 0 0 0 0 0 0 0 0 0 0 0 0 0 0 0 0 0 0 0 0 0 0 0 0 0 0 0 0 0 0 0 0 0 0 0 0 0 0 0 0 0 0 0 0 0 0 0 0 0 0 0 0 0 0 0 0 0 0 0 0 0 0 0
5.98241 1.05458 0.316579 0.121779 0.0629848 0.0259874 0.00964243 0.00617523 0.00142431 0.00142431 0.00058996 0.000186986 6.08497e-05 3.2021e-05 1.35188e-05 2.20189e-06 4.70654e-07 2.16557e-08 0 0 0 0 0 0 0 0 0 0 0 0 0 0 0 0 0 0 0 0 0 0 0 0 0 0 0 0 0 0 0 0 0 0 0 0 0 0 0 0 0 0 0 0 0 0 0 0 0 0 0 0 0 0 0 0 0 0 0 0 0 0 0 0 0 0 0 0 0 0 0 0 0 0 0 0 0 0
7.91766 0.758791 0.515304 0.121328 0.0421497 0.0361843 0.0182371 0.00819781 0.00268656 0.0012228 0.000684144 0.000217201 9.89573e-05 1.78893e-05 5.92043e-06 1.19966e-06 1.72931e-07 0 0 0 0 0 0 0 0 0 0 0 0 0 0 0 0 0 0 0 0 0 0 0 0 0 0 0 0 0 0 0 0 0 0 0 0 0 0 0 0 0 0 0 0 0 0 0 0 0 0 0 0 0 0 0 0 0 0 0 0 0 0 0 0 0 0 0 0 0 0 0 0 0 0 0 0 0 0 0
5.63141 1.07407 0.296085 0.101381 0.0408318 0.0165191 0.014173 0.00384647 0.0023742 0.00101691 0.000342691 0.000127008 6.0442e-05 1.41225e-05 3.28671e-06 1.49819e-06 3.05339e-08 0 0 0 0 0 0 0 0 0 0 0 0 0 0 0 0 0 0 0 0 0 0 0 0 0 0 0 0 0 0 0 0 0 0 0 0 0 0 0 0 0 0 0 0 0 0 0 0 0 0 0 0 0 0 0 0 0 0 0 0 0 0 0 0 0 0 0 0 0 0 0 0 0 0 0 0 0 0 0
7.75384 0.941431 0.644913 0.143378 0.0583637 0.0450786 0.0272067 0.0119801 0.00309307 0.000991624 0.000781002 0.000413457 0.000183132 5.71771e-05 9.71996e-06 3.90101e-06 3.0229e-07 5.64165e-08 1.40511e-08 0 0 0 0 0 0 0 0 0 0 0 0 0 0 0 0 0 0 0 0 0 0 0 0 0 0 0 0 0 0 0 0 0 0 0 0 0 0 0 0 0 0 0 0 0 0 0 0 0 0 0 0 0 0 0 0 0 0 0 0 0 0 0 0 0 0 0 0 0 0 0 0 0 0 0 0 0
4.18366 1.16787 0.329429 0.0986536 0.0526938 0.0217067 0.0168199 0.00589264 0.00378593 0.000653617 0.000278934 0.000134802 6.53805e-05 2.21173e-05 5.44485e-06 1.12911e-06 1.8701e-07 0 0 0 0 0 0 0 0 0 0 0 0 0 0 0 0 0 0 0 0 0 0 0 0 0 0 0 0 0 0 0 0 0 0 0 0 0 0 0 0 0 0 0 0 0 0 0 0 0 0 0 0 0 0 0 0 0 0 0 0 0 0 0 0 0 0 0 0 0 0 0 0 0 0 0 0 0 0 0
2.6947 0.627525 0.430439 0.125581 0.0315282 0.0305237 0.0101508 0.00430103 0.00149712 0.00149712 0.000281832 0.000139344 9.72105e-05 2.17813e-05 8.76526e-06 1.61703e-07 0 0 0 0 0 0 0 0 0 0 0 0 0 0 0 0 0 0 0 0 0 0 0 0 0 0 0 0 0 0 0 0 0 0 0 0 0 0 0 0 0 0 0 0 0 0 0 0 0 0 0 0 0 0 0 0 0 0 0 0 0 0 0 0 0 0 0 0 0 0 0 0 0 0 0 0 0 0 0 0
1.10444 0.928252 0.495574 0.0993135 0.041314 0.0204003 0.00899071 0.00353486 0.00149378 0.00093004 0.000504543 9.33825e-05 9.33825e-05 8.60851e-06 3.91002e-06 1.48497e-06 2.39137e-07 1.27494e-07 0 0 0 0 0 0 0 0 0 0 0 0 0 0 0 0 0 0 0 0 0 0 0 0 0 0 0 0 0 0 0 0 0 0 0 0 0 0 0 0 0 0 0 0 0 0 0 0 0 0 0 0 0 0 0 0 0 0 0 0 0 0 0 0 0 0 0 0 0 0 0 0 0 0 0 0 0 0
2.38658 0.831789 0.345205 0.0869226 0.0619008 0.0341376 0.00769435 0.00439339 0.00384927 0.00118812 0.00033119 9.35105e-05 3.21427e-05 8.33956e-06 5.27151e-06 1.0833e-07 1.0833e-07 0 0 0 0 0 0 0 0 0 0 0 0 0 0 0 0 0 0 0 0 0 0 0 0 0 0 0 0 0 0 0 0 0 0 0 0 0 0 0 0 0 0 0 0 0 0 0 0 0 0 0 0 0 0 0 0 0 0 0 0 0 0 0 0 0 0 0 0 0 0 0 0 0 0 0 0 0 0 0
6.10697 1.3219 0.313826 0.0628655 0.0555368 0.0253132 0.0182065 0.00838775 0.0019233 0.000789379 0.000738024 0.000278449 8.31386e-05 2.1447e-05 7.95651e-06 1.47745e-06 6.0202e-08 1.63878e-08 0 0 0 0 0 0 0 0 0 0 0 0 0 0 0 0 0 0 0 0 0 0 0 0 0 0 0 0 0 0 0 0 0 0 0 0 0 0 0 0 0 0 0 0 0 0 0 0 0 0 0 0 0 0 0 0 0 0 0 0 0 0 0 0 0 0 0 0 0 0 0 0 0 0 0 0 0 0
4.08039 0.966308 0.321316 0.0770432 0.053839 0.00591787 0.00591787 0.00392558 0.0023165 0.000794599 0.000229751 4.40428e-05 3.36194e-05 1.3212e-05 2.1736e-06 1.36028e-07 1.25631e-07 0 0 0 0 0 0 0 0 0 0 0 0 0 0 0 0 0 0 0 0 0 0 0 0 0 0 0 0 0 0 0 0 0 0 0 0 0 0 0 0 0 0 0 0 0 0 0 0 0 0 0 0 0 0 0 0 0 0 0 0 0 0 0 0 0 0 0 0 0 0 0 0 0 0 0 0 0 0 0
8.60424 1.35036 0.474701 0.0814592 0.0492765 0.0159826 0.0119505 0.00714959 0.00301068 0.00122532 0.000383603 0.000151275 5.54757e-05 2.20734e-05 2.58226e-06 2.62852e-07 6.94744e-08 1.58618e-08 0 0 0 0 0 0 0 0 0 0 0 0 0 0 0 0 0 0 0 0 0 0 0 0 0 0 0 0 0 0 0 0 0 0 0 0 0 0 0 0 0 0 0 0 0 0 0 0 0 0 0 0 0 0 0 0 0 0 0 0 0 0 0 0 0 0 0 0 0 0 0 0 0 0 0 0 0 0
4.31799 0.792127 0.271265 0.097557 0.0680268 0.0308231 0.0158995 0.0057049 0.00211329 0.00116188 0.000141134 0.000141134 4.87121e-05 1.52244e-05 7.02432e-06 1.37125e-06 8.54959e-08 2.28607e-08 0 0 0 0 0 0 0 0 0 0 0 0 0 0 0 0 0 0 0 0 0 0 0 0 0 0 0 0 0 0 0 0 0 0 0 0 0 0 0 0 0 0 0 0 0 0 0 0 0 0 0 0 0 0 0 0 0 0 0 0 0 0 0 0 0 0 0 0 0 0 0 0 0 0 0 0 0 0
8.99528 1.02358 0.717911 0.128449 0.0604228 0.034928 0.011284 0.00792452 0.00305861 0.000879257 0.000677217 0.000239822 4.63265e-05 1.69586e-05 5.1534e-06 1.13803e-06 1.42026e-07 0 0 0 0 0 0 0 0 0 0 0 0 0 0 0 0 0 0 0 0 0 0 0 0 0 0 0 0 0 0 0 0 0 0 0 0 0 0 0 0 0 0 0 0 0 0 0 0 0 0 0 0 0 0 0 0 0 0 0 0 0 0 0 0 0 0 0 0 0 0 0 0 0 0 0 0 0 0 0
5.94801 0.721389 0.538537 0.113469 0.055415 0.0278704 0.0169927 0.00660237 0.0043369 0.00204234 0.000414372 0.000137637 3.16241e-05 2.49759e-05 6.25263e-06 1.7271e-07 1.58044e-07 2.66557e-08 0 0 0 0 0 0 0 0 0 0 0 0 0 0 0 0 0 0 0 0 0 0 0 0 0 0 0 0 0 0 0 0 0 0 0 0 0 0 0 0 0 0 0 0 0 0 0 0 0 0 0 0 0 0 0 0 0 0 0 0 0 0 0 0 0 0 0 0 0 0 0 0 0 0 0 0 0 0
7.18496 0.663935 0.529673 0.0899293 0.0605484 0.0293908 0.0115638 0.00495155 0.00330827 0.000791119 0.000282038 0.000119889 4.87228e-05 2.54766e-05 9.18306e-06 1.09223e-06 4.00071e-08 0 0 0 0 0 0 0 0 0 0 0 0 0 0 0 0 0 0 0 0 0 0 0 0 0 0 0 0 0 0 0 0 0 0 0 0 0 0 0 0 0 0 0 0 0 0 0 0 0 0 0 0 0 0 0 0 0 0 0 0 0 0 0 0 0 0 0 0 0 0 0 0 0 0 0 0 0 0 0
3.76621 1.041 0.391467 0.0797076 0.0443879 0.0225019 0.0132222 0.0035568 0.00233326 0.000767031 0.000462654 0.000200769 3.29514e-05 1.13469e-05 1.99636e-06 1.99636e-06 1.81703e-07 0 0 0 0 0 0 0 0 0 0 0 0 0 0 0 0 0 0 0 0 0 0 0 0 0 0 0 0 0 0 0 0 0 0 0 0 0 0 0 0 0 0 0 0 0 0 0 0 0 0 0 0 0 0 0 0 0 0 0 0 0 0 0 0 0 0 0 0 0 0 0 0 0 0 0 0 0 0 0
5.40561 0.987208 0.413033 0.100776 0.0620868 0.0294768 0.00951876 0.0046809 0.00160042 0.00115593 0.00037629 0.000133006 5.05208e-05 6.58848e-06 4.66581e-06 6.47431e-07 0 0 0 0 0 0 0 0 0 0 0 0 0 0 0 0 0 0 0 0 0 0 0 0 0 0 0 0 0 0 0 0 0 0 0 0 0 0 0 0 0 0 0 0 0 0 0 0 0 0 0 0 0 0 0 0 0 0 0 0 0 0 0 0 0 0 0 0 0 0 0 0 0 0 0 0 0 0 0 0
2.60672 0.748716 0.318548 0.115603 0.0439688 0.0322788 0.00750597 0.0021893 0.00147204 0.00128324 0.000335333 9.45904e-05 4.38643e-05 1.54438e-05 8.9482e-07 2.18181e-07 1.93838e-07 4.46311e-08 0 0 0 0 0 0 0 0 0 0 0 0 0 0 0 0 0 0 0 0 0 0 0 0 0 0 0 0 0 0 0 0 0 0 0 0 0 0 0 0 0 0 0 0 0 0 0 0 0 0 0 0 0 0 0 0 0 0 0 0 0 0 0 0 0 0 0 0 0 0 0 0 0 0 0 0 0 0
4.41407 0.56084 0.56084 0.0752809 0.0482382 0.0213644 0.0128082 0.00456957 0.00204193 0.000823448 0.000227974 0.000227974 5.05244e-05 2.32393e-05 3.53975e-06 8.02078e-07 1.34619e-07 0 0 0 0 0 0 0 0 0 0 0 0 0 0 0 0 0 0 0 0 0 0 0 0 0 0 0 0 0 0 0 0 0 0 0 0 0 0 0 0 0 0 0 0 0 0 0 0 0 0 0 0 0 0 0 0 0 0 0 0 0 0 0 0 0 0 0 0 0 0 0 0 0 0 0 0 0 0 0
8.70291 0.808815 0.60923 0.0738976 0.0738976 0.0329711 0.0128157 0.00631782 0.00375114 0.00170729 0.000335971 0.00019897 6.6218e-05 3.80493e-05 7.93996e-06 2.03252e-06 1.64069e-07 2.01821e-08 0 0 0 0 0 0 0 0 0 0 0 0 0 0 0 0 0 0 0 0 0 0 0 0 0 0 0 0 0 0 0 0 0 0 0 0 0 0 0 0 0 0 0 0 0 0 0 0 0 0 0 0 0 0 0 0 0 0 0 0 0 0 0 0 0 0 0 0 0 0 0 0 0 0 0 0 0 0
1.39981 0.823658 0.546485 0.137885 0.0740541 0.0201881 0.0152043 0.00757324 0.0035872 0.00163464 0.000758271 0.000225097 4.54493e-05 4.54493e-05 1.97143e-06 1.97143e-06 1.54107e-08 1.54107e-08 0 0 0 0 0 0 0 0 0 0 0 0 0 0 0 0 0 0 0 0 0 0 0 0 0 0 0 0 0 0 0 0 0 0 0 0 0 0 0 0 0 0 0 0 0 0 0 0 0 0 0 0 0 0 0 0 0 0 0 0 0 0 0 0 0 0 0 0 0 0 0 0 0 0 0 0 0 0
7.39111 1.74893 0.521133 0.0953868 0.054899 0.0268816 0.0127545 0.00781998 0.00292663 0.000557535 0.000513104 0.000195648 0.000113999 2.68112e-05 6.95218e-06 1.41234e-06 4.65493e-08 4.53911e-08 0 0 0 0 0 0 0 0 0 0 0 0 0 0 0 0 0 0 0 0 0 0 0 0 0 0 0 0 0 0 0 0 0 0 0 0 0 0 0 0 0 0 0 0 0 0 0 0 0 0 0 0 0 0 0 0 0 0 0 0 0 0 0 0 0 0 0 0 0 0 0 0 0 0 0 0 0 0
12.8407 0.722971 0.418565 0.100811 0.0493447 0.0340881 0.0164843 0.0072297 0.00261937 0.00135619 0.000503023 0.000187366 6.15416e-05 1.53075e-05 7.4965e-06 1.9398e-06 1.37014e-07 0 0 0 0 0 0 0 0 0 0 0 0 0 0 0 0 0 0 0 0 0 0 0 0 0 0 0 0 0 0 0 0 0 0 0 0 0 0 0 0 0 0 0 0 0 0 0 0 0 0 0 0 0 0 0 0 0 0 0 0 0 0 0 0 0 0 0 0 0 0 0 0 0 0 0 0 0 0 0
6.8335 1.09111 0.34647 0.0797513 0.0419846 0.0160376 0.0121208 0.00562171 0.00190954 0.00110612 0.000217248 0.000145305 0.000107945 1.89322e-05 4.78337e-06 1.82152e-06 2.20409e-08 0 0 0 0 0 0 0 0 0 0 0 0 0 0 0 0 0 0 0 0 0 0 0 0 0 0 0 0 0 0 0 0 0 0 0 0 0 0 0 0 0 0 0 0 0 0 0 0 0 0 0 0 0 0 0 0 0 0 0 0 0 0 0 0 0 0 0 0 0 0 0 0 0 0 0 0 0 0 0
2.448 0.690548 0.309219 0.111379 0.0220034 0.0220034 0.00757161 0.00386664 0.00251246 0.00110077 0.000543475 0.000195065 5.82609e-05 3.26151e-05 1.66972e-06 4.92358e-08 4.92358e-08 0 0 0 0 0 0 0 0 0 0 0 0 0 0 0 0 0 0 0 0 0 0 0 0 0 0 0 0 0 0 0 0 0 0 0 0 0 0 0 0 0 0 0 0 0 0 0 0 0 0 0 0 0 0 0 0 0 0 0 0 0 0 0 0 0 0 0 0 0 0 0 0 0 0 0 0 0 0 0
9.24896 0.798712 0.524677 0.127854 0.0425023 0.022393 0.0130606 0.00698197 0.00230321 0.00132527 0.000440939 0.000204567 6.39604e-05 3.22733e-05 4.22144e-06 2.25409e-06 2.16345e-07 2.66786e-08 0 0 0 0 0 0 0 0 0 0 0 0 0 0 0 0 0 0 0 0 0 0 0 0 0 0 0 0 0 0 0 0 0 0 0 0 0 0 0 0 0 0 0 0 0 0 0 0 0 0 0 0 0 0 0 0 0 0 0 0 0 0 0 0 0 0 0 0 0 0 0 0 0 0 0 0 0 0
2.4007 0.598623 0.401121 0.0764983 0.0295415 0.0182192 0.00574207 0.00574207 0.00206041 0.00130436 0.00034739 0.00020259 6.65977e-05 2.00441e-05 5.98555e-06 1.71897e-06 2.14194e-08 2.14194e-08 0 0 0 0 0 0 0 0 0 0 0 0 0 0 0 0 0 0 0 0 0 0 0 0 0 0 0 0 0 0 0 0 0 0 0 0 0 0 0 0 0 0 0 0 0 0 0 0 0 0 0 0 0 0 0 0 0 0 0 0 0 0 0 0 0 0 0 0 0 0 0 0 0 0 0 0 0 0
2.64541 0.336239 0.216933 0.0595805 0.0532541 0.0211167 0.00554879 0.00410269 0.000913887 0.000717355 7.5803e-05 5.154e-05 2.04083e-05 2.61915e-06 2.61915e-06 9.24851e-07 8.25321e-08 1.65681e-08 0 0 0 0 0 0 0 0 0 0 0 0 0 0 0 0 0 0 0 0 0 0 0 0 0 0 0 0 0 0 0 0 0 0 0 0 0 0 0 0 0 0 0 0 0 0 0 0 0 0 0 0 0 0 0 0 0 0 0 0 0 0 0 0 0 0 0 0 0 0 0 0 0 0 0 0 0 0
2.96114 1.2712 0.492876 0.0981138 0.0447205 0.0251099 0.0134436 0.00344586 0.00285326 0.00168771 0.000707338 0.00024971 8.76406e-05 1.88436e-05 8.02515e-06 1.08063e-06 7.76938e-07 2.49672e-08 0 0 0 0 0 0 0 0 0 0 0 0 0 0 0 0 0 0 0 0 0 0 0 0 0 0 0 0 0 0 0 0 0 0 0 0 0 0 0 0 0 0 0 0 0 0 0 0 0 0 0 0 0 0 0 0 0 0 0 0 0 0 0 0 0 0 0 0 0 0 0 0 0 0 0 0 0 0
3.83939 0.440709 0.368314 0.0509295 0.045255 0.0169126 0.0101151 0.0042159 0.00240941 0.000818139 0.000207163 0.000143407 4.53216e-05 1.62384e-05 1.70809e-06 8.76406e-07 2.53792e-08 0 0 0 0 0 0 0 0 0 0 0 0 0 0 0 0 0 0 0 0 0 0 0 0 0 0 0 0 0 0 0 0 0 0 0 0 0 0 0 0 0 0 0 0 0 0 0 0 0 0 0 0 0 0 0 0 0 0 0 0 0 0 0 0 0 0 0 0 0 0 0 0 0 0 0 0 0 0 0
7.6262 1.10506 0.700847 0.0959375 0.0631371 0.0184628 0.00707935 0.003086 0.0022822 0.0011893 0.000305571 0.000228409 3.65266e-05 2.47002e-05 4.88393e-06 1.5041e-06 2.01855e-07 2.44087e-08 0 0 0 0 0 0 0 0 0 0 0 0 0 0 0 0 0 0 0 0 0 0 0 0 0 0 0 0 0 0 0 0 0 0 0 0 0 0 0 0 0 0 0 0 0 0 0 0 0 0 0 0 0 0 0 0 0 0 0 0 0 0 0 0 0 0 0 0 0 0 0 0 0 0 0 0 0 0
7.77589 1.48517 0.484351 0.152478 0.0624904 0.0197236 0.0173776 0.00550256 0.00223262 0.00111682 0.000223508 9.30038e-05 6.55389e-05 2.76078e-05 1.86101e-06 1.7865e-06 4.58537e-07 1.17756e-08 0 0 0 0 0 0 0 0 0 0 0 0 0 0 0 0 0 0 0 0 0 0 0 0 0 0 0 0 0 0 0 0 0 0 0 0 0 0 0 0 0 0 0 0 0 0 0 0 0 0 0 0 0 0 0 0 0 0 0 0 0 0 0 0 0 0 0 0 0 0 0 0 0 0 0 0 0 0
2.41479 1.02445 0.491429 0.120033 0.0447006 0.0336072 0.0145388 0.00549191 0.00435605 0.000729343 0.000281453 0.000226763 0.000104259 1.90888e-05 9.7204e-06 1.33629e-06 2.64076e-08 2.64076e-08 0 0 0 0 0 0 0 0 0 0 0 0 0 0 0 0 0 0 0 0 0 0 0 0 0 0 0 0 0 0 0 0 0 0 0 0 0 0 0 0 0 0 0 0 0 0 0 0 0 0 0 0 0 0 0 0 0 0 0 0 0 0 0 0 0 0 0 0 0 0 0 0 0 0 0 0 0 0
2.54865 1.12767 0.445602 0.124293 0.0488424 0.0242911 0.0133981 0.00483555 0.0024685 0.00107116 0.000508637 0.000220539 6.3452e-05 4.18189e-05 5.89817e-06 6.99026e-07 1.08592e-08 1.08592e-08 0 0 0 0 0 0 0 0 0 0 0 0 0 0 0 0 0 0 0 0 0 0 0 0 0 0 0 0 0 0 0 0 0 0 0 0 0 0 0 0 0 0 0 0 0 0 0 0 0 0 0 0 0 0 0 0 0 0 0 0 0 0 0 0 0 0 0 0 0 0 0 0 0 0 0 0 0 0
4.61384 0.800373 0.511273 0.135128 0.055686 0.0256116 0.0158882 0.0076191 0.00217044 0.000704885 0.000684449 0.000281517 0.000100062 5.1501e-05 8.8438e-06 3.86819e-06 1.02516e-06 2.15498e-07 1.91572e-08 0 0 0 0 0 0 0 0 0 0 0 0 0 0 0 0 0 0 0 0 0 0 0 0 0 0 0 0 0 0 0 0 0 0 0 0 0 0 0 0 0 0 0 0 0 0 0 0 0 0 0 0 0 0 0 0 0 0 0 0 0 0 0 0 0 0 0 0 0 0 0 0 0 0 0 0 0
12.0159 0.927621 0.374224 0.10749 0.0371568 0.0259995 0.0138222 0.00584452 0.00301837 0.000706837 0.000451067 0.000134398 6.40923e-05 5.44074e-06 3.64468e-06 2.05194e-06 1.33755e-07 5.84986e-08 0 0 0 0 0 0 0 0 0 0 0 0 0 0 0 0 0 0 0 0 0 0 0 0 0 0 0 0 0 0 0 0 0 0 0 0 0 0 0 0 0 0 0 0 0 0 0 0 0 0 0 0 0 0 0 0 0 0 0 0 0 0 0 0 0 0 0 0 0 0 0 0 0 0 0 0 0 0
5.20119 0.83306 0.366985 0.0742587 0.0415826 0.0227106 0.00550604 0.00464856 0.00321124 0.00111657 0.000390733 0.000237047 0.000114663 2.54248e-05 2.99197e-06 2.58863e-06 2.25783e-07 0 0 0 0 0 0 0 0 0 0 0 0 0 0 0 0 0 0 0 0 0 0 0 0 0 0 0 0 0 0 0 0 0 0 0 0 0 0 0 0 0 0 0 0 0 0 0 0 0 0 0 0 0 0 0 0 0 0 0 0 0 0 0 0 0 0 0 0 0 0 0 0 0 0 0 0 0 0 0
