5.54857 1.15537 0.553465 0.131567 0.0379145 0.0315518 0.0142831 0.00822029 0.00448674 0.00147762 0.000721983 0.000184464 0.000139867 2.60322e-05 1.18622e-05 3.96231e-06 1.62787e-06 2.44891e-07 8.44388e-08 0 0 0 0 0 0 0 0 0 0 0 0 0 0 0 0 0 0 0 0 0 0 0 0 0 0 0 0 0 0 0 0 0 0 0 0 0 0 0 0 0 0 0 0 0 0 0 0 0 0 0 0 0 0 0 0 0 0 0 0 0 0 0 0 0 0 0 0 0 0 0 0 0 0 0 0 0
6.81518 0.743969 0.353923 0.0965123 0.0548931 0.0351205 0.01318 0.00284746 0.00186489 0.00058032 0.000498701 0.000155061 7.00985e-05 2.59799e-05 1.0152e-05 2.83614e-06 5.20942e-07 0 0 0 0 0 0 0 0 0 0 0 0 0 0 0 0 0 0 0 0 0 0 0 0 0 0 0 0 0 0 0 0 0 0 0 0 0 0 0 0 0 0 0 0 0 0 0 0 0 0 0 0 0 0 0 0 0 0 0 0 0 0 0 0 0 0 0 0 0 0 0 0 0 0 0 0 0 0 0
5.09314 0.703924 0.481364 0.103077 0.0431637 0.0239414 0.0110595 0.00469203 0.00296442 0.00145295 0.00072467 0.000212799 4.5088e-05 4.5088e-05 1.0972e-05 3.57956e-06 1.65941e-06 3.99628e-08 3.99628e-08 0 0 0 0 0 0 0 0 0 0 0 0 0 0 0 0 0 0 0 0 0 0 0 0 0 0 0 0 0 0 0 0 0 0 0 0 0 0 0 0 0 0 0 0 0 0 0 0 0 0 0 0 0 0 0 0 0 0 0 0 0 0 0 0 0 0 0 0 0 0 0 0 0 0 0 0 0
1.5 0.700165 0.445327 0.120581 0.0775991 0.0356849 0.0156504 0.0056271 0.00193715 0.000621644 0.000480221 0.000281641 0.000107147 2.74436e-05 1.13702e-05 2.03469e-06 2.70925e-07 2.79914e-08 1.09516e-08 0 0 0 0 0 0 0 0 0 0 0 0 0 0 0 0 0 0 0 0 0 0 0 0 0 0 0 0 0 0 0 0 0 0 0 0 0 0 0 0 0 0 0 0 0 0 0 0 0 0 0 0 0 0 0 0 0 0 0 0 0 0 0 0 0 0 0 0 0 0 0 0 0 0 0 0 0
3.06837 0.587476 0.361183 0.146178 0.0641476 0.0189665 0.0149914 0.00612106 0.00314148 0.00157914 0.000406883 0.000211073 0.000129777 3.86964e-05 1.10457e-05 1.77814e-06 9.23224e-07 4.63714e-07 1.20145e-08 0 0 0 0 0 0 0 0 0 0 0 0 0 0 0 0 0 0 0 0 0 0 0 0 0 0 0 0 0 0 0 0 0 0 0 0 0 0 0 0 0 0 0 0 0 0 0 0 0 0 0 0 0 0 0 0 0 0 0 0 0 0 0 0 0 0 0 0 0 0 0 0 0 0 0 0 0
6.74091 0.788902 0.394607 0.0608002 0.0597587 0.0387595 0.0157312 0.00468463 0.00145049 0.00145049 0.000629727 0.00028205 0.000140596 4.88619e-05 1.32438e-05 3.57173e-06 6.69771e-07 5.19093e-07 7.1385e-08 0 0 0 0 0 0 0 0 0 0 0 0 0 0 0 0 0 0 0 0 0 0 0 0 0 0 0 0 0 0 0 0 0 0 0 0 0 0 0 0 0 0 0 0 0 0 0 0 0 0 0 0 0 0 0 0 0 0 0 0 0 0 0 0 0 0 0 0 0 0 0 0 0 0 0 0 0
1.99014 0.985307 0.35246 0.0895915 0.0448814 0.0302289 0.0100934 0.00861981 0.00460355 0.00171626 0.000891707 0.000201739 0.000125592 3.30828e-05 2.31646e-05 6.99923e-06 1.16285e-06 6.94909e-07 1.08418e-07 4.11283e-08 0 0 0 0 0 0 0 0 0 0 0 0 0 0 0 0 0 0 0 0 0 0 0 0 0 0 0 0 0 0 0 0 0 0 0 0 0 0 0 0 0 0 0 0 0 0 0 0 0 0 0 0 0 0 0 0 0 0 0 0 0 0 0 0 0 0 0 0 0 0 0 0 0 0 0 0
5.29691 0.945492 0.332381 0.103128 0.0485441 0.0275381 0.01375 0.00518446 0.00208859 0.00130026 0.000621347 0.000322447 7.58525e-05 4.11964e-05 1.70674e-05 2.93786e-06 1.70737e-06 4.26437e-07 1.04606e-08 0 0 0 0 0 0 0 0 0 0 0 0 0 0 0 0 0 0 0 0 0 0 0 0 0 0 0 0 0 0 0 0 0 0 0 0 0 0 0 0 0 0 0 0 0 0 0 0 0 0 0 0 0 0 0 0 0 0 0 0 0 0 0 0 0 0 0 0 0 0 0 0 0 0 0 0 0
7.61614 1.15908 0.583783 0.154249 0.0999637 0.0326249 0.0200587 0.009117 0.00558073 0.00174782 0.000827399 0.000343131 0.000156109 9.13912e-05 7.85605e-06 7.85605e-06 2.42699e-06 2.07062e-07 1.00956e-07 0 0 0 0 0 0 0 0 0 0 0 0 0 0 0 0 0 0 0 0 0 0 0 0 0 0 0 0 0 0 0 0 0 0 0 0 0 0 0 0 0 0 0 0 0 0 0 0 0 0 0 0 0 0 0 0 0 0 0 0 0 0 0 0 0 0 0 0 0 0 0 0 0 0 0 0 0
4.61569 0.766767 0.479682 0.116829 0.0373927 0.0293237 0.00901517 0.00588466 0.00348747 0.00129179 0.000529106 0.000218243 7.39023e-05 4.89897e-05 2.76441e-05 2.5138e-06 1.2416e-06 4.78423e-07 1.65128e-08 0 0 0 0 0 0 0 0 0 0 0 0 0 0 0 0 0 0 0 0 0 0 0 0 0 0 0 0 0 0 0 0 0 0 0 0 0 0 0 0 0 0 0 0 0 0 0 0 0 0 0 0 0 0 0 0 0 0 0 0 0 0 0 0 0 0 0 0 0 0 0 0 0 0 0 0 0
8.57131 0.387102 0.236059 0.0860284 0.0344903 0.0344903 0.0175964 0.00430349 0.00299093 0.0014154 0.000593989 0.000225992 0.00012668 6.07559e-05 1.52957e-05 4.12985e-06 9.96015e-07 7.68643e-07 2.69297e-08 0 0 0 0 0 0 0 0 0 0 0 0 0 0 0 0 0 0 0 0 0 0 0 0 0 0 0 0 0 0 0 0 0 0 0 0 0 0 0 0 0 0 0 0 0 0 0 0 0 0 0 0 0 0 0 0 0 0 0 0 0 0 0 0 0 0 0 0 0 0 0 0 0 0 0 0 0
4.67465 0.706583 0.284393 0.140487 0.0667765 0.0242639 0.0110912 0.0049143 0.0026421 0.00110352 0.000489511 0.000167761 4.80845e-05 1.70698e-05 1.27327e-05 2.44746e-06 1.39799e-06 5.73468e-08 2.05562e-08 0 0 0 0 0 0 0 0 0 0 0 0 0 0 0 0 0 0 0 0 0 0 0 0 0 0 0 0 0 0 0 0 0 0 0 0 0 0 0 0 0 0 0 0 0 0 0 0 0 0 0 0 0 0 0 0 0 0 0 0 0 0 0 0 0 0 0 0 0 0 0 0 0 0 0 0 0
3.25108 1.46007 0.518826 0.114859 0.0758078 0.018511 0.00439655 0.00439655 0.00267812 0.00164442 0.000655444 0.000205945 0.00015184 2.57017e-05 8.03954e-06 3.45399e-06 3.61504e-07 1.89455e-07 5.54125e-08 0 0 0 0 0 0 0 0 0 0 0 0 0 0 0 0 0 0 0 0 0 0 0 0 0 0 0 0 0 0 0 0 0 0 0 0 0 0 0 0 0 0 0 0 0 0 0 0 0 0 0 0 0 0 0 0 0 0 0 0 0 0 0 0 0 0 0 0 0 0 0 0 0 0 0 0 0
7.33449 0.892359 0.445917 0.149727 0.0596172 0.0303154 0.0144565 0.00646759 0.00343188 0.00128654 0.00071332 0.000240847 0.000113145 5.24591e-05 1.26968e-05 2.24781e-06 7.48628e-07 4.72845e-07 7.63975e-08 1.14177e-08 0 0 0 0 0 0 0 0 0 0 0 0 0 0 0 0 0 0 0 0 0 0 0 0 0 0 0 0 0 0 0 0 0 0 0 0 0 0 0 0 0 0 0 0 0 0 0 0 0 0 0 0 0 0 0 0 0 0 0 0 0 0 0 0 0 0 0 0 0 0 0 0 0 0 0 0
4.50634 1.36512 0.398274 0.109182 0.0408133 0.0170545 0.0166021 0.00518682 0.00309674 0.00134445 0.00061926 0.000173481 0.000129389 3.58138e-05 1.261e-05 3.07076e-06 6.5782e-07 2.14333e-07 0 0 0 0 0 0 0 0 0 0 0 0 0 0 0 0 0 0 0 0 0 0 0 0 0 0 0 0 0 0 0 0 0 0 0 0 0 0 0 0 0 0 0 0 0 0 0 0 0 0 0 0 0 0 0 0 0 0 0 0 0 0 0 0 0 0 0 0 0 0 0 0 0 0 0 0 0 0
2.23934 1.06528 0.761098 0.0836641 0.0827981 0.0397132 0.0135857 0.00615228 0.00228557 0.00122851 0.000423313 0.000296683 6.79275e-05 2.83236e-05 1.55833e-05 2.21884e-06 5.83877e-07 2.18549e-07 3.06787e-08 0 0 0 0 0 0 0 0 0 0 0 0 0 0 0 0 0 0 0 0 0 0 0 0 0 0 0 0 0 0 0 0 0 0 0 0 0 0 0 0 0 0 0 0 0 0 0 0 0 0 0 0 0 0 0 0 0 0 0 0 0 0 0 0 0 0 0 0 0 0 0 0 0 0 0 0 0
7.50064 0.601666 0.169118 0.125634 0.0834178 0.031768 0.0131166 0.00688573 0.00479747 0.00163912 0.000768126 0.000285219 3.56425e-05 3.56425e-05 2.09494e-05 5.61787e-06 2.33405e-06 9.0089e-08 4.89052e-08 0 0 0 0 0 0 0 0 0 0 0 0 0 0 0 0 0 0 0 0 0 0 0 0 0 0 0 0 0 0 0 0 0 0 0 0 0 0 0 0 0 0 0 0 0 0 0 0 0 0 0 0 0 0 0 0 0 0 0 0 0 0 0 0 0 0 0 0 0 0 0 0 0 0 0 0 0
5.49728 1.07495 0.594146 0.123008 0.0358592 0.0264479 0.0129444 0.0059672 0.00209139 0.0013473 0.000363946 0.000270778 0.000149371 5.50117e-05 1.17081e-05 4.37947e-06 1.18879e-06 3.87448e-07 0 0 0 0 0 0 0 0 0 0 0 0 0 0 0 0 0 0 0 0 0 0 0 0 0 0 0 0 0 0 0 0 0 0 0 0 0 0 0 0 0 0 0 0 0 0 0 0 0 0 0 0 0 0 0 0 0 0 0 0 0 0 0 0 0 0 0 0 0 0 0 0 0 0 0 0 0 0
5.15087 0.378858 0.257711 0.104993 0.0335517 0.0249457 0.0111012 0.00589892 0.00307777 0.0012302 0.00053793 0.000114915 7.29084e-05 4.1912e-05 4.52834e-06 3.55139e-06 6.4493e-07 1.91651e-07 7.03396e-08 0 0 0 0 0 0 0 0 0 0 0 0 0 0 0 0 0 0 0 0 0 0 0 0 0 0 0 0 0 0 0 0 0 0 0 0 0 0 0 0 0 0 0 0 0 0 0 0 0 0 0 0 0 0 0 0 0 0 0 0 0 0 0 0 0 0 0 0 0 0 0 0 0 0 0 0 0
6.48184 0.92941 0.310087 0.049716 0.0418729 0.030363 0.00882165 0.00344403 0.00258002 0.0015031 0.00049069 0.000230677 6.83399e-05 3.61855e-05 4.85719e-06 2.13727e-06 3.90252e-07 7.9183e-08 1.05142e-08 0 0 0 0 0 0 0 0 0 0 0 0 0 0 0 0 0 0 0 0 0 0 0 0 0 0 0 0 0 0 0 0 0 0 0 0 0 0 0 0 0 0 0 0 0 0 0 0 0 0 0 0 0 0 0 0 0 0 0 0 0 0 0 0 0 0 0 0 0 0 0 0 0 0 0 0 0
1.97747 0.944963 0.305015 0.123947 0.0513941 0.0257234 0.010744 0.00618976 0.00240518 0.00106046 0.000585442 0.000154206 9.39736e-05 2.54518e-05 7.86503e-06 2.00157e-06 5.49165e-07 1.79248e-07 5.21456e-08 0 0 0 0 0 0 0 0 0 0 0 0 0 0 0 0 0 0 0 0 0 0 0 0 0 0 0 0 0 0 0 0 0 0 0 0 0 0 0 0 0 0 0 0 0 0 0 0 0 0 0 0 0 0 0 0 0 0 0 0 0 0 0 0 0 0 0 0 0 0 0 0 0 0 0 0 0
8.03327 0.941929 0.409813 0.0691328 0.0445982 0.0241832 0.00925309 0.00691914 0.00307406 0.00129254 0.000655682 0.000328076 8.88312e-05 5.02034e-05 1.61019e-05 2.03733e-06 1.13924e-06 1.25665e-07 6.70247e-08 0 0 0 0 0 0 0 0 0 0 0 0 0 0 0 0 0 0 0 0 0 0 0 0 0 0 0 0 0 0 0 0 0 0 0 0 0 0 0 0 0 0 0 0 0 0 0 0 0 0 0 0 0 0 0 0 0 0 0 0 0 0 0 0 0 0 0 0 0 0 0 0 0 0 0 0 0
8.25132 0.548429 0.548429 0.148266 0.0727391 0.0387849 0.0104573 0.00472318 0.00210588 0.00202515 0.000761144 0.000197911 0.000179272 7.07971e-05 2.35399e-05 2.52181e-06 2.52181e-06 4.01227e-07 8.80685e-08 0 0 0 0 0 0 0 0 0 0 0 0 0 0 0 0 0 0 0 0 0 0 0 0 0 0 0 0 0 0 0 0 0 0 0 0 0 0 0 0 0 0 0 0 0 0 0 0 0 0 0 0 0 0 0 0 0 0 0 0 0 0 0 0 0 0 0 0 0 0 0 0 0 0 0 0 0
2.5408 0.841674 0.519256 0.154719 0.0559646 0.0353925 0.00715788 0.00715788 0.00388054 0.00187235 0.0003608 0.000300377 9.65409e-05 2.58465e-05 5.98086e-06 2.99833e-06 3.31867e-07 5.24331e-08 3.53146e-08 0 0 0 0 0 0 0 0 0 0 0 0 0 0 0 0 0 0 0 0 0 0 0 0 0 0 0 0 0 0 0 0 0 0 0 0 0 0 0 0 0 0 0 0 0 0 0 0 0 0 0 0 0 0 0 0 0 0 0 0 0 0 0 0 0 0 0 0 0 0 0 0 0 0 0 0 0
8.50582 0.745304 0.30432 0.113573 0.0370451 0.025339 0.0155387 0.00656022 0.00302266 0.00126249 0.000521854 0.000364541 0.000115805 6.3659e-05 1.01787e-05 4.7138e-06 5.72713e-07 3.18456e-07 0 0 0 0 0 0 0 0 0 0 0 0 0 0 0 0 0 0 0 0 0 0 0 0 0 0 0 0 0 0 0 0 0 0 0 0 0 0 0 0 0 0 0 0 0 0 0 0 0 0 0 0 0 0 0 0 0 0 0 0 0 0 0 0 0 0 0 0 0 0 0 0 0 0 0 0 0 0
7.04643 0.984876 0.308164 0.153063 0.063027 0.0198336 0.0113515 0.00423744 0.00163644 0.000838532 0.000799328 0.000350909 0.000103138 4.02267e-05 1.182e-05 4.6797e-06 4.59168e-07 1.0875e-07 2.08137e-08 0 0 0 0 0 0 0 0 0 0 0 0 0 0 0 0 0 0 0 0 0 0 0 0 0 0 0 0 0 0 0 0 0 0 0 0 0 0 0 0 0 0 0 0 0 0 0 0 0 0 0 0 0 0 0 0 0 0 0 0 0 0 0 0 0 0 0 0 0 0 0 0 0 0 0 0 0
10.4372 0.932143 0.43429 0.11189 0.061173 0.0210917 0.0127952 0.00816299 0.00238372 0.0018638 0.000813115 0.000397868 0.000112857 6.60079e-05 2.20405e-05 8.64769e-06 3.10718e-07 1.68236e-07 1.33103e-08 0 0 0 0 0 0 0 0 0 0 0 0 0 0 0 0 0 0 0 0 0 0 0 0 0 0 0 0 0 0 0 0 0 0 0 0 0 0 0 0 0 0 0 0 0 0 0 0 0 0 0 0 0 0 0 0 0 0 0 0 0 0 0 0 0 0 0 0 0 0 0 0 0 0 0 0 0
4.72498 0.946686 0.417015 0.141776 0.0702806 0.0291642 0.0153596 0.00785627 0.00132679 0.00132679 0.000647564 0.000366716 0.000119092 4.15727e-05 1.06124e-05 6.9837e-06 6.11801e-07 0 0 0 0 0 0 0 0 0 0 0 0 0 0 0 0 0 0 0 0 0 0 0 0 0 0 0 0 0 0 0 0 0 0 0 0 0 0 0 0 0 0 0 0 0 0 0 0 0 0 0 0 0 0 0 0 0 0 0 0 0 0 0 0 0 0 0 0 0 0 0 0 0 0 0 0 0 0 0
9.35921 1.38176 0.286135 0.158842 0.0501289 0.0156571 0.0156571 0.00805008 0.00318169 0.00148017 0.000625428 0.000237069 0.00015892 1.44751e-05 1.44751e-05 3.98859e-06 5.28113e-07 2.36712e-08 1.2291e-08 0 0 0 0 0 0 0 0 0 0 0 0 0 0 0 0 0 0 0 0 0 0 0 0 0 0 0 0 0 0 0 0 0 0 0 0 0 0 0 0 0 0 0 0 0 0 0 0 0 0 0 0 0 0 0 0 0 0 0 0 0 0 0 0 0 0 0 0 0 0 0 0 0 0 0 0 0
5.28595 1.36098 0.477968 0.142184 0.0601087 0.0210601 0.00628304 0.00531746 0.00341883 0.00115888 0.000734182 5.87267e-05 5.87267e-05 2.21965e-05 1.47162e-05 8.86975e-07 8.86975e-07 6.2022e-08 1.01008e-08 0 0 0 0 0 0 0 0 0 0 0 0 0 0 0 0 0 0 0 0 0 0 0 0 0 0 0 0 0 0 0 0 0 0 0 0 0 0 0 0 0 0 0 0 0 0 0 0 0 0 0 0 0 0 0 0 0 0 0 0 0 0 0 0 0 0 0 0 0 0 0 0 0 0 0 0 0
3.17068 1.24577 0.496431 0.089549 0.0545866 0.0365454 0.0118215 0.00663894 0.00240087 0.00190402 0.0008027 0.000133878 0.000133878 5.21033e-05 8.1176e-06 8.1176e-06 1.40888e-06 7.18359e-08 7.18359e-08 0 0 0 0 0 0 0 0 0 0 0 0 0 0 0 0 0 0 0 0 0 0 0 0 0 0 0 0 0 0 0 0 0 0 0 0 0 0 0 0 0 0 0 0 0 0 0 0 0 0 0 0 0 0 0 0 0 0 0 0 0 0 0 0 0 0 0 0 0 0 0 0 0 0 0 0 0
3.52627 1.16598 0.263628 0.13907 0.0430392 0.0149163 0.0149163 0.00712876 0.00301703 0.00202688 0.000874858 0.000469232 0.000144829 5.35287e-05 8.63349e-06 6.72879e-06 1.03239e-06 6.97703e-07 3.70897e-08 0 0 0 0 0 0 0 0 0 0 0 0 0 0 0 0 0 0 0 0 0 0 0 0 0 0 0 0 0 0 0 0 0 0 0 0 0 0 0 0 0 0 0 0 0 0 0 0 0 0 0 0 0 0 0 0 0 0 0 0 0 0 0 0 0 0 0 0 0 0 0 0 0 0 0 0 0
13.1684 0.707716 0.432832 0.0437228 0.0365825 0.0279217 0.012735 0.00533129 0.000945107 0.000945107 0.000763364 0.000192249 0.000115911 6.09016e-05 1.742e-05 2.76168e-06 2.552e-06 3.52316e-07 2.2694e-08 0 0 0 0 0 0 0 0 0 0 0 0 0 0 0 0 0 0 0 0 0 0 0 0 0 0 0 0 0 0 0 0 0 0 0 0 0 0 0 0 0 0 0 0 0 0 0 0 0 0 0 0 0 0 0 0 0 0 0 0 0 0 0 0 0 0 0 0 0 0 0 0 0 0 0 0 0
4.42656 0.826976 0.308369 0.0975607 0.0343867 0.0179009 0.0112003 0.00461259 0.00271588 0.00147468 0.000414204 0.000121417 4.47798e-05 4.47798e-05 1.02002e-05 4.82497e-06 4.66802e-07 1.47348e-07 5.84772e-08 0 0 0 0 0 0 0 0 0 0 0 0 0 0 0 0 0 0 0 0 0 0 0 0 0 0 0 0 0 0 0 0 0 0 0 0 0 0 0 0 0 0 0 0 0 0 0 0 0 0 0 0 0 0 0 0 0 0 0 0 0 0 0 0 0 0 0 0 0 0 0 0 0 0 0 0 0
8.47109 0.742116 0.321616 0.0800475 0.0601387 0.0312923 0.00982903 0.00568099 0.00312381 0.00103369 0.000239353 0.000239353 7.53724e-05 3.03452e-05 8.57929e-06 3.07314e-06 8.74646e-07 3.84142e-07 0 0 0 0 0 0 0 0 0 0 0 0 0 0 0 0 0 0 0 0 0 0 0 0 0 0 0 0 0 0 0 0 0 0 0 0 0 0 0 0 0 0 0 0 0 0 0 0 0 0 0 0 0 0 0 0 0 0 0 0 0 0 0 0 0 0 0 0 0 0 0 0 0 0 0 0 0 0
5.3973 1.2335 0.435946 0.12443 0.0286358 0.0168641 0.0106221 0.00586871 0.00293405 0.00121721 0.000705607 0.000327048 8.88084e-05 2.09071e-05 1.82009e-05 3.36016e-06 5.44486e-07 3.07489e-07 6.92217e-08 0 0 0 0 0 0 0 0 0 0 0 0 0 0 0 0 0 0 0 0 0 0 0 0 0 0 0 0 0 0 0 0 0 0 0 0 0 0 0 0 0 0 0 0 0 0 0 0 0 0 0 0 0 0 0 0 0 0 0 0 0 0 0 0 0 0 0 0 0 0 0 0 0 0 0 0 0
4.1791 0.288596 0.288596 0.0872573 0.0491034 0.0212377 0.0179285 0.00750737 0.00305441 0.00189687 0.000589017 0.000291135 7.46095e-05 3.05222e-05 1.28813e-05 9.04758e-07 1.93557e-07 1.35753e-07 0 0 0 0 0 0 0 0 0 0 0 0 0 0 0 0 0 0 0 0 0 0 0 0 0 0 0 0 0 0 0 0 0 0 0 0 0 0 0 0 0 0 0 0 0 0 0 0 0 0 0 0 0 0 0 0 0 0 0 0 0 0 0 0 0 0 0 0 0 0 0 0 0 0 0 0 0 0
9.39503 0.990933 0.374147 0.121949 0.0330257 0.0127373 0.0101449 0.00242573 0.00242573 0.00158974 0.00041241 0.000231274 7.24451e-05 4.04833e-05 3.82699e-06 3.82699e-06 4.91505e-07 2.70957e-07 4.33414e-08 0 0 0 0 0 0 0 0 0 0 0 0 0 0 0 0 0 0 0 0 0 0 0 0 0 0 0 0 0 0 0 0 0 0 0 0 0 0 0 0 0 0 0 0 0 0 0 0 0 0 0 0 0 0 0 0 0 0 0 0 0 0 0 0 0 0 0 0 0 0 0 0 0 0 0 0 0
3.0775 0.694314 0.530445 0.140416 0.0578519 0.0290247 0.00951713 0.00843375 0.0031977 0.00144569 0.000462157 0.000423923 0.000105194 5.32324e-05 6.24659e-06 2.51666e-06 5.03979e-07 4.66593e-07 2.54339e-08 0 0 0 0 0 0 0 0 0 0 0 0 0 0 0 0 0 0 0 0 0 0 0 0 0 0 0 0 0 0 0 0 0 0 0 0 0 0 0 0 0 0 0 0 0 0 0 0 0 0 0 0 0 0 0 0 0 0 0 0 0 0 0 0 0 0 0 0 0 0 0 0 0 0 0 0 0
5.8082 1.31122 0.515336 0.0766583 0.0678194 0.0331616 0.0134598 0.00854469 0.00225818 0.00128403 0.000753556 0.000251638 8.94482e-05 2.54714e-05 1.24252e-05 1.85067e-06 7.67378e-07 2.04978e-07 1.9869e-08 0 0 0 0 0 0 0 0 0 0 0 0 0 0 0 0 0 0 0 0 0 0 0 0 0 0 0 0 0 0 0 0 0 0 0 0 0 0 0 0 0 0 0 0 0 0 0 0 0 0 0 0 0 0 0 0 0 0 0 0 0 0 0 0 0 0 0 0 0 0 0 0 0 0 0 0 0
6.1998 0.908474 0.384228 0.0693635 0.0502018 0.0235957 0.0128131 0.00616255 0.00244012 0.00187918 0.000778362 0.000336043 8.19811e-05 5.48202e-05 1.48777e-05 5.6067e-06 2.82335e-06 8.36589e-07 8.07103e-08 0 0 0 0 0 0 0 0 0 0 0 0 0 0 0 0 0 0 0 0 0 0 0 0 0 0 0 0 0 0 0 0 0 0 0 0 0 0 0 0 0 0 0 0 0 0 0 0 0 0 0 0 0 0 0 0 0 0 0 0 0 0 0 0 0 0 0 0 0 0 0 0 0 0 0 0 0
9.08099 1.13278 0.453833 0.0716597 0.0449927 0.0213918 0.0105138 0.0067346 0.00243311 0.000543921 0.000368033 0.000152091 9.65123e-05 3.97934e-05 1.07404e-05 5.86829e-06 1.08717e-06 1.9519e-07 2.3435e-08 0 0 0 0 0 0 0 0 0 0 0 0 0 0 0 0 0 0 0 0 0 0 0 0 0 0 0 0 0 0 0 0 0 0 0 0 0 0 0 0 0 0 0 0 0 0 0 0 0 0 0 0 0 0 0 0 0 0 0 0 0 0 0 0 0 0 0 0 0 0 0 0 0 0 0 0 0
8.81589 0.795217 0.392861 0.118408 0.0823591 0.0349472 0.0115183 0.00527799 0.00187886 0.00091883 0.00088288 0.000360385 0.000165097 5.5665e-05 3.00509e-05 8.10524e-06 2.42211e-06 4.2182e-07 3.96947e-08 0 0 0 0 0 0 0 0 0 0 0 0 0 0 0 0 0 0 0 0 0 0 0 0 0 0 0 0 0 0 0 0 0 0 0 0 0 0 0 0 0 0 0 0 0 0 0 0 0 0 0 0 0 0 0 0 0 0 0 0 0 0 0 0 0 0 0 0 0 0 0 0 0 0 0 0 0
5.66604 0.753948 0.696798 0.0712571 0.0554787 0.0326357 0.021069 0.00437079 0.00383505 0.0022756 0.000758136 0.000160154 9.6221e-05 6.15661e-05 4.24013e-06 1.52637e-06 8.02791e-07 3.92674e-07 1.36234e-08 0 0 0 0 0 0 0 0 0 0 0 0 0 0 0 0 0 0 0 0 0 0 0 0 0 0 0 0 0 0 0 0 0 0 0 0 0 0 0 0 0 0 0 0 0 0 0 0 0 0 0 0 0 0 0 0 0 0 0 0 0 0 0 0 0 0 0 0 0 0 0 0 0 0 0 0 0
4.66423 1.18926 0.520802 0.0969528 0.0811043 0.0320835 0.0174072 0.0124692 0.00319139 0.00158385 0.000975267 0.000343563 0.000127619 2.11134e-05 2.11134e-05 2.96868e-06 1.52709e-06 5.72602e-07 8.30775e-08 0 0 0 0 0 0 0 0 0 0 0 0 0 0 0 0 0 0 0 0 0 0 0 0 0 0 0 0 0 0 0 0 0 0 0 0 0 0 0 0 0 0 0 0 0 0 0 0 0 0 0 0 0 0 0 0 0 0 0 0 0 0 0 0 0 0 0 0 0 0 0 0 0 0 0 0 0
2.43864 0.891191 0.436293 0.122464 0.0474702 0.0271436 0.0106542 0.00624132 0.00212616 0.000876208 0.000273641 0.000240049 6.84092e-05 1.94778e-05 1.18312e-05 2.01908e-06 1.07656e-06 6.91853e-08 0 0 0 0 0 0 0 0 0 0 0 0 0 0 0 0 0 0 0 0 0 0 0 0 0 0 0 0 0 0 0 0 0 0 0 0 0 0 0 0 0 0 0 0 0 0 0 0 0 0 0 0 0 0 0 0 0 0 0 0 0 0 0 0 0 0 0 0 0 0 0 0 0 0 0 0 0 0
5.61968 1.1112 0.202217 0.10175 0.058544 0.0330185 0.0138268 0.00570538 0.00400481 0.00171578 0.000501576 0.000300515 0.000109541 4.53404e-05 1.81179e-05 3.96607e-06 5.74405e-07 1.37651e-07 0 0 0 0 0 0 0 0 0 0 0 0 0 0 0 0 0 0 0 0 0 0 0 0 0 0 0 0 0 0 0 0 0 0 0 0 0 0 0 0 0 0 0 0 0 0 0 0 0 0 0 0 0 0 0 0 0 0 0 0 0 0 0 0 0 0 0 0 0 0 0 0 0 0 0 0 0 0
4.65403 0.744094 0.338994 0.11786 0.0422861 0.0264278 0.0112718 0.00557429 0.00302329 0.00123467 0.000672802 0.000158792 6.12877e-05 4.85395e-05 9.90855e-06 3.13025e-06 1.25267e-06 1.26424e-07 0 0 0 0 0 0 0 0 0 0 0 0 0 0 0 0 0 0 0 0 0 0 0 0 0 0 0 0 0 0 0 0 0 0 0 0 0 0 0 0 0 0 0 0 0 0 0 0 0 0 0 0 0 0 0 0 0 0 0 0 0 0 0 0 0 0 0 0 0 0 0 0 0 0 0 0 0 0
4.99625 0.834187 0.455509 0.176737 0.0671693 0.0441413 0.0149229 0.00639004 0.00362848 0.00137001 0.000589796 0.000298052 8.21649e-05 3.37686e-05 1.15077e-05 1.89103e-06 1.05174e-06 3.82941e-08 0 0 0 0 0 0 0 0 0 0 0 0 0 0 0 0 0 0 0 0 0 0 0 0 0 0 0 0 0 0 0 0 0 0 0 0 0 0 0 0 0 0 0 0 0 0 0 0 0 0 0 0 0 0 0 0 0 0 0 0 0 0 0 0 0 0 0 0 0 0 0 0 0 0 0 0 0 0
7.16527 0.726193 0.400252 0.107717 0.0497525 0.0195689 0.0111571 0.00423034 0.00185097 0.00132323 0.000420362 0.000115272 6.60357e-05 3.80914e-05 5.56369e-06 9.35699e-07 7.34985e-07 1.84931e-07 1.03211e-08 0 0 0 0 0 0 0 0 0 0 0 0 0 0 0 0 0 0 0 0 0 0 0 0 0 0 0 0 0 0 0 0 0 0 0 0 0 0 0 0 0 0 0 0 0 0 0 0 0 0 0 0 0 0 0 0 0 0 0 0 0 0 0 0 0 0 0 0 0 0 0 0 0 0 0 0 0
4.46522 0.993354 0.49968 0.163221 0.0404489 0.039521 0.0152261 0.00347784 0.00235395 0.00156846 0.000813902 0.000277994 5.03536e-05 5.03536e-05 9.10707e-06 6.46832e-06 1.62784e-06 3.29641e-07 3.01809e-08 0 0 0 0 0 0 0 0 0 0 0 0 0 0 0 0 0 0 0 0 0 0 0 0 0 0 0 0 0 0 0 0 0 0 0 0 0 0 0 0 0 0 0 0 0 0 0 0 0 0 0 0 0 0 0 0 0 0 0 0 0 0 0 0 0 0 0 0 0 0 0 0 0 0 0 0 0
