6.41778 1.46896 0.40622 0.0707265 0.0318217 0.0245022 0.00832086 0.0023355 0.000504799 0.000295874 6.84941e-05 6.75117e-06 2.89215e-06 8.55277e-08 0 0 0 0 0 0 0 0 0 0 0 0 0 0 0 0 0 0 0 0 0 0 0 0 0 0 0 0 0 0 0 0 0 0 0 0 0 0 0 0 0 0 0 0 0 0 0 0 0 0 0 0 0 0 0 0 0 0 0 0 0 0 0 0 0 0 0 0 0 0 0 0 0 0 0 0 0 0 0 0 0 0
5.25707 0.676918 0.253404 0.0850064 0.0345723 0.00876109 0.00602199 0.000649111 0.000226625 1.03716e-05 1.03716e-05 2.41973e-07 2.39911e-07 0 0 0 0 0 0 0 0 0 0 0 0 0 0 0 0 0 0 0 0 0 0 0 0 0 0 0 0 0 0 0 0 0 0 0 0 0 0 0 0 0 0 0 0 0 0 0 0 0 0 0 0 0 0 0 0 0 0 0 0 0 0 0 0 0 0 0 0 0 0 0 0 0 0 0 0 0 0 0 0 0 0 0
6.01385 0.674789 0.33518 0.0437052 0.0201589 0.00739401 0.00373925 0.00169644 0.000197226 0.000108583 1.3165e-05 3.28135e-07 1.39736e-08 1.39736e-08 0 0 0 0 0 0 0 0 0 0 0 0 0 0 0 0 0 0 0 0 0 0 0 0 0 0 0 0 0 0 0 0 0 0 0 0 0 0 0 0 0 0 0 0 0 0 0 0 0 0 0 0 0 0 0 0 0 0 0 0 0 0 0 0 0 0 0 0 0 0 0 0 0 0 0 0 0 0 0 0 0 0
7.54147 1.00871 0.411079 0.077264 0.0390579 0.00602479 0.00602479 0.00263982 0.000362555 0.000194483 2.9839e-05 1.43379e-07 1.10735e-08 0 0 0 0 0 0 0 0 0 0 0 0 0 0 0 0 0 0 0 0 0 0 0 0 0 0 0 0 0 0 0 0 0 0 0 0 0 0 0 0 0 0 0 0 0 0 0 0 0 0 0 0 0 0 0 0 0 0 0 0 0 0 0 0 0 0 0 0 0 0 0 0 0 0 0 0 0 0 0 0 0 0 0
5.48461 0.666968 0.362126 0.0919004 0.0321361 0.0108862 0.00205031 0.000545721 0.000304115 4.60148e-05 5.27257e-06 2.32059e-07 2.32059e-07 0 0 0 0 0 0 0 0 0 0 0 0 0 0 0 0 0 0 0 0 0 0 0 0 0 0 0 0 0 0 0 0 0 0 0 0 0 0 0 0 0 0 0 0 0 0 0 0 0 0 0 0 0 0 0 0 0 0 0 0 0 0 0 0 0 0 0 0 0 0 0 0 0 0 0 0 0 0 0 0 0 0 0
6.98487 0.988709 0.464335 0.0164938 0.0110957 0.0110957 0.00376339 0.000799069 0.000623458 0.000194513 2.01901e-05 1.11969e-06 6.45744e-08 5.60514e-08 0 0 0 0 0 0 0 0 0 0 0 0 0 0 0 0 0 0 0 0 0 0 0 0 0 0 0 0 0 0 0 0 0 0 0 0 0 0 0 0 0 0 0 0 0 0 0 0 0 0 0 0 0 0 0 0 0 0 0 0 0 0 0 0 0 0 0 0 0 0 0 0 0 0 0 0 0 0 0 0 0 0
8.14822 0.467769 0.296064 0.0811834 0.0493041 0.0145011 0.00480209 0.00271522 0.00051672 6.11589e-05 3.06011e-05 2.50297e-08 2.29799e-08 2.08588e-08 0 0 0 0 0 0 0 0 0 0 0 0 0 0 0 0 0 0 0 0 0 0 0 0 0 0 0 0 0 0 0 0 0 0 0 0 0 0 0 0 0 0 0 0 0 0 0 0 0 0 0 0 0 0 0 0 0 0 0 0 0 0 0 0 0 0 0 0 0 0 0 0 0 0 0 0 0 0 0 0 0 0
6.38198 1.06084 0.394241 0.10273 0.0397667 0.0230362 0.00907563 0.00326874 0.000319223 9.12406e-05 7.65539e-05 8.64623e-06 3.37055e-06 1.75887e-06 0 0 0 0 0 0 0 0 0 0 0 0 0 0 0 0 0 0 0 0 0 0 0 0 0 0 0 0 0 0 0 0 0 0 0 0 0 0 0 0 0 0 0 0 0 0 0 0 0 0 0 0 0 0 0 0 0 0 0 0 0 0 0 0 0 0 0 0 0 0 0 0 0 0 0 0 0 0 0 0 0 0
4.45111 1.46055 0.290597 0.141405 0.0349039 0.0106709 0.00738159 0.00230524 0.00049763 2.38996e-05 2.38996e-05 2.38996e-05 4.51949e-06 0 0 0 0 0 0 0 0 0 0 0 0 0 0 0 0 0 0 0 0 0 0 0 0 0 0 0 0 0 0 0 0 0 0 0 0 0 0 0 0 0 0 0 0 0 0 0 0 0 0 0 0 0 0 0 0 0 0 0 0 0 0 0 0 0 0 0 0 0 0 0 0 0 0 0 0 0 0 0 0 0 0 0
5.92096 0.210908 0.210908 0.0530614 0.0507485 0.01971 0.00763842 0.00195002 0.000370871 8.77617e-05 5.19557e-06 1.98338e-07 1.98338e-07 0 0 0 0 0 0 0 0 0 0 0 0 0 0 0 0 0 0 0 0 0 0 0 0 0 0 0 0 0 0 0 0 0 0 0 0 0 0 0 0 0 0 0 0 0 0 0 0 0 0 0 0 0 0 0 0 0 0 0 0 0 0 0 0 0 0 0 0 0 0 0 0 0 0 0 0 0 0 0 0 0 0 0
4.75703 1.18374 0.502442 0.0113839 0.0113839 0.0091269 0.00844447 0.00378673 0.000229812 6.60884e-05 5.81658e-05 8.32868e-06 8.82851e-07 0 0 0 0 0 0 0 0 0 0 0 0 0 0 0 0 0 0 0 0 0 0 0 0 0 0 0 0 0 0 0 0 0 0 0 0 0 0 0 0 0 0 0 0 0 0 0 0 0 0 0 0 0 0 0 0 0 0 0 0 0 0 0 0 0 0 0 0 0 0 0 0 0 0 0 0 0 0 0 0 0 0 0
3.07752 0.475759 0.191238 0.0489094 0.0237934 0.0115512 0.00324685 0.00108665 0.000138643 7.44996e-05 2.49059e-06 7.73082e-07 7.73082e-07 0 0 0 0 0 0 0 0 0 0 0 0 0 0 0 0 0 0 0 0 0 0 0 0 0 0 0 0 0 0 0 0 0 0 0 0 0 0 0 0 0 0 0 0 0 0 0 0 0 0 0 0 0 0 0 0 0 0 0 0 0 0 0 0 0 0 0 0 0 0 0 0 0 0 0 0 0 0 0 0 0 0 0
2.31399 0.429644 0.269374 0.0569986 0.0375918 0.0138311 0.00563834 0.00142237 5.10369e-05 5.10369e-05 9.59073e-06 4.11658e-07 1.68202e-08 0 0 0 0 0 0 0 0 0 0 0 0 0 0 0 0 0 0 0 0 0 0 0 0 0 0 0 0 0 0 0 0 0 0 0 0 0 0 0 0 0 0 0 0 0 0 0 0 0 0 0 0 0 0 0 0 0 0 0 0 0 0 0 0 0 0 0 0 0 0 0 0 0 0 0 0 0 0 0 0 0 0 0
5.22402 0.994112 0.538825 0.0599628 0.0233516 0.00627659 0.00627659 0.00134868 2.70403e-05 2.70403e-05 2.70403e-05 0 0 0 0 0 0 0 0 0 0 0 0 0 0 0 0 0 0 0 0 0 0 0 0 0 0 0 0 0 0 0 0 0 0 0 0 0 0 0 0 0 0 0 0 0 0 0 0 0 0 0 0 0 0 0 0 0 0 0 0 0 0 0 0 0 0 0 0 0 0 0 0 0 0 0 0 0 0 0 0 0 0 0 0 0
3.55448 0.351069 0.249168 0.0590381 0.038593 0.008745 0.002825 0.00174344 0.000645459 7.01335e-05 4.92404e-06 8.83952e-07 4.98149e-08 2.10191e-08 0 0 0 0 0 0 0 0 0 0 0 0 0 0 0 0 0 0 0 0 0 0 0 0 0 0 0 0 0 0 0 0 0 0 0 0 0 0 0 0 0 0 0 0 0 0 0 0 0 0 0 0 0 0 0 0 0 0 0 0 0 0 0 0 0 0 0 0 0 0 0 0 0 0 0 0 0 0 0 0 0 0
9.01418 0.715215 0.428914 0.0945313 0.0206383 0.0102207 0.00687846 0.00194984 0.000404806 0.000130302 2.88088e-05 3.80361e-06 2.47343e-07 3.06365e-08 0 0 0 0 0 0 0 0 0 0 0 0 0 0 0 0 0 0 0 0 0 0 0 0 0 0 0 0 0 0 0 0 0 0 0 0 0 0 0 0 0 0 0 0 0 0 0 0 0 0 0 0 0 0 0 0 0 0 0 0 0 0 0 0 0 0 0 0 0 0 0 0 0 0 0 0 0 0 0 0 0 0
3.19497 0.397057 0.210526 0.0525745 0.0289741 0.0115152 0.00220807 0.000783137 0.000182978 6.20358e-05 1.0971e-05 1.9428e-08 1.9428e-08 0 0 0 0 0 0 0 0 0 0 0 0 0 0 0 0 0 0 0 0 0 0 0 0 0 0 0 0 0 0 0 0 0 0 0 0 0 0 0 0 0 0 0 0 0 0 0 0 0 0 0 0 0 0 0 0 0 0 0 0 0 0 0 0 0 0 0 0 0 0 0 0 0 0 0 0 0 0 0 0 0 0 0
5.60915 0.959809 0.443293 0.0519303 0.0252389 0.00757485 0.00194666 0.00194666 0.000333763 6.78237e-05 2.55232e-06 2.34873e-06 1.52975e-07 0 0 0 0 0 0 0 0 0 0 0 0 0 0 0 0 0 0 0 0 0 0 0 0 0 0 0 0 0 0 0 0 0 0 0 0 0 0 0 0 0 0 0 0 0 0 0 0 0 0 0 0 0 0 0 0 0 0 0 0 0 0 0 0 0 0 0 0 0 0 0 0 0 0 0 0 0 0 0 0 0 0 0
4.25313 0.775709 0.412866 0.0684216 0.0390733 0.0142869 0.00257645 0.00197607 0.00023457 5.67054e-05 1.17559e-05 5.51702e-07 5.51702e-07 0 0 0 0 0 0 0 0 0 0 0 0 0 0 0 0 0 0 0 0 0 0 0 0 0 0 0 0 0 0 0 0 0 0 0 0 0 0 0 0 0 0 0 0 0 0 0 0 0 0 0 0 0 0 0 0 0 0 0 0 0 0 0 0 0 0 0 0 0 0 0 0 0 0 0 0 0 0 0 0 0 0 0
3.19553 0.845578 0.182428 0.0918584 0.0283979 0.0144901 0.00837084 0.002721 0.00184891 0.00019783 5.60545e-05 9.08223e-06 5.17068e-07 5.81559e-08 0 0 0 0 0 0 0 0 0 0 0 0 0 0 0 0 0 0 0 0 0 0 0 0 0 0 0 0 0 0 0 0 0 0 0 0 0 0 0 0 0 0 0 0 0 0 0 0 0 0 0 0 0 0 0 0 0 0 0 0 0 0 0 0 0 0 0 0 0 0 0 0 0 0 0 0 0 0 0 0 0 0
6.44979 1.0902 0.502911 0.0571338 0.0330914 0.0105558 0.00467725 0.0011788 0.00106242 0.000284766 0.0001816 1.96273e-05 0 0 0 0 0 0 0 0 0 0 0 0 0 0 0 0 0 0 0 0 0 0 0 0 0 0 0 0 0 0 0 0 0 0 0 0 0 0 0 0 0 0 0 0 0 0 0 0 0 0 0 0 0 0 0 0 0 0 0 0 0 0 0 0 0 0 0 0 0 0 0 0 0 0 0 0 0 0 0 0 0 0 0 0
6.82084 0.812024 0.257153 0.0629999 0.0238535 0.00433044 0.000485283 0.000337992 0.000337992 3.00091e-05 3.00091e-05 7.74474e-06 5.07076e-07 1.99018e-08 1.63572e-08 0 0 0 0 0 0 0 0 0 0 0 0 0 0 0 0 0 0 0 0 0 0 0 0 0 0 0 0 0 0 0 0 0 0 0 0 0 0 0 0 0 0 0 0 0 0 0 0 0 0 0 0 0 0 0 0 0 0 0 0 0 0 0 0 0 0 0 0 0 0 0 0 0 0 0 0 0 0 0 0 0
4.05214 0.641534 0.162355 0.0894141 0.0311935 0.018107 0.00689158 0.00176364 0.000659808 0.000217845 3.73924e-05 8.72044e-06 2.38158e-06 1.37788e-07 5.29586e-08 0 0 0 0 0 0 0 0 0 0 0 0 0 0 0 0 0 0 0 0 0 0 0 0 0 0 0 0 0 0 0 0 0 0 0 0 0 0 0 0 0 0 0 0 0 0 0 0 0 0 0 0 0 0 0 0 0 0 0 0 0 0 0 0 0 0 0 0 0 0 0 0 0 0 0 0 0 0 0 0 0
4.90284 0.285185 0.285185 0.0921129 0.0242581 0.0119306 0.00899271 0.00342531 0.000482982 0.000244444 2.42838e-05 6.76798e-07 5.37231e-07 1.0561e-07 0 0 0 0 0 0 0 0 0 0 0 0 0 0 0 0 0 0 0 0 0 0 0 0 0 0 0 0 0 0 0 0 0 0 0 0 0 0 0 0 0 0 0 0 0 0 0 0 0 0 0 0 0 0 0 0 0 0 0 0 0 0 0 0 0 0 0 0 0 0 0 0 0 0 0 0 0 0 0 0 0 0
2.99198 1.18736 0.248284 0.0800338 0.0416299 0.0125276 0.00473131 0.0019042 0.000929937 0.000346178 5.98651e-05 2.31007e-05 2.16756e-06 0 0 0 0 0 0 0 0 0 0 0 0 0 0 0 0 0 0 0 0 0 0 0 0 0 0 0 0 0 0 0 0 0 0 0 0 0 0 0 0 0 0 0 0 0 0 0 0 0 0 0 0 0 0 0 0 0 0 0 0 0 0 0 0 0 0 0 0 0 0 0 0 0 0 0 0 0 0 0 0 0 0 0
2.73342 0.881023 0.293457 0.0489216 0.0215951 0.016194 0.00276654 0.00237925 0.000194104 0.000128399 2.37543e-05 1.10562e-05 1.23879e-06 1.5061e-07 0 0 0 0 0 0 0 0 0 0 0 0 0 0 0 0 0 0 0 0 0 0 0 0 0 0 0 0 0 0 0 0 0 0 0 0 0 0 0 0 0 0 0 0 0 0 0 0 0 0 0 0 0 0 0 0 0 0 0 0 0 0 0 0 0 0 0 0 0 0 0 0 0 0 0 0 0 0 0 0 0 0
2.03696 0.874532 0.315559 0.0530098 0.0330711 0.0145424 0.00601269 0.0014818 0.000789017 4.98218e-05 1.75462e-05 2.83197e-06 4.0266e-07 1.29812e-08 0 0 0 0 0 0 0 0 0 0 0 0 0 0 0 0 0 0 0 0 0 0 0 0 0 0 0 0 0 0 0 0 0 0 0 0 0 0 0 0 0 0 0 0 0 0 0 0 0 0 0 0 0 0 0 0 0 0 0 0 0 0 0 0 0 0 0 0 0 0 0 0 0 0 0 0 0 0 0 0 0 0
1.26694 0.671049 0.34177 0.0862888 0.0193684 0.0193684 0.00257418 0.00257418 0.00038721 0.00024153 5.70376e-06 8.15593e-07 1.29712e-07 3.767e-08 1.29701e-08 0 0 0 0 0 0 0 0 0 0 0 0 0 0 0 0 0 0 0 0 0 0 0 0 0 0 0 0 0 0 0 0 0 0 0 0 0 0 0 0 0 0 0 0 0 0 0 0 0 0 0 0 0 0 0 0 0 0 0 0 0 0 0 0 0 0 0 0 0 0 0 0 0 0 0 0 0 0 0 0 0
6.00385 0.78679 0.460051 0.102375 0.0397235 0.00726168 0.0062879 0.00221498 0.000157101 0.000157101 9.83159e-06 9.31866e-06 4.02945e-08 4.02945e-08 0 0 0 0 0 0 0 0 0 0 0 0 0 0 0 0 0 0 0 0 0 0 0 0 0 0 0 0 0 0 0 0 0 0 0 0 0 0 0 0 0 0 0 0 0 0 0 0 0 0 0 0 0 0 0 0 0 0 0 0 0 0 0 0 0 0 0 0 0 0 0 0 0 0 0 0 0 0 0 0 0 0
7.31823 0.866184 0.420644 0.0920183 0.0335573 0.0180781 0.00772868 0.00282381 0.000638918 0.000306808 3.96628e-05 1.74234e-07 1.74234e-07 0 0 0 0 0 0 0 0 0 0 0 0 0 0 0 0 0 0 0 0 0 0 0 0 0 0 0 0 0 0 0 0 0 0 0 0 0 0 0 0 0 0 0 0 0 0 0 0 0 0 0 0 0 0 0 0 0 0 0 0 0 0 0 0 0 0 0 0 0 0 0 0 0 0 0 0 0 0 0 0 0 0 0
1.36309 0.557286 0.286752 0.069428 0.0222148 0.0156217 0.00727485 0.000939116 0.000418928 3.85782e-05 1.60342e-05 9.63629e-06 2.50509e-07 1.81534e-08 0 0 0 0 0 0 0 0 0 0 0 0 0 0 0 0 0 0 0 0 0 0 0 0 0 0 0 0 0 0 0 0 0 0 0 0 0 0 0 0 0 0 0 0 0 0 0 0 0 0 0 0 0 0 0 0 0 0 0 0 0 0 0 0 0 0 0 0 0 0 0 0 0 0 0 0 0 0 0 0 0 0
7.47992 0.734433 0.339473 0.135621 0.0555061 0.0181072 0.00779739 0.0048685 0.00184976 0.000404824 9.81797e-05 1.12007e-05 7.46757e-07 4.39197e-08 0 0 0 0 0 0 0 0 0 0 0 0 0 0 0 0 0 0 0 0 0 0 0 0 0 0 0 0 0 0 0 0 0 0 0 0 0 0 0 0 0 0 0 0 0 0 0 0 0 0 0 0 0 0 0 0 0 0 0 0 0 0 0 0 0 0 0 0 0 0 0 0 0 0 0 0 0 0 0 0 0 0
4.46785 0.920287 0.313497 0.0616633 0.0233275 0.0125352 0.00419061 0.000622458 0.000477862 0.000150699 5.91182e-05 6.925e-07 1.01522e-08 0 0 0 0 0 0 0 0 0 0 0 0 0 0 0 0 0 0 0 0 0 0 0 0 0 0 0 0 0 0 0 0 0 0 0 0 0 0 0 0 0 0 0 0 0 0 0 0 0 0 0 0 0 0 0 0 0 0 0 0 0 0 0 0 0 0 0 0 0 0 0 0 0 0 0 0 0 0 0 0 0 0 0
4.06379 0.564363 0.205482 0.0634764 0.0204515 0.0102681 0.00648177 0.0012809 0.000628939 0.000257253 1.20155e-05 4.27311e-06 5.38277e-08 0 0 0 0 0 0 0 0 0 0 0 0 0 0 0 0 0 0 0 0 0 0 0 0 0 0 0 0 0 0 0 0 0 0 0 0 0 0 0 0 0 0 0 0 0 0 0 0 0 0 0 0 0 0 0 0 0 0 0 0 0 0 0 0 0 0 0 0 0 0 0 0 0 0 0 0 0 0 0 0 0 0 0
2.35196 0.393371 0.363186 0.0765816 0.0265916 0.00716206 0.00403358 0.00168292 0.000340017 3.50608e-05 1.57347e-05 1.57347e-05 6.73556e-08 4.76561e-08 0 0 0 0 0 0 0 0 0 0 0 0 0 0 0 0 0 0 0 0 0 0 0 0 0 0 0 0 0 0 0 0 0 0 0 0 0 0 0 0 0 0 0 0 0 0 0 0 0 0 0 0 0 0 0 0 0 0 0 0 0 0 0 0 0 0 0 0 0 0 0 0 0 0 0 0 0 0 0 0 0 0
3.63779 0.413136 0.285135 0.0617201 0.0476385 0.0143221 0.0093238 0.0039145 0.00091175 0.00023429 2.54231e-05 8.2623e-06 2.82207e-07 1.53176e-07 1.12851e-07 0 0 0 0 0 0 0 0 0 0 0 0 0 0 0 0 0 0 0 0 0 0 0 0 0 0 0 0 0 0 0 0 0 0 0 0 0 0 0 0 0 0 0 0 0 0 0 0 0 0 0 0 0 0 0 0 0 0 0 0 0 0 0 0 0 0 0 0 0 0 0 0 0 0 0 0 0 0 0 0 0
4.98178 0.590321 0.28894 0.103436 0.0295534 0.0190084 0.00541274 0.00166299 0.00068015 0.000127963 3.19028e-06 0 0 0 0 0 0 0 0 0 0 0 0 0 0 0 0 0 0 0 0 0 0 0 0 0 0 0 0 0 0 0 0 0 0 0 0 0 0 0 0 0 0 0 0 0 0 0 0 0 0 0 0 0 0 0 0 0 0 0 0 0 0 0 0 0 0 0 0 0 0 0 0 0 0 0 0 0 0 0 0 0 0 0 0 0
4.95328 1.07394 0.268933 0.0746582 0.0179595 0.0142447 0.00439199 0.00192906 0.000416899 7.67069e-05 1.00143e-05 1.27409e-07 9.59108e-08 0 0 0 0 0 0 0 0 0 0 0 0 0 0 0 0 0 0 0 0 0 0 0 0 0 0 0 0 0 0 0 0 0 0 0 0 0 0 0 0 0 0 0 0 0 0 0 0 0 0 0 0 0 0 0 0 0 0 0 0 0 0 0 0 0 0 0 0 0 0 0 0 0 0 0 0 0 0 0 0 0 0 0
3.93689 0.746323 0.466191 0.0852154 0.0190692 0.0190692 0.00362732 0.000747881 0.000570913 0.0001871 1.89055e-05 5.44851e-07 0 0 0 0 0 0 0 0 0 0 0 0 0 0 0 0 0 0 0 0 0 0 0 0 0 0 0 0 0 0 0 0 0 0 0 0 0 0 0 0 0 0 0 0 0 0 0 0 0 0 0 0 0 0 0 0 0 0 0 0 0 0 0 0 0 0 0 0 0 0 0 0 0 0 0 0 0 0 0 0 0 0 0 0
5.23331 0.968835 0.382696 0.051563 0.0121616 0.00697717 0.00583675 0.00250945 0.000999501 0.000234381 3.67403e-05 1.53828e-06 2.78473e-08 2.78473e-08 0 0 0 0 0 0 0 0 0 0 0 0 0 0 0 0 0 0 0 0 0 0 0 0 0 0 0 0 0 0 0 0 0 0 0 0 0 0 0 0 0 0 0 0 0 0 0 0 0 0 0 0 0 0 0 0 0 0 0 0 0 0 0 0 0 0 0 0 0 0 0 0 0 0 0 0 0 0 0 0 0 0
6.75837 1.06742 0.569179 0.140659 0.0440719 0.0239256 0.00413068 0.00227506 0.000614489 6.47519e-05 4.15987e-05 3.35499e-06 2.41473e-07 0 0 0 0 0 0 0 0 0 0 0 0 0 0 0 0 0 0 0 0 0 0 0 0 0 0 0 0 0 0 0 0 0 0 0 0 0 0 0 0 0 0 0 0 0 0 0 0 0 0 0 0 0 0 0 0 0 0 0 0 0 0 0 0 0 0 0 0 0 0 0 0 0 0 0 0 0 0 0 0 0 0 0
4.88772 1.32145 0.448015 0.117573 0.0356077 0.0112519 0.00613286 0.000384985 0.000203323 0.000175068 1.48867e-05 2.76235e-06 1.93115e-07 1.4423e-07 1.9967e-08 0 0 0 0 0 0 0 0 0 0 0 0 0 0 0 0 0 0 0 0 0 0 0 0 0 0 0 0 0 0 0 0 0 0 0 0 0 0 0 0 0 0 0 0 0 0 0 0 0 0 0 0 0 0 0 0 0 0 0 0 0 0 0 0 0 0 0 0 0 0 0 0 0 0 0 0 0 0 0 0 0
2.00207 1.39728 0.326278 0.0440906 0.0402204 0.0136362 0.00602817 0.00119245 0.000588491 8.1834e-05 8.07685e-05 2.32865e-06 7.21492e-07 0 0 0 0 0 0 0 0 0 0 0 0 0 0 0 0 0 0 0 0 0 0 0 0 0 0 0 0 0 0 0 0 0 0 0 0 0 0 0 0 0 0 0 0 0 0 0 0 0 0 0 0 0 0 0 0 0 0 0 0 0 0 0 0 0 0 0 0 0 0 0 0 0 0 0 0 0 0 0 0 0 0 0
3.13504 0.707774 0.330362 0.0665764 0.0326282 0.0150475 0.0115657 0.0035609 0.00146502 0.000305126 2.79373e-05 3.68288e-06 2.74353e-07 2.74353e-07 2.03744e-07 0 0 0 0 0 0 0 0 0 0 0 0 0 0 0 0 0 0 0 0 0 0 0 0 0 0 0 0 0 0 0 0 0 0 0 0 0 0 0 0 0 0 0 0 0 0 0 0 0 0 0 0 0 0 0 0 0 0 0 0 0 0 0 0 0 0 0 0 0 0 0 0 0 0 0 0 0 0 0 0 0
5.21697 0.436543 0.247782 0.0612876 0.0500016 0.0179252 0.00442212 0.0020303 0.000838232 0.000362657 0.000110648 2.10905e-07 2.61165e-08 0 0 0 0 0 0 0 0 0 0 0 0 0 0 0 0 0 0 0 0 0 0 0 0 0 0 0 0 0 0 0 0 0 0 0 0 0 0 0 0 0 0 0 0 0 0 0 0 0 0 0 0 0 0 0 0 0 0 0 0 0 0 0 0 0 0 0 0 0 0 0 0 0 0 0 0 0 0 0 0 0 0 0
5.70894 0.993421 0.483785 0.0923037 0.0466206 0.0189217 0.00914361 0.0027113 0.000507728 0.000219332 0.000162086 3.65176e-05 2.01884e-07 0 0 0 0 0 0 0 0 0 0 0 0 0 0 0 0 0 0 0 0 0 0 0 0 0 0 0 0 0 0 0 0 0 0 0 0 0 0 0 0 0 0 0 0 0 0 0 0 0 0 0 0 0 0 0 0 0 0 0 0 0 0 0 0 0 0 0 0 0 0 0 0 0 0 0 0 0 0 0 0 0 0 0
5.87323 0.858029 0.339785 0.0300127 0.0222401 0.0147383 0.00335052 0.0006009 7.81077e-05 2.72479e-05 5.07605e-06 1.44373e-07 0 0 0 0 0 0 0 0 0 0 0 0 0 0 0 0 0 0 0 0 0 0 0 0 0 0 0 0 0 0 0 0 0 0 0 0 0 0 0 0 0 0 0 0 0 0 0 0 0 0 0 0 0 0 0 0 0 0 0 0 0 0 0 0 0 0 0 0 0 0 0 0 0 0 0 0 0 0 0 0 0 0 0 0
6.25014 0.990207 0.343087 0.0948486 0.0398027 0.0138651 0.00914519 0.0016385 0.000560881 0.000320397 7.13853e-06 1.89127e-06 0 0 0 0 0 0 0 0 0 0 0 0 0 0 0 0 0 0 0 0 0 0 0 0 0 0 0 0 0 0 0 0 0 0 0 0 0 0 0 0 0 0 0 0 0 0 0 0 0 0 0 0 0 0 0 0 0 0 0 0 0 0 0 0 0 0 0 0 0 0 0 0 0 0 0 0 0 0 0 0 0 0 0 0
4.67573 0.814284 0.435454 0.0827257 0.0487577 0.0152819 0.00639477 0.00223482 0.0005869 8.90303e-05 1.54428e-06 1.54428e-06 1.54428e-06 0 0 0 0 0 0 0 0 0 0 0 0 0 0 0 0 0 0 0 0 0 0 0 0 0 0 0 0 0 0 0 0 0 0 0 0 0 0 0 0 0 0 0 0 0 0 0 0 0 0 0 0 0 0 0 0 0 0 0 0 0 0 0 0 0 0 0 0 0 0 0 0 0 0 0 0 0 0 0 0 0 0 0
5.47035 0.688955 0.306292 0.0771911 0.0111295 0.0111295 0.0051935 0.00144932 9.91675e-05 9.91675e-05 1.92912e-05 1.03398e-05 1.03398e-05 0 0 0 0 0 0 0 0 0 0 0 0 0 0 0 0 0 0 0 0 0 0 0 0 0 0 0 0 0 0 0 0 0 0 0 0 0 0 0 0 0 0 0 0 0 0 0 0 0 0 0 0 0 0 0 0 0 0 0 0 0 0 0 0 0 0 0 0 0 0 0 0 0 0 0 0 0 0 0 0 0 0 0
5.72892 0.675515 0.23792 0.0853259 0.0135596 0.0135596 0.00435049 0.00224203 0.000256764 0.000185731 1.56305e-05 1.56305e-05 3.70383e-06 0 0 0 0 0 0 0 0 0 0 0 0 0 0 0 0 0 0 0 0 0 0 0 0 0 0 0 0 0 0 0 0 0 0 0 0 0 0 0 0 0 0 0 0 0 0 0 0 0 0 0 0 0 0 0 0 0 0 0 0 0 0 0 0 0 0 0 0 0 0 0 0 0 0 0 0 0 0 0 0 0 0 0
