430.631 378.614 225.774 143.69 116.568 116.546 112.822 112.693 111.164 109.644 109.644 109.227 107.365 105.662 105.099 105.099 105.099 105.099 103.809 103.809 103.809 103.809 103.7 103.7 103.7 102.97 102.839 101.907 101.907 101.907 101.413 100.971 100.971 100.971 100.971 100.723 100.723 100.723 100.424 100.364 100.335 100.111 100.042 100.012 100.005 100.001 100 100 100 100 100 100 100 100 100 100 100 100 100 100 100 100 100 100 100 100 100 100 100 100 100 100 100 100 100 100 100 100 100 100 100 100 100 100 100 100 100 100 100 100 100 100 100 100 100 100
515.623 407.616 252.631 140.579 125.146 114.861 114.523 113.009 111.995 110.467 109.113 108.768 107.48 107.48 106.794 106.174 104.298 104.298 104.298 104.298 104.298 104.298 104.298 103.932 103.728 103.417 103.417 102.248 102.248 102.203 102.203 102.138 101.302 101.302 101.17 100.916 100.523 100.523 100.523 100.276 100.276 100.132 100.093 100.026 100.008 100.002 100.001 100 100 100 100 100 100 100 100 100 100 100 100 100 100 100 100 100 100 100 100 100 100 100 100 100 100 100 100 100 100 100 100 100 100 100 100 100 100 100 100 100 100 100 100 100 100 100 100 100
562.573 289.642 173.884 151.919 134.789 116.306 115.818 114.207 111.632 110.612 108.736 108.256 108.256 107.899 106.265 106.265 106.265 106.265 106.265 105.657 105.657 105.657 105.105 103.594 103.594 103.594 103.594 103.469 103.469 103.469 103.469 103.166 103.166 102.562 101.671 101.352 101.174 101.165 100.866 100.701 100.701 100.428 100.266 100.085 100.02 100.01 100.003 100.001 100 100 100 100 100 100 100 100 100 100 100 100 100 100 100 100 100 100 100 100 100 100 100 100 100 100 100 100 100 100 100 100 100 100 100 100 100 100 100 100 100 100 100 100 100 100 100 100
558.947 260.764 228.735 139.301 126.516 118.135 114.033 111.876 111.271 110.525 110.092 109.89 107.335 107.335 106.622 105.658 104.49 104.49 104.49 104.273 104.273 104.273 104.273 104.273 104.273 102.726 102.726 102.726 101.958 101.958 101.058 101.037 101.032 100.62 100.62 100.62 100.62 100.62 100.389 100.309 100.28 100.278 100.102 100.057 100.027 100.007 100.002 100.001 100 100 100 100 100 100 100 100 100 100 100 100 100 100 100 100 100 100 100 100 100 100 100 100 100 100 100 100 100 100 100 100 100 100 100 100 100 100 100 100 100 100 100 100 100 100 100 100
791.028 397.823 184.008 145.465 125.196 122.377 115.766 112.587 112.021 110.022 109.071 108.645 108.083 108.083 106.641 106.641 106.641 105.972 105.972 105.972 105.972 105.476 105.076 104.14 102.962 101.801 101.801 101.801 101.801 101.801 101.801 101.734 101.734 100.986 100.986 100.933 100.933 100.63 100.439 100.439 100.306 100.13 100.033 100.012 100.002 100.001 100 100 100 100 100 100 100 100 100 100 100 100 100 100 100 100 100 100 100 100 100 100 100 100 100 100 100 100 100 100 100 100 100 100 100 100 100 100 100 100 100 100 100 100 100 100 100 100 100 100
591.114 242.922 242.922 156.735 131.924 118.85 114.27 112.056 111.322 110.967 109.89 108.758 108.496 108.496 105.571 105.571 105.571 105.571 105.571 104.768 104.418 104.174 104.174 104.174 103.354 103.324 102.928 102.106 102.106 102.106 101.068 101.068 101.068 101.052 100.908 100.908 100.712 100.712 100.712 100.251 100.088 100.027 100.008 100.003 100.001 100 100 100 100 100 100 100 100 100 100 100 100 100 100 100 100 100 100 100 100 100 100 100 100 100 100 100 100 100 100 100 100 100 100 100 100 100 100 100 100 100 100 100 100 100 100 100 100 100 100 100
694.77 344.802 321.83 126.961 126.961 123.332 116.773 112.706 112.067 111.002 110.507 108.518 107.113 107.113 107.113 106.983 106.289 106.289 105.984 105.742 105.742 105.731 103.208 103.208 103.208 103.208 103.208 102.137 102.137 102.015 102.015 101.404 101.404 101.404 101.055 101.055 100.925 100.925 100.787 100.787 100.465 100.282 100.137 100.117 100.039 100.007 100.003 100.001 100 100 100 100 100 100 100 100 100 100 100 100 100 100 100 100 100 100 100 100 100 100 100 100 100 100 100 100 100 100 100 100 100 100 100 100 100 100 100 100 100 100 100 100 100 100 100 100
440.048 290.719 206.576 134.06 123.185 118.596 113.025 111.897 110.062 106.961 106.961 106.961 106.961 106.303 106.303 105.862 105.862 105.862 105.858 104.09 103.882 103.061 102.291 102.291 102.291 102.291 102.291 101.786 101.1 101.1 101.1 100.911 100.911 100.911 100.826 100.403 100.403 100.403 100.403 100.263 100.172 100.06 100.022 100.007 100.003 100.001 100 100 100 100 100 100 100 100 100 100 100 100 100 100 100 100 100 100 100 100 100 100 100 100 100 100 100 100 100 100 100 100 100 100 100 100 100 100 100 100 100 100 100 100 100 100 100 100 100 100
551.239 397.115 257.45 129.842 123.787 119.121 114.802 110.954 110.32 108.235 107.423 107.423 106.328 106.328 106.321 105.356 104.896 104.896 104.896 104.454 103.665 103.665 103.254 103.254 103.024 102.857 102.304 101.722 101.722 101.722 101.722 101.722 101.722 101.675 101.423 101.423 101.044 100.561 100.561 100.454 100.329 100.329 100.22 100.111 100.042 100.016 100.005 100 100 100 100 100 100 100 100 100 100 100 100 100 100 100 100 100 100 100 100 100 100 100 100 100 100 100 100 100 100 100 100 100 100 100 100 100 100 100 100 100 100 100 100 100 100 100 100 100
253.434 248.338 248.338 151.184 127.282 122.147 119.231 115.043 113.366 112.167 110.661 110.394 109.264 109.264 106.461 106.461 106.386 105.059 104.672 104.672 103.183 103.183 103.183 103.183 102.753 102.753 102.742 102.257 101.756 101.491 100.735 100.735 100.735 100.484 100.484 100.309 100.194 100.192 100.115 100.063 100.042 100.013 100.003 100.001 100 100 100 100 100 100 100 100 100 100 100 100 100 100 100 100 100 100 100 100 100 100 100 100 100 100 100 100 100 100 100 100 100 100 100 100 100 100 100 100 100 100 100 100 100 100 100 100 100 100 100 100
701.819 406.856 218.218 153.703 127.965 121.847 115.238 112.196 110.6 110.378 110.378 109.558 109.076 107.695 107.229 106.235 106.235 104.573 104.573 104.123 104.123 104.123 104.119 102.021 102.021 102.021 102.021 101.593 101.593 101.233 101.233 101.233 100.895 100.738 100.712 100.417 100.417 100.417 100.417 100.417 100.309 100.073 100.05 100.023 100.005 100.002 100.001 100 100 100 100 100 100 100 100 100 100 100 100 100 100 100 100 100 100 100 100 100 100 100 100 100 100 100 100 100 100 100 100 100 100 100 100 100 100 100 100 100 100 100 100 100 100 100 100 100
489.792 259.029 164.421 143.246 128.927 115.973 113.903 112.395 110.835 109.534 109.534 107.653 107.653 107.23 106.719 106.719 106.719 106.305 105.836 105.754 105.754 105.754 105.097 105.097 104.278 104.035 102.705 102.705 102.637 102.622 102.622 102.568 101.795 101.795 101.472 101.472 100.855 100.855 100.855 100.581 100.581 100.489 100.165 100.152 100.051 100.03 100.011 100.003 100.001 100.001 100 100 100 100 100 100 100 100 100 100 100 100 100 100 100 100 100 100 100 100 100 100 100 100 100 100 100 100 100 100 100 100 100 100 100 100 100 100 100 100 100 100 100 100 100 100
631.812 425.486 177.717 142.77 123.12 120.619 114.758 112.139 111.728 109.689 107.619 106.051 106.051 106.051 106.051 106.051 106.051 106.051 103.97 103.97 103.97 103.97 103.97 103.97 102.302 102.302 102.302 102.302 101.679 101.679 101.566 101.171 101.171 100.955 100.657 100.642 100.359 100.313 100.313 100.154 100.154 100.064 100.016 100.004 100.002 100.001 100 100 100 100 100 100 100 100 100 100 100 100 100 100 100 100 100 100 100 100 100 100 100 100 100 100 100 100 100 100 100 100 100 100 100 100 100 100 100 100 100 100 100 100 100 100 100 100 100 100
447.394 209.817 209.817 143.682 122.305 120.231 114.134 111.923 111.494 107.937 107.937 107.937 107.937 107.937 105.373 105.373 104.728 104.728 104.728 104.728 104.728 103.75 103.75 103.75 103.75 103.75 101.736 101.736 101.09 101.067 100.946 100.946 100.605 100.605 100.605 100.413 100.413 100.413 100.339 100.339 100.137 100.062 100.015 100.005 100.002 100.001 100 100 100 100 100 100 100 100 100 100 100 100 100 100 100 100 100 100 100 100 100 100 100 100 100 100 100 100 100 100 100 100 100 100 100 100 100 100 100 100 100 100 100 100 100 100 100 100 100 100
653.948 248.502 248.502 133.953 125.311 120.568 114.465 113.191 109.43 109.43 108.541 107.14 107.14 107.14 107.14 107.14 105.474 105.474 105.474 105.474 104.704 104.704 104.458 104.458 104.458 102.002 102.002 102.002 102.002 102.002 101.144 101.144 101.144 101.144 100.824 100.824 100.824 100.82 100.44 100.44 100.36 100.36 100.125 100.044 100.026 100.01 100.002 100.001 100 100 100 100 100 100 100 100 100 100 100 100 100 100 100 100 100 100 100 100 100 100 100 100 100 100 100 100 100 100 100 100 100 100 100 100 100 100 100 100 100 100 100 100 100 100 100 100
542.873 222.1 222.1 148.024 129.191 121.46 116.726 112.705 110.619 110.547 110.238 107.418 107.418 106.184 106.184 106.184 106.184 106.184 105.544 105.544 105.544 105.544 105.544 104.314 103.623 103.623 103.623 102.459 102.459 102.459 102.44 102.095 101.873 101.288 101.288 101.288 101.288 101.288 101.288 101.015 100.597 100.597 100.227 100.098 100.023 100.009 100.002 100 100 100 100 100 100 100 100 100 100 100 100 100 100 100 100 100 100 100 100 100 100 100 100 100 100 100 100 100 100 100 100 100 100 100 100 100 100 100 100 100 100 100 100 100 100 100 100 100
931.648 542.622 294.451 145.495 129.929 121.242 115.851 113.866 111.313 109.77 109.353 109.353 108.116 108.116 107.9 105.892 105.892 105.892 105.892 105.892 104.607 104.607 104.607 104.607 103.554 103.134 102.997 102.91 102.362 102.004 101.154 101.006 101.006 101.006 100.935 100.935 100.834 100.394 100.394 100.363 100.122 100.074 100.032 100.009 100.002 100.001 100 100 100 100 100 100 100 100 100 100 100 100 100 100 100 100 100 100 100 100 100 100 100 100 100 100 100 100 100 100 100 100 100 100 100 100 100 100 100 100 100 100 100 100 100 100 100 100 100 100
535.963 389.094 233.464 131.737 125.467 119.49 113.875 111.786 110.903 110.826 109.463 108.888 108.783 107.184 107.184 107.184 105.259 104.707 104.186 103.953 103.828 103.828 103.276 102.996 102.617 102.617 101.983 101.977 101.348 101.348 101.348 101.282 101.251 101.052 100.854 100.729 100.49 100.289 100.243 100.122 100.059 100.021 100.006 100.002 100.001 100 100 100 100 100 100 100 100 100 100 100 100 100 100 100 100 100 100 100 100 100 100 100 100 100 100 100 100 100 100 100 100 100 100 100 100 100 100 100 100 100 100 100 100 100 100 100 100 100 100 100
654.218 387.431 247.438 156.627 129.889 118.781 113.783 113.365 112.002 110.755 106.843 106.843 105.398 105.398 105.398 105.398 104.613 104.613 104.613 104.613 104.211 104.211 103.545 103.545 102.721 102.721 102.721 101.839 101.839 101.839 101.839 101.614 101.614 101.191 101.191 101.191 100.802 100.786 100.612 100.612 100.381 100.332 100.228 100.095 100.021 100.009 100.003 100.001 100 100 100 100 100 100 100 100 100 100 100 100 100 100 100 100 100 100 100 100 100 100 100 100 100 100 100 100 100 100 100 100 100 100 100 100 100 100 100 100 100 100 100 100 100 100 100 100
563.064 321.684 172.567 131.829 124.693 116.693 114.114 111.958 111.093 109.764 105.806 105.806 105.806 105.806 105.806 105.806 104.873 104.873 104.873 104.873 104.579 104.579 104.579 104.579 104.323 104.323 102.94 101.348 101.079 101.079 101.079 101.079 101.079 101.079 101.079 100.946 100.946 100.946 100.946 100.946 100.769 100.769 100.649 100.649 100.649 100.649 100.649 100.633 100.13 100.13 100.13 100.13 100.045 100.045 100.005 100.002 100.001 100 100 100 100 100 100 100 100 100 100 100 100 100 100 100 100 100 100 100 100 100 100 100 100 100 100 100 100 100 100 100 100 100 100 100 100 100 100 100
537.139 383.985 235.832 129.31 121.358 113.607 111.366 111.366 110.829 110.049 109.053 109.053 108.428 108.428 105.853 105.039 105.039 105.039 105.039 104.293 104.257 104.257 103.877 103.877 103.858 102.605 102.605 102.605 102.605 101.52 101.52 101.52 101.52 101.462 100.994 100.994 100.994 100.994 100.994 100.994 100.34 100.34 100.34 100.34 100.34 100.193 100.193 100.189 100.155 100.05 100.012 100.012 100.003 100.001 100 100 100 100 100 100 100 100 100 100 100 100 100 100 100 100 100 100 100 100 100 100 100 100 100 100 100 100 100 100 100 100 100 100 100 100 100 100 100 100 100 100
510.082 438.191 228.28 144.078 128.952 119.337 114.769 112.093 111.692 110.476 109.578 107.824 106.339 106.13 106.13 104.935 104.935 104.935 104.873 104.22 102.921 102.921 102.921 102.921 102.921 102.921 102.921 101.852 101.833 101.833 101.653 101.532 101.532 101.372 101.101 101.101 100.571 100.571 100.523 100.506 100.238 100.203 100.126 100.06 100.021 100.013 100.003 100.001 100 100 100 100 100 100 100 100 100 100 100 100 100 100 100 100 100 100 100 100 100 100 100 100 100 100 100 100 100 100 100 100 100 100 100 100 100 100 100 100 100 100 100 100 100 100 100 100
642.886 296.866 221.682 124.286 124.286 118.638 114.617 110.603 109.663 108.993 108.993 107.819 107.819 107.819 107.465 107.465 107.465 106.08 106.08 105.466 105.466 105.374 104.052 104.052 103.925 103.089 103.047 101.929 101.929 100.946 100.946 100.946 100.946 100.946 100.946 100.519 100.519 100.357 100.234 100.221 100.221 100.131 100.039 100.019 100.007 100.002 100.001 100 100 100 100 100 100 100 100 100 100 100 100 100 100 100 100 100 100 100 100 100 100 100 100 100 100 100 100 100 100 100 100 100 100 100 100 100 100 100 100 100 100 100 100 100 100 100 100 100
494.201 256.593 223.368 142.848 126.749 115.17 113.804 111.952 111.126 107.419 107.419 106.925 106.925 106.925 106.925 106.925 105.095 105.095 105.095 105.095 105.022 104.668 104.668 104.668 102.333 102.333 102.333 102.333 101.545 101.545 100.684 100.684 100.684 100.684 100.684 100.608 100.608 100.608 100.608 100.608 100.608 100.608 100.342 100.159 100.084 100.084 100.037 100.01 100.002 100.001 100 100 100 100 100 100 100 100 100 100 100 100 100 100 100 100 100 100 100 100 100 100 100 100 100 100 100 100 100 100 100 100 100 100 100 100 100 100 100 100 100 100 100 100 100 100
603.563 311.361 303.337 132.596 122.102 118.745 115.873 112.352 111.905 110.269 109.511 108.549 108.484 107.125 107.068 106.974 106.974 106.974 106.514 106.415 106.415 104.178 103.332 103.332 103.332 103.332 103.332 101.49 101.49 101.378 101.378 100.934 100.934 100.926 100.926 100.926 100.857 100.857 100.438 100.353 100.301 100.08 100.08 100.035 100.009 100.005 100.002 100.001 100 100 100 100 100 100 100 100 100 100 100 100 100 100 100 100 100 100 100 100 100 100 100 100 100 100 100 100 100 100 100 100 100 100 100 100 100 100 100 100 100 100 100 100 100 100 100 100
563.879 300.989 172.931 140.356 125.376 118.932 116.597 112.321 111.03 110.05 109.932 106.475 106.475 105.929 105.929 105.929 105.929 105.652 104.151 104.151 103.708 103.708 103.708 103.708 103.708 103.708 103.49 103.029 101.65 101.65 101.65 101.235 101.235 101.235 101.235 100.928 100.652 100.652 100.273 100.273 100.273 100.273 100.273 100.188 100.076 100.023 100.006 100.002 100.001 100 100 100 100 100 100 100 100 100 100 100 100 100 100 100 100 100 100 100 100 100 100 100 100 100 100 100 100 100 100 100 100 100 100 100 100 100 100 100 100 100 100 100 100 100 100 100
678.774 292.462 210.96 156.027 128.434 123.123 114.957 113.33 111.717 111.114 107.069 107.069 107.069 104.855 104.855 104.855 104.855 104.855 104.801 104.801 104.801 104.801 103.917 103.917 103.917 103.917 103.917 102.211 102.211 101.965 101.608 100.713 100.684 100.684 100.335 100.335 100.335 100.335 100.335 100.335 100.293 100.179 100.076 100.025 100.009 100.003 100.001 100 100 100 100 100 100 100 100 100 100 100 100 100 100 100 100 100 100 100 100 100 100 100 100 100 100 100 100 100 100 100 100 100 100 100 100 100 100 100 100 100 100 100 100 100 100 100 100 100
644.508 339.109 227.853 134.544 125.883 115.289 115.289 113.189 111.594 110.265 107.738 107.685 105.878 105.878 105.878 105.878 105.878 102.569 102.569 102.569 102.569 102.569 102.569 102.569 102.569 102.569 102.569 102.569 102.525 102.525 102.02 102.02 100.96 100.96 100.848 100.848 100.848 100.848 100.834 100.767 100.482 100.254 100.09 100.031 100.01 100.006 100.002 100.001 100 100 100 100 100 100 100 100 100 100 100 100 100 100 100 100 100 100 100 100 100 100 100 100 100 100 100 100 100 100 100 100 100 100 100 100 100 100 100 100 100 100 100 100 100 100 100 100
475.772 283.426 247.407 138.808 116.803 116.803 114.876 112.465 110.13 110.13 105.915 105.915 105.915 105.915 105.915 104.604 104.604 104.604 104.604 104.604 104.509 104.509 104.143 102.845 102.845 102.845 102.845 102.727 102.704 102.704 102.397 101.557 101.303 100.727 100.727 100.634 100.634 100.634 100.634 100.629 100.397 100.274 100.122 100.074 100.039 100.022 100.005 100.002 100 100 100 100 100 100 100 100 100 100 100 100 100 100 100 100 100 100 100 100 100 100 100 100 100 100 100 100 100 100 100 100 100 100 100 100 100 100 100 100 100 100 100 100 100 100 100 100
732.115 329.841 245.478 138.06 131.501 114.394 112.837 112.381 109.881 109.881 109.482 108.391 107.785 107.218 106.106 105.152 103.62 103.62 103.62 103.62 103.62 103.62 103.62 103.62 103.62 103.62 103.266 103.025 101.415 101.415 101.415 101.415 101.415 101.415 101.413 101.413 101.413 101.413 101.354 101.16 101.16 101.155 100.826 100.729 100.729 100.729 100.729 100.673 100.673 100.673 100.598 100.598 100.598 100.598 100.485 100.352 100.352 100.287 100.274 100.187 100.158 100.119 100.082 100.082 100.075 100.065 100.065 100.032 100.007 100.002 100 100 100 100 100 100 100 100 100 100 100 100 100 100 100 100 100 100 100 100 100 100 100 100 100 100
443.538 313.168 203.913 145.516 123.072 121.102 113.905 113.632 112.196 110.806 110.47 109.229 106.873 106.873 105.614 105.614 105.614 105.614 105.462 105.462 105.462 104.817 104.817 104.296 104.296 103.774 103.348 103.231 103.209 103.209 101.943 101.943 101.823 101.325 101.325 101.325 101.325 101.157 101.157 100.737 100.644 100.634 100.257 100.257 100.119 100.046 100.017 100.004 100.001 100 100 100 100 100 100 100 100 100 100 100 100 100 100 100 100 100 100 100 100 100 100 100 100 100 100 100 100 100 100 100 100 100 100 100 100 100 100 100 100 100 100 100 100 100 100 100
578.445 380.856 257.01 128.876 128.876 121.612 116.635 113.979 112.336 110.804 110.523 107.167 107.167 107.148 107.148 104.668 104.668 104.668 104.668 102.584 102.584 102.468 102.468 102.468 102.468 102.468 102.072 102.072 102.072 102.072 101.485 101.485 100.807 100.742 100.742 100.742 100.575 100.575 100.343 100.187 100.148 100.069 100.03 100.012 100.004 100.001 100 100 100 100 100 100 100 100 100 100 100 100 100 100 100 100 100 100 100 100 100 100 100 100 100 100 100 100 100 100 100 100 100 100 100 100 100 100 100 100 100 100 100 100 100 100 100 100 100 100
538.882 374.631 259.472 151.293 127.418 117.353 112.338 112.338 112.226 110.977 110.262 108.871 107.683 105.791 105.791 105.791 105.791 104.805 104.805 104.805 104.805 104.805 104.805 104.805 103.758 103.758 103.758 103.726 102.492 102.492 100.999 100.999 100.999 100.999 100.999 100.999 100.999 100.999 100.807 100.502 100.113 100.113 100.044 100.01 100.004 100.001 100 100 100 100 100 100 100 100 100 100 100 100 100 100 100 100 100 100 100 100 100 100 100 100 100 100 100 100 100 100 100 100 100 100 100 100 100 100 100 100 100 100 100 100 100 100 100 100 100 100
568.762 325.481 241.685 141.079 120.133 120.133 111.703 111.703 111.087 110.115 109.164 109.093 106.565 106.565 106.565 106.565 106.379 105.572 105.572 104.582 103.597 103.597 103.331 103.331 102.253 102.211 101.822 101.557 101.557 100.957 100.957 100.957 100.957 100.851 100.694 100.255 100.255 100.255 100.11 100.076 100.024 100.012 100.003 100.001 100 100 100 100 100 100 100 100 100 100 100 100 100 100 100 100 100 100 100 100 100 100 100 100 100 100 100 100 100 100 100 100 100 100 100 100 100 100 100 100 100 100 100 100 100 100 100 100 100 100 100 100
490.041 320.23 256.806 146.192 129.668 119.69 114.745 112.409 110.721 109.67 106.32 106.32 106.005 106.005 106.005 106.005 106.005 105.077 104.347 104.347 104.347 104.347 104.347 104.095 104.095 102.463 102.463 102.463 100.746 100.746 100.603 100.603 100.603 100.603 100.603 100.603 100.31 100.297 100.297 100.155 100.064 100.014 100.005 100.002 100.001 100 100 100 100 100 100 100 100 100 100 100 100 100 100 100 100 100 100 100 100 100 100 100 100 100 100 100 100 100 100 100 100 100 100 100 100 100 100 100 100 100 100 100 100 100 100 100 100 100 100 100
639.099 288.663 227.743 144.481 119.328 114.497 114.497 112.838 111.371 110.469 109.603 108.341 107.961 106.158 106.158 105.741 105.298 105.298 105.298 105.298 104.503 104.503 103.272 103.272 103.272 101.249 101.249 101.196 100.829 100.829 100.719 100.719 100.421 100.406 100.263 100.263 100.18 100.117 100.058 100.037 100.004 100.003 100.001 100 100 100 100 100 100 100 100 100 100 100 100 100 100 100 100 100 100 100 100 100 100 100 100 100 100 100 100 100 100 100 100 100 100 100 100 100 100 100 100 100 100 100 100 100 100 100 100 100 100 100 100 100
595.759 430.844 190.355 144.291 126.301 122.995 116.119 111.62 111.62 109.813 109.813 106.653 105.609 105.609 105.609 105.609 105.609 105.121 105.121 104.714 104.467 104.467 104.282 103.318 102.016 102.016 102.016 102.016 102.016 102.016 102.016 102.016 102.016 102.016 101.122 101.122 101.122 101.089 101.089 101.089 101.089 101.089 101.089 100.653 100.653 100.653 100.474 100.341 100.341 100.151 100.055 100.019 100.006 100.002 100 100 100 100 100 100 100 100 100 100 100 100 100 100 100 100 100 100 100 100 100 100 100 100 100 100 100 100 100 100 100 100 100 100 100 100 100 100 100 100 100 100
273.858 273.858 252.342 132.634 121.593 119.664 113.468 111.623 109.638 109.638 109.638 107.334 107.334 107.308 106.788 106.788 106.077 106.077 105.657 105.657 105.069 105.069 104.758 103.741 103.741 103.741 102.701 102.701 102.701 102.411 102.411 101.948 101.948 101.264 101.264 100.519 100.519 100.519 100.519 100.519 100.257 100.257 100.257 100.257 100.231 100.231 100.114 100.034 100.013 100.004 100.002 100 100 100 100 100 100 100 100 100 100 100 100 100 100 100 100 100 100 100 100 100 100 100 100 100 100 100 100 100 100 100 100 100 100 100 100 100 100 100 100 100 100 100 100 100
542.531 242.333 220.166 144.942 123.937 117.986 115.018 113.057 111.202 110.327 108.905 108.833 108.833 107.81 107.312 107.237 107.237 105.371 104.226 104.226 104.226 103.372 103.372 103.372 102.103 102.103 101.416 101.416 101.416 101.416 101.416 101.171 101.171 101.171 101.09 100.919 100.82 100.608 100.521 100.295 100.295 100.126 100.047 100.009 100.004 100.001 100.001 100 100 100 100 100 100 100 100 100 100 100 100 100 100 100 100 100 100 100 100 100 100 100 100 100 100 100 100 100 100 100 100 100 100 100 100 100 100 100 100 100 100 100 100 100 100 100 100 100
717.857 306.598 202.553 148.245 127.156 123.263 115.172 113.737 111.512 110.665 109.683 108.24 107.042 107.042 107.042 107.042 106.066 106.066 106.066 106.066 105.687 105.237 105.237 104.409 104.409 104.089 103.926 103.926 103.812 101.853 101.853 101.853 101.853 101.79 101.543 101.442 100.703 100.703 100.502 100.502 100.385 100.276 100.183 100.086 100.027 100.013 100.003 100.001 100 100 100 100 100 100 100 100 100 100 100 100 100 100 100 100 100 100 100 100 100 100 100 100 100 100 100 100 100 100 100 100 100 100 100 100 100 100 100 100 100 100 100 100 100 100 100 100
852.316 361.918 198.506 149.495 133.3 122.571 114.921 112.921 111.585 109.045 108.348 107.51 107.51 106.418 105.606 105.606 105.606 105.238 104.254 104.254 104.254 104.254 104.254 102.74 102.401 101.792 101.792 101.792 101.428 101.428 101.428 101.126 100.888 100.888 100.785 100.668 100.656 100.487 100.487 100.399 100.211 100.135 100.135 100.079 100.039 100.013 100.003 100.001 100 100 100 100 100 100 100 100 100 100 100 100 100 100 100 100 100 100 100 100 100 100 100 100 100 100 100 100 100 100 100 100 100 100 100 100 100 100 100 100 100 100 100 100 100 100 100 100
572.383 349.933 228.468 129.676 127.511 114.506 114.506 113.092 110.516 109.972 107.724 107.724 107.327 107.327 107.327 106.805 106.805 106.805 106.805 106.313 105.003 104.747 104.747 103.923 103.494 103.494 102.359 102.359 102.359 101.867 101.484 101.387 101.362 100.816 100.266 100.266 100.266 100.266 100.266 100.266 100.215 100.152 100.031 100.01 100.004 100.001 100.001 100 100 100 100 100 100 100 100 100 100 100 100 100 100 100 100 100 100 100 100 100 100 100 100 100 100 100 100 100 100 100 100 100 100 100 100 100 100 100 100 100 100 100 100 100 100 100 100 100
695.866 232.08 219.583 138.709 123.724 117.651 113.994 113.255 111.624 110.181 107.261 107.261 107.261 107.261 107.121 106.727 106.597 106.597 105.409 104.546 104.546 104.546 104.22 103.717 103.569 103.026 103.026 102.239 102.239 101.808 101.493 101.493 101.493 101.396 101.23 100.997 100.855 100.664 100.51 100.491 100.439 100.213 100.068 100.016 100.011 100.004 100.001 100 100 100 100 100 100 100 100 100 100 100 100 100 100 100 100 100 100 100 100 100 100 100 100 100 100 100 100 100 100 100 100 100 100 100 100 100 100 100 100 100 100 100 100 100 100 100 100 100
651.693 279.57 249.154 145.924 126.094 117.801 116.053 113.24 111.443 109.615 108.317 107.918 107.918 107.918 105.157 105.157 105.157 105.157 103.57 103.57 103.57 103.57 103.57 103.57 103.57 103.18 103.18 101.996 101.902 101.902 101.203 101.203 101.203 101.203 101.013 100.595 100.595 100.595 100.532 100.532 100.532 100.447 100.24 100.207 100.055 100.036 100.011 100.004 100.001 100 100 100 100 100 100 100 100 100 100 100 100 100 100 100 100 100 100 100 100 100 100 100 100 100 100 100 100 100 100 100 100 100 100 100 100 100 100 100 100 100 100 100 100 100 100 100
686.751 272.172 170.326 127.583 125.876 118.572 113.334 112.014 110.446 109.412 107.415 107.415 107.415 106.169 106.169 106.169 106.169 105.765 104.502 104.146 104.146 103.959 103.509 103.509 103.509 103.509 103.026 103.026 103.026 102.204 101.396 101.378 101.378 101.378 100.826 100.826 100.826 100.728 100.728 100.589 100.33 100.312 100.142 100.04 100.016 100.004 100.002 100.001 100 100 100 100 100 100 100 100 100 100 100 100 100 100 100 100 100 100 100 100 100 100 100 100 100 100 100 100 100 100 100 100 100 100 100 100 100 100 100 100 100 100 100 100 100 100 100 100
424.588 333.03 224.208 140.326 125.307 120.536 114.226 112.316 109.872 108.476 108.476 108.343 107.329 107.329 106.98 105.821 104.361 104.063 104.063 104.063 104.063 104.063 103.602 103.602 103.602 102.997 102.997 102.651 102.651 101.977 101.977 101.83 101.83 101.489 100.773 100.773 100.666 100.666 100.666 100.666 100.598 100.598 100.292 100.084 100.056 100.02 100.009 100.002 100.001 100 100 100 100 100 100 100 100 100 100 100 100 100 100 100 100 100 100 100 100 100 100 100 100 100 100 100 100 100 100 100 100 100 100 100 100 100 100 100 100 100 100 100 100 100 100 100
498.02 310.526 249.879 131.449 129.204 117.636 113.299 112.293 111.834 110.759 109.157 109.157 107.506 107.365 107.365 107.365 107.355 107.355 104.193 104.193 103.423 103.423 103.046 102.729 102.546 100.994 100.994 100.994 100.994 100.786 100.355 100.355 100.341 100.304 100.171 100.126 100.089 100.038 100.027 100.015 100.005 100.002 100.001 100 100 100 100 100 100 100 100 100 100 100 100 100 100 100 100 100 100 100 100 100 100 100 100 100 100 100 100 100 100 100 100 100 100 100 100 100 100 100 100 100 100 100 100 100 100 100 100 100 100 100 100 100
556.282 260.074 170.756 135.096 121.339 118.113 113.085 110.689 110.326 107.829 106.399 106.399 105.991 104.569 104.569 104.569 104.569 104.569 104.569 104.569 104.102 104.102 104.102 103.151 103.151 102.506 101.353 100.793 100.793 100.793 100.793 100.793 100.793 100.793 100.64 100.64 100.64 100.64 100.33 100.33 100.33 100.33 100.33 100.186 100.048 100.019 100.004 100.002 100.001 100 100 100 100 100 100 100 100 100 100 100 100 100 100 100 100 100 100 100 100 100 100 100 100 100 100 100 100 100 100 100 100 100 100 100 100 100 100 100 100 100 100 100 100 100 100 100
431.396 425.142 257.304 136.77 116.701 114.988 113.984 111.534 111.301 110.183 109.42 108.621 108.492 108.211 106.854 106.614 105.733 105.733 105.733 105.733 105.733 105.733 104.217 104.217 104.095 102.593 102.593 102.593 102.593 102.558 102.558 102.558 101.605 101.605 101.057 101.057 100.939 100.939 100.939 100.939 100.432 100.432 100.432 100.432 100.432 100.246 100.159 100.053 100.027 100.005 100.002 100.001 100 100 100 100 100 100 100 100 100 100 100 100 100 100 100 100 100 100 100 100 100 100 100 100 100 100 100 100 100 100 100 100 100 100 100 100 100 100 100 100 100 100 100 100
911.918 430.985 287.509 133.71 117.413 116.895 112.889 112.164 111.004 110.222 105.791 105.791 105.791 105.791 105.446 105.446 105.446 105.446 105.446 105.188 103.443 103.443 103.443 103.443 103.443 102.593 102.554 102.554 102.554 102.034 100.827 100.827 100.827 100.827 100.827 100.827 100.71 100.534 100.431 100.431 100.431 100.218 100.218 100.046 100.027 100.008 100.001 100 100 100 100 100 100 100 100 100 100 100 100 100 100 100 100 100 100 100 100 100 100 100 100 100 100 100 100 100 100 100 100 100 100 100 100 100 100 100 100 100 100 100 100 100 100 100 100 100
767.769 382.955 168.664 131.682 124.495 114.249 112.378 112.15 110.623 110.5 109.575 107.752 107.752 107.6 106.071 105.345 105.345 105.345 105.345 105.345 104.663 104.663 104.663 103.402 103.264 103.264 102.381 102.081 102.081 101.65 101.65 101.65 101.538 101.265 100.893 100.893 100.893 100.893 100.893 100.893 100.618 100.367 100.367 100.322 100.07 100.034 100.014 100.005 100.001 100 100 100 100 100 100 100 100 100 100 100 100 100 100 100 100 100 100 100 100 100 100 100 100 100 100 100 100 100 100 100 100 100 100 100 100 100 100 100 100 100 100 100 100 100 100 100
