30251.1 14254 9593.6 5931.87 1887.12 677.109 677.109 677.109 318.749 173.783 93.0507 46.396 18.5496 9.28509 6.46684 1.67236 1.67236 1.02149 0.599541 0.165734 0.0774391 0.0447704 0.0182572 0.00965907 0.00271515 0.00127471 0.000728528 8.34553e-05 3.64033e-05 1.12e-05 4.55442e-06 2.15407e-06 5.99858e-07 2.05503e-07 1.33013e-07 4.61202e-08 1.6327e-08 0 0 0 0 0 0 0 0 0 0 0 0 0 0 0 0 0 0 0 0 0 0 0 0 0 0 0 0 0 0 0 0 0 0 0 0 0 0 0 0 0 0 0 0 0 0 0 0 0 0 0 0 0 0 0 0 0 0 0
15157.2 15157.2 14084.6 3202.95 3202.95 1782.77 1331.28 792.72 450.1 159.622 133.91 47.7704 35.2574 20.0224 4.87328 4.87328 3.59024 0.879554 0.574265 0.355719 0.181275 0.0583315 0.0266362 0.0127286 0.00596449 0.00258459 0.000824907 0.000107161 5.56896e-05 1.32426e-05 5.72659e-06 4.21492e-06 2.1038e-06 5.68885e-07 1.64354e-07 6.94787e-08 3.13909e-08 1.37962e-08 0 0 0 0 0 0 0 0 0 0 0 0 0 0 0 0 0 0 0 0 0 0 0 0 0 0 0 0 0 0 0 0 0 0 0 0 0 0 0 0 0 0 0 0 0 0 0 0 0 0 0 0 0 0 0 0 0 0
16937.8 7913.52 7913.52 2833.45 2199.89 1887.25 885.191 351.078 225.22 154.625 68.1961 54.359 17.8537 17.1558 7.24784 2.98391 1.67579 0.565032 0.42397 0.161231 0.0914161 0.0290807 0.0181576 0.00876821 0.00304691 0.000905186 0.00044904 0.000108482 2.58135e-05 1.31395e-05 6.79387e-06 1.65882e-06 4.38663e-07 2.25056e-07 7.34072e-08 1.73314e-08 0 0 0 0 0 0 0 0 0 0 0 0 0 0 0 0 0 0 0 0 0 0 0 0 0 0 0 0 0 0 0 0 0 0 0 0 0 0 0 0 0 0 0 0 0 0 0 0 0 0 0 0 0 0 0 0 0 0 0 0
16590.7 16590.7 5877.43 3685.7 3360.58 2582.09 1467.68 909.746 634.661 305.425 184.758 95.4681 38.3933 17.0967 5.51833 3.72929 3.72929 1.66758 0.983028 0.228167 0.1408 0.0788104 0.0413506 0.0133256 0.00396295 0.00290247 0.000861523 0.000151072 5.74598e-05 1.61429e-05 1.61429e-05 4.83461e-06 1.43303e-06 5.39835e-07 2.40796e-07 1.0484e-07 4.14621e-08 1.36035e-08 0 0 0 0 0 0 0 0 0 0 0 0 0 0 0 0 0 0 0 0 0 0 0 0 0 0 0 0 0 0 0 0 0 0 0 0 0 0 0 0 0 0 0 0 0 0 0 0 0 0 0 0 0 0 0 0 0 0
14582.7 14301.7 7762.92 4392.01 1292.28 1292.28 1217.23 535.474 150.635 150.635 74.4368 58.5104 20.6473 18.4227 7.7869 6.85164 3.08704 1.38307 0.87666 0.164276 0.0761018 0.0530561 0.0266094 0.00462671 0.00462671 0.00175167 0.000635267 0.000102598 4.06123e-05 1.54961e-05 8.40183e-06 2.56807e-06 3.01075e-07 3.01075e-07 5.00066e-08 5.00066e-08 1.53833e-08 0 0 0 0 0 0 0 0 0 0 0 0 0 0 0 0 0 0 0 0 0 0 0 0 0 0 0 0 0 0 0 0 0 0 0 0 0 0 0 0 0 0 0 0 0 0 0 0 0 0 0 0 0 0 0 0 0 0 0
34463.7 12998 11284 2805.25 2805.25 1763.19 1311.23 705.055 378.336 175.386 92.3485 81.5076 30.3975 21.1696 5.9054 4.49511 3.05233 0.99514 0.680685 0.20622 0.130614 0.0673801 0.0232902 0.0105581 0.00321275 0.0014459 0.000647549 7.41034e-05 5.12546e-05 1.6995e-05 3.09006e-06 7.10017e-07 7.10017e-07 2.63962e-07 6.34637e-08 5.23672e-08 1.25217e-08 0 0 0 0 0 0 0 0 0 0 0 0 0 0 0 0 0 0 0 0 0 0 0 0 0 0 0 0 0 0 0 0 0 0 0 0 0 0 0 0 0 0 0 0 0 0 0 0 0 0 0 0 0 0 0 0 0 0 0
26621.7 20676.3 11422.5 5418.43 3658.44 3179.22 1040.02 706.418 414.18 217.501 83.3941 83.3941 58.1244 14.5193 14.5193 7.77068 3.8542 2.3047 1.03203 0.538437 0.29448 0.0445387 0.0203536 0.0134306 0.00567676 0.00265531 0.00139748 0.000220839 8.41775e-05 2.58216e-05 9.42296e-06 4.86571e-06 2.62754e-06 5.66621e-07 2.12255e-07 8.60019e-08 2.55771e-08 1.01834e-08 0 0 0 0 0 0 0 0 0 0 0 0 0 0 0 0 0 0 0 0 0 0 0 0 0 0 0 0 0 0 0 0 0 0 0 0 0 0 0 0 0 0 0 0 0 0 0 0 0 0 0 0 0 0 0 0 0 0
20823.8 11358.2 7967.82 2134.78 1047.3 1047.3 980.122 837.348 332.933 230.713 173.528 67.3059 26.8734 22.2943 12.3939 4.29549 2.7523 1.55036 0.761878 0.222285 0.190901 0.0754565 0.0426833 0.0089734 0.00199505 0.000879391 0.000879391 0.000192217 8.28146e-05 3.25759e-05 1.22867e-05 3.47699e-06 2.25708e-06 1.15893e-06 1.56046e-07 8.74545e-08 1.59429e-08 1.02484e-08 0 0 0 0 0 0 0 0 0 0 0 0 0 0 0 0 0 0 0 0 0 0 0 0 0 0 0 0 0 0 0 0 0 0 0 0 0 0 0 0 0 0 0 0 0 0 0 0 0 0 0 0 0 0 0 0 0 0
19857.1 17695.9 5304.95 4524.22 3619.44 2031.11 1122.49 689.349 263.294 242.222 133.104 44.5538 28.346 8.56678 4.74632 4.3069 2.27026 0.565914 0.457194 0.119997 0.1143 0.0445601 0.0175886 0.00873964 0.00420713 0.00179092 0.000490348 0.000112019 5.38725e-05 9.96985e-06 6.0914e-06 2.93295e-06 8.36207e-07 1.44115e-07 1.19728e-07 5.96633e-08 2.00295e-08 0 0 0 0 0 0 0 0 0 0 0 0 0 0 0 0 0 0 0 0 0 0 0 0 0 0 0 0 0 0 0 0 0 0 0 0 0 0 0 0 0 0 0 0 0 0 0 0 0 0 0 0 0 0 0 0 0 0 0
33357.6 11343.9 10807.5 2202.8 1112.82 889.471 803.696 416.763 201.885 201.627 73.7661 69.2193 19.9201 15.7404 4.99481 3.42469 1.80609 0.805216 0.653477 0.235662 0.0628932 0.0544822 0.0105571 0.00428628 0.0017142 0.000365419 0.000231156 5.1505e-05 2.80359e-05 1.19558e-05 3.74851e-06 1.97401e-06 7.32268e-07 2.55218e-07 8.97447e-08 2.26933e-08 0 0 0 0 0 0 0 0 0 0 0 0 0 0 0 0 0 0 0 0 0 0 0 0 0 0 0 0 0 0 0 0 0 0 0 0 0 0 0 0 0 0 0 0 0 0 0 0 0 0 0 0 0 0 0 0 0 0 0 0
19280.1 11614 8091.96 3720.45 1895.02 1246.33 895.28 361.41 234.991 98.4243 63.5544 48.7084 7.17421 7.17421 6.19349 3.5764 2.56462 0.731866 0.257771 0.153837 0.0489311 0.0343806 0.0126154 0.00629326 0.00216525 0.001123 0.000158596 7.06709e-05 2.4875e-05 1.39286e-05 4.73643e-06 1.78992e-06 4.08131e-07 3.06827e-07 1.23276e-07 3.28471e-08 1.50814e-08 0 0 0 0 0 0 0 0 0 0 0 0 0 0 0 0 0 0 0 0 0 0 0 0 0 0 0 0 0 0 0 0 0 0 0 0 0 0 0 0 0 0 0 0 0 0 0 0 0 0 0 0 0 0 0 0 0 0 0
22782.1 5450.46 5450.46 3224.46 3011.01 1466.43 874.985 531.445 314.653 133.57 47.917 45.0438 36.2755 12.7269 8.95473 2.26719 2.10475 0.764274 0.390756 0.142326 0.102755 0.0489464 0.013383 0.00507425 0.00339117 0.000647118 0.000303968 0.00012551 3.69439e-05 1.50742e-05 7.47357e-06 2.53065e-06 7.44973e-07 2.61122e-07 1.09146e-07 4.76876e-08 1.61943e-08 0 0 0 0 0 0 0 0 0 0 0 0 0 0 0 0 0 0 0 0 0 0 0 0 0 0 0 0 0 0 0 0 0 0 0 0 0 0 0 0 0 0 0 0 0 0 0 0 0 0 0 0 0 0 0 0 0 0 0
12847.5 12847.5 7111.89 2984.5 2204.7 1016.3 584.329 584.329 404.006 166.67 94.91 60.6929 21.5275 16.9565 7.4316 5.96206 2.3659 1.67761 0.713477 0.446604 0.178732 0.0802807 0.0338964 0.00985809 0.00417163 0.00112094 0.00066274 0.000118982 3.09098e-05 1.35565e-05 8.71509e-06 2.4738e-06 9.70575e-07 4.44174e-07 1.44137e-07 3.36742e-08 1.80781e-08 0 0 0 0 0 0 0 0 0 0 0 0 0 0 0 0 0 0 0 0 0 0 0 0 0 0 0 0 0 0 0 0 0 0 0 0 0 0 0 0 0 0 0 0 0 0 0 0 0 0 0 0 0 0 0 0 0 0 0
30760.3 13740.7 6637.88 4451.1 1833.43 1303.98 544.844 380.785 160.583 124.308 64.6006 53.2173 10.5956 10.5956 8.75966 2.45235 1.51516 1.16427 0.584385 0.193882 0.0916009 0.0259249 0.01278 0.00354078 0.00240407 0.00136886 0.000521437 7.36587e-05 5.52781e-05 2.15319e-05 7.03457e-06 1.65637e-06 9.70495e-07 2.76863e-07 1.54309e-07 2.64414e-08 1.54673e-08 0 0 0 0 0 0 0 0 0 0 0 0 0 0 0 0 0 0 0 0 0 0 0 0 0 0 0 0 0 0 0 0 0 0 0 0 0 0 0 0 0 0 0 0 0 0 0 0 0 0 0 0 0 0 0 0 0 0 0
21398.5 15877.3 8975.27 3733.76 1474.27 1474.27 862.658 459.342 337.521 123.526 65.2996 51.0567 22.5986 10.3231 4.07131 3.2243 1.79233 0.950738 0.482042 0.232798 0.0657985 0.0524845 0.0150567 0.00706326 0.00243346 0.00129534 0.000394748 7.75697e-05 2.6994e-05 1.03942e-05 3.68454e-06 1.14319e-06 4.73736e-07 2.08883e-07 1.0684e-07 3.9737e-08 0 0 0 0 0 0 0 0 0 0 0 0 0 0 0 0 0 0 0 0 0 0 0 0 0 0 0 0 0 0 0 0 0 0 0 0 0 0 0 0 0 0 0 0 0 0 0 0 0 0 0 0 0 0 0 0 0 0 0 0
13025.7 12288.9 10594.4 5815.86 3031.15 1818.45 1309.58 575.254 521.873 291.589 159.08 51.5185 41.1231 13.7473 13.5238 6.69915 2.83057 2.21194 0.663293 0.279316 0.191763 0.0579885 0.0087709 0.0087709 0.00278977 0.00193503 0.000548434 8.68434e-05 2.80772e-05 1.97243e-05 8.6352e-06 1.8407e-06 5.46951e-07 3.97671e-07 1.27087e-07 3.29982e-08 2.03307e-08 0 0 0 0 0 0 0 0 0 0 0 0 0 0 0 0 0 0 0 0 0 0 0 0 0 0 0 0 0 0 0 0 0 0 0 0 0 0 0 0 0 0 0 0 0 0 0 0 0 0 0 0 0 0 0 0 0 0 0
22705.2 9001.88 8360.08 7000.85 6437.28 2102.63 1328.71 702.563 325.528 184.423 98.0911 36.8992 24.6749 14.5462 9.2605 5.92628 1.84712 1.09439 0.3446 0.176546 0.0764953 0.0442858 0.0243882 0.00974247 0.00225349 0.00187274 0.000304546 6.68516e-05 3.77298e-05 1.30897e-05 3.98706e-06 9.02566e-07 6.82248e-07 1.67913e-07 1.09338e-07 2.60302e-08 0 0 0 0 0 0 0 0 0 0 0 0 0 0 0 0 0 0 0 0 0 0 0 0 0 0 0 0 0 0 0 0 0 0 0 0 0 0 0 0 0 0 0 0 0 0 0 0 0 0 0 0 0 0 0 0 0 0 0 0
23635.5 8476.81 8476.81 2550.13 1576.84 834.831 834.831 457.208 358.392 113.039 105.655 52.4758 28.9187 12.2053 6.52004 2.05216 1.0838 0.987968 0.360999 0.209013 0.10224 0.0502693 0.0203757 0.00755375 0.00331088 0.00149785 0.000804293 0.000143285 2.7767e-05 2.27798e-05 2.53127e-06 2.4089e-06 1.04117e-06 6.43268e-07 2.99732e-07 6.76414e-08 3.96088e-08 0 0 0 0 0 0 0 0 0 0 0 0 0 0 0 0 0 0 0 0 0 0 0 0 0 0 0 0 0 0 0 0 0 0 0 0 0 0 0 0 0 0 0 0 0 0 0 0 0 0 0 0 0 0 0 0 0 0 0
10061.4 10061.4 8553.39 4151.94 2372.4 786.515 235.622 235.622 235.622 164.432 98.2283 56.97 33.5386 12.0811 8.94808 4.62177 1.76717 1.25364 0.530339 0.192796 0.133297 0.0514688 0.0173588 0.0048805 0.00265415 0.00106701 0.000384889 0.000145199 2.40212e-05 2.40212e-05 1.13386e-05 3.3283e-06 1.26424e-06 2.02914e-07 9.02165e-08 4.25252e-08 1.40978e-08 0 0 0 0 0 0 0 0 0 0 0 0 0 0 0 0 0 0 0 0 0 0 0 0 0 0 0 0 0 0 0 0 0 0 0 0 0 0 0 0 0 0 0 0 0 0 0 0 0 0 0 0 0 0 0 0 0 0 0
22262.4 14686.8 12761.6 3046.26 2619.01 978.019 978.019 436.754 379.212 188.378 103.964 47.2904 35.0313 14.6427 8.71801 3.7064 1.57277 0.843254 0.604828 0.0814414 0.0760212 0.0483757 0.0242664 0.00893215 0.00366994 0.00149304 0.000498785 7.07751e-05 2.95716e-05 1.48531e-05 5.01177e-06 1.67638e-06 8.26581e-07 1.85594e-07 1.15475e-07 3.41087e-08 0 0 0 0 0 0 0 0 0 0 0 0 0 0 0 0 0 0 0 0 0 0 0 0 0 0 0 0 0 0 0 0 0 0 0 0 0 0 0 0 0 0 0 0 0 0 0 0 0 0 0 0 0 0 0 0 0 0 0 0
19547.5 17471.8 6892.71 5752.18 3915.27 1086.58 1086.58 957.788 278.336 278.336 125.296 63.9438 49.6438 22.0715 12.0311 8.71875 1.83046 1.83046 0.633103 0.424876 0.0880846 0.0845175 0.0463452 0.0163184 0.00556585 0.00297322 0.0017121 0.000161928 4.81815e-05 3.25868e-05 1.34928e-05 5.52444e-06 2.25854e-06 8.25402e-07 1.59863e-07 6.96921e-08 1.87527e-08 1.29079e-08 0 0 0 0 0 0 0 0 0 0 0 0 0 0 0 0 0 0 0 0 0 0 0 0 0 0 0 0 0 0 0 0 0 0 0 0 0 0 0 0 0 0 0 0 0 0 0 0 0 0 0 0 0 0 0 0 0 0
16699 13523.9 11268.8 3259.47 3194.82 518.36 518.36 518.36 313.858 79.887 66.7026 47.0706 13.1271 13.1271 8.18346 3.75077 1.46723 0.889499 0.437854 0.0655236 0.0628291 0.0376439 0.0119644 0.00505418 0.00272827 0.00171162 0.000263174 7.91146e-05 2.9783e-05 8.44743e-06 3.23676e-06 1.4557e-06 5.18631e-07 1.52485e-07 4.13689e-08 1.69628e-08 0 0 0 0 0 0 0 0 0 0 0 0 0 0 0 0 0 0 0 0 0 0 0 0 0 0 0 0 0 0 0 0 0 0 0 0 0 0 0 0 0 0 0 0 0 0 0 0 0 0 0 0 0 0 0 0 0 0 0 0
32559.2 13140.2 8698.33 6069.89 3110.35 2460.11 1776.3 532.002 136.959 136.959 91.9731 29.3914 29.3914 14.215 7.49471 3.1218 1.79163 1.09397 0.462842 0.203771 0.102519 0.0609098 0.0186019 0.00621706 0.00281485 0.00117552 0.000293028 6.38226e-05 1.41189e-05 3.40446e-06 2.77293e-06 1.41059e-06 3.20712e-07 1.9988e-07 7.7373e-08 2.46594e-08 0 0 0 0 0 0 0 0 0 0 0 0 0 0 0 0 0 0 0 0 0 0 0 0 0 0 0 0 0 0 0 0 0 0 0 0 0 0 0 0 0 0 0 0 0 0 0 0 0 0 0 0 0 0 0 0 0 0 0 0
31829.7 24453.9 4262.56 1992.27 1992.27 1992.27 1430.31 593.808 190.613 190.613 144.161 88.1075 47.1153 13.0897 13.0897 6.82356 1.58497 1.58497 0.695636 0.270529 0.125579 0.08975 0.0419759 0.0137553 0.00711277 0.002161 0.000863261 0.00015766 7.14898e-05 2.48333e-05 9.53777e-06 3.64796e-06 9.95178e-07 5.30204e-07 1.09941e-07 7.1252e-08 2.35689e-08 0 0 0 0 0 0 0 0 0 0 0 0 0 0 0 0 0 0 0 0 0 0 0 0 0 0 0 0 0 0 0 0 0 0 0 0 0 0 0 0 0 0 0 0 0 0 0 0 0 0 0 0 0 0 0 0 0 0 0
10418.3 10418.3 9041.29 4463.37 2482.15 2040.68 1340.17 490.738 352.653 174.308 63.9926 54.0418 25.7803 17.8956 6.30096 3.70839 1.62177 0.862165 0.397338 0.156431 0.0979377 0.0264332 0.0211832 0.00885822 0.00327472 0.000701683 0.000610604 7.81013e-05 2.62936e-05 1.30685e-05 7.60335e-06 2.79328e-06 9.16244e-07 3.42461e-07 1.65281e-07 6.17884e-08 2.27936e-08 0 0 0 0 0 0 0 0 0 0 0 0 0 0 0 0 0 0 0 0 0 0 0 0 0 0 0 0 0 0 0 0 0 0 0 0 0 0 0 0 0 0 0 0 0 0 0 0 0 0 0 0 0 0 0 0 0 0 0
27568.3 11287.3 7191.75 4299.99 1741.89 1548.35 1548.35 797.527 473.998 192.287 153.785 104.845 60.6084 15.1612 11.6038 6.36119 3.34293 2.04472 1.25971 0.268536 0.205524 0.0556358 0.0377388 0.0123949 0.00743773 0.00266952 0.00140178 9.48004e-05 9.48004e-05 4.01577e-05 1.27707e-05 4.87915e-06 1.92927e-06 4.45587e-07 1.78305e-07 1.41209e-07 4.01594e-08 1.31124e-08 0 0 0 0 0 0 0 0 0 0 0 0 0 0 0 0 0 0 0 0 0 0 0 0 0 0 0 0 0 0 0 0 0 0 0 0 0 0 0 0 0 0 0 0 0 0 0 0 0 0 0 0 0 0 0 0 0 0
23011 11480.7 8666.27 6647.08 2992.99 1887.28 1685.85 707.15 422.283 197.121 78.3778 51.267 28.1063 10.0442 10.0442 5.40173 2.05662 1.44654 0.742207 0.311557 0.149926 0.0503051 0.0261916 0.00730028 0.00417771 0.00330391 0.000968136 0.000203796 8.54087e-05 2.9622e-05 1.57451e-05 4.86978e-06 1.59028e-06 6.92825e-07 2.01458e-07 1.17861e-07 2.38762e-08 1.03654e-08 0 0 0 0 0 0 0 0 0 0 0 0 0 0 0 0 0 0 0 0 0 0 0 0 0 0 0 0 0 0 0 0 0 0 0 0 0 0 0 0 0 0 0 0 0 0 0 0 0 0 0 0 0 0 0 0 0 0
19467.1 19467.1 5726.66 5726.66 4671.61 1537.84 765.452 332.247 332.247 138.336 138.336 76.1752 24.2693 20.1028 16.6801 4.19798 4.19798 2.56329 0.735315 0.453993 0.0460509 0.0365197 0.0167653 0.010011 0.00305088 0.001425 0.000467987 7.61005e-05 5.54295e-05 1.71246e-05 5.3875e-06 2.0826e-06 1.78301e-06 3.75675e-07 1.88708e-07 7.64339e-08 4.62478e-08 1.12848e-08 0 0 0 0 0 0 0 0 0 0 0 0 0 0 0 0 0 0 0 0 0 0 0 0 0 0 0 0 0 0 0 0 0 0 0 0 0 0 0 0 0 0 0 0 0 0 0 0 0 0 0 0 0 0 0 0 0 0
29301.6 9793.03 9793.03 4931.87 2260.17 1959.86 1250.16 681.852 486.231 257.665 90.328 43.6953 24.3125 10.1631 9.65434 4.37627 1.78737 1.41035 0.216659 0.216659 0.13065 0.0734865 0.0233948 0.00968116 0.00393963 0.00209434 0.000723327 0.000140334 7.29897e-05 1.25563e-05 7.51324e-06 3.74322e-06 1.01588e-06 5.51931e-07 1.60813e-07 7.34794e-08 2.92117e-08 0 0 0 0 0 0 0 0 0 0 0 0 0 0 0 0 0 0 0 0 0 0 0 0 0 0 0 0 0 0 0 0 0 0 0 0 0 0 0 0 0 0 0 0 0 0 0 0 0 0 0 0 0 0 0 0 0 0 0
30195.8 10134.3 10134.3 3566.77 2255.29 1173.93 746.021 434.558 190.627 86.3906 71.1015 53.037 17.3613 12.3688 4.66898 1.20017 0.960007 0.480517 0.339078 0.107525 0.0769604 0.0172291 0.0139551 0.00658299 0.00160638 0.000110518 0.000110518 7.1833e-05 3.08327e-05 1.36817e-05 2.52679e-06 1.50565e-06 7.8559e-07 1.99126e-07 3.3475e-08 0 0 0 0 0 0 0 0 0 0 0 0 0 0 0 0 0 0 0 0 0 0 0 0 0 0 0 0 0 0 0 0 0 0 0 0 0 0 0 0 0 0 0 0 0 0 0 0 0 0 0 0 0 0 0 0 0 0 0 0 0
15810.9 14492.5 10167.6 6807.98 3376.64 1793.78 1311.86 700.277 282.087 88.8297 46.9134 38.6015 22.4663 22.1656 7.88724 6.85964 3.26613 1.29119 0.478359 0.201984 0.119508 0.0824084 0.0259729 0.00734119 0.00364117 0.00193553 0.000696931 0.000184733 6.82545e-05 2.50023e-05 6.05521e-06 2.42286e-06 1.12088e-06 5.96439e-07 1.81309e-07 7.58419e-08 2.93848e-08 0 0 0 0 0 0 0 0 0 0 0 0 0 0 0 0 0 0 0 0 0 0 0 0 0 0 0 0 0 0 0 0 0 0 0 0 0 0 0 0 0 0 0 0 0 0 0 0 0 0 0 0 0 0 0 0 0 0 0
18339 15432.7 10247.3 6063.24 2861.72 1739.26 970.579 192.182 192.182 192.182 126.479 65.4831 33.6431 9.53156 6.63771 3.0989 2.04825 1.78359 0.670302 0.148703 0.145952 0.040418 0.0194929 0.0108597 0.00217126 0.00137767 0.000545885 7.34377e-05 2.23785e-05 2.23785e-05 9.50812e-06 2.4228e-06 6.21517e-07 4.27637e-07 1.37476e-07 6.96809e-08 1.54146e-08 0 0 0 0 0 0 0 0 0 0 0 0 0 0 0 0 0 0 0 0 0 0 0 0 0 0 0 0 0 0 0 0 0 0 0 0 0 0 0 0 0 0 0 0 0 0 0 0 0 0 0 0 0 0 0 0 0 0 0
31653.3 12496.4 12496.4 5190.87 1344.76 1344.76 794.204 794.204 307.871 279.022 96.8519 42.4397 31.3384 13.6299 8.52127 4.32865 1.7835 0.976434 0.623909 0.231445 0.115635 0.0515179 0.0238871 0.00987735 0.00548209 0.00152136 0.000741833 0.000113122 5.18559e-05 1.86644e-05 1.01202e-05 3.47625e-06 1.58641e-06 3.49644e-07 2.1997e-07 4.87774e-08 1.48792e-08 0 0 0 0 0 0 0 0 0 0 0 0 0 0 0 0 0 0 0 0 0 0 0 0 0 0 0 0 0 0 0 0 0 0 0 0 0 0 0 0 0 0 0 0 0 0 0 0 0 0 0 0 0 0 0 0 0 0 0
21240.2 11932.5 5369.38 5367.73 1726.71 1726.71 776.869 584.861 290.263 158.138 50.898 26.6489 23.6385 13.8919 8.41931 2.33141 2.14717 0.91912 0.475432 0.203152 0.0590245 0.0443008 0.0259765 0.00572108 0.00342822 0.000703117 0.00049895 0.000110866 4.47633e-05 2.6046e-05 9.73472e-06 5.03562e-06 1.28444e-06 4.59205e-07 1.55986e-07 8.31097e-08 3.25115e-08 0 0 0 0 0 0 0 0 0 0 0 0 0 0 0 0 0 0 0 0 0 0 0 0 0 0 0 0 0 0 0 0 0 0 0 0 0 0 0 0 0 0 0 0 0 0 0 0 0 0 0 0 0 0 0 0 0 0 0
23838.9 10229.2 8489.06 6200.88 2152.03 1523.21 627.202 403.904 403.904 110.4 88.1731 22.7695 19.6784 11.4022 6.63832 2.72686 2.12209 1.32776 0.518604 0.161324 0.1161 0.0762937 0.0210191 0.0129628 0.00418511 0.0017558 0.00060682 0.000144927 1.52231e-05 1.52231e-05 6.21164e-06 3.00922e-06 1.00468e-06 4.99469e-07 8.0069e-08 4.36841e-08 2.23009e-08 0 0 0 0 0 0 0 0 0 0 0 0 0 0 0 0 0 0 0 0 0 0 0 0 0 0 0 0 0 0 0 0 0 0 0 0 0 0 0 0 0 0 0 0 0 0 0 0 0 0 0 0 0 0 0 0 0 0 0
33517.1 15450.2 15324.2 5399.85 4652.32 1894.87 854.196 812.629 443.013 196.137 44.1861 44.1861 34.0199 21.3862 8.85581 3.72375 1.63812 0.99032 0.607916 0.328164 0.108906 0.0336225 0.00578753 0.00578753 0.00467009 0.00141993 0.000561031 0.000118149 4.68799e-05 1.57438e-05 5.00641e-06 3.04292e-06 9.80567e-07 3.16082e-07 1.26101e-07 4.66457e-08 2.36884e-08 0 0 0 0 0 0 0 0 0 0 0 0 0 0 0 0 0 0 0 0 0 0 0 0 0 0 0 0 0 0 0 0 0 0 0 0 0 0 0 0 0 0 0 0 0 0 0 0 0 0 0 0 0 0 0 0 0 0 0
41479 15808 15808 3761.94 2676.71 1726.28 1023.47 696.001 397.31 260.449 130.465 84.9552 27.3158 14.9779 11.4143 4.08866 1.73294 1.73294 1.05993 0.606213 0.151616 0.0453711 0.0309997 0.0134149 0.00541879 0.00386855 0.00126158 0.000215714 0.000101195 1.7926e-05 9.78271e-06 2.97029e-06 2.34496e-06 5.98468e-07 2.82133e-07 8.96136e-08 1.03701e-08 0 0 0 0 0 0 0 0 0 0 0 0 0 0 0 0 0 0 0 0 0 0 0 0 0 0 0 0 0 0 0 0 0 0 0 0 0 0 0 0 0 0 0 0 0 0 0 0 0 0 0 0 0 0 0 0 0 0 0
14549.4 7611.94 7611.94 3914.7 2944.21 1814.43 819.586 207.002 207.002 179.159 51.4131 42.5016 27.5296 7.39933 6.15222 3.2827 1.4704 0.667321 0.356844 0.189621 0.0856101 0.0271444 0.013166 0.00979101 0.00353175 0.00155454 0.000550177 8.83088e-05 2.9935e-05 1.28144e-05 5.93511e-06 1.95607e-06 6.64174e-07 2.35264e-07 8.86583e-08 2.33296e-08 1.35614e-08 0 0 0 0 0 0 0 0 0 0 0 0 0 0 0 0 0 0 0 0 0 0 0 0 0 0 0 0 0 0 0 0 0 0 0 0 0 0 0 0 0 0 0 0 0 0 0 0 0 0 0 0 0 0 0 0 0 0 0
19555.3 19555.3 8541.96 6401.12 2792.57 1582.96 796.427 796.427 395.679 150.99 125.948 29.9927 29.9927 24.6154 13.3244 2.46898 2.46898 1.91509 0.650744 0.261573 0.193858 0.0657661 0.0148995 0.00786646 0.00393698 0.00218783 0.000778704 6.80947e-05 4.92103e-05 2.27786e-05 9.93753e-06 3.75191e-06 1.45376e-06 4.92236e-07 9.07601e-08 6.30948e-08 0 0 0 0 0 0 0 0 0 0 0 0 0 0 0 0 0 0 0 0 0 0 0 0 0 0 0 0 0 0 0 0 0 0 0 0 0 0 0 0 0 0 0 0 0 0 0 0 0 0 0 0 0 0 0 0 0 0 0 0
10169.1 7853.58 7853.58 5037.25 2981.3 1693.91 990.641 152.053 152.053 152.053 91.3346 91.3346 25.0518 17.0545 9.0751 5.65598 3.06081 1.57325 0.91399 0.317652 0.210313 0.063265 0.01883 0.0103326 0.00680267 0.00161791 0.0014142 0.000141893 7.37187e-05 3.76819e-05 9.00474e-06 4.49511e-06 1.18016e-06 4.73596e-07 2.46831e-07 6.89424e-08 2.09552e-08 0 0 0 0 0 0 0 0 0 0 0 0 0 0 0 0 0 0 0 0 0 0 0 0 0 0 0 0 0 0 0 0 0 0 0 0 0 0 0 0 0 0 0 0 0 0 0 0 0 0 0 0 0 0 0 0 0 0 0
20020 16570.2 13071.5 4624.77 2207.27 2207.27 559.792 559.792 461.181 207.727 83.6459 53.1422 37.9321 11.5823 7.99818 2.70984 0.814365 0.814365 0.438521 0.221837 0.0683804 0.0504405 0.0186197 0.00958135 0.0039173 0.000699493 0.00060963 5.06167e-05 3.70164e-05 1.16677e-05 4.83595e-06 2.24564e-06 2.1417e-07 1.85415e-07 8.71656e-08 2.95641e-08 0 0 0 0 0 0 0 0 0 0 0 0 0 0 0 0 0 0 0 0 0 0 0 0 0 0 0 0 0 0 0 0 0 0 0 0 0 0 0 0 0 0 0 0 0 0 0 0 0 0 0 0 0 0 0 0 0 0 0 0
23179.7 20868.5 13701.7 5259.26 2486.65 1835.58 899.847 499.737 318.322 133.94 111.502 61.107 35.1298 10.8193 8.62922 2.80249 2.80249 1.17043 0.750731 0.330734 0.173811 0.0429 0.0144555 0.0104417 0.000726601 0.000726601 0.000385008 9.89168e-05 4.32089e-05 1.8092e-05 8.05871e-06 4.44942e-06 1.05652e-06 4.11762e-07 1.35891e-07 4.26328e-08 1.72451e-08 0 0 0 0 0 0 0 0 0 0 0 0 0 0 0 0 0 0 0 0 0 0 0 0 0 0 0 0 0 0 0 0 0 0 0 0 0 0 0 0 0 0 0 0 0 0 0 0 0 0 0 0 0 0 0 0 0 0 0
20525 17412.6 10289.8 5932.32 2145.94 1672.94 752.123 506.503 310.138 111.245 58.0864 33.2724 26.0866 10.6203 7.02661 2.42549 2.22877 1.29189 0.798896 0.2186 0.135161 0.0616021 0.0231926 0.00408479 0.00408479 0.00199869 0.000712917 0.000156724 5.7186e-05 1.92739e-05 7.81437e-06 2.69802e-06 7.6641e-07 3.02735e-07 8.78297e-08 4.30228e-08 1.64039e-08 0 0 0 0 0 0 0 0 0 0 0 0 0 0 0 0 0 0 0 0 0 0 0 0 0 0 0 0 0 0 0 0 0 0 0 0 0 0 0 0 0 0 0 0 0 0 0 0 0 0 0 0 0 0 0 0 0 0 0
22687.8 16248.7 9291.41 3654.36 3267.93 828.037 423.859 423.859 354.377 258.137 58.9497 56.6465 31.3847 21.4576 10.1873 4.62438 2.16048 1.85892 0.670351 0.442331 0.24052 0.0669656 0.0309024 0.0173723 0.00587013 0.00279267 0.00133372 0.000193387 5.65861e-05 1.61754e-05 1.2582e-05 3.63189e-06 1.29108e-06 3.2086e-07 3.20521e-07 9.14084e-08 2.82376e-08 0 0 0 0 0 0 0 0 0 0 0 0 0 0 0 0 0 0 0 0 0 0 0 0 0 0 0 0 0 0 0 0 0 0 0 0 0 0 0 0 0 0 0 0 0 0 0 0 0 0 0 0 0 0 0 0 0 0 0
17887.3 17887.3 12938.1 3796.67 2550.38 1401.41 1401.41 442.065 281.778 238.342 131.756 53.0555 35.2983 17.7918 7.47993 7.30543 2.80276 1.73984 0.686445 0.369002 0.176693 0.0424194 0.0189107 0.0103687 0.00464573 0.0017931 0.00116985 0.000169135 7.65758e-05 2.22429e-05 9.97133e-06 3.60168e-06 1.63292e-06 5.96901e-07 1.39258e-07 4.83979e-08 2.97321e-08 0 0 0 0 0 0 0 0 0 0 0 0 0 0 0 0 0 0 0 0 0 0 0 0 0 0 0 0 0 0 0 0 0 0 0 0 0 0 0 0 0 0 0 0 0 0 0 0 0 0 0 0 0 0 0 0 0 0 0
14679.6 12108.8 10494.1 5933.77 2588.69 2261.99 1624.87 1098.11 458.05 430.638 137.71 93.2053 44.0465 26.011 12.8085 5.93522 1.75448 1.75448 0.933774 0.258274 0.15961 0.0723402 0.0220928 0.00985805 0.00354241 0.00238742 0.000904226 0.000200113 4.79853e-05 1.66446e-05 8.52131e-06 4.50759e-06 1.08119e-06 3.07823e-07 8.94377e-08 5.8821e-08 2.11066e-08 0 0 0 0 0 0 0 0 0 0 0 0 0 0 0 0 0 0 0 0 0 0 0 0 0 0 0 0 0 0 0 0 0 0 0 0 0 0 0 0 0 0 0 0 0 0 0 0 0 0 0 0 0 0 0 0 0 0 0
17223.4 17223.4 7734.05 5751.81 5446.15 2474.75 1192.99 963.787 411.944 223.016 131.531 64.8902 23.0187 15.6016 10.7731 4.2719 2.07908 1.6289 0.585666 0.363849 0.115171 0.0446867 0.0235105 0.00742014 0.0038999 0.00177739 0.000619343 0.000103651 3.63472e-05 2.00387e-05 2.97373e-06 2.97373e-06 9.8947e-07 4.31241e-07 1.17197e-07 7.44172e-08 1.74864e-08 0 0 0 0 0 0 0 0 0 0 0 0 0 0 0 0 0 0 0 0 0 0 0 0 0 0 0 0 0 0 0 0 0 0 0 0 0 0 0 0 0 0 0 0 0 0 0 0 0 0 0 0 0 0 0 0 0 0 0
24540.4 17152.7 14598.3 2835.99 1362.28 1336.65 872.241 637.508 266.619 162.665 134.665 58.1335 23.8139 19.4703 10.9443 3.28591 3.28591 2.02611 0.974123 0.259988 0.259988 0.133911 0.0275784 0.00755488 0.00755488 0.00366085 0.00114843 0.000167831 8.79138e-05 2.73539e-05 1.43158e-05 5.88918e-06 1.47536e-06 5.84357e-07 2.75042e-07 7.09734e-08 3.83721e-08 1.34443e-08 0 0 0 0 0 0 0 0 0 0 0 0 0 0 0 0 0 0 0 0 0 0 0 0 0 0 0 0 0 0 0 0 0 0 0 0 0 0 0 0 0 0 0 0 0 0 0 0 0 0 0 0 0 0 0 0 0 0
21897.8 18858.3 10823.6 6516.22 3507.52 814.784 625.151 521.114 81.8828 81.8828 81.8828 41.5639 30.9916 6.01538 6.01538 5.55237 2.16421 0.97692 0.232668 0.232668 0.0742879 0.0494067 0.0287824 0.0102336 0.0058453 0.00143631 0.000492446 8.17231e-05 4.14169e-05 1.24364e-05 5.54614e-06 2.9529e-06 8.08806e-07 3.67012e-07 1.27317e-07 5.25933e-08 1.84677e-08 0 0 0 0 0 0 0 0 0 0 0 0 0 0 0 0 0 0 0 0 0 0 0 0 0 0 0 0 0 0 0 0 0 0 0 0 0 0 0 0 0 0 0 0 0 0 0 0 0 0 0 0 0 0 0 0 0 0 0
22076.5 13851.5 10709.6 4377.11 3242.34 2353.32 1223.08 864.824 332.463 188.178 126.233 63.3427 52.4556 21.2601 11.1067 3.29463 1.70504 0.929462 0.592824 0.113056 0.109934 0.0487405 0.0203697 0.0075598 0.00218946 0.0015965 0.000861948 0.000137918 5.05362e-05 3.01629e-05 1.11726e-05 3.00586e-06 1.73921e-06 3.69787e-07 1.8432e-07 3.22185e-08 1.46225e-08 0 0 0 0 0 0 0 0 0 0 0 0 0 0 0 0 0 0 0 0 0 0 0 0 0 0 0 0 0 0 0 0 0 0 0 0 0 0 0 0 0 0 0 0 0 0 0 0 0 0 0 0 0 0 0 0 0 0 0
29786.9 15210 8461.65 4454.43 3640.85 2362.98 657.542 643.108 598.634 243.952 44.7926 44.7926 36.3251 18.0779 6.42675 6.42675 2.5132 1.62112 0.60327 0.218536 0.131402 0.0283512 0.0238756 0.00429087 0.00371977 0.00128069 0.000381849 7.1901e-05 2.89065e-05 1.04442e-05 4.49734e-06 2.47144e-06 1.0384e-06 3.48783e-07 1.17926e-07 4.0361e-08 1.07239e-08 0 0 0 0 0 0 0 0 0 0 0 0 0 0 0 0 0 0 0 0 0 0 0 0 0 0 0 0 0 0 0 0 0 0 0 0 0 0 0 0 0 0 0 0 0 0 0 0 0 0 0 0 0 0 0 0 0 0 0
