36690.4 32054.9 20111.2 10623.9 9397.58 6323.49 4714.68 3262.94 2185.52 1344.19 1200.97 922.749 619.397 428.885 302.428 210.252 155.647 132.746 85.7788 61.9235 32.0068 14.1167 9.78874 5.24206 2.45795 1.77923 1.22626 0.652879 0.454212 0.154142 0.0895854 0.0329937 0.014826 0.00545459 0.00217779 0.000798456 0.000367828 9.29558e-05 5.35625e-05 9.88875e-06 2.3811e-06 6.41809e-07 1.27487e-07 2.82473e-08 0 0 0 0 0 0 0 0 0 0 0 0 0 0 0 0 0 0 0 0 0 0 0 0 0 0 0 0 0 0 0 0 0 0 0 0 0 0 0 0 0 0 0 0 0 0 0 0 0 0 0 0 0 0 0
38496.7 25876.9 21455.6 10094.4 6260.28 5958.96 3174.93 3174.93 2621.01 1844.82 1181.45 955.812 640.331 592.952 291.606 200.592 183.675 104.545 89.4506 52.7785 27.7901 13.2754 9.5479 4.56787 2.47493 1.31369 1.05946 0.718884 0.391119 0.185352 0.0797002 0.0316956 0.0105106 0.00488264 0.00115831 0.000733929 0.000310139 0.000108065 4.15519e-05 7.06717e-06 1.40831e-06 3.61659e-07 8.71805e-08 1.683e-08 0 0 0 0 0 0 0 0 0 0 0 0 0 0 0 0 0 0 0 0 0 0 0 0 0 0 0 0 0 0 0 0 0 0 0 0 0 0 0 0 0 0 0 0 0 0 0 0 0 0 0 0 0 0 0
43131.5 27933.2 15994.9 10922.7 8201.26 5995.04 3718.9 3350.65 2414.6 1073.15 1073.15 622.322 533.818 380.254 306.77 178.876 155.603 105.906 64.5267 33.4877 25.5042 13.3163 6.8993 4.60869 2.00246 1.41066 1.09496 0.671911 0.336131 0.134129 0.0577256 0.0245702 0.00981613 0.00407533 0.00151312 0.000522039 0.000214656 7.38318e-05 2.45319e-05 4.68807e-06 1.29663e-06 2.88605e-07 6.05731e-08 1.53003e-08 0 0 0 0 0 0 0 0 0 0 0 0 0 0 0 0 0 0 0 0 0 0 0 0 0 0 0 0 0 0 0 0 0 0 0 0 0 0 0 0 0 0 0 0 0 0 0 0 0 0 0 0 0 0 0
48818.9 21454.8 19070.9 10415.9 8902.08 5473.01 4351.3 3176.21 2031.13 1799.71 1224.92 812.803 415.114 387.418 318.88 247.852 148.411 83.7719 75.1326 50.4272 26.7562 11.6753 7.18556 5.31274 2.61294 1.46047 1.16584 0.743794 0.409056 0.185279 0.0616885 0.0337735 0.0152029 0.00519842 0.00224371 0.000897055 0.000236542 0.000116853 4.9346e-05 1.02916e-05 2.72251e-06 6.04487e-07 1.21731e-07 2.62247e-08 0 0 0 0 0 0 0 0 0 0 0 0 0 0 0 0 0 0 0 0 0 0 0 0 0 0 0 0 0 0 0 0 0 0 0 0 0 0 0 0 0 0 0 0 0 0 0 0 0 0 0 0 0 0 0
39783.1 31011.1 19671.9 11715.4 8128.29 6153.62 4645 3396.18 2111.29 1961.24 1545.73 1023.83 710.355 519.088 414.068 209.245 185.507 93.3365 88.5621 50.0661 25.1599 14.9025 8.51565 5.46443 3.12373 1.58408 1.21963 0.85567 0.49398 0.173753 0.0860663 0.0417288 0.0182796 0.00664366 0.00308507 0.00116498 0.000440649 0.000158612 6.54812e-05 1.25785e-05 3.3381e-06 8.75938e-07 1.55715e-07 3.4634e-08 0 0 0 0 0 0 0 0 0 0 0 0 0 0 0 0 0 0 0 0 0 0 0 0 0 0 0 0 0 0 0 0 0 0 0 0 0 0 0 0 0 0 0 0 0 0 0 0 0 0 0 0 0 0 0
41791.8 34215.2 22041.6 8735.96 7268.9 6210.66 4281.19 3347.92 2678.19 1979.85 1380.28 833.197 752.187 526.195 315.65 295.698 155.932 126.737 79.3437 53.3223 35.99 19.4464 9.88213 7.66504 4.63653 2.28934 1.42914 0.980778 0.499322 0.264343 0.126707 0.0546531 0.0239556 0.00992403 0.00403964 0.00131626 0.000462114 0.000194858 8.22593e-05 1.35451e-05 3.36291e-06 6.62029e-07 1.63418e-07 2.53821e-08 0 0 0 0 0 0 0 0 0 0 0 0 0 0 0 0 0 0 0 0 0 0 0 0 0 0 0 0 0 0 0 0 0 0 0 0 0 0 0 0 0 0 0 0 0 0 0 0 0 0 0 0 0 0 0
46360.1 30636.9 16687.8 11572.4 6694.39 4270.97 4270.97 3172.13 2511.25 1507.2 1311.33 894.536 701.431 567.168 407.731 234.463 171.505 95.8356 81.4085 47.8291 30.3783 14.6061 9.24947 5.71819 2.82108 1.78276 1.32397 0.788643 0.369033 0.169442 0.0703038 0.0300201 0.0117159 0.00484769 0.00228899 0.000957212 0.000292137 0.000112213 4.61321e-05 9.13274e-06 2.1668e-06 3.56681e-07 1.28532e-07 3.09612e-08 0 0 0 0 0 0 0 0 0 0 0 0 0 0 0 0 0 0 0 0 0 0 0 0 0 0 0 0 0 0 0 0 0 0 0 0 0 0 0 0 0 0 0 0 0 0 0 0 0 0 0 0 0 0 0
50223.2 32515.5 16134.3 11896.5 7499.87 5694.55 4830.26 2912.92 2604.65 1860.3 892.664 845.904 632.663 398.301 266.238 218.371 123.265 87.6371 70.3053 37.0083 17.3106 10.8486 8.65812 4.41261 2.49185 1.63999 1.08593 0.622148 0.32409 0.143853 0.0688451 0.0257162 0.0103042 0.0037429 0.0017235 0.000504738 0.000233069 8.33569e-05 3.1074e-05 6.17442e-06 1.28679e-06 2.64099e-07 6.44026e-08 1.92045e-08 0 0 0 0 0 0 0 0 0 0 0 0 0 0 0 0 0 0 0 0 0 0 0 0 0 0 0 0 0 0 0 0 0 0 0 0 0 0 0 0 0 0 0 0 0 0 0 0 0 0 0 0 0 0 0
40442.1 29183.8 14909.9 11134.5 7483.14 5915.85 4412.02 2417.39 2102.63 1429.99 1198.99 1063.73 665.087 540.359 394.513 286.034 144.738 112.566 86.3026 55.9763 30.7093 13.6568 9.44752 5.36478 2.47572 1.95074 1.17972 0.892422 0.432153 0.203858 0.0773366 0.0406315 0.0195352 0.00713304 0.00352749 0.00130514 0.000455703 0.000197577 6.87681e-05 1.17634e-05 3.17437e-06 6.92403e-07 1.7819e-07 3.82809e-08 0 0 0 0 0 0 0 0 0 0 0 0 0 0 0 0 0 0 0 0 0 0 0 0 0 0 0 0 0 0 0 0 0 0 0 0 0 0 0 0 0 0 0 0 0 0 0 0 0 0 0 0 0 0 0
49332.5 27096.8 18288.8 10505.8 8018.59 4786.15 4461.99 3458.16 2503.11 1777.86 1123.51 706.185 706.185 415.019 407.1 196.714 171.211 107.121 81.8564 52.992 28.7138 14.5053 9.31956 5.14367 2.79796 1.87054 1.32281 0.827188 0.466655 0.214256 0.0882612 0.042598 0.0110969 0.00634953 0.00230557 0.00105078 0.000383749 0.000166339 5.28151e-05 1.14766e-05 3.16132e-06 7.60869e-07 1.79652e-07 4.7734e-08 1.21405e-08 0 0 0 0 0 0 0 0 0 0 0 0 0 0 0 0 0 0 0 0 0 0 0 0 0 0 0 0 0 0 0 0 0 0 0 0 0 0 0 0 0 0 0 0 0 0 0 0 0 0 0 0 0 0
48561.8 25122.9 18785.9 11478.5 8466.04 5896.87 4184.96 2463.72 2327.61 1513.79 1193.13 992.111 719.384 414.948 324.071 177.719 137.042 100.439 63.9809 42.4258 23.6849 11.3583 8.06591 5.52506 2.52866 1.46619 1.14936 0.639268 0.327825 0.148894 0.0719228 0.029881 0.00921216 0.00513111 0.00180258 0.000692628 0.000301233 0.000112692 3.27833e-05 8.66636e-06 2.00376e-06 4.18229e-07 9.69363e-08 2.49629e-08 0 0 0 0 0 0 0 0 0 0 0 0 0 0 0 0 0 0 0 0 0 0 0 0 0 0 0 0 0 0 0 0 0 0 0 0 0 0 0 0 0 0 0 0 0 0 0 0 0 0 0 0 0 0 0
48002.1 25012.6 19834.7 9606.49 7569.48 5947.08 3113.73 2647.58 2134.89 1560.73 1319.08 735.525 616.384 526.35 330.916 241.767 150.659 106.43 68.6636 34.8218 23.9963 11.0245 7.61817 4.13408 2.13868 1.33337 0.990289 0.646468 0.316621 0.143305 0.0679794 0.0236101 0.0107564 0.00410163 0.00185332 0.000621114 0.000259594 8.50856e-05 3.66474e-05 6.97797e-06 1.36739e-06 3.21621e-07 7.19746e-08 1.50567e-08 0 0 0 0 0 0 0 0 0 0 0 0 0 0 0 0 0 0 0 0 0 0 0 0 0 0 0 0 0 0 0 0 0 0 0 0 0 0 0 0 0 0 0 0 0 0 0 0 0 0 0 0 0 0 0
54264.9 36243.8 22720 10050.4 8216.9 5097.65 3802.53 3078.02 2837.57 1941.15 929.196 929.196 740.279 518.46 391.832 234.343 207.389 144.685 95.6888 57.9072 27.8559 13.5674 11.895 6.08808 4.06535 1.90227 1.46856 0.97082 0.5669 0.254894 0.119202 0.0517827 0.0182972 0.00791477 0.00355717 0.00120881 0.000473712 0.000193403 7.14856e-05 1.62542e-05 2.91007e-06 5.89426e-07 1.40995e-07 3.24779e-08 0 0 0 0 0 0 0 0 0 0 0 0 0 0 0 0 0 0 0 0 0 0 0 0 0 0 0 0 0 0 0 0 0 0 0 0 0 0 0 0 0 0 0 0 0 0 0 0 0 0 0 0 0 0 0
42844.9 37205.6 18105.7 12844.5 7966.16 6263.97 4171.41 3456.63 2708.87 1766.19 1362.49 925.522 728.717 484.941 236.09 236.09 193.434 134.406 97.638 56.4373 34.1473 19.6782 10.62 6.36521 2.9147 1.86877 1.34925 0.763411 0.382475 0.184795 0.0733332 0.0325671 0.0111443 0.00545302 0.00225627 0.000989667 0.000351924 0.000129565 3.46346e-05 1.10235e-05 2.61655e-06 6.99127e-07 1.64632e-07 3.8495e-08 0 0 0 0 0 0 0 0 0 0 0 0 0 0 0 0 0 0 0 0 0 0 0 0 0 0 0 0 0 0 0 0 0 0 0 0 0 0 0 0 0 0 0 0 0 0 0 0 0 0 0 0 0 0 0
54339.1 31181.7 19694.5 10625.6 9418.65 6455.84 4816.24 3671.82 2679.59 1890.64 1558.66 1079.73 645.682 313.498 313.498 265.836 180.499 105.237 74.0045 52.9361 26.8401 10.7901 9.49999 5.63064 2.87097 1.67481 1.13635 0.7545 0.481685 0.214279 0.098303 0.0392747 0.0157471 0.00749093 0.00293077 0.00113316 0.000261154 0.000155512 6.27181e-05 9.93199e-06 2.32811e-06 6.98808e-07 1.85924e-07 3.35862e-08 0 0 0 0 0 0 0 0 0 0 0 0 0 0 0 0 0 0 0 0 0 0 0 0 0 0 0 0 0 0 0 0 0 0 0 0 0 0 0 0 0 0 0 0 0 0 0 0 0 0 0 0 0 0 0
39482.2 32660.5 19918.4 8962.43 7581.46 5516.55 4409.45 2805.16 2016.91 1701.45 1489.68 828.685 437.99 437.99 318.604 263.929 162.216 90.5098 65.7249 46.8233 26.6935 12.7312 8.66244 5.30092 2.63288 1.65401 0.988994 0.681349 0.410349 0.178539 0.0943365 0.0395645 0.0117462 0.00520127 0.00249308 0.000953284 0.000397729 0.00013667 5.38884e-05 1.07631e-05 2.22483e-06 4.36773e-07 1.17248e-07 2.48915e-08 0 0 0 0 0 0 0 0 0 0 0 0 0 0 0 0 0 0 0 0 0 0 0 0 0 0 0 0 0 0 0 0 0 0 0 0 0 0 0 0 0 0 0 0 0 0 0 0 0 0 0 0 0 0 0
40766.4 31233.6 21011.9 10743.1 7242.42 5866.72 4238.64 3164.66 2550.26 1885.39 1491.14 1000.04 490.702 443.063 273.078 242.057 151.283 111.641 82.3525 44.4989 25.061 13.6882 7.62715 4.7058 2.43828 1.69247 1.19743 0.6261 0.394693 0.190266 0.0877829 0.0372256 0.015383 0.00675539 0.0024014 0.000977362 0.000351856 0.00011408 4.92859e-05 7.01355e-06 1.59125e-06 3.63832e-07 8.6509e-08 1.6851e-08 0 0 0 0 0 0 0 0 0 0 0 0 0 0 0 0 0 0 0 0 0 0 0 0 0 0 0 0 0 0 0 0 0 0 0 0 0 0 0 0 0 0 0 0 0 0 0 0 0 0 0 0 0 0 0
49588.2 26869.8 19823.1 10189.2 6641.64 5630.89 3687.48 3097.77 2125.85 1723.65 938.763 841.705 417.747 417.747 316.091 184.921 157.982 108.438 81.2522 38.7071 16.9646 13.566 8.49525 3.78653 2.63685 1.66745 1.11673 0.697322 0.33533 0.178999 0.0704228 0.0328046 0.0133021 0.00514744 0.00209152 0.000733551 0.000284555 0.000122194 4.61212e-05 9.54684e-06 1.54022e-06 4.93898e-07 1.17131e-07 2.07037e-08 0 0 0 0 0 0 0 0 0 0 0 0 0 0 0 0 0 0 0 0 0 0 0 0 0 0 0 0 0 0 0 0 0 0 0 0 0 0 0 0 0 0 0 0 0 0 0 0 0 0 0 0 0 0 0
43178.9 30821.9 21612.3 10828 6624.36 5646.63 4212.39 3202.55 2226.26 1860.68 1332.46 881.701 650.995 317.742 309.118 215.582 143.162 104.138 77.076 38.2841 23.4003 15.5202 8.21891 4.48979 2.47677 1.62151 0.752853 0.641185 0.299112 0.139149 0.0610598 0.0207275 0.0116978 0.00387075 0.00138034 0.000565304 0.000249405 7.509e-05 2.96738e-05 6.61956e-06 1.25005e-06 2.69111e-07 5.1383e-08 1.24631e-08 0 0 0 0 0 0 0 0 0 0 0 0 0 0 0 0 0 0 0 0 0 0 0 0 0 0 0 0 0 0 0 0 0 0 0 0 0 0 0 0 0 0 0 0 0 0 0 0 0 0 0 0 0 0 0
48548.1 31665.8 15924.2 10831.8 7679.24 5756.62 4715.35 3602.93 2188.69 1414.07 1083.32 917.365 541.059 390.068 321.125 196.885 162.583 115.553 62.4664 34.4699 14.3756 14.3756 8.56665 3.91442 2.58567 1.43933 1.23828 0.706201 0.373002 0.157568 0.0849152 0.0380769 0.0134943 0.00607661 0.00243806 0.000954188 0.00035663 0.000131819 5.57582e-05 1.11702e-05 2.64975e-06 6.78195e-07 1.69972e-07 3.9794e-08 0 0 0 0 0 0 0 0 0 0 0 0 0 0 0 0 0 0 0 0 0 0 0 0 0 0 0 0 0 0 0 0 0 0 0 0 0 0 0 0 0 0 0 0 0 0 0 0 0 0 0 0 0 0 0
37695.2 31881.3 19666.8 10726.7 6997.07 4863.04 3978.42 2985.54 2614.72 2033.65 1090.75 930.633 730.715 466.398 247.085 246.184 158.408 105.428 58.0795 24.379 19.0443 12.029 7.66076 3.8657 1.31679 1.31679 0.975707 0.62336 0.298194 0.133373 0.0538124 0.0231129 0.0103608 0.00415978 0.00164343 0.00059589 0.000241215 9.27926e-05 3.36805e-05 5.8174e-06 1.52562e-06 2.60263e-07 5.72428e-08 1.45322e-08 0 0 0 0 0 0 0 0 0 0 0 0 0 0 0 0 0 0 0 0 0 0 0 0 0 0 0 0 0 0 0 0 0 0 0 0 0 0 0 0 0 0 0 0 0 0 0 0 0 0 0 0 0 0 0
43833.6 27889.5 18917.3 11037.6 7276.05 5947.72 4669.99 2707.12 2548.96 1522.96 967.82 841.571 631.952 439.353 275.954 246.391 172.078 112.199 74.3206 45.3325 27.8247 13.1748 8.61738 5.84594 2.53882 1.73491 1.11332 0.539061 0.310165 0.125361 0.0627589 0.0213448 0.0084357 0.00359462 0.0015191 0.000418797 0.000224458 9.03437e-05 2.5005e-05 5.83026e-06 1.31453e-06 3.20271e-07 6.94448e-08 1.60486e-08 0 0 0 0 0 0 0 0 0 0 0 0 0 0 0 0 0 0 0 0 0 0 0 0 0 0 0 0 0 0 0 0 0 0 0 0 0 0 0 0 0 0 0 0 0 0 0 0 0 0 0 0 0 0 0
53881.5 28172.7 20911.1 9871.28 8149.39 6465.95 3491.47 3056.34 2717.86 1722.77 1186.07 675.127 643.299 365.143 181.184 181.184 145.105 102.78 62.7793 44.6206 24.3313 8.56023 7.94168 4.25979 2.33186 1.41209 0.942788 0.742791 0.360112 0.132626 0.0619647 0.0251965 0.00920619 0.00419128 0.00175687 0.000738856 0.000278874 0.000105725 2.70931e-05 5.83449e-06 1.43585e-06 2.99385e-07 6.37752e-08 1.29405e-08 0 0 0 0 0 0 0 0 0 0 0 0 0 0 0 0 0 0 0 0 0 0 0 0 0 0 0 0 0 0 0 0 0 0 0 0 0 0 0 0 0 0 0 0 0 0 0 0 0 0 0 0 0 0 0
45350.7 25522.8 20205.2 10493 6762.8 5425.63 4860.44 2630.98 2472.62 2024.04 1520.76 874.424 634.764 420.394 323.031 259.406 131.763 101.67 67.5464 42.0573 20.7473 11.9937 9.45151 4.93514 2.49972 1.65699 1.19864 0.863301 0.50017 0.239126 0.0868107 0.0498424 0.0165469 0.0072576 0.00290401 0.00140353 0.000538867 0.000210944 7.20951e-05 1.9763e-05 3.22256e-06 9.63383e-07 1.99765e-07 4.66473e-08 0 0 0 0 0 0 0 0 0 0 0 0 0 0 0 0 0 0 0 0 0 0 0 0 0 0 0 0 0 0 0 0 0 0 0 0 0 0 0 0 0 0 0 0 0 0 0 0 0 0 0 0 0 0 0
44925.5 30352.8 19034 11780.9 7325.89 5907.58 4395.15 3329.3 2146.69 2146.69 1389.64 1073.87 744.978 476.619 415.323 242.652 187.178 123.796 91.8505 43.992 30.2817 16.979 10.3082 6.31322 2.35466 1.79051 1.15311 0.729693 0.392475 0.188869 0.0784012 0.0291262 0.0135526 0.00519189 0.00168016 0.000707632 0.000248825 9.30383e-05 3.52321e-05 8.20198e-06 2.01699e-06 3.6699e-07 5.47625e-08 1.42085e-08 0 0 0 0 0 0 0 0 0 0 0 0 0 0 0 0 0 0 0 0 0 0 0 0 0 0 0 0 0 0 0 0 0 0 0 0 0 0 0 0 0 0 0 0 0 0 0 0 0 0 0 0 0 0 0
51277.9 29314.3 18373.2 11115.7 8327.22 5788.21 3786.8 3332.55 2653.35 1967.7 1748.23 986.05 837.804 609.084 333.404 268.114 185.516 134.695 91.0883 64.8378 45.4174 22.0736 11.1365 6.83171 5.13702 2.20576 1.47495 1.10121 0.691336 0.335565 0.147322 0.0556316 0.0235483 0.00969744 0.00425166 0.00174399 0.000609935 0.000217034 8.61046e-05 1.53833e-05 3.06006e-06 4.12184e-07 1.61486e-07 3.54593e-08 0 0 0 0 0 0 0 0 0 0 0 0 0 0 0 0 0 0 0 0 0 0 0 0 0 0 0 0 0 0 0 0 0 0 0 0 0 0 0 0 0 0 0 0 0 0 0 0 0 0 0 0 0 0 0
52222 22851.7 14896.3 10849.6 7282.9 5864.55 4029.9 1971.86 1971.86 1536.38 1003.61 744.129 579.538 411.193 298.212 194.911 134.083 104.443 49.5457 42.7009 26.3269 13.6893 7.87655 5.26342 2.76082 1.79774 1.13028 0.72727 0.431476 0.186413 0.0670644 0.0326055 0.0125632 0.00309753 0.00227472 0.000833407 0.000318826 0.000115639 4.33609e-05 8.64329e-06 1.55134e-06 3.59363e-07 8.16915e-08 1.60923e-08 0 0 0 0 0 0 0 0 0 0 0 0 0 0 0 0 0 0 0 0 0 0 0 0 0 0 0 0 0 0 0 0 0 0 0 0 0 0 0 0 0 0 0 0 0 0 0 0 0 0 0 0 0 0 0
48518.6 29391.3 16517.6 8778.26 5979.91 5546.48 4255.59 2927.3 2420.36 1769.11 1206.77 751.4 647.22 470.511 330.06 193.01 162.932 104.178 69.1004 57.9397 30.0882 16.0978 8.88996 5.53704 2.74461 1.62063 1.11042 0.815391 0.410965 0.196524 0.0914734 0.0380787 0.0150541 0.00541441 0.00208281 0.0010789 0.000310367 0.00012022 5.16151e-05 9.16904e-06 2.68107e-06 5.56768e-07 1.11164e-07 2.52583e-08 0 0 0 0 0 0 0 0 0 0 0 0 0 0 0 0 0 0 0 0 0 0 0 0 0 0 0 0 0 0 0 0 0 0 0 0 0 0 0 0 0 0 0 0 0 0 0 0 0 0 0 0 0 0 0
36734.2 34783.4 20650.9 10081.5 8019.05 5974.1 5076.27 3238.97 2856.7 1685.82 1498.74 1226.43 723.293 557.115 349.33 282.664 186.236 118.844 102.934 61.9858 29.5018 15.1326 9.45481 6.06178 3.17817 1.99976 1.21867 0.771883 0.400113 0.203957 0.0965092 0.0371122 0.0107388 0.00487797 0.00275665 0.000835627 0.000472248 0.000148894 4.54508e-05 1.26836e-05 1.99485e-06 5.76842e-07 1.13284e-07 2.38894e-08 0 0 0 0 0 0 0 0 0 0 0 0 0 0 0 0 0 0 0 0 0 0 0 0 0 0 0 0 0 0 0 0 0 0 0 0 0 0 0 0 0 0 0 0 0 0 0 0 0 0 0 0 0 0 0
47234.4 29043.9 15921.7 10212.7 6197.14 3846.51 3846.51 3340.24 2017.1 1774.34 1170.91 910.892 655.479 437.614 344.331 248.709 176.042 111.385 78.705 43.3986 26.282 16.6873 8.84094 6.54719 2.31356 1.62345 1.11679 0.713813 0.401051 0.189559 0.0684841 0.0299893 0.0119372 0.00524021 0.00220654 0.000741733 0.000312563 0.000104893 4.42559e-05 6.70606e-06 1.68302e-06 2.9741e-07 7.35337e-08 1.46422e-08 0 0 0 0 0 0 0 0 0 0 0 0 0 0 0 0 0 0 0 0 0 0 0 0 0 0 0 0 0 0 0 0 0 0 0 0 0 0 0 0 0 0 0 0 0 0 0 0 0 0 0 0 0 0 0
39440.5 29403.2 20004.7 10532.8 8144.03 5866.87 3732.65 2851.34 2498.07 1405.49 1081.83 818.7 631.356 385.391 194.531 194.531 140.381 104.387 74.7995 21.5567 18.2331 10.4558 7.6321 4.32309 2.21982 1.58047 1.07748 0.620368 0.291365 0.12136 0.0567749 0.0237421 0.00994807 0.00296749 0.00177531 0.000686133 0.000217334 0.000100473 3.27644e-05 6.67692e-06 1.65997e-06 3.75227e-07 9.30028e-08 2.22598e-08 0 0 0 0 0 0 0 0 0 0 0 0 0 0 0 0 0 0 0 0 0 0 0 0 0 0 0 0 0 0 0 0 0 0 0 0 0 0 0 0 0 0 0 0 0 0 0 0 0 0 0 0 0 0 0
53075.8 24702.5 15967.2 9604.57 7818.33 5505.87 3891.76 3040.03 2022.76 1406.29 933.052 817.392 562.248 420.928 281.921 216.126 140.37 127.829 73.1998 49.2433 23.0729 13.0359 8.39122 4.64003 2.31188 1.44707 1.1451 0.632421 0.299616 0.120824 0.0502542 0.0216587 0.00950203 0.00386115 0.00110632 0.000616215 0.000214861 7.94989e-05 2.68417e-05 5.74691e-06 1.17309e-06 2.64255e-07 5.31909e-08 1.36765e-08 0 0 0 0 0 0 0 0 0 0 0 0 0 0 0 0 0 0 0 0 0 0 0 0 0 0 0 0 0 0 0 0 0 0 0 0 0 0 0 0 0 0 0 0 0 0 0 0 0 0 0 0 0 0 0
47634.8 28030.5 20881.7 8922.42 7691.45 5097.4 3215.95 2929.24 2419.87 1605.68 1227.11 900.814 607.976 452.699 337.555 265.611 157.203 115.015 75.7683 53.7229 28.0071 16.7517 9.65477 5.8404 3.46663 1.74851 1.24674 0.847254 0.399758 0.185921 0.0905297 0.0381605 0.011734 0.0058392 0.00228929 0.000840955 0.000277861 9.83095e-05 4.54837e-05 8.85146e-06 1.68185e-06 3.97014e-07 7.96076e-08 1.84766e-08 0 0 0 0 0 0 0 0 0 0 0 0 0 0 0 0 0 0 0 0 0 0 0 0 0 0 0 0 0 0 0 0 0 0 0 0 0 0 0 0 0 0 0 0 0 0 0 0 0 0 0 0 0 0 0
46923.2 27628.9 21283.5 9548.52 6895.32 4231.79 3878.81 3174.29 1855.22 1855.22 1199.89 903.925 607.258 480.533 361.488 230.983 172.118 97.8899 67.7054 42.3993 25.0822 13.6386 8.49282 5.30219 2.42187 1.67887 1.12644 0.747584 0.374171 0.21911 0.0857671 0.0369263 0.0204231 0.00771779 0.00298857 0.00113461 0.000442728 0.000185757 6.90259e-05 1.52787e-05 3.30105e-06 6.88941e-07 1.57249e-07 4.03679e-08 0 0 0 0 0 0 0 0 0 0 0 0 0 0 0 0 0 0 0 0 0 0 0 0 0 0 0 0 0 0 0 0 0 0 0 0 0 0 0 0 0 0 0 0 0 0 0 0 0 0 0 0 0 0 0
50942 32437.4 20640.8 10842.9 6712.5 4364.59 4364.59 2414.48 1771.86 1415.2 1282.04 765.426 639.56 423.722 298.624 227.907 123.856 83.9638 78.4043 34.0268 23.8851 11.796 9.35514 5.57617 2.43936 1.7123 1.11035 0.595935 0.386558 0.163379 0.0703173 0.0279515 0.0125884 0.00445925 0.00180969 0.000722207 0.000230597 9.565e-05 3.46383e-05 7.06136e-06 1.75249e-06 3.76346e-07 8.6724e-08 2.22773e-08 0 0 0 0 0 0 0 0 0 0 0 0 0 0 0 0 0 0 0 0 0 0 0 0 0 0 0 0 0 0 0 0 0 0 0 0 0 0 0 0 0 0 0 0 0 0 0 0 0 0 0 0 0 0 0
44066.6 31812.9 19829.8 13118.8 8801.65 5513.55 4047 3529.48 2621.07 1559.31 1251.34 855.476 628.576 471.964 326.678 253.008 143.633 140.083 97.4644 51.4135 29.2435 16.4463 10.1477 6.04078 3.01005 1.78667 1.40197 0.838326 0.45404 0.186843 0.0941224 0.0342896 0.0140986 0.00498775 0.0022801 0.000925574 0.000389056 0.000119935 4.83719e-05 8.79264e-06 2.02566e-06 4.12981e-07 7.76564e-08 1.80588e-08 0 0 0 0 0 0 0 0 0 0 0 0 0 0 0 0 0 0 0 0 0 0 0 0 0 0 0 0 0 0 0 0 0 0 0 0 0 0 0 0 0 0 0 0 0 0 0 0 0 0 0 0 0 0 0
49393.2 30769.6 16637.1 8277.77 7100.19 5537.98 3600.65 2959.68 2529.05 1441.57 1154.89 674.001 518.474 383.279 354.331 242.023 157.326 95.8058 86.4835 51.7255 26.5009 14.5322 9.97129 6.60329 3.2396 1.75698 1.21246 0.828128 0.461283 0.194407 0.0996506 0.0448598 0.0185108 0.00863829 0.00318083 0.00139509 0.000592718 0.000191442 8.07623e-05 1.56922e-05 3.95872e-06 9.92329e-07 2.32577e-07 5.59477e-08 1.24719e-08 0 0 0 0 0 0 0 0 0 0 0 0 0 0 0 0 0 0 0 0 0 0 0 0 0 0 0 0 0 0 0 0 0 0 0 0 0 0 0 0 0 0 0 0 0 0 0 0 0 0 0 0 0 0
46741.5 31286.2 19446.7 11503.2 8144.86 5875.96 5078.09 3798.3 3096.41 1416.57 1416.57 830.081 734.032 516.64 399.101 239.762 161.655 131.609 100.36 54.9102 26.7616 15.8319 9.70284 6.29863 2.53431 1.89633 1.18796 0.737227 0.352078 0.16799 0.066359 0.0318735 0.0104355 0.0045394 0.00191121 0.000692897 0.000239832 0.000108359 4.20044e-05 9.33256e-06 1.56471e-06 3.71658e-07 1.03228e-07 1.83009e-08 0 0 0 0 0 0 0 0 0 0 0 0 0 0 0 0 0 0 0 0 0 0 0 0 0 0 0 0 0 0 0 0 0 0 0 0 0 0 0 0 0 0 0 0 0 0 0 0 0 0 0 0 0 0 0
39865.7 32116.7 24613.5 8647.73 8647.73 6272.32 4827.44 3583.56 2861.61 1847.43 1406.28 1085.36 724.638 418.434 418.434 252.78 192.024 137.275 86.0702 62.9684 32.7513 17.6024 9.47239 6.14055 3.4062 1.93523 1.09879 0.665242 0.441152 0.226929 0.0844425 0.0411243 0.013075 0.00627872 0.0026404 0.000907325 0.000425187 0.000139577 4.64562e-05 1.17446e-05 2.96117e-06 6.70906e-07 1.56498e-07 3.40167e-08 0 0 0 0 0 0 0 0 0 0 0 0 0 0 0 0 0 0 0 0 0 0 0 0 0 0 0 0 0 0 0 0 0 0 0 0 0 0 0 0 0 0 0 0 0 0 0 0 0 0 0 0 0 0 0
47875.6 27355.1 19402.2 10092.2 7041.41 5515.74 5141.55 3520.03 2487.83 2094.72 1648.44 1209.14 842.643 607.759 392.015 315.773 200.437 175.541 116.955 56.6483 40.8382 24.2734 14.1544 9.90965 5.65028 2.60842 1.76469 1.14029 0.71623 0.366139 0.161996 0.0614825 0.0319769 0.00740676 0.00533533 0.00158264 0.000478249 0.000241512 7.10495e-05 1.34992e-05 3.12415e-06 7.41433e-07 1.57647e-07 3.33522e-08 0 0 0 0 0 0 0 0 0 0 0 0 0 0 0 0 0 0 0 0 0 0 0 0 0 0 0 0 0 0 0 0 0 0 0 0 0 0 0 0 0 0 0 0 0 0 0 0 0 0 0 0 0 0 0
47418.2 27214.1 22232.3 8478.04 8463.02 5520.51 4373.44 3426.37 2191.3 1339.49 1128.88 986.169 642.351 556.409 351.836 223.889 163.162 113.072 65.2353 47.2081 27.159 14.4683 10.5129 7.0161 3.25742 1.65018 1.00835 0.688975 0.353765 0.170922 0.070898 0.0306075 0.00883322 0.00481077 0.00176339 0.000750072 0.000286031 0.000105614 3.32818e-05 9.44189e-06 1.77551e-06 4.10722e-07 9.63502e-08 2.03657e-08 0 0 0 0 0 0 0 0 0 0 0 0 0 0 0 0 0 0 0 0 0 0 0 0 0 0 0 0 0 0 0 0 0 0 0 0 0 0 0 0 0 0 0 0 0 0 0 0 0 0 0 0 0 0 0
46564.1 28893.5 19519.7 11490.9 8311.71 6780.83 5526.9 4025.25 2347.97 1964.45 1564.43 1210.81 970.344 653.814 403.97 273.938 273.938 153.975 115.639 67.2673 35.2918 17.715 11.9008 7.24815 4.22865 1.5994 1.46168 0.997072 0.56809 0.213803 0.126163 0.062753 0.0232157 0.00868767 0.0032901 0.00151545 0.00047269 0.000177528 6.70397e-05 1.55255e-05 3.69279e-06 9.25423e-07 1.97838e-07 3.95107e-08 0 0 0 0 0 0 0 0 0 0 0 0 0 0 0 0 0 0 0 0 0 0 0 0 0 0 0 0 0 0 0 0 0 0 0 0 0 0 0 0 0 0 0 0 0 0 0 0 0 0 0 0 0 0 0
47022.1 28498.1 15966.1 8540.57 6890.59 5295.28 3224.4 2513.79 2074.13 1511.57 1288.82 762.513 667.398 347.645 267.28 231.006 136.789 100.298 84.1817 41.6633 22.9364 13.1127 7.49386 3.96157 2.16144 1.25508 1.03789 0.618651 0.322923 0.129596 0.0634244 0.0264189 0.00707567 0.00440679 0.00165739 0.000486134 0.000250717 0.00011052 3.50164e-05 9.06627e-06 1.84534e-06 3.81467e-07 1.04999e-07 2.25451e-08 0 0 0 0 0 0 0 0 0 0 0 0 0 0 0 0 0 0 0 0 0 0 0 0 0 0 0 0 0 0 0 0 0 0 0 0 0 0 0 0 0 0 0 0 0 0 0 0 0 0 0 0 0 0 0
50188.4 28632.2 18964.6 10308.1 6513.47 5405.25 4073.13 3192.22 1961.54 1714.2 1254.53 807.842 502.093 400.27 343.391 217.602 174.125 67.4783 67.4783 38.7626 19.0012 14.2129 7.56407 4.70733 2.50743 1.41723 1.17663 0.79391 0.449914 0.158092 0.0756478 0.0362587 0.0138934 0.00495996 0.00174469 0.000961653 0.000325522 0.000130295 5.62967e-05 9.22432e-06 1.95193e-06 4.89229e-07 1.16501e-07 3.10928e-08 0 0 0 0 0 0 0 0 0 0 0 0 0 0 0 0 0 0 0 0 0 0 0 0 0 0 0 0 0 0 0 0 0 0 0 0 0 0 0 0 0 0 0 0 0 0 0 0 0 0 0 0 0 0 0
45839.3 33078.2 20274.6 9430.17 8568.2 4531.36 3778.13 3402.36 2183 1515.81 1151.64 1016.7 624.033 533.91 376.705 255.769 208.531 150.994 89.6189 61.2781 32.2921 16.6085 9.37452 4.22938 3.28914 1.86856 1.19125 0.744429 0.434149 0.17973 0.103639 0.0398659 0.0176645 0.00773385 0.00303477 0.00108758 0.000394098 0.000121426 3.30374e-05 1.10524e-05 2.50945e-06 6.53102e-07 1.473e-07 2.80615e-08 0 0 0 0 0 0 0 0 0 0 0 0 0 0 0 0 0 0 0 0 0 0 0 0 0 0 0 0 0 0 0 0 0 0 0 0 0 0 0 0 0 0 0 0 0 0 0 0 0 0 0 0 0 0 0
42340.9 26948.7 17678.6 9646.32 8123.26 4428.97 4226.08 2291.87 2270.71 1543.5 1488.61 1197.22 606.349 505.03 331.937 215.105 184.225 134.905 78.5241 52.5076 22.0442 18.2256 8.45273 6.48185 2.89543 1.79811 1.17402 0.658752 0.353785 0.179841 0.0674646 0.0307996 0.0115165 0.00525988 0.00182097 0.00083174 0.000236648 0.000100027 3.33134e-05 7.77908e-06 1.69091e-06 3.32017e-07 6.58357e-08 1.51525e-08 0 0 0 0 0 0 0 0 0 0 0 0 0 0 0 0 0 0 0 0 0 0 0 0 0 0 0 0 0 0 0 0 0 0 0 0 0 0 0 0 0 0 0 0 0 0 0 0 0 0 0 0 0 0 0
46640.3 32402.1 17350.4 10639.1 6128.78 5784.78 4524.19 3763.48 2461.67 1908.55 1403.82 900.945 751.505 468.329 318.446 264.017 209.344 129.183 93.2104 55.8499 29.062 16.3892 10.2185 6.6675 3.54369 1.97181 1.33738 0.890078 0.476742 0.194316 0.08288 0.0405899 0.0173447 0.0075033 0.00239424 0.000752358 0.000364025 0.000166607 5.34207e-05 1.14615e-05 2.12624e-06 4.94098e-07 1.18838e-07 3.41794e-08 0 0 0 0 0 0 0 0 0 0 0 0 0 0 0 0 0 0 0 0 0 0 0 0 0 0 0 0 0 0 0 0 0 0 0 0 0 0 0 0 0 0 0 0 0 0 0 0 0 0 0 0 0 0 0
46844.1 26441.4 23391.6 9501.27 8868.3 3447.85 3447.85 3447.85 2439.22 1987.67 1358.77 830.611 773.122 568.893 226.556 226.556 182.971 154.027 98.434 57.8757 34.7824 18.3357 10.0011 5.94921 3.01404 1.87398 1.36418 0.869003 0.434077 0.203178 0.0946894 0.0413016 0.0165055 0.00676795 0.00310139 0.00124539 0.00028867 0.000154646 4.45797e-05 9.04118e-06 2.30497e-06 5.15585e-07 1.02476e-07 2.38751e-08 0 0 0 0 0 0 0 0 0 0 0 0 0 0 0 0 0 0 0 0 0 0 0 0 0 0 0 0 0 0 0 0 0 0 0 0 0 0 0 0 0 0 0 0 0 0 0 0 0 0 0 0 0 0 0
43434.5 30453.4 17183.6 7112.47 6892.41 5339.5 4591.67 3792 2593.09 1766.64 1433.03 1184.14 723.446 516.898 319.907 274.397 176.238 124.054 89.4354 49.0173 31.5015 17.5455 9.3114 6.18565 2.4716 1.72674 1.3011 0.93726 0.463651 0.240482 0.10097 0.0424603 0.0174805 0.00766348 0.00353236 0.00133324 0.000519085 0.000217831 6.10221e-05 1.63212e-05 3.38479e-06 7.35833e-07 2.08595e-07 4.88536e-08 1.34376e-08 0 0 0 0 0 0 0 0 0 0 0 0 0 0 0 0 0 0 0 0 0 0 0 0 0 0 0 0 0 0 0 0 0 0 0 0 0 0 0 0 0 0 0 0 0 0 0 0 0 0 0 0 0 0
46202.9 31858.5 18720.9 10185 9080.51 5974.65 3976.01 3471.72 2497.02 1899.25 1504.91 1087.78 679.951 468.976 368.96 230.801 162.673 143.627 99.3431 58.1627 22.7928 15.9379 8.74228 4.89159 2.54184 1.53379 1.10988 0.649339 0.367364 0.162106 0.0664325 0.0283832 0.0139992 0.00462778 0.00197052 0.00059334 0.00025433 0.000101157 3.80486e-05 8.55501e-06 1.94244e-06 5.83075e-07 1.61123e-07 4.28658e-08 0 0 0 0 0 0 0 0 0 0 0 0 0 0 0 0 0 0 0 0 0 0 0 0 0 0 0 0 0 0 0 0 0 0 0 0 0 0 0 0 0 0 0 0 0 0 0 0 0 0 0 0 0 0 0
44127.9 19212.6 15505.6 8874.58 5775.59 2719.39 2719.39 2431.6 1979.06 1359.37 1048.86 688.115 507.169 360.759 258.112 182.465 132.511 83.7915 53.6728 33.2587 18.9797 10.42 6.28365 2.97874 1.95019 1.28926 0.865823 0.489862 0.243162 0.103709 0.0504949 0.0201122 0.00873728 0.00302589 0.0012778 0.000528941 0.00015986 6.01364e-05 2.06497e-05 3.76654e-06 8.61338e-07 1.65356e-07 2.8416e-08 0 0 0 0 0 0 0 0 0 0 0 0 0 0 0 0 0 0 0 0 0 0 0 0 0 0 0 0 0 0 0 0 0 0 0 0 0 0 0 0 0 0 0 0 0 0 0 0 0 0 0 0 0 0 0 0
