16233 8654.95 7673.73 3926.75 2876.62 1951.59 1784.27 962.315 755.152 755.152 564.608 490.45 317.358 227.574 148.937 98.706 95.0806 87.6611 49.0449 31.3098 21.791 12.2373 7.75723 5.83639 3.73003 1.89833 1.32261 0.844704 0.585234 0.303388 0.171279 0.0818519 0.0361973 0.0112259 0.00582441 0.00266087 0.00114181 0.000469591 0.000179824 7.23535e-06 2.02124e-06 2.75974e-07 8.92289e-08 1.75472e-08 0 0 0 0 0 0 0 0 0 0 0 0 0 0 0 0 0 0 0 0 0 0 0 0 0 0 0 0 0 0 0 0 0 0 0 0 0 0 0 0 0 0 0 0 0 0 0 0 0 0 0
17392.3 9429.53 6965.98 4248.48 2736.8 2297.48 1609.46 1324.83 864.569 864.569 450.201 450.201 360.111 259.595 209.904 146.828 93.2468 59.1852 51.0678 21.2647 21.2647 20.2961 5.66431 5.64798 4.01975 2.22078 1.44743 0.952146 0.707078 0.448104 0.254799 0.134328 0.061216 0.0212966 0.00944661 0.00275104 0.00162803 0.000610119 0.000236098 1.41014e-05 3.13893e-06 6.60484e-07 1.5108e-07 2.8706e-08 0 0 0 0 0 0 0 0 0 0 0 0 0 0 0 0 0 0 0 0 0 0 0 0 0 0 0 0 0 0 0 0 0 0 0 0 0 0 0 0 0 0 0 0 0 0 0 0 0 0 0
17372.6 7389.75 6563.79 2893.61 2516.24 1606.52 1256.29 763.927 763.927 705.706 642.36 505.963 289.877 253.244 198.444 127.665 82.8244 77.9928 38.4382 35.8785 19.1664 10.7399 7.77057 5.33659 3.42011 1.46001 1.26448 0.905097 0.634907 0.335568 0.165568 0.0689058 0.0368942 0.0145476 0.00598402 0.00285689 0.00100548 0.0004525 0.000126049 1.02584e-05 2.25963e-06 4.57761e-07 9.77673e-08 1.34721e-08 0 0 0 0 0 0 0 0 0 0 0 0 0 0 0 0 0 0 0 0 0 0 0 0 0 0 0 0 0 0 0 0 0 0 0 0 0 0 0 0 0 0 0 0 0 0 0 0 0 0 0
17420.3 7274.09 6477.28 3223.98 2618.35 1708.82 1708.82 1186.11 976 687.385 521.743 341.947 259.142 178.97 170.487 140.461 99.2546 79.0065 48.6105 35.7789 21.995 13.0012 8.82286 5.37258 3.09469 1.29316 1.01406 0.789542 0.460525 0.294966 0.173401 0.0706496 0.0266175 0.0123246 0.00278561 0.00244654 0.000842782 0.000424007 0.000129162 7.53674e-06 1.36998e-06 3.43447e-07 6.15487e-08 1.51463e-08 0 0 0 0 0 0 0 0 0 0 0 0 0 0 0 0 0 0 0 0 0 0 0 0 0 0 0 0 0 0 0 0 0 0 0 0 0 0 0 0 0 0 0 0 0 0 0 0 0 0 0
15079 6840.15 5889.79 2972.76 2374.85 1495.38 1460.28 977.969 710.225 710.225 465.963 450.068 274.699 183.612 145.146 114.465 89.0504 66.03 53.8782 40.7101 18.3266 14.0559 7.8875 7.45415 4.52205 1.88799 1.40254 0.925694 0.662426 0.436513 0.222784 0.110018 0.0442412 0.0209301 0.00846962 0.00319203 0.00150538 0.000576735 0.000203813 9.12857e-06 1.91897e-06 5.01987e-07 8.09272e-08 1.74208e-08 0 0 0 0 0 0 0 0 0 0 0 0 0 0 0 0 0 0 0 0 0 0 0 0 0 0 0 0 0 0 0 0 0 0 0 0 0 0 0 0 0 0 0 0 0 0 0 0 0 0 0
17118.7 9053.12 4974.9 4144.23 2740.11 2569.42 1977.4 1403.48 946.95 763.948 476.507 439.347 386.842 256.057 197.673 155.74 99.7154 78.1788 39.4752 39.4752 26.683 9.26074 8.12317 5.764 4.07968 2.27995 1.46832 0.774362 0.66027 0.417956 0.259841 0.0971947 0.0481266 0.0171197 0.00708137 0.00240545 0.00105287 0.000432949 0.000237834 9.21798e-06 1.46569e-06 5.36928e-07 1.26885e-07 2.23321e-08 0 0 0 0 0 0 0 0 0 0 0 0 0 0 0 0 0 0 0 0 0 0 0 0 0 0 0 0 0 0 0 0 0 0 0 0 0 0 0 0 0 0 0 0 0 0 0 0 0 0 0
14412.1 9691.23 7717.81 4131.05 2874.9 1884.06 1818.95 1044.83 859.576 656.691 573.212 470.289 341.467 202.454 190.431 156.789 97.0025 64.9047 64.9047 40.1707 26.658 16.9878 8.70675 7.05274 4.07926 2.65512 1.69351 1.0671 0.85305 0.54463 0.39352 0.167533 0.0707516 0.0301214 0.0125178 0.00548576 0.00211006 0.000677843 0.000219039 1.77696e-05 3.70403e-06 8.7059e-07 1.83878e-07 2.97135e-08 0 0 0 0 0 0 0 0 0 0 0 0 0 0 0 0 0 0 0 0 0 0 0 0 0 0 0 0 0 0 0 0 0 0 0 0 0 0 0 0 0 0 0 0 0 0 0 0 0 0 0
17327 9007.7 6632.52 3805.46 2302.62 1609.18 1293.93 1092.28 955.021 884.206 563.349 522.209 362.322 303.397 198.341 129.333 126.68 65.8543 65.8543 35.0015 29.6427 15.0763 8.50198 6.33878 4.95141 2.87006 1.56535 0.744893 0.712335 0.562901 0.245187 0.14766 0.0596378 0.0246518 0.0103924 0.00358022 0.0016639 0.000694859 0.000283865 1.91025e-05 3.8232e-06 9.26551e-07 1.29644e-07 3.72096e-08 0 0 0 0 0 0 0 0 0 0 0 0 0 0 0 0 0 0 0 0 0 0 0 0 0 0 0 0 0 0 0 0 0 0 0 0 0 0 0 0 0 0 0 0 0 0 0 0 0 0 0
13754.4 9041.62 7091.57 3457.7 2942.37 2357.04 1707.65 1413.1 872.564 803.685 566.745 469.564 320.799 177.985 177.985 154.128 118.479 75.6844 67.382 48.93 16.9112 16.9112 11.1895 7.23032 4.99279 2.74382 1.4113 1.12164 0.822569 0.533129 0.276 0.079862 0.0645773 0.0193301 0.011498 0.00449678 0.00182586 0.000715469 0.00030229 1.16719e-05 3.21561e-06 5.06972e-07 1.09447e-07 2.00524e-08 0 0 0 0 0 0 0 0 0 0 0 0 0 0 0 0 0 0 0 0 0 0 0 0 0 0 0 0 0 0 0 0 0 0 0 0 0 0 0 0 0 0 0 0 0 0 0 0 0 0 0
14658.5 9949.08 5744.3 3627.36 2753.85 2143.51 1831.99 1025.44 949.753 664.892 664.892 493.593 326.95 326.95 243.411 192.379 143.541 118.229 76.6752 36.0507 17.7371 14.2894 8.20328 6.15616 5.05995 3.2518 1.66132 1.22413 0.788788 0.572276 0.353001 0.125295 0.0784638 0.0324652 0.0117694 0.00431291 0.00208312 0.00068145 0.00027368 1.57953e-05 3.68608e-06 5.64757e-07 1.12906e-07 4.09304e-08 0 0 0 0 0 0 0 0 0 0 0 0 0 0 0 0 0 0 0 0 0 0 0 0 0 0 0 0 0 0 0 0 0 0 0 0 0 0 0 0 0 0 0 0 0 0 0 0 0 0 0
15066.4 11195.5 6026.72 4249.51 2979.97 2716.31 1951.41 1407.29 1000.86 733.036 733.036 509.273 350.73 278.978 210.894 123.737 95.9678 73.8285 46.8944 29.6641 22.2548 15.3557 9.04003 6.7025 3.97305 2.66295 1.33082 0.929657 0.654389 0.430275 0.25485 0.110835 0.0518162 0.023727 0.00925284 0.0045545 0.00184912 0.000584354 0.000309847 1.43258e-05 2.96649e-06 4.78262e-07 1.13481e-07 2.52519e-08 0 0 0 0 0 0 0 0 0 0 0 0 0 0 0 0 0 0 0 0 0 0 0 0 0 0 0 0 0 0 0 0 0 0 0 0 0 0 0 0 0 0 0 0 0 0 0 0 0 0 0
15570.4 7976.35 7471.22 3531.59 2127.51 1666.67 1361.18 1010.62 960.357 538.314 446.82 375.29 350.266 194.452 139.284 123.733 103.802 64.1055 53.9703 37.4758 18.1794 12.8837 6.83633 5.86637 3.81711 2.18956 1.26456 0.791871 0.560484 0.426512 0.222396 0.100806 0.0365315 0.017452 0.00795984 0.00285478 0.000883617 0.000439602 0.000193368 1.15204e-05 2.39662e-06 4.39904e-07 9.54253e-08 2.51474e-08 0 0 0 0 0 0 0 0 0 0 0 0 0 0 0 0 0 0 0 0 0 0 0 0 0 0 0 0 0 0 0 0 0 0 0 0 0 0 0 0 0 0 0 0 0 0 0 0 0 0 0
15865.5 9956.28 5922.53 2582.38 2582.38 1916.67 1323.94 1230.99 882.821 676.221 555.228 407.481 353.07 254.061 160.753 132.033 114.897 86.938 56.8678 33.3232 25.5963 13.2621 10.2717 6.17225 3.98522 2.59348 1.39615 0.971952 0.686969 0.423748 0.270115 0.109255 0.0465703 0.0184945 0.00816066 0.00432055 0.00169464 0.000492481 0.000309552 1.29421e-05 3.69808e-06 5.85097e-07 8.57027e-08 2.34588e-08 0 0 0 0 0 0 0 0 0 0 0 0 0 0 0 0 0 0 0 0 0 0 0 0 0 0 0 0 0 0 0 0 0 0 0 0 0 0 0 0 0 0 0 0 0 0 0 0 0 0 0
12893.7 11538 7229.08 4129.02 2971.13 2293.11 1749.8 1629.58 1104.2 783.606 518.85 411.979 284.839 226.24 166.939 129.074 111.923 82.0593 75.1292 51.0271 36.4334 18.2828 9.20005 6.56932 4.8287 2.63304 1.61629 1.06231 0.739374 0.573503 0.374331 0.197433 0.0704993 0.0329309 0.0106746 0.00515284 0.00225502 0.000934193 0.000370757 1.71512e-05 3.27819e-06 6.41523e-07 1.41065e-07 3.46968e-08 0 0 0 0 0 0 0 0 0 0 0 0 0 0 0 0 0 0 0 0 0 0 0 0 0 0 0 0 0 0 0 0 0 0 0 0 0 0 0 0 0 0 0 0 0 0 0 0 0 0 0
14519.9 7693.82 6204.54 3584.36 2925.5 1828.19 1493.01 1264.54 893.593 615.982 569.588 390.736 303.118 258.84 133.546 100.057 100.057 76.2765 38.2822 23.4996 20.4108 11.4282 5.54428 4.01763 3.76043 1.73013 1.02362 0.804486 0.669709 0.307051 0.180433 0.0847769 0.035055 0.0141892 0.00561362 0.00216942 0.00100619 0.000453925 0.000194717 9.88597e-06 1.76278e-06 3.91986e-07 9.37124e-08 1.99528e-08 0 0 0 0 0 0 0 0 0 0 0 0 0 0 0 0 0 0 0 0 0 0 0 0 0 0 0 0 0 0 0 0 0 0 0 0 0 0 0 0 0 0 0 0 0 0 0 0 0 0 0
15342.6 8621.77 7195.72 3013.74 2988.29 2034.6 1658.58 1189.53 728.55 671.212 635.777 403.334 327.158 277.664 189.48 132.82 126.456 73.64 44.4551 44.4551 23.5787 13.9385 8.22372 6.26708 3.85289 1.97759 1.21896 0.751783 0.537336 0.370418 0.186662 0.0699334 0.0280911 0.0170169 0.00605384 0.00224602 0.000950829 0.000319562 0.00012439 1.02412e-05 2.44996e-06 2.96034e-07 7.04675e-08 1.45958e-08 0 0 0 0 0 0 0 0 0 0 0 0 0 0 0 0 0 0 0 0 0 0 0 0 0 0 0 0 0 0 0 0 0 0 0 0 0 0 0 0 0 0 0 0 0 0 0 0 0 0 0
14796.6 10214.6 7139.38 2766.29 2766.29 2591.84 1791.53 1139.37 852.79 759.825 681.328 419.04 400.776 246.198 148.522 148.522 121.23 94.0674 61.5723 42.1527 25.2291 15.8986 12.3412 7.39518 5.28706 2.22366 1.64586 1.07852 0.666632 0.504122 0.299458 0.143754 0.055301 0.0243634 0.00995509 0.00409254 0.0013463 0.000541495 0.000278735 1.3016e-05 3.11694e-06 5.78729e-07 9.29077e-08 2.32276e-08 0 0 0 0 0 0 0 0 0 0 0 0 0 0 0 0 0 0 0 0 0 0 0 0 0 0 0 0 0 0 0 0 0 0 0 0 0 0 0 0 0 0 0 0 0 0 0 0 0 0 0
16148.8 10736.1 5719 3879.98 2795.42 2174.88 1521.75 1305.24 739.003 618.51 487.446 360.716 319.665 286.744 175.455 138.468 95.9511 67.7025 46.8382 33.9842 17.9978 13.5378 9.5861 4.51823 3.13713 1.74415 1.13991 0.840622 0.617648 0.36897 0.167628 0.0710834 0.0290474 0.0125798 0.00498883 0.0016281 0.00105881 0.000405873 0.000177961 9.0131e-06 1.98678e-06 3.71546e-07 6.78929e-08 1.63134e-08 0 0 0 0 0 0 0 0 0 0 0 0 0 0 0 0 0 0 0 0 0 0 0 0 0 0 0 0 0 0 0 0 0 0 0 0 0 0 0 0 0 0 0 0 0 0 0 0 0 0 0
16329.2 8808.98 4411.53 4411.53 3508.79 1845.46 1606.64 1488.31 758.844 758.844 615.13 463.596 350.111 243.211 182.755 152.387 99.5982 74.5102 58.5762 27.1894 20.819 13.7909 8.71024 5.55752 2.61548 1.87771 1.11443 0.901159 0.668416 0.394159 0.250675 0.097218 0.0446873 0.0189716 0.00774864 0.00279382 0.00114718 0.000576176 0.000161095 1.0152e-05 1.58808e-06 4.16856e-07 8.01008e-08 1.46282e-08 0 0 0 0 0 0 0 0 0 0 0 0 0 0 0 0 0 0 0 0 0 0 0 0 0 0 0 0 0 0 0 0 0 0 0 0 0 0 0 0 0 0 0 0 0 0 0 0 0 0 0
14512.3 9170.06 7316.77 3396.19 3340.83 1758.68 1758.68 1334.65 608.164 608.164 608.164 528.955 411.83 295.324 155.68 145.01 89.6517 89.6517 58.2476 46.152 26.2372 14.803 9.6452 5.05536 4.29759 2.72782 1.47468 1.05526 0.763954 0.606382 0.288564 0.155536 0.0773556 0.0319291 0.0146293 0.00521122 0.00192648 0.000988247 0.00029174 1.26992e-05 2.69805e-06 6.64629e-07 1.58441e-07 3.00236e-08 0 0 0 0 0 0 0 0 0 0 0 0 0 0 0 0 0 0 0 0 0 0 0 0 0 0 0 0 0 0 0 0 0 0 0 0 0 0 0 0 0 0 0 0 0 0 0 0 0 0 0
15634.1 9194.96 6949.8 3776.87 2269.89 2103.78 1491.49 1125.75 605.716 594.495 594.495 393.643 304.783 217.264 155.68 140.522 90.8448 67.5657 48.3947 27.4797 16.2594 11.8592 8.22257 5.56853 3.98702 2.44403 1.26507 0.992081 0.732451 0.451956 0.219158 0.092313 0.050596 0.0211951 0.00719432 0.00300153 0.00138462 0.000530866 0.000228591 1.30733e-05 2.77905e-06 5.65617e-07 1.42595e-07 2.45731e-08 0 0 0 0 0 0 0 0 0 0 0 0 0 0 0 0 0 0 0 0 0 0 0 0 0 0 0 0 0 0 0 0 0 0 0 0 0 0 0 0 0 0 0 0 0 0 0 0 0 0 0
17944.4 9872.96 5044.67 3264.9 2226.13 2095.77 1167.86 1070.2 1033.81 711.724 503.908 384.666 311.861 248.843 187.728 149.396 101.85 72.4866 65.3417 37.9593 28.6871 15.9764 7.86338 6.09611 3.72254 3.0181 1.58389 1.21473 0.898521 0.543542 0.439408 0.147518 0.103219 0.031102 0.0144646 0.00762792 0.00237194 0.00126048 0.000496739 2.71397e-05 5.25567e-06 1.15548e-06 2.04746e-07 5.25996e-08 1.18491e-08 0 0 0 0 0 0 0 0 0 0 0 0 0 0 0 0 0 0 0 0 0 0 0 0 0 0 0 0 0 0 0 0 0 0 0 0 0 0 0 0 0 0 0 0 0 0 0 0 0 0
17127.8 8991.52 6179.36 3484.72 2421.6 1776.91 1521.28 920.664 920.664 648.338 512.145 333.65 248.547 214.047 148.208 108.738 97.183 64.4649 41.6576 39.9585 17.1406 12.5108 6.83477 4.70034 2.8287 2.1232 1.12176 0.83813 0.586086 0.343871 0.0903346 0.0804546 0.0244837 0.00952678 0.00568033 0.00183435 0.000774268 0.000308116 0.000147851 6.82121e-06 1.25153e-06 3.42504e-07 6.7118e-08 1.2305e-08 0 0 0 0 0 0 0 0 0 0 0 0 0 0 0 0 0 0 0 0 0 0 0 0 0 0 0 0 0 0 0 0 0 0 0 0 0 0 0 0 0 0 0 0 0 0 0 0 0 0 0
16717.3 9210.5 6939.25 2968.39 2890.41 2229.97 1668.13 745.606 745.606 595.371 494.711 428.577 286.981 238.468 180.184 115.733 97.9588 50.6802 50.6802 44.458 26.7431 14.6666 9.39185 5.9318 4.15429 2.04016 1.55481 1.01135 0.642679 0.504268 0.272454 0.116109 0.0458058 0.0259444 0.00916831 0.00374026 0.00116175 0.000447418 0.000207263 1.16942e-05 3.37458e-06 8.5245e-07 1.42757e-07 3.50694e-08 0 0 0 0 0 0 0 0 0 0 0 0 0 0 0 0 0 0 0 0 0 0 0 0 0 0 0 0 0 0 0 0 0 0 0 0 0 0 0 0 0 0 0 0 0 0 0 0 0 0 0
15372.1 9984 5798.83 4485.32 3087.84 1865.15 1685.55 1237.61 677.756 677.756 393.138 393.138 248.432 241.597 121.191 121.191 85.8624 55.0432 47.1343 30.2849 11.4803 9.46924 6.49461 4.41459 2.67901 1.39559 0.960376 0.634015 0.509827 0.265233 0.118583 0.0618653 0.0220712 0.00934827 0.00464075 0.00190139 0.00083838 0.000336107 0.000126083 5.32898e-06 1.4485e-06 3.79129e-07 4.45854e-08 1.05211e-08 0 0 0 0 0 0 0 0 0 0 0 0 0 0 0 0 0 0 0 0 0 0 0 0 0 0 0 0 0 0 0 0 0 0 0 0 0 0 0 0 0 0 0 0 0 0 0 0 0 0 0
17418 10293.7 5388.85 4077.84 3085.68 2383.93 1701.52 1205.46 975.798 749.202 598.965 414.763 367.855 227.924 158.168 132.393 100.816 77.9293 54.5117 40.8358 15.364 12.5677 10.0589 4.47893 3.57097 1.99339 1.33116 0.604133 0.572433 0.371733 0.223787 0.111681 0.0275585 0.0199018 0.00634918 0.00288268 0.00109882 0.000601055 0.000268032 1.19169e-05 2.30297e-06 5.75958e-07 9.91262e-08 2.20178e-08 0 0 0 0 0 0 0 0 0 0 0 0 0 0 0 0 0 0 0 0 0 0 0 0 0 0 0 0 0 0 0 0 0 0 0 0 0 0 0 0 0 0 0 0 0 0 0 0 0 0 0
14204.5 9684.65 6295.6 2979.33 2643.87 1827.64 1570.92 1164.63 1026.07 697.945 637.172 504.866 302.132 213.438 114.899 97.884 96.3729 67.8621 28.5881 28.5881 17.5468 12.6562 7.75128 5.08197 3.27065 2.19929 1.24742 0.988644 0.726634 0.432158 0.210185 0.102038 0.0416024 0.0195509 0.00833622 0.00359663 0.0013886 0.000616791 0.000184436 1.05349e-05 2.34472e-06 6.2939e-07 1.26346e-07 2.22718e-08 0 0 0 0 0 0 0 0 0 0 0 0 0 0 0 0 0 0 0 0 0 0 0 0 0 0 0 0 0 0 0 0 0 0 0 0 0 0 0 0 0 0 0 0 0 0 0 0 0 0 0
15590.2 8711.86 6939.47 2492.42 2120.36 2093.8 1293.8 877.993 852.357 628.372 551.563 421.932 338.373 218.691 192.271 156.201 112.46 85.6536 49.8049 29.9427 11.5868 11.3149 8.99431 5.08684 3.22335 1.60409 1.14705 0.803308 0.627395 0.388174 0.185026 0.0837231 0.0300831 0.0146524 0.0059089 0.00178787 0.0010858 0.000337435 0.00015173 5.54951e-06 1.1267e-06 2.39686e-07 5.28311e-08 1.23318e-08 0 0 0 0 0 0 0 0 0 0 0 0 0 0 0 0 0 0 0 0 0 0 0 0 0 0 0 0 0 0 0 0 0 0 0 0 0 0 0 0 0 0 0 0 0 0 0 0 0 0 0
13430.8 9841.1 3535.64 3535.64 2581.93 1508.9 1290.07 1187.4 831.908 665.235 665.235 434.044 250.237 217.298 209.218 127.277 113.439 51.6772 51.6772 34.1493 19.1372 12.3418 9.87246 6.54399 3.85484 2.1338 1.3464 0.869002 0.67043 0.294463 0.178112 0.0983639 0.04537 0.0179785 0.00903532 0.00346741 0.00140783 0.000674721 0.000172378 1.07479e-05 2.53242e-06 5.1661e-07 1.02522e-07 2.10349e-08 0 0 0 0 0 0 0 0 0 0 0 0 0 0 0 0 0 0 0 0 0 0 0 0 0 0 0 0 0 0 0 0 0 0 0 0 0 0 0 0 0 0 0 0 0 0 0 0 0 0 0
15276.4 7446.65 7073.27 3521.15 2522.24 1691.12 1233.75 1233.75 613.364 613.364 606.722 378.305 258.504 234.324 161.498 129.433 92.662 81.3603 67.5104 38.876 21.1281 12.5461 9.26359 6.97668 4.19765 2.32421 1.24117 1.0301 0.706389 0.504458 0.284749 0.120887 0.047699 0.0218795 0.00502948 0.00308643 0.00120325 0.00042345 0.000223203 1.15885e-05 2.48785e-06 4.32709e-07 9.1532e-08 2.16379e-08 0 0 0 0 0 0 0 0 0 0 0 0 0 0 0 0 0 0 0 0 0 0 0 0 0 0 0 0 0 0 0 0 0 0 0 0 0 0 0 0 0 0 0 0 0 0 0 0 0 0 0
16855.3 8106.23 7766.79 3878.43 2995.27 1972.44 1646.28 1186.02 879.29 595.789 595.789 324.465 314.488 187.285 168.579 98.8254 85.7079 58.7829 45.5911 30.7736 19.0212 9.42525 5.75246 5.58274 3.40829 1.81652 1.35536 0.71464 0.657956 0.407506 0.219717 0.0827018 0.0391255 0.0216835 0.00715648 0.00270218 0.00180349 0.000547547 0.000179794 8.25552e-06 1.3877e-06 4.79153e-07 8.54596e-08 1.59945e-08 0 0 0 0 0 0 0 0 0 0 0 0 0 0 0 0 0 0 0 0 0 0 0 0 0 0 0 0 0 0 0 0 0 0 0 0 0 0 0 0 0 0 0 0 0 0 0 0 0 0 0
9937.03 9600.42 7016.34 4210.17 2482.54 1753.41 1140.83 1140.83 691.144 632.661 575.631 268.028 268.028 187.443 164.905 132.482 108.866 76.5128 46.1754 46.1754 29.7304 18.1298 9.1233 6.16519 4.37372 2.41647 1.28345 1.01849 0.823924 0.404522 0.319763 0.146453 0.064899 0.0193879 0.0113623 0.00413025 0.00178863 0.000629134 0.000236948 2.11899e-05 4.28997e-06 8.94064e-07 2.19744e-07 3.62437e-08 0 0 0 0 0 0 0 0 0 0 0 0 0 0 0 0 0 0 0 0 0 0 0 0 0 0 0 0 0 0 0 0 0 0 0 0 0 0 0 0 0 0 0 0 0 0 0 0 0 0 0
13170 7947 5543.88 3475.94 2776.98 1910.4 1461.51 1283.86 939.718 785.417 595.427 506.624 288.304 196.007 137.629 137.629 92.2435 67.537 49.2118 32.7448 23.3515 13.6452 8.19801 5.71083 4.15864 2.04819 0.992609 0.898338 0.56101 0.407574 0.17962 0.0981674 0.0400964 0.0137788 0.00579437 0.00201697 0.000965183 0.000401581 0.00017965 8.91248e-06 1.48322e-06 3.1072e-07 6.71887e-08 1.03869e-08 0 0 0 0 0 0 0 0 0 0 0 0 0 0 0 0 0 0 0 0 0 0 0 0 0 0 0 0 0 0 0 0 0 0 0 0 0 0 0 0 0 0 0 0 0 0 0 0 0 0 0
11716.4 9496.09 6623.36 3261.39 2619.95 1738.43 1380.77 1213.97 1024.9 776.759 503.846 431.827 315.579 252.84 153.816 116.658 78.9629 55.419 49.8386 32.0212 20.6344 9.98205 5.93326 5.81423 2.88138 1.89753 1.02018 0.872488 0.72643 0.406979 0.213897 0.0889669 0.0447423 0.0147201 0.00662817 0.00228338 0.000941151 0.000369617 0.000138357 9.18425e-06 1.58395e-06 4.46048e-07 8.67767e-08 1.40701e-08 0 0 0 0 0 0 0 0 0 0 0 0 0 0 0 0 0 0 0 0 0 0 0 0 0 0 0 0 0 0 0 0 0 0 0 0 0 0 0 0 0 0 0 0 0 0 0 0 0 0 0
15781.2 10525.7 5421.83 3191.73 2249.64 2127.1 1808.72 1524.94 886.193 868.327 690.618 465.396 348.721 204.035 180.799 169.356 104.45 104.45 64.2169 39.7105 28.1377 15.8338 13.7951 6.8277 4.2952 3.03515 1.93187 1.1791 0.879125 0.546787 0.261133 0.192484 0.0813601 0.0321829 0.0147153 0.00680129 0.00252511 0.000986436 0.000439914 2.82893e-05 5.42765e-06 1.31792e-06 2.019e-07 4.71611e-08 0 0 0 0 0 0 0 0 0 0 0 0 0 0 0 0 0 0 0 0 0 0 0 0 0 0 0 0 0 0 0 0 0 0 0 0 0 0 0 0 0 0 0 0 0 0 0 0 0 0 0
15321.3 12055.1 6855.52 3636.5 3238.67 2479.36 1904.88 1224.82 1055.68 692.22 388.638 325.359 292.157 249.829 167.557 126.383 99.1489 74.6938 50.6296 29.4029 23.2079 10.0749 7.14153 5.23157 3.98463 1.7175 1.18996 1.02786 0.746698 0.427739 0.216377 0.108309 0.0426991 0.0223444 0.0066766 0.00245222 0.00156169 0.000533228 0.00020152 8.03947e-06 2.28072e-06 5.77328e-07 1.05032e-07 2.52852e-08 0 0 0 0 0 0 0 0 0 0 0 0 0 0 0 0 0 0 0 0 0 0 0 0 0 0 0 0 0 0 0 0 0 0 0 0 0 0 0 0 0 0 0 0 0 0 0 0 0 0 0
12274.4 8799.6 6236.91 4294.22 2488.66 2235.4 1621.24 1342.71 1310.43 712.254 458.948 393.032 393.032 264.148 239.593 187.181 138.317 94.2721 80.4247 54.4663 26.8623 22.8376 13.4513 6.31094 4.36306 2.92702 1.59284 1.14491 0.8608 0.549364 0.24974 0.170475 0.0603378 0.0368084 0.0162901 0.00431829 0.0022916 0.000751121 0.000324627 1.62707e-05 3.82349e-06 8.36038e-07 2.02077e-07 4.4686e-08 0 0 0 0 0 0 0 0 0 0 0 0 0 0 0 0 0 0 0 0 0 0 0 0 0 0 0 0 0 0 0 0 0 0 0 0 0 0 0 0 0 0 0 0 0 0 0 0 0 0 0
13246.2 6255.7 6255.7 2492.11 2492.11 2141.64 1341.86 713.002 620.857 620.857 377.838 377.838 354.286 234.431 198.447 140.728 105.858 84.0832 60.3847 41.0604 25.2775 14.9263 8.48595 6.40695 4.17761 2.02685 1.12655 0.855831 0.735839 0.405323 0.220703 0.105038 0.038914 0.014397 0.00747143 0.00279083 0.00145619 0.000455167 0.000198075 1.25679e-05 2.49851e-06 4.8039e-07 1.09921e-07 2.16631e-08 0 0 0 0 0 0 0 0 0 0 0 0 0 0 0 0 0 0 0 0 0 0 0 0 0 0 0 0 0 0 0 0 0 0 0 0 0 0 0 0 0 0 0 0 0 0 0 0 0 0 0
12827.7 9243.32 5170.55 2927.57 1998.83 1998.83 1323.15 1248.24 780.454 736.291 564.091 384.665 293.749 252.334 177.558 131.38 79.6847 75.5174 43.9121 29.1965 24.155 15.7527 8.62257 6.65241 4.56633 2.83212 1.133 1.04209 0.782265 0.454236 0.234287 0.102978 0.0558132 0.0137962 0.0101536 0.00364201 0.00143861 0.000677082 0.000224845 1.75044e-05 3.05765e-06 6.52747e-07 2.02137e-07 3.79722e-08 0 0 0 0 0 0 0 0 0 0 0 0 0 0 0 0 0 0 0 0 0 0 0 0 0 0 0 0 0 0 0 0 0 0 0 0 0 0 0 0 0 0 0 0 0 0 0 0 0 0 0
15516.2 8868.66 5885.21 3629.47 3262.49 1754.84 1754.84 1361.38 1070.17 898.763 660.833 493.536 322.135 194.019 112.788 112.788 107.219 81.7895 51.8475 31.3166 15.0194 10.9496 6.68093 5.50143 2.43949 1.60402 1.18406 0.653211 0.489076 0.312152 0.150535 0.0562889 0.0319036 0.0129235 0.00514192 0.00200873 0.000701822 0.000316671 0.000117896 5.98937e-06 1.31594e-06 2.90843e-07 7.53985e-08 1.18987e-08 0 0 0 0 0 0 0 0 0 0 0 0 0 0 0 0 0 0 0 0 0 0 0 0 0 0 0 0 0 0 0 0 0 0 0 0 0 0 0 0 0 0 0 0 0 0 0 0 0 0 0
15371.8 6921.8 6921.8 4359.38 2664.48 2343.19 1689.69 1244.46 911.817 618.745 567.787 364.258 289.274 244.777 202.263 131.18 100.386 71.5437 42.4504 36.4927 23.6445 13.0294 8.02972 4.54363 3.00592 1.4407 1.05398 0.772838 0.527147 0.283798 0.204622 0.0982624 0.0344343 0.0161776 0.00725005 0.00319005 0.00125725 0.00036956 0.000160446 7.72085e-06 1.97766e-06 2.63481e-07 8.11169e-08 1.53877e-08 0 0 0 0 0 0 0 0 0 0 0 0 0 0 0 0 0 0 0 0 0 0 0 0 0 0 0 0 0 0 0 0 0 0 0 0 0 0 0 0 0 0 0 0 0 0 0 0 0 0 0
14993.2 8803.29 6649.85 4014.61 2838.61 1923.86 1381.52 1353.15 808.514 688.024 449.374 402.156 249.1 206.756 173.978 125.482 91.6724 78.4943 44.0291 40.7849 21.9319 11.4131 7.58145 5.82344 2.67123 1.96911 0.976045 0.677833 0.606238 0.28193 0.176421 0.0691299 0.0378732 0.0178767 0.00636345 0.00238872 0.00101793 0.000421149 0.000118286 6.90133e-06 1.61472e-06 2.85331e-07 7.26347e-08 1.54241e-08 0 0 0 0 0 0 0 0 0 0 0 0 0 0 0 0 0 0 0 0 0 0 0 0 0 0 0 0 0 0 0 0 0 0 0 0 0 0 0 0 0 0 0 0 0 0 0 0 0 0 0
16275 11290 7051.05 3105.4 2547.32 1955.25 1734.29 1432.27 801.896 670.868 544.374 399.956 304.599 204.635 161.211 155.633 97.7655 71.8862 38.8298 32.3669 25.5293 12.7485 8.91488 6.85661 5.02123 2.85202 1.28792 0.872684 0.639058 0.363179 0.228249 0.106616 0.0465057 0.0167119 0.00647465 0.00296615 0.00119659 0.000517468 0.000158874 7.4855e-06 2.10493e-06 3.31781e-07 8.44857e-08 2.06052e-08 0 0 0 0 0 0 0 0 0 0 0 0 0 0 0 0 0 0 0 0 0 0 0 0 0 0 0 0 0 0 0 0 0 0 0 0 0 0 0 0 0 0 0 0 0 0 0 0 0 0 0
16215.6 7730.77 6209.21 3875.27 1883.93 1872.53 1444.96 1258.55 910.376 750.031 527.526 453.384 338.535 241.772 198.76 159.001 130.999 79.9752 64.9114 38.8433 16.2209 13.0651 10.0597 6.24836 3.32288 1.68887 1.35541 0.949839 0.743569 0.384688 0.235963 0.0968452 0.0629838 0.0238186 0.00979289 0.00466853 0.00137031 0.00052955 0.000207123 1.12433e-05 3.40527e-06 5.82657e-07 1.14635e-07 2.70907e-08 0 0 0 0 0 0 0 0 0 0 0 0 0 0 0 0 0 0 0 0 0 0 0 0 0 0 0 0 0 0 0 0 0 0 0 0 0 0 0 0 0 0 0 0 0 0 0 0 0 0 0
17186.7 10112 8052.03 3927.74 3776.14 2238.37 2238.37 1526.07 1227.46 716.912 667.959 555.928 404.832 251.247 222.276 175.091 99.3065 81.1444 55.3725 32.2391 25.8424 15.046 8.27622 7.62602 4.46793 1.842 1.25271 1.04965 0.632771 0.500154 0.282432 0.124021 0.0502619 0.0211599 0.0122646 0.00352207 0.00162061 0.000870059 0.000302784 1.29384e-05 3.33749e-06 6.75259e-07 1.41363e-07 2.48143e-08 0 0 0 0 0 0 0 0 0 0 0 0 0 0 0 0 0 0 0 0 0 0 0 0 0 0 0 0 0 0 0 0 0 0 0 0 0 0 0 0 0 0 0 0 0 0 0 0 0 0 0
13908.5 9149.69 6982.72 3124.88 2562.03 1805.76 840.279 840.279 840.279 840.279 485.322 392.35 378.443 181.614 181.614 123.932 77.2941 58.3675 56.4891 43.7716 20.5188 13.2891 9.78082 6.65534 4.40623 2.5003 1.19317 1.08502 0.765772 0.488224 0.239427 0.126782 0.0489498 0.0184442 0.0107678 0.00363617 0.00150952 0.000761918 0.000275432 1.29616e-05 3.5135e-06 7.56459e-07 1.48229e-07 2.9486e-08 0 0 0 0 0 0 0 0 0 0 0 0 0 0 0 0 0 0 0 0 0 0 0 0 0 0 0 0 0 0 0 0 0 0 0 0 0 0 0 0 0 0 0 0 0 0 0 0 0 0 0
17218.7 8727.27 6228.88 4001.38 2196.99 1413.79 1413.79 1354.18 1085.06 866.57 496.644 387.967 387.967 254.869 209.351 133.352 110.734 73.5851 62.2688 35.3878 27.4342 15.3107 11.7693 6.66373 4.68141 2.67091 1.43946 0.971225 0.706486 0.45514 0.258082 0.114537 0.0526763 0.0228102 0.00988888 0.00387439 0.00166396 0.00060171 0.000219859 1.44212e-05 1.97482e-06 4.94346e-07 1.17824e-07 3.08534e-08 0 0 0 0 0 0 0 0 0 0 0 0 0 0 0 0 0 0 0 0 0 0 0 0 0 0 0 0 0 0 0 0 0 0 0 0 0 0 0 0 0 0 0 0 0 0 0 0 0 0 0
13971.2 9105.62 5203.9 3363.06 2514.82 1999.67 1097.98 1097.98 763.404 576.393 576.393 362.375 353.429 160.778 160.778 129.722 96.4667 78.9148 55.2147 30.8577 20.1357 11.0939 7.2774 5.17387 2.68186 1.56991 1.16511 0.906848 0.556383 0.373489 0.186613 0.0985873 0.0413261 0.0144393 0.00614025 0.002391 0.00115487 0.000522284 0.000175715 9.71044e-06 2.02509e-06 4.50691e-07 8.82744e-08 1.87866e-08 0 0 0 0 0 0 0 0 0 0 0 0 0 0 0 0 0 0 0 0 0 0 0 0 0 0 0 0 0 0 0 0 0 0 0 0 0 0 0 0 0 0 0 0 0 0 0 0 0 0 0
11539.2 9191.85 6653.41 3154.45 2372.91 1974.07 1813.27 1121.93 1121.93 764.424 561.551 383.339 268.759 250.659 105.888 76.6951 68.9378 68.9378 58.395 30.1348 20.7827 12.7549 7.8388 7.08196 2.95602 1.48826 1.28834 0.80641 0.572531 0.364959 0.152901 0.0597882 0.0392221 0.0197072 0.00702456 0.00319226 0.00114607 0.000542698 0.000247983 1.17521e-05 2.17223e-06 4.7095e-07 9.9966e-08 2.01148e-08 0 0 0 0 0 0 0 0 0 0 0 0 0 0 0 0 0 0 0 0 0 0 0 0 0 0 0 0 0 0 0 0 0 0 0 0 0 0 0 0 0 0 0 0 0 0 0 0 0 0 0
16110.6 11636.8 7418.99 3330.16 2334.67 2319.86 1462.45 1087.05 797.145 711.501 560.495 417.011 331.527 285.259 221.825 108.905 93.3209 79.3046 60.3076 29.4547 22.9101 18.9003 9.30893 6.2252 3.75025 3.0745 1.11838 1.0226 0.764289 0.555409 0.281301 0.162395 0.0736625 0.0195535 0.00944465 0.00519487 0.00184996 0.000787826 0.000227105 1.18814e-05 3.21229e-06 6.5109e-07 1.36492e-07 3.37185e-08 0 0 0 0 0 0 0 0 0 0 0 0 0 0 0 0 0 0 0 0 0 0 0 0 0 0 0 0 0 0 0 0 0 0 0 0 0 0 0 0 0 0 0 0 0 0 0 0 0 0 0
17126.2 8764.59 5627.06 3421.18 2854.73 2204.09 1422.18 1065.23 869.664 770.743 533.784 344.588 325.282 194.773 188.262 120.658 113.918 84.8543 61.2791 26.6328 20.639 12.1097 5.94913 5.80904 3.4565 2.04828 1.15492 0.978034 0.627948 0.361577 0.17467 0.074264 0.031413 0.0123867 0.00368553 0.00175683 0.000860904 0.000277345 9.46459e-05 4.96211e-06 1.39314e-06 3.10763e-07 5.44843e-08 0 0 0 0 0 0 0 0 0 0 0 0 0 0 0 0 0 0 0 0 0 0 0 0 0 0 0 0 0 0 0 0 0 0 0 0 0 0 0 0 0 0 0 0 0 0 0 0 0 0 0 0
