7194.41 5626.15 4133.84 3693.68 3401.64 2718.63 1983.45 1695.61 1345.15 1036.78 845.423 702.159 543.459 449.812 367.893 325.397 271.674 222.299 182.582 158.48 140.364 136.688 124.255 118.767 115.928 114.489 112.228 107.881 104.316 102.647 101.465 100.599 100.446 100.241 100.105 100.076 100.047 100.029 100.015 100.004 100.002 100.001 100 100 100 100 100 100 100 100 100 100 100 100 100 100 100 100 100 100 100 100 100 100 100 100 100 100 100 100 100 100 100 100 100 100 100 100 100 100 100 100 100 100 100 100 100 100 100 100 100 100 100 100 100
7315.36 5671.06 4356.15 3191.6 2901.99 2602.25 1781.04 1465.57 1158.02 948.728 691.968 452.516 452.516 389.169 336.114 308.083 242.848 190.025 169.591 158.191 142.519 128.417 123.374 119.061 114.801 113.952 109.987 106.942 103.53 102.073 100.992 100.592 100.37 100.173 100.11 100.06 100.038 100.021 100.014 100.003 100.001 100.001 100 100 100 100 100 100 100 100 100 100 100 100 100 100 100 100 100 100 100 100 100 100 100 100 100 100 100 100 100 100 100 100 100 100 100 100 100 100 100 100 100 100 100 100 100 100 100 100 100 100 100 100 100
7589.66 4981.18 4981.18 3727.62 3499.32 3368.61 2349.35 2107.9 1672.78 1157.93 1105.14 800.641 681.848 546.518 489.891 431.442 344.146 310.057 250.149 221.281 182.213 166.19 144.439 133.675 124.126 121.524 117.677 115.361 113.154 108.381 105.221 103.011 101.918 100.922 100.497 100.218 100.143 100.098 100.046 100.013 100.005 100.002 100.001 100 100 100 100 100 100 100 100 100 100 100 100 100 100 100 100 100 100 100 100 100 100 100 100 100 100 100 100 100 100 100 100 100 100 100 100 100 100 100 100 100 100 100 100 100 100 100 100 100 100 100 100
6066.88 5417.92 4493.36 3797.04 3341.71 3310.22 2686.36 2064.8 1621.55 1442.67 1192.21 918.073 847.781 605.527 568.618 449.597 364.403 289.145 234.351 214.254 178.623 146.66 136.821 128.036 120.941 118.234 115.365 111.673 106.895 105.466 103.183 101.656 100.775 100.47 100.258 100.145 100.083 100.051 100.028 100.005 100.002 100.001 100 100 100 100 100 100 100 100 100 100 100 100 100 100 100 100 100 100 100 100 100 100 100 100 100 100 100 100 100 100 100 100 100 100 100 100 100 100 100 100 100 100 100 100 100 100 100 100 100 100 100 100 100
6992.35 6105.16 4095.09 3173.47 3173.47 2575.42 2004.23 1611.87 1435.08 950.865 825.421 633.589 562.445 512.957 458.373 385.033 314.726 273.688 233.747 183.383 156.953 143.393 131.709 125.247 118.179 116.042 113.457 110.947 106.884 103.375 101.869 100.9 100.565 100.3 100.177 100.092 100.065 100.036 100.02 100.005 100.002 100.001 100 100 100 100 100 100 100 100 100 100 100 100 100 100 100 100 100 100 100 100 100 100 100 100 100 100 100 100 100 100 100 100 100 100 100 100 100 100 100 100 100 100 100 100 100 100 100 100 100 100 100 100 100
6888.24 4924.26 4824.05 3092.39 2233.3 2233.3 1554.32 1490.44 848.852 848.852 698.271 558.741 416.915 349.845 296.577 239.507 203.753 175.181 152.417 145.858 127.686 124.979 118.646 116.064 114.489 110.406 108.082 104.926 102.585 101.396 100.652 100.477 100.249 100.165 100.092 100.049 100.031 100.023 100.012 100.003 100.001 100.001 100 100 100 100 100 100 100 100 100 100 100 100 100 100 100 100 100 100 100 100 100 100 100 100 100 100 100 100 100 100 100 100 100 100 100 100 100 100 100 100 100 100 100 100 100 100 100 100 100 100 100 100 100
8155.9 7405.85 6497.73 4624.77 3881.42 3158.68 3095.46 2919.96 2470.69 1911.92 1654.63 1177.68 1029.57 848.221 733.823 600.824 541.655 453.613 377.425 349.2 220.795 220.795 202.961 158.345 144.527 131.688 124.33 118.951 117.049 114.393 111.633 107.138 103.535 102.057 101.2 100.629 100.324 100.18 100.112 100.022 100.009 100.004 100.002 100.001 100 100 100 100 100 100 100 100 100 100 100 100 100 100 100 100 100 100 100 100 100 100 100 100 100 100 100 100 100 100 100 100 100 100 100 100 100 100 100 100 100 100 100 100 100 100 100 100 100 100 100
7078.11 6726.84 5894.89 3884.28 3654.75 2915.37 2648.29 1516.62 1516.62 1359.29 966.856 912.162 715.149 596.707 516.373 439.553 367.663 343.997 252.871 228.231 197.946 171.718 148.359 136.108 126.863 122.357 117.404 114.532 112.459 109.449 104.078 102.699 101.369 100.815 100.412 100.228 100.139 100.07 100.043 100.008 100.004 100.002 100.001 100 100 100 100 100 100 100 100 100 100 100 100 100 100 100 100 100 100 100 100 100 100 100 100 100 100 100 100 100 100 100 100 100 100 100 100 100 100 100 100 100 100 100 100 100 100 100 100 100 100 100 100
8382.6 6235.75 3907.88 3539.45 3493.96 2959.09 2598.08 1915.7 1636.06 1322.41 918.052 773.526 670.408 565.24 454.461 372.006 310.984 243.654 230.993 181.213 164.709 144.055 133.308 124.183 118.226 116.362 112.731 108.167 107.409 103.776 101.865 101.025 100.595 100.343 100.181 100.094 100.057 100.037 100.02 100.005 100.002 100.001 100 100 100 100 100 100 100 100 100 100 100 100 100 100 100 100 100 100 100 100 100 100 100 100 100 100 100 100 100 100 100 100 100 100 100 100 100 100 100 100 100 100 100 100 100 100 100 100 100 100 100 100 100
7838.75 5375.16 4833.29 3026.53 3026.53 2946.48 2581.79 1943.02 1435.93 1319.76 994.66 797.991 613.3 500.111 428.071 384.907 311.722 241.899 213.666 170.437 161.396 143.428 131.184 123.198 119.314 116.263 112.525 111.092 105.901 103.171 102.314 101.064 100.623 100.404 100.221 100.126 100.073 100.041 100.022 100.005 100.003 100.001 100 100 100 100 100 100 100 100 100 100 100 100 100 100 100 100 100 100 100 100 100 100 100 100 100 100 100 100 100 100 100 100 100 100 100 100 100 100 100 100 100 100 100 100 100 100 100 100 100 100 100 100 100
8485.44 6665.02 6557.72 4117.51 3353.58 3353.58 2713.94 2713.94 2401.48 1595.03 1348.54 1235.96 953.21 728.071 713.162 535.975 493.099 360.475 316.128 299.701 225.369 190.85 158.78 134.107 127.696 123.705 118.815 115.974 113.851 109.811 106.706 103.24 101.931 101.166 100.576 100.32 100.171 100.091 100.054 100.012 100.005 100.002 100.001 100 100 100 100 100 100 100 100 100 100 100 100 100 100 100 100 100 100 100 100 100 100 100 100 100 100 100 100 100 100 100 100 100 100 100 100 100 100 100 100 100 100 100 100 100 100 100 100 100 100 100 100
6403.93 5862.81 4324.82 3057.89 2466.63 1681.53 1277.74 1263.15 913.123 842.322 722.206 570.366 478.153 391.875 313.664 299.625 244.369 199.199 166.349 145.156 138.554 132.851 121.63 118.755 114.956 112.413 110.14 105.732 103.495 101.064 101.064 100.551 100.329 100.191 100.1 100.057 100.038 100.018 100.013 100.002 100.001 100.001 100 100 100 100 100 100 100 100 100 100 100 100 100 100 100 100 100 100 100 100 100 100 100 100 100 100 100 100 100 100 100 100 100 100 100 100 100 100 100 100 100 100 100 100 100 100 100 100 100 100 100 100 100
7021.37 6856.07 5980.3 4015.47 3755.83 2656.13 2534.31 2085.31 1712.37 1103.91 1076.6 880.259 787.65 581.758 443.226 377.5 329.876 274.765 217.765 172.88 172.88 147.277 134.552 126.538 120.816 117.133 114.471 111.999 107.715 103.466 102.325 101.285 100.561 100.387 100.227 100.124 100.072 100.04 100.027 100.006 100.003 100.001 100.001 100 100 100 100 100 100 100 100 100 100 100 100 100 100 100 100 100 100 100 100 100 100 100 100 100 100 100 100 100 100 100 100 100 100 100 100 100 100 100 100 100 100 100 100 100 100 100 100 100 100 100 100
6946.29 6945.46 4831.46 3535.18 2928.85 2563.66 1733.59 1339.37 1339.37 1105.93 912.482 642.908 641.533 538.867 362.212 362.212 305.86 291.243 245.266 197.683 170.674 156.914 138.574 130.161 122.728 117.989 116.083 113.526 110.581 106.847 103.775 101.425 100.957 100.484 100.3 100.184 100.11 100.059 100.036 100.008 100.004 100.002 100.001 100 100 100 100 100 100 100 100 100 100 100 100 100 100 100 100 100 100 100 100 100 100 100 100 100 100 100 100 100 100 100 100 100 100 100 100 100 100 100 100 100 100 100 100 100 100 100 100 100 100 100 100
7056.82 6560.19 5442.99 2713.71 2713.71 2591.03 1992.95 1683 1339.73 1132.22 869.836 708.695 496.843 461.336 393.221 344.749 288.87 230.015 186.603 174.725 150.899 138.075 128.637 121.951 118.632 114.405 112.955 108.874 104.189 102.935 101.585 100.833 100.499 100.292 100.166 100.084 100.052 100.03 100.019 100.004 100.002 100.001 100 100 100 100 100 100 100 100 100 100 100 100 100 100 100 100 100 100 100 100 100 100 100 100 100 100 100 100 100 100 100 100 100 100 100 100 100 100 100 100 100 100 100 100 100 100 100 100 100 100 100 100 100
8356.43 6046.1 5955.54 4105.7 3502.04 3225.33 2457.26 1860.91 1739.6 1340.35 1013.66 700.404 664.93 622.691 525.665 439.709 369.533 292.924 286.394 233.676 191.39 173.193 149.25 136.751 127.511 120.95 117.519 115.284 112.02 109.19 105.007 103.015 101.617 100.686 100.437 100.268 100.146 100.09 100.048 100.009 100.003 100.002 100.001 100 100 100 100 100 100 100 100 100 100 100 100 100 100 100 100 100 100 100 100 100 100 100 100 100 100 100 100 100 100 100 100 100 100 100 100 100 100 100 100 100 100 100 100 100 100 100 100 100 100 100 100
7193.12 7193.12 6063.85 5282.26 4736.57 3575.17 3575.17 2940.75 2360.8 1795.14 1700.76 996.23 996.23 892.635 559.162 532.159 473.888 404.003 304.213 256.195 216.959 161.999 159.711 134.542 130.362 122.569 119.029 115.415 113.801 110.631 106.304 103.052 101.836 101.009 100.494 100.247 100.15 100.1 100.055 100.011 100.005 100.002 100.001 100 100 100 100 100 100 100 100 100 100 100 100 100 100 100 100 100 100 100 100 100 100 100 100 100 100 100 100 100 100 100 100 100 100 100 100 100 100 100 100 100 100 100 100 100 100 100 100 100 100 100 100
7096.78 6592.93 5250.58 3901.63 3776.2 2978.48 2248.88 2212.07 1332.81 1305.67 1078.09 859.052 673.476 652.331 453.692 428.974 396.959 283.972 261.633 216.968 183.17 164.494 136.624 129.353 123.456 119.093 115.232 113.916 110.61 105.63 101.863 101.427 100.93 100.415 100.262 100.152 100.069 100.043 100.027 100.006 100.002 100.001 100 100 100 100 100 100 100 100 100 100 100 100 100 100 100 100 100 100 100 100 100 100 100 100 100 100 100 100 100 100 100 100 100 100 100 100 100 100 100 100 100 100 100 100 100 100 100 100 100 100 100 100 100
6957.63 6957.63 6618.66 4609.11 3549.29 3171.06 2461.16 2346.36 1986.39 1486.72 1014 899.202 763.61 681.209 582.35 484.463 440.769 321.467 299.58 297.757 226.592 204.662 189.625 160.096 141.568 132.376 124.271 119.748 115.762 113.085 110.309 106.42 103.459 101.819 100.889 100.51 100.265 100.173 100.092 100.016 100.007 100.003 100.002 100.001 100 100 100 100 100 100 100 100 100 100 100 100 100 100 100 100 100 100 100 100 100 100 100 100 100 100 100 100 100 100 100 100 100 100 100 100 100 100 100 100 100 100 100 100 100 100 100 100 100 100 100
8723.4 7115.51 5356.22 3645.61 2805.48 2805.48 2428.09 2266.55 1754.31 1389.16 1137.21 837.461 755.396 589.166 524.005 421.717 382.407 282.417 233 201.455 169.334 153.886 136.273 127.864 122.476 118.018 115.423 113.109 110.522 105.443 102.893 101.658 100.849 100.51 100.272 100.16 100.094 100.062 100.035 100.007 100.003 100.001 100.001 100 100 100 100 100 100 100 100 100 100 100 100 100 100 100 100 100 100 100 100 100 100 100 100 100 100 100 100 100 100 100 100 100 100 100 100 100 100 100 100 100 100 100 100 100 100 100 100 100 100 100 100
7811.52 6166.04 5002.59 3566.53 3038.44 2711.72 1971.18 1739.05 1284.66 1142.1 842.389 691.672 602.521 445.767 405.424 326.785 274.85 250.092 206.309 167.658 153.323 138.941 128.229 122.777 119.087 115.761 112.237 108.142 105.745 103.593 101.872 101.082 100.616 100.309 100.194 100.124 100.073 100.043 100.021 100.006 100.002 100.001 100 100 100 100 100 100 100 100 100 100 100 100 100 100 100 100 100 100 100 100 100 100 100 100 100 100 100 100 100 100 100 100 100 100 100 100 100 100 100 100 100 100 100 100 100 100 100 100 100 100 100 100 100
8805.32 5433.22 5433.22 4620.78 4208.16 3099.57 3099.57 3099.57 2054.6 1833.1 1457.39 1180.83 868.546 754.521 609.405 458.492 451.742 365.586 319.333 225.306 191.569 166.642 145.54 132.087 125.802 118.541 115.896 114.425 110.967 106.168 103.597 102.09 101 100.589 100.347 100.197 100.114 100.065 100.042 100.007 100.004 100.002 100.001 100 100 100 100 100 100 100 100 100 100 100 100 100 100 100 100 100 100 100 100 100 100 100 100 100 100 100 100 100 100 100 100 100 100 100 100 100 100 100 100 100 100 100 100 100 100 100 100 100 100 100 100
8534.02 7616.88 7578.13 6916.99 5813.69 5813.69 5813.69 5813.69 4093.27 4093.27 4093.27 3911.7 3911.7 3026.82 2977.23 2456.58 2164.1 1580.57 1314.74 1153.03 902.627 691.121 577.514 409.508 303.351 252.408 206.562 175.478 147.595 139.199 126.781 120.837 116.367 114.5 111.808 107.44 104.01 101.905 100.846 100.138 100.061 100.027 100.01 100.005 100.002 100.001 100 100 100 100 100 100 100 100 100 100 100 100 100 100 100 100 100 100 100 100 100 100 100 100 100 100 100 100 100 100 100 100 100 100 100 100 100 100 100 100 100 100 100 100 100 100 100 100 100
7197.73 4609.4 4609.4 3717.13 2611.7 2611.7 2200.34 1790.68 1236.81 1095.94 715.865 579.117 579.117 458.114 343.507 307.163 247.435 230.36 189.544 171.564 148.384 131.472 127.178 120.337 117.68 115.281 112.451 108.568 104.778 102.966 101.308 100.835 100.53 100.289 100.142 100.091 100.05 100.034 100.022 100.004 100.002 100.001 100 100 100 100 100 100 100 100 100 100 100 100 100 100 100 100 100 100 100 100 100 100 100 100 100 100 100 100 100 100 100 100 100 100 100 100 100 100 100 100 100 100 100 100 100 100 100 100 100 100 100 100 100
8029.42 5550.94 5550.94 3987.84 3477.8 3088.62 2572.86 2572.86 1944.37 1830.69 1400.03 1119.58 888.897 744.482 544.644 519.99 418.036 356.889 332.018 280.399 232.686 192.181 171.691 152.58 139.859 128.445 123.168 117.562 115.167 112.11 108.63 104.866 102.68 101.368 100.79 100.422 100.207 100.084 100.068 100.016 100.008 100.003 100.001 100.001 100 100 100 100 100 100 100 100 100 100 100 100 100 100 100 100 100 100 100 100 100 100 100 100 100 100 100 100 100 100 100 100 100 100 100 100 100 100 100 100 100 100 100 100 100 100 100 100 100 100 100
7685.64 5997.86 4697.88 2669.07 2669.07 2226.39 2057.35 1808.29 1466.12 1123.65 909.994 785.524 664.056 507.393 432.783 410.853 351.284 256.738 217.682 176.73 167.078 143.871 127.903 123.993 120.127 115.977 114.397 111.167 105.993 104.092 102.648 101.339 100.696 100.376 100.202 100.099 100.075 100.046 100.025 100.006 100.003 100.001 100 100 100 100 100 100 100 100 100 100 100 100 100 100 100 100 100 100 100 100 100 100 100 100 100 100 100 100 100 100 100 100 100 100 100 100 100 100 100 100 100 100 100 100 100 100 100 100 100 100 100 100 100
7601.22 6173.15 5683.94 4171.41 3497.92 3229.3 2609.36 1694.06 1694.06 1276.23 921.871 817.815 761.875 669.536 437.422 429.756 373.946 311.386 239.563 229.669 167.552 145.835 140.556 130.541 122.999 118.603 115.85 113.736 109.124 106.392 103.032 101.859 100.877 100.606 100.294 100.192 100.095 100.065 100.038 100.008 100.003 100.002 100.001 100 100 100 100 100 100 100 100 100 100 100 100 100 100 100 100 100 100 100 100 100 100 100 100 100 100 100 100 100 100 100 100 100 100 100 100 100 100 100 100 100 100 100 100 100 100 100 100 100 100 100 100
7721.27 7499.79 4757.81 3625.17 3534.58 2781.65 2130.39 1725.9 1343.58 1172.01 872.557 689.865 597.108 532.937 468.155 413.387 341.032 284.242 241.74 201.831 170.189 153.32 136.507 126.52 122.081 117.947 115.275 113.27 108.38 105.76 102.842 101.489 100.705 100.458 100.254 100.167 100.092 100.045 100.03 100.006 100.002 100.001 100.001 100 100 100 100 100 100 100 100 100 100 100 100 100 100 100 100 100 100 100 100 100 100 100 100 100 100 100 100 100 100 100 100 100 100 100 100 100 100 100 100 100 100 100 100 100 100 100 100 100 100 100 100
7698.57 4518.26 4518.26 4518.26 4444.69 3774.15 2788.91 2788.91 2288.4 1832.39 1482.2 1106.05 1029.16 819.148 682.22 587.63 463.673 426.273 340.763 277.477 248.633 212.539 175.145 150.746 133.817 127.77 120.276 117.187 114.34 111.526 108.289 104.338 102.329 101.283 100.629 100.379 100.21 100.1 100.068 100.014 100.006 100.003 100.001 100 100 100 100 100 100 100 100 100 100 100 100 100 100 100 100 100 100 100 100 100 100 100 100 100 100 100 100 100 100 100 100 100 100 100 100 100 100 100 100 100 100 100 100 100 100 100 100 100 100 100 100
7225.41 6337.31 5898.82 3742.9 3742.9 3567.64 2942.56 2487.54 2015.38 1600.25 1284.01 977.466 760.176 668.156 493.683 445.598 370.299 245.145 245.145 216.485 170.349 163.194 146.768 134.853 126.715 120.495 117.326 114.237 112.339 108.931 105.176 102.408 101.458 100.831 100.34 100.222 100.121 100.071 100.044 100.008 100.004 100.002 100.001 100 100 100 100 100 100 100 100 100 100 100 100 100 100 100 100 100 100 100 100 100 100 100 100 100 100 100 100 100 100 100 100 100 100 100 100 100 100 100 100 100 100 100 100 100 100 100 100 100 100 100 100
8545.88 7317.83 5340.44 4262.57 3410.66 2946.16 2458.41 1816.43 1753.52 1078.28 1078.28 851.294 690.398 561.148 493.962 395.518 385.236 319.908 252.086 218.567 195.972 161.677 147.639 131.19 124.167 119.291 116.633 114.157 110.529 107.731 104.114 102.517 101.367 100.641 100.371 100.158 100.105 100.066 100.035 100.007 100.004 100.002 100.001 100 100 100 100 100 100 100 100 100 100 100 100 100 100 100 100 100 100 100 100 100 100 100 100 100 100 100 100 100 100 100 100 100 100 100 100 100 100 100 100 100 100 100 100 100 100 100 100 100 100 100 100
5955.67 5955.67 4951.99 3632.85 2913.03 2417.11 2106.47 1812.4 1392.07 1003.92 932.543 697.776 543.51 432.824 403.948 274.411 264.798 234.673 212.554 178.385 150.389 139.338 128.931 122.831 116.904 115.732 113.999 110.738 105.558 103.058 101.394 101.098 100.753 100.332 100.226 100.129 100.075 100.047 100.026 100.006 100.002 100.001 100.001 100 100 100 100 100 100 100 100 100 100 100 100 100 100 100 100 100 100 100 100 100 100 100 100 100 100 100 100 100 100 100 100 100 100 100 100 100 100 100 100 100 100 100 100 100 100 100 100 100 100 100 100
4639.21 4456.6 4456.6 3113.64 2517.67 2505.56 1878.44 1429.56 1244.25 915.153 769.954 534.451 478.943 315.657 313.962 243.92 213.017 192.146 162.703 145.029 133.722 126.09 119.393 116.421 114.995 111.925 108.694 104.453 102.608 101.043 100.886 100.506 100.229 100.154 100.098 100.056 100.037 100.023 100.016 100.003 100.001 100.001 100 100 100 100 100 100 100 100 100 100 100 100 100 100 100 100 100 100 100 100 100 100 100 100 100 100 100 100 100 100 100 100 100 100 100 100 100 100 100 100 100 100 100 100 100 100 100 100 100 100 100 100 100
5914.86 5369.31 3638.92 2623.86 2130.38 1754.57 1600.21 1163.55 928.148 728.249 614.874 505.568 462.61 342.839 280.228 223.735 216.513 184.629 159.078 141.231 131.6 124.125 119.995 116.709 114.285 111.557 107.515 104.339 102.119 101.121 100.666 100.36 100.193 100.126 100.075 100.046 100.021 100.018 100.01 100.002 100.001 100 100 100 100 100 100 100 100 100 100 100 100 100 100 100 100 100 100 100 100 100 100 100 100 100 100 100 100 100 100 100 100 100 100 100 100 100 100 100 100 100 100 100 100 100 100 100 100 100 100 100 100 100 100
8755.89 7778.36 6873.29 5942.28 4061.92 4030.55 4030.55 3920.81 3762.35 2835.46 2544.25 2217.13 1739.42 1103.41 957.358 838.018 671 515.868 470.794 373.204 275.289 260.428 201.101 175.517 145.604 133.953 126.479 120.731 116.926 114.447 111.927 106.889 102.837 102.073 101.008 100.57 100.325 100.203 100.11 100.016 100.008 100.004 100.002 100.001 100 100 100 100 100 100 100 100 100 100 100 100 100 100 100 100 100 100 100 100 100 100 100 100 100 100 100 100 100 100 100 100 100 100 100 100 100 100 100 100 100 100 100 100 100 100 100 100 100 100 100
6217.96 6217.96 3826.47 3684.94 2569.04 2266.76 2079.42 1783.15 979.578 979.578 799.767 707.244 547.691 487.371 425.409 373.575 331.843 268.102 268.102 225.134 209.148 171.031 155.333 143.085 130.206 124.246 119.41 116.827 114.229 112.204 108.29 104.607 102.377 100.907 100.561 100.348 100.156 100.109 100.065 100.012 100.006 100.002 100.001 100 100 100 100 100 100 100 100 100 100 100 100 100 100 100 100 100 100 100 100 100 100 100 100 100 100 100 100 100 100 100 100 100 100 100 100 100 100 100 100 100 100 100 100 100 100 100 100 100 100 100 100
7793.65 7692.41 7309.36 4611.87 4611.87 4295.84 3737.97 2521.61 2289.19 2141.09 1891.85 1313.35 1084.63 923.193 713.147 566.076 486.917 444.965 365.2 312.236 267.808 193.618 188.342 156.842 144.25 130.827 123.407 120.032 116.123 113.927 110.039 106.794 103.59 101.971 101.025 100.564 100.266 100.162 100.093 100.018 100.006 100.004 100.001 100.001 100 100 100 100 100 100 100 100 100 100 100 100 100 100 100 100 100 100 100 100 100 100 100 100 100 100 100 100 100 100 100 100 100 100 100 100 100 100 100 100 100 100 100 100 100 100 100 100 100 100 100
8621.76 8125.32 5915.73 5727.64 5637.28 4925.61 3816.97 3816.97 3816.97 3492.07 2699.09 2250.77 1736.85 1736.85 1292.82 924.169 741.828 608.574 529.757 417.544 281.553 271.6 210.36 178.257 150.034 136.062 127.471 119.487 116.562 114.29 111.808 107.613 104.465 102.207 101.26 100.521 100.356 100.198 100.104 100.019 100.009 100.003 100.002 100.001 100 100 100 100 100 100 100 100 100 100 100 100 100 100 100 100 100 100 100 100 100 100 100 100 100 100 100 100 100 100 100 100 100 100 100 100 100 100 100 100 100 100 100 100 100 100 100 100 100 100 100
5764.6 5360.91 3470.17 2477.05 2477.05 1937.13 1630.29 1260.35 973.501 790.462 611.201 546.715 474.49 391.361 336.729 300.974 244.645 208.926 175.605 158.619 143.259 129.037 123.471 117.951 115.585 113.06 110.012 105.354 103.526 101.685 100.794 100.492 100.296 100.196 100.105 100.062 100.04 100.024 100.014 100.003 100.001 100.001 100 100 100 100 100 100 100 100 100 100 100 100 100 100 100 100 100 100 100 100 100 100 100 100 100 100 100 100 100 100 100 100 100 100 100 100 100 100 100 100 100 100 100 100 100 100 100 100 100 100 100 100 100
7923.18 6731.64 5216.81 3184.46 2641.04 2293.76 1930.37 1517.69 1190.84 941.825 765.333 673.243 519.03 462.362 292.901 260.865 255.719 210.894 188.279 160.218 143.25 128.068 124.851 117.968 116.142 114.055 109.986 107.549 104.57 102.265 101.19 100.651 100.413 100.229 100.14 100.085 100.047 100.03 100.016 100.004 100.002 100.001 100 100 100 100 100 100 100 100 100 100 100 100 100 100 100 100 100 100 100 100 100 100 100 100 100 100 100 100 100 100 100 100 100 100 100 100 100 100 100 100 100 100 100 100 100 100 100 100 100 100 100 100 100
7116.72 6089.14 3224.68 3058.56 3031.38 2701.93 1680.49 1515.55 1247.66 1147.14 811.58 695.562 571.08 543.156 472.065 400.936 329.479 288.618 250.18 191.889 166.708 146.123 136.197 122.285 119.394 117.433 114.316 110.006 108.348 104.937 103.084 101.603 100.959 100.48 100.267 100.131 100.09 100.05 100.028 100.005 100.003 100.001 100.001 100 100 100 100 100 100 100 100 100 100 100 100 100 100 100 100 100 100 100 100 100 100 100 100 100 100 100 100 100 100 100 100 100 100 100 100 100 100 100 100 100 100 100 100 100 100 100 100 100 100 100 100
6733.53 5022.16 5022.16 3931.38 3336.88 3336.88 2894.48 2832.06 1986.79 1960.66 1560.03 1171.12 928.878 662.34 542.166 456.145 421.377 342.72 261.376 229.598 192.462 162.496 142.181 136.111 124.485 120.797 117.101 114.788 110.743 108.384 104.272 102.605 101.029 100.802 100.407 100.249 100.146 100.071 100.041 100.009 100.004 100.002 100.001 100 100 100 100 100 100 100 100 100 100 100 100 100 100 100 100 100 100 100 100 100 100 100 100 100 100 100 100 100 100 100 100 100 100 100 100 100 100 100 100 100 100 100 100 100 100 100 100 100 100 100 100
7348.1 5938.49 4253.49 3398.85 3142.34 2714 1970.48 1699.14 1362.8 1056.02 838.409 709.447 598.128 510.124 380.912 337.078 260.263 259.841 204.081 184.83 159.45 139.115 130.65 123.144 119.075 116.229 114.062 111.317 107.409 104.311 102.221 101.063 100.636 100.369 100.209 100.112 100.081 100.041 100.03 100.006 100.003 100.001 100.001 100 100 100 100 100 100 100 100 100 100 100 100 100 100 100 100 100 100 100 100 100 100 100 100 100 100 100 100 100 100 100 100 100 100 100 100 100 100 100 100 100 100 100 100 100 100 100 100 100 100 100 100
8306.45 6693.21 6693.21 4979.5 3595.9 3595.9 3289.91 2509.09 2336.98 2076.29 1398.48 1256.51 960.656 723.384 656.953 491.695 386.484 346.546 308.883 251.559 206.477 173.879 144.42 133.23 128.57 122.748 117.558 114.832 113.014 108.342 105.809 102.357 101.872 100.668 100.434 100.248 100.149 100.087 100.049 100.01 100.005 100.002 100.001 100 100 100 100 100 100 100 100 100 100 100 100 100 100 100 100 100 100 100 100 100 100 100 100 100 100 100 100 100 100 100 100 100 100 100 100 100 100 100 100 100 100 100 100 100 100 100 100 100 100 100 100
8270.51 8062.79 7823.28 4836.31 4836.31 4027.15 3898.83 3530.16 3133.22 2258.55 2028.64 1334.03 1288.56 928.229 818.379 621.717 543.947 435.821 375.167 270.019 250.878 213.763 187.825 165.391 140.825 131.973 124.018 119.516 115.747 113.146 110.098 104.664 102.889 101.823 101.017 100.593 100.268 100.171 100.087 100.018 100.008 100.004 100.002 100.001 100 100 100 100 100 100 100 100 100 100 100 100 100 100 100 100 100 100 100 100 100 100 100 100 100 100 100 100 100 100 100 100 100 100 100 100 100 100 100 100 100 100 100 100 100 100 100 100 100 100 100
7108.84 6713.87 5834.57 5008.05 4246.99 2825.91 2825.91 2049.35 1811.31 1541.15 1176.64 988.891 762.42 657.193 569.551 412.633 380.586 313.04 228.255 212.841 175.29 145.934 134.897 126.964 120.658 117.471 115.194 112.594 107.826 104.738 102.93 101.556 100.738 100.475 100.26 100.15 100.089 100.054 100.027 100.006 100.003 100.001 100 100 100 100 100 100 100 100 100 100 100 100 100 100 100 100 100 100 100 100 100 100 100 100 100 100 100 100 100 100 100 100 100 100 100 100 100 100 100 100 100 100 100 100 100 100 100 100 100 100 100 100 100
8576.02 6654.78 5274.22 3188.77 2991.21 2821.44 1813.49 1679.07 1493.1 1148.4 862.616 677.357 629.362 566.034 463.001 417.683 361.815 314.178 252.328 210.826 175.722 169.54 146.753 132.613 124.855 119.323 116.864 115.142 112.752 107.459 104.461 102.303 101.66 100.794 100.399 100.201 100.141 100.074 100.041 100.008 100.004 100.002 100.001 100 100 100 100 100 100 100 100 100 100 100 100 100 100 100 100 100 100 100 100 100 100 100 100 100 100 100 100 100 100 100 100 100 100 100 100 100 100 100 100 100 100 100 100 100 100 100 100 100 100 100 100
7742.94 6987.71 5229.2 3725.56 3471.58 3093.99 2626.68 2006.1 1622.75 1390.17 902.726 902.726 738.608 649.684 500.799 474.842 417.017 351.766 297.016 259.615 219.676 198.021 161.492 147.511 134.661 127.999 120.689 116.944 114.777 112.052 108.969 104.55 102.251 101.416 100.569 100.416 100.194 100.09 100.078 100.014 100.005 100.003 100.001 100 100 100 100 100 100 100 100 100 100 100 100 100 100 100 100 100 100 100 100 100 100 100 100 100 100 100 100 100 100 100 100 100 100 100 100 100 100 100 100 100 100 100 100 100 100 100 100 100 100 100 100
8842.56 5197.73 4408.83 3560.78 3560.78 3437.18 2994.23 2774.69 2082.33 1773.04 1372.09 1208 814.705 699.331 615.965 488.572 430.468 376.106 308.381 255.43 216.299 180.426 152.299 141.554 131.715 124.555 119.557 115.629 113.133 108.51 105.709 103.311 101.667 101.032 100.475 100.278 100.152 100.096 100.049 100.009 100.005 100.002 100.001 100 100 100 100 100 100 100 100 100 100 100 100 100 100 100 100 100 100 100 100 100 100 100 100 100 100 100 100 100 100 100 100 100 100 100 100 100 100 100 100 100 100 100 100 100 100 100 100 100 100 100 100
8864.21 7915.32 6567.23 5099.94 3499.07 3499.07 2748.3 2748.3 2553.55 2144.17 1259.5 1205.37 1079.94 903.52 798.008 598.926 519.965 442.072 325.952 291.832 258.183 208.697 168.195 147.329 133.64 124.634 119.715 116.767 114.236 112.066 107.409 104.898 102.815 101.01 100.68 100.404 100.17 100.122 100.075 100.012 100.005 100.003 100.001 100.001 100 100 100 100 100 100 100 100 100 100 100 100 100 100 100 100 100 100 100 100 100 100 100 100 100 100 100 100 100 100 100 100 100 100 100 100 100 100 100 100 100 100 100 100 100 100 100 100 100 100 100
7826.24 6507.51 5829.04 4392.91 3787.35 3213.95 2815.1 2212.74 1683.44 1208.62 1182.42 1028.85 786.044 649.102 598.928 462.693 387.085 284.878 262.07 228.69 180.741 158.316 146.427 132.129 126.917 120.227 115.846 114.558 111.809 107.333 105.091 102.31 101.42 100.67 100.325 100.229 100.114 100.07 100.046 100.009 100.004 100.002 100.001 100 100 100 100 100 100 100 100 100 100 100 100 100 100 100 100 100 100 100 100 100 100 100 100 100 100 100 100 100 100 100 100 100 100 100 100 100 100 100 100 100 100 100 100 100 100 100 100 100 100 100 100
