5.02784e+09 1.54443e+09 5.16729e+08 1.21742e+08 7.03815e+07 4.49731e+07 1.44569e+07 8.3503e+06 7.22214e+06 2.6838e+06 1.22073e+06 1.00724e+06 375800 271142 72533 72040.9 31706.2 16546.9 4422.22 4197.01 1438.65 857.116 382.132 108.008 46.4866 18.4627 7.9644 1.34065 0.246998 0.246998 0.0741666 0.0322616 0.0177451 0.00589177 0.00251828 0.000777187 0.000113874 8.02561e-05 1.65343e-05 7.80969e-06 1.41419e-06 4.1246e-07 8.70712e-08 2.38859e-08 0 0 0 0 0 0 0 0 0 0 0 0 0 0 0 0 0 0 0 0 0 0 0 0 0 0 0 0 0 0 0 0 0 0 0 0 0 0 0 0 0 0 0 0 0 0 0 0 0 0 0 0
5.22447e+09 1.86351e+09 4.31102e+08 1.31941e+08 7.61862e+07 3.30564e+07 2.36766e+07 1.00277e+07 4.98143e+06 2.9408e+06 1.63306e+06 633420 148734 148734 69624.6 48820.8 24804.7 12479.9 5389.09 2684.91 1437.86 672.721 251.265 109.4 54.8209 21.1246 12.0603 1.75831 0.488534 0.338424 0.119569 0.0443513 0.0161489 0.00459824 0.0016582 0.000832839 0.00048456 0.000231033 5.50698e-05 9.95256e-06 8.83734e-07 5.88108e-07 1.07976e-07 2.83471e-08 0 0 0 0 0 0 0 0 0 0 0 0 0 0 0 0 0 0 0 0 0 0 0 0 0 0 0 0 0 0 0 0 0 0 0 0 0 0 0 0 0 0 0 0 0 0 0 0 0 0 0 0
3.62832e+09 9.88289e+08 7.76441e+08 3.96457e+07 3.96457e+07 3.96457e+07 2.63833e+07 7.98187e+06 6.12968e+06 3.63444e+06 2.57949e+06 597502 266498 173909 137747 78933.6 41613.6 18218.9 9960.94 4540.05 2334.09 682.059 524.328 110.533 38.35 29.7294 12.8099 1.8068 0.424898 0.251602 0.118086 0.0469383 0.0176042 0.00676237 0.00379822 0.00133802 0.000339824 0.000147252 4.67793e-05 1.40694e-05 3.61279e-06 5.8713e-07 1.28895e-07 2.95931e-08 0 0 0 0 0 0 0 0 0 0 0 0 0 0 0 0 0 0 0 0 0 0 0 0 0 0 0 0 0 0 0 0 0 0 0 0 0 0 0 0 0 0 0 0 0 0 0 0 0 0 0 0
2.10775e+09 1.44443e+09 2.59509e+08 1.62463e+08 8.46484e+07 3.97931e+07 2.78766e+07 1.11179e+07 3.62451e+06 1.01608e+06 763986 763393 314692 59515.2 22586.1 22586.1 22586.1 7294.21 1328.58 1314.86 482.481 466.998 199.728 38.0401 38.0401 24.3787 6.69818 0.622297 0.173117 0.101752 0.0488411 0.0272731 0.00453913 0.00406366 0.00116872 0.000281905 0.000104839 4.41524e-05 1.16477e-05 2.5777e-06 6.39936e-07 1.57687e-07 2.40096e-08 0 0 0 0 0 0 0 0 0 0 0 0 0 0 0 0 0 0 0 0 0 0 0 0 0 0 0 0 0 0 0 0 0 0 0 0 0 0 0 0 0 0 0 0 0 0 0 0 0 0 0 0 0
4.21763e+09 1.88415e+09 9.09337e+08 1.47329e+08 6.27755e+07 5.37104e+07 2.97331e+07 8.65673e+06 5.91762e+06 699997 699997 581045 280206 193845 117918 28925 26105.7 10224.6 6174.25 3665.28 1745.45 638.123 168.952 81.7528 32.4145 16.3625 8.64702 1.14849 0.488261 0.183219 0.0455599 0.0349714 0.00687216 0.00413351 0.00161607 0.000550636 0.000241066 6.20005e-05 1.61584e-05 5.22421e-06 1.28633e-06 2.05701e-07 7.01644e-08 1.36893e-08 0 0 0 0 0 0 0 0 0 0 0 0 0 0 0 0 0 0 0 0 0 0 0 0 0 0 0 0 0 0 0 0 0 0 0 0 0 0 0 0 0 0 0 0 0 0 0 0 0 0 0 0
5.29804e+09 1.11236e+09 6.62492e+08 1.13177e+08 1.08127e+08 4.68666e+07 2.31299e+07 9.15156e+06 7.43051e+06 4.26866e+06 1.88392e+06 1.34693e+06 436088 126784 113899 68937.9 40923.2 14863.8 6346.47 3885.84 1726.97 631.204 450.549 161.072 45.317 23.2415 16.5791 2.748 0.754227 0.354063 0.210326 0.0800327 0.0296451 0.0101436 0.0059728 0.00128431 0.000381273 0.000248151 5.95357e-05 8.56708e-06 3.09235e-06 4.82383e-07 1.84063e-07 3.14614e-08 0 0 0 0 0 0 0 0 0 0 0 0 0 0 0 0 0 0 0 0 0 0 0 0 0 0 0 0 0 0 0 0 0 0 0 0 0 0 0 0 0 0 0 0 0 0 0 0 0 0 0 0
2.49947e+09 1.794e+09 9.00252e+08 1.39214e+08 6.06746e+07 3.01859e+07 2.9508e+07 2.04099e+07 8.7898e+06 2.15557e+06 2.1552e+06 1.01569e+06 545085 75262.2 75262.2 54490.3 46788.5 13374.5 5500.56 3329.45 1624.66 603.77 401.432 154.123 45.5896 43.9238 12.6579 3.15702 0.982327 0.436758 0.290526 0.0527788 0.0248593 0.00675028 0.00539863 0.00160836 0.000378787 0.000186734 3.88462e-05 1.17376e-05 3.77791e-06 4.84553e-07 1.78225e-07 3.724e-08 0 0 0 0 0 0 0 0 0 0 0 0 0 0 0 0 0 0 0 0 0 0 0 0 0 0 0 0 0 0 0 0 0 0 0 0 0 0 0 0 0 0 0 0 0 0 0 0 0 0 0 0
4.90171e+09 1.32252e+09 5.958e+08 1.23919e+08 3.74007e+07 1.68709e+07 1.48684e+07 4.10594e+06 2.4624e+06 1.36471e+06 1.36471e+06 520378 319571 153256 101352 52226.9 17317.9 7194.14 6736.54 2270.21 1421.44 538.274 354.439 87.7337 62.5339 19.1927 7.35705 1.44979 0.508499 0.186172 0.0910578 0.0202398 0.00859761 0.00627619 0.00176178 0.000465142 0.000191644 0.0001043 1.3828e-05 2.77681e-06 1.21215e-06 1.70732e-07 4.27315e-08 0 0 0 0 0 0 0 0 0 0 0 0 0 0 0 0 0 0 0 0 0 0 0 0 0 0 0 0 0 0 0 0 0 0 0 0 0 0 0 0 0 0 0 0 0 0 0 0 0 0 0 0 0
3.80777e+09 1.91231e+09 7.62244e+08 1.23115e+08 4.96412e+07 3.93433e+07 2.2157e+07 1.18816e+07 4.32385e+06 1.16873e+06 993810 526342 363029 178202 49429.1 49429.1 20418.7 12944.4 5742.31 4074.8 677.259 677.259 292.494 194.564 57.0888 20.2775 13.5982 2.32382 0.733863 0.454571 0.156459 0.0574299 0.0150001 0.0111457 0.00296345 0.0018635 0.000707309 0.000186357 4.95553e-05 1.50146e-05 2.60561e-06 4.88984e-07 1.44308e-07 2.37617e-08 0 0 0 0 0 0 0 0 0 0 0 0 0 0 0 0 0 0 0 0 0 0 0 0 0 0 0 0 0 0 0 0 0 0 0 0 0 0 0 0 0 0 0 0 0 0 0 0 0 0 0 0
4.22551e+09 1.9551e+09 9.15981e+08 1.47856e+08 8.37512e+07 6.19319e+07 1.62417e+07 1.4949e+07 5.11098e+06 3.61702e+06 1.477e+06 406599 251816 209854 127105 75918.4 33446.7 12512 5745.68 2820.78 1326.63 907.534 287.446 93.3366 65.2326 25.9564 6.79231 2.24893 0.614241 0.347539 0.112456 0.0200012 0.0152708 0.00766068 0.00156108 0.00092687 0.000260002 9.7814e-05 3.52846e-05 3.6996e-06 2.01392e-06 4.51744e-07 5.82956e-08 1.04047e-08 0 0 0 0 0 0 0 0 0 0 0 0 0 0 0 0 0 0 0 0 0 0 0 0 0 0 0 0 0 0 0 0 0 0 0 0 0 0 0 0 0 0 0 0 0 0 0 0 0 0 0 0
4.78839e+09 2.16939e+09 3.52159e+08 1.11508e+08 1.11508e+08 5.31457e+07 1.40611e+07 1.33812e+07 4.75105e+06 1.78441e+06 1.26291e+06 946124 679883 149537 149537 78880.2 37596.7 18377.3 12123 3533.63 2033.1 1181.37 558.851 192.242 60.1046 26.5903 11.5372 2.89717 0.721381 0.520627 0.195772 0.0362653 0.0278404 0.00634704 0.00479246 0.00142854 0.000722994 0.000252531 3.5124e-05 9.76517e-06 3.00941e-06 8.61419e-07 2.73806e-07 4.25585e-08 0 0 0 0 0 0 0 0 0 0 0 0 0 0 0 0 0 0 0 0 0 0 0 0 0 0 0 0 0 0 0 0 0 0 0 0 0 0 0 0 0 0 0 0 0 0 0 0 0 0 0 0
5.22238e+09 1.45734e+09 5.47034e+08 1.60203e+08 8.69512e+07 4.80886e+07 2.66454e+07 8.99681e+06 3.87446e+06 2.56031e+06 1.1996e+06 707124 312662 259669 58300.3 58300.3 37307.3 15659.1 10522.3 3206.16 457.685 457.685 203.668 136.126 61.5638 20.9047 14.6483 0.572702 0.566959 0.19665 0.140609 0.0416033 0.0187711 0.00425208 0.00202721 0.000847256 0.000278436 0.000131615 4.08745e-05 7.38629e-06 2.37422e-06 3.62471e-07 9.20309e-08 1.88701e-08 0 0 0 0 0 0 0 0 0 0 0 0 0 0 0 0 0 0 0 0 0 0 0 0 0 0 0 0 0 0 0 0 0 0 0 0 0 0 0 0 0 0 0 0 0 0 0 0 0 0 0 0
5.77009e+09 1.78535e+09 7.33826e+08 7.52519e+07 6.08233e+07 4.39147e+07 2.5077e+07 7.9295e+06 7.13031e+06 724965 724965 724965 517728 260845 96650.3 32973.3 32973.3 7382.63 6252.2 2976.81 2294.18 531.197 195.741 132.718 50.0248 28.0249 6.95706 2.0392 1.06022 0.405077 0.112378 0.0627489 0.0141506 0.0042171 0.00186123 0.00077428 0.000191405 9.31208e-05 2.45587e-05 6.70865e-06 1.4286e-06 4.1205e-07 6.41256e-08 2.21421e-08 0 0 0 0 0 0 0 0 0 0 0 0 0 0 0 0 0 0 0 0 0 0 0 0 0 0 0 0 0 0 0 0 0 0 0 0 0 0 0 0 0 0 0 0 0 0 0 0 0 0 0 0
5.43325e+09 2.35825e+09 5.33697e+08 1.79146e+08 9.48822e+07 2.43123e+07 2.11905e+07 1.4455e+07 4.06795e+06 4.06795e+06 1.81461e+06 638480 502939 106171 106171 49614.2 26363 8413.35 4905.5 3764.42 1703.5 482.789 343.313 133.657 55.1556 24.2203 12.3677 1.3163 0.526195 0.250269 0.0650444 0.028062 0.0123344 0.00592709 0.00195469 0.000554081 0.000315129 8.67204e-05 7.66605e-06 7.63849e-06 1.48155e-06 3.36794e-07 4.92635e-08 1.93103e-08 0 0 0 0 0 0 0 0 0 0 0 0 0 0 0 0 0 0 0 0 0 0 0 0 0 0 0 0 0 0 0 0 0 0 0 0 0 0 0 0 0 0 0 0 0 0 0 0 0 0 0 0
3.95734e+09 2.11451e+09 5.64611e+08 2.17884e+08 8.28834e+07 2.88123e+07 2.18855e+07 1.39197e+07 4.14989e+06 3.01627e+06 2.60979e+06 618865 368277 244608 97021.9 31609.7 28065.3 14168.9 9485.72 3335.84 706.687 310.638 116.759 99.068 29.6718 12.206 4.83034 1.48948 0.591533 0.274724 0.0564827 0.0413696 0.0159888 0.00698287 0.00236475 0.00103296 0.000384986 6.19186e-05 2.65464e-05 5.86997e-06 2.18344e-06 3.25481e-07 8.06911e-08 2.40861e-08 0 0 0 0 0 0 0 0 0 0 0 0 0 0 0 0 0 0 0 0 0 0 0 0 0 0 0 0 0 0 0 0 0 0 0 0 0 0 0 0 0 0 0 0 0 0 0 0 0 0 0 0
3.39932e+09 1.83361e+09 6.3908e+08 1.73452e+08 7.27445e+07 3.38101e+07 1.68134e+07 1.02246e+07 2.68292e+06 1.09905e+06 1.09905e+06 678506 377644 175134 82156.9 36960.3 18888.3 9061.01 3262.53 2530.77 1512.09 258.278 207.084 69.4617 16.5776 10.3476 6.27109 0.715146 0.341822 0.151525 0.0549165 0.0153645 0.00863032 0.00328916 0.000772989 0.000352466 0.000112444 5.28439e-05 1.34268e-05 1.64537e-06 3.53671e-07 2.00428e-07 4.58567e-08 1.02495e-08 0 0 0 0 0 0 0 0 0 0 0 0 0 0 0 0 0 0 0 0 0 0 0 0 0 0 0 0 0 0 0 0 0 0 0 0 0 0 0 0 0 0 0 0 0 0 0 0 0 0 0 0
6.4673e+09 2.08981e+09 7.96214e+08 1.64629e+08 7.70779e+07 3.86528e+07 3.35496e+07 1.39846e+07 6.66898e+06 3.33899e+06 1.49527e+06 709641 444212 225910 46469.7 21703.8 21703.8 15216.1 4781.95 3911.94 1480.79 904.62 333.685 105.978 44.328 15.2166 10.8532 1.28569 0.825923 0.297003 0.147744 0.0547575 0.0159551 0.0046515 0.00210546 0.000906243 0.000314659 0.000146794 1.36824e-05 7.28245e-06 9.45811e-07 2.57471e-07 6.07194e-08 0 0 0 0 0 0 0 0 0 0 0 0 0 0 0 0 0 0 0 0 0 0 0 0 0 0 0 0 0 0 0 0 0 0 0 0 0 0 0 0 0 0 0 0 0 0 0 0 0 0 0 0 0
5.52266e+09 2.21156e+09 8.61308e+08 1.79468e+08 6.39081e+07 3.64699e+07 1.66713e+07 6.37566e+06 4.803e+06 1.80199e+06 1.08689e+06 636254 390681 162089 38021.1 31343.9 9229.72 9229.72 2687.43 2687.43 1440.3 706.357 500.082 180.453 69.6433 39.3672 13.6027 1.49888 1.11687 0.417217 0.155272 0.0394213 0.0309998 0.00849651 0.00308104 0.00150088 0.000452586 0.000129276 3.25308e-05 9.1404e-06 2.69973e-06 6.41044e-07 1.55394e-07 3.62908e-08 0 0 0 0 0 0 0 0 0 0 0 0 0 0 0 0 0 0 0 0 0 0 0 0 0 0 0 0 0 0 0 0 0 0 0 0 0 0 0 0 0 0 0 0 0 0 0 0 0 0 0 0
3.57852e+09 1.62278e+09 9.35082e+08 1.94005e+08 5.02625e+07 3.04053e+07 3.04053e+07 8.73836e+06 7.96281e+06 3.13979e+06 2.24144e+06 1.36167e+06 607109 269677 108404 53164.3 26950.4 18077.6 8444.17 4439.39 1296.44 777.087 322.545 169.809 20.9885 20.9885 6.57236 1.84549 0.88685 0.40587 0.212992 0.0706753 0.0230533 0.00942876 0.00354186 0.00102861 0.000608754 0.000185929 4.63618e-05 1.42397e-05 2.36586e-06 7.62655e-07 1.35572e-07 4.61333e-08 0 0 0 0 0 0 0 0 0 0 0 0 0 0 0 0 0 0 0 0 0 0 0 0 0 0 0 0 0 0 0 0 0 0 0 0 0 0 0 0 0 0 0 0 0 0 0 0 0 0 0 0
3.90731e+09 2.92696e+09 6.61869e+08 1.34846e+08 6.82749e+07 2.09051e+07 1.87062e+07 1.29898e+07 7.6001e+06 2.13873e+06 1.82338e+06 674285 530123 316257 170028 78953.7 15802.2 10959 7213.9 5138.95 1490.46 506.426 434.767 132.151 129.954 32.0304 14.3674 2.78704 1.36868 0.661421 0.200448 0.0606821 0.0409087 0.017677 0.00589932 0.0014841 0.000579937 0.00028088 5.50043e-05 1.007e-05 5.03718e-06 6.62749e-07 1.90571e-07 1.58165e-08 0 0 0 0 0 0 0 0 0 0 0 0 0 0 0 0 0 0 0 0 0 0 0 0 0 0 0 0 0 0 0 0 0 0 0 0 0 0 0 0 0 0 0 0 0 0 0 0 0 0 0 0
9.65137e+09 1.60375e+09 7.71968e+08 2.05175e+08 7.25317e+07 2.52588e+07 2.40427e+07 7.55276e+06 2.46994e+06 2.0642e+06 1.61632e+06 429797 345169 127350 97909.5 48077.3 29479.5 9136.65 6390.01 2786.13 1408.35 596.513 384.529 108.508 36.7475 12.8695 7.42875 0.984879 0.427401 0.141962 0.0647755 0.012954 0.0084314 0.00501323 0.00114355 0.000656776 0.000178827 6.82829e-05 2.49861e-05 7.10198e-06 1.05152e-06 2.05244e-07 6.28175e-08 1.4137e-08 0 0 0 0 0 0 0 0 0 0 0 0 0 0 0 0 0 0 0 0 0 0 0 0 0 0 0 0 0 0 0 0 0 0 0 0 0 0 0 0 0 0 0 0 0 0 0 0 0 0 0 0
5.95202e+09 8.9175e+08 6.67328e+08 1.3174e+08 8.46818e+07 3.52929e+07 2.04971e+07 6.8995e+06 2.9934e+06 2.9934e+06 802571 609936 339461 250310 103813 34926.5 20510.2 10508.7 3240.87 2604.93 1247.19 528.126 216.821 155.546 104.633 45.0284 11.2369 1.13602 1.13602 0.56997 0.102174 0.0723742 0.0263829 0.00677031 0.00257686 0.00102955 0.000453006 0.000183905 3.90634e-05 8.5688e-06 1.64496e-06 2.99219e-07 7.13359e-08 1.50563e-08 0 0 0 0 0 0 0 0 0 0 0 0 0 0 0 0 0 0 0 0 0 0 0 0 0 0 0 0 0 0 0 0 0 0 0 0 0 0 0 0 0 0 0 0 0 0 0 0 0 0 0 0
5.19026e+09 1.79557e+09 9.8641e+08 1.74689e+08 6.14967e+07 4.35415e+07 1.97985e+07 1.04085e+07 5.05306e+06 3.44863e+06 2.17184e+06 581627 512618 201873 61957.5 38374.1 19421 15283.8 7199.42 3248.12 1344.81 737.288 321.038 186.628 71.8568 43.4213 13.9996 1.07772 0.4083 0.4083 0.155068 0.035622 0.0219326 0.00598287 0.00160501 0.00127985 0.000283501 8.7984e-05 1.04299e-05 1.04299e-05 2.36476e-06 6.7351e-07 1.29016e-07 3.53521e-08 0 0 0 0 0 0 0 0 0 0 0 0 0 0 0 0 0 0 0 0 0 0 0 0 0 0 0 0 0 0 0 0 0 0 0 0 0 0 0 0 0 0 0 0 0 0 0 0 0 0 0 0
6.35668e+09 1.37248e+09 7.03254e+08 1.80782e+08 1.09933e+08 3.97785e+07 1.31698e+07 1.02434e+07 5.75172e+06 2.77755e+06 1.83361e+06 680685 144377 144377 83321.4 80288.9 19236.4 8943.78 7763.56 4167.89 1627.76 918.216 239.052 193.961 90.0368 33.2974 10.24 2.1632 0.801037 0.204688 0.102975 0.040486 0.0172831 0.00650104 0.001743 0.000635438 0.000190756 0.000110332 2.30097e-05 3.72653e-06 1.35934e-06 3.76454e-07 4.32412e-08 1.33656e-08 0 0 0 0 0 0 0 0 0 0 0 0 0 0 0 0 0 0 0 0 0 0 0 0 0 0 0 0 0 0 0 0 0 0 0 0 0 0 0 0 0 0 0 0 0 0 0 0 0 0 0 0
4.47071e+09 2.24439e+09 7.60516e+08 1.70687e+08 7.73579e+07 2.76276e+07 2.76276e+07 1.79241e+07 1.98363e+06 1.98363e+06 1.61579e+06 868630 573866 388638 112628 102644 30162.9 11788 5850.12 3090.45 1725.89 924.488 425.252 266.331 80.9765 40.6046 11.9478 2.12935 0.978371 0.528797 0.159899 0.0504977 0.0254627 0.0124314 0.00390299 0.000753519 0.000251612 0.000138653 3.1284e-05 8.794e-06 1.95981e-06 5.61321e-07 5.70772e-08 1.39712e-08 0 0 0 0 0 0 0 0 0 0 0 0 0 0 0 0 0 0 0 0 0 0 0 0 0 0 0 0 0 0 0 0 0 0 0 0 0 0 0 0 0 0 0 0 0 0 0 0 0 0 0 0
5.46589e+09 1.38524e+09 7.19294e+08 1.2053e+08 6.35236e+07 4.86835e+07 2.22491e+07 1.05344e+07 8.46319e+06 4.00849e+06 1.53649e+06 1.11797e+06 368221 163119 57142.9 38383.7 11336.7 11336.7 6718.57 1494.21 1036.86 525.637 226.351 75.756 25.5251 12.9024 5.99902 1.11689 0.517513 0.244831 0.083907 0.0360463 0.00667019 0.00336071 0.00190572 0.000645683 0.000162728 2.77379e-05 1.4974e-05 7.4857e-06 1.6121e-06 4.63744e-07 6.88694e-08 1.86713e-08 0 0 0 0 0 0 0 0 0 0 0 0 0 0 0 0 0 0 0 0 0 0 0 0 0 0 0 0 0 0 0 0 0 0 0 0 0 0 0 0 0 0 0 0 0 0 0 0 0 0 0 0
3.69729e+09 1.53196e+09 5.40958e+08 1.95125e+08 8.51269e+07 2.93685e+07 1.23339e+07 1.23339e+07 6.31293e+06 2.26021e+06 1.96709e+06 1.03105e+06 467772 251783 97912.8 54964.3 37438.4 13014 7408.49 2640.63 1418.79 621.413 339.869 116.409 60.6737 20.646 8.60926 0.952699 0.467326 0.223678 0.0545921 0.0222642 0.0152503 0.00145386 0.00110955 0.000590182 0.00015305 6.81824e-05 1.63366e-05 2.70734e-06 1.07638e-06 2.68167e-07 4.80499e-08 1.41009e-08 0 0 0 0 0 0 0 0 0 0 0 0 0 0 0 0 0 0 0 0 0 0 0 0 0 0 0 0 0 0 0 0 0 0 0 0 0 0 0 0 0 0 0 0 0 0 0 0 0 0 0 0
4.58482e+09 2.30384e+09 4.7246e+08 1.6249e+08 6.04148e+07 2.26107e+07 2.26107e+07 1.26912e+07 7.65278e+06 2.70641e+06 1.09872e+06 533798 111414 111414 61616.9 36137.1 18669.2 6185.81 5487.13 2995.04 2107.05 519.48 186.425 91.13 33.4785 17.6357 11.7567 0.932795 0.164624 0.141015 0.0808364 0.0207867 0.0083212 0.00364508 0.00123242 0.000476903 0.000224968 5.64301e-05 2.12557e-05 6.54865e-06 1.2142e-06 3.8657e-07 4.91825e-08 1.19326e-08 0 0 0 0 0 0 0 0 0 0 0 0 0 0 0 0 0 0 0 0 0 0 0 0 0 0 0 0 0 0 0 0 0 0 0 0 0 0 0 0 0 0 0 0 0 0 0 0 0 0 0 0
6.25019e+09 2.28672e+09 9.72437e+08 2.07814e+08 6.09866e+07 4.20954e+07 3.27061e+07 9.38616e+06 7.23718e+06 1.02814e+06 1.02814e+06 649333 567946 99193.7 71663.6 54211.2 33181.3 15138.7 6933.44 2910.5 844.46 844.46 234.433 172.542 39.622 39.622 9.82965 1.40856 0.67445 0.259634 0.11486 0.0364825 0.0108489 0.0026514 0.00130732 0.000564631 0.000305035 8.9606e-05 4.35558e-05 6.67496e-06 1.24664e-06 2.18162e-07 4.58752e-08 1.22625e-08 0 0 0 0 0 0 0 0 0 0 0 0 0 0 0 0 0 0 0 0 0 0 0 0 0 0 0 0 0 0 0 0 0 0 0 0 0 0 0 0 0 0 0 0 0 0 0 0 0 0 0 0
3.25589e+09 2.56849e+09 4.94435e+08 1.83556e+08 6.69956e+07 4.80772e+07 1.74497e+07 6.46501e+06 6.18494e+06 3.52288e+06 2.23333e+06 951178 514871 376656 101640 71983.5 21971.2 12205.3 2607.79 2607.79 1319.06 775.902 187.245 97.3626 33.6291 25.1701 9.33468 1.13217 0.634952 0.14191 0.0753801 0.0357193 0.0163824 0.00415104 0.00204534 0.000680265 0.000182829 6.4084e-05 3.27742e-05 7.39774e-06 1.45597e-06 3.28654e-07 1.11427e-07 1.58231e-08 0 0 0 0 0 0 0 0 0 0 0 0 0 0 0 0 0 0 0 0 0 0 0 0 0 0 0 0 0 0 0 0 0 0 0 0 0 0 0 0 0 0 0 0 0 0 0 0 0 0 0 0
2.33152e+09 2.25408e+09 6.38771e+08 9.84082e+07 9.84082e+07 4.38771e+07 9.01598e+06 9.01598e+06 2.54242e+06 1.61932e+06 1.18403e+06 579692 175225 174627 85019.4 28785.6 20106.7 11025.1 3533.67 1569.67 1015.71 294.407 294.407 80.9839 46.0117 14.5318 5.66749 1.93256 0.434274 0.178905 0.0998609 0.0379798 0.0114684 0.00570501 0.00194372 0.000815567 0.000284512 0.000133896 2.65201e-05 5.79977e-06 1.25689e-06 3.32889e-07 4.04639e-08 0 0 0 0 0 0 0 0 0 0 0 0 0 0 0 0 0 0 0 0 0 0 0 0 0 0 0 0 0 0 0 0 0 0 0 0 0 0 0 0 0 0 0 0 0 0 0 0 0 0 0 0 0
3.47083e+09 1.68137e+09 7.86991e+08 1.13952e+08 5.21492e+07 3.45585e+07 1.42075e+07 1.42075e+07 7.01735e+06 5.20158e+06 1.78019e+06 1.31519e+06 741834 349424 206504 71268.5 58675 23420.2 12869.9 2338.93 1344.5 771.176 427.645 230.162 77.519 55.4321 18.6281 2.75384 1.60643 0.248707 0.226318 0.0541949 0.0297034 0.00642 0.00369741 0.00135922 0.000562947 0.000192713 2.52138e-05 8.30764e-06 1.80688e-06 5.80141e-07 4.59795e-08 1.60362e-08 0 0 0 0 0 0 0 0 0 0 0 0 0 0 0 0 0 0 0 0 0 0 0 0 0 0 0 0 0 0 0 0 0 0 0 0 0 0 0 0 0 0 0 0 0 0 0 0 0 0 0 0
5.00368e+09 2.18138e+09 8.29655e+08 1.48089e+08 1.2424e+08 2.49126e+07 1.83805e+07 8.36273e+06 4.9548e+06 1.51678e+06 1.51678e+06 1.32304e+06 477300 179378 106748 31992.8 28451.2 13177.5 6841.96 3623.26 1044.11 536.218 200.142 97.8904 58.1784 27.418 12.2904 2.51628 0.747979 0.351523 0.170665 0.0592399 0.0181558 0.00827309 0.00280751 0.000981867 0.000275612 0.00011039 1.55851e-05 9.3843e-06 2.34617e-06 5.27319e-07 1.50231e-07 2.05715e-08 0 0 0 0 0 0 0 0 0 0 0 0 0 0 0 0 0 0 0 0 0 0 0 0 0 0 0 0 0 0 0 0 0 0 0 0 0 0 0 0 0 0 0 0 0 0 0 0 0 0 0 0
5.7097e+09 1.1646e+09 6.90735e+08 1.0925e+08 6.45321e+07 3.58695e+07 8.14916e+06 8.14916e+06 4.07512e+06 3.23811e+06 1.71302e+06 675115 140725 140725 96982.4 62625.3 20272.7 13073.3 4254.98 2689.17 1107.89 689.844 180.247 52.4616 29.8277 17.0417 8.32288 1.04697 0.288738 0.277343 0.058645 0.0237408 0.00994758 0.00260912 0.00103808 0.000530421 0.000172141 5.91117e-05 2.52355e-05 3.61584e-06 1.18728e-06 2.28906e-07 5.12072e-08 0 0 0 0 0 0 0 0 0 0 0 0 0 0 0 0 0 0 0 0 0 0 0 0 0 0 0 0 0 0 0 0 0 0 0 0 0 0 0 0 0 0 0 0 0 0 0 0 0 0 0 0 0
5.46048e+09 2.61567e+09 6.20857e+08 1.10898e+08 1.10898e+08 3.88321e+07 2.78713e+07 1.30313e+07 4.94909e+06 2.21012e+06 2.21012e+06 422990 367098 183074 39396.7 39396.7 24501.8 7721.27 3534.44 2587.47 1162.93 525.422 197.491 61.055 40.2798 18.1727 6.23135 0.837251 0.480616 0.13732 0.0653016 0.0338267 0.00928313 0.00286247 0.00227325 0.000684971 0.00023889 7.33303e-05 8.73081e-06 4.79944e-06 1.66624e-06 2.25953e-07 6.33396e-08 1.48658e-08 0 0 0 0 0 0 0 0 0 0 0 0 0 0 0 0 0 0 0 0 0 0 0 0 0 0 0 0 0 0 0 0 0 0 0 0 0 0 0 0 0 0 0 0 0 0 0 0 0 0 0 0
2.9677e+09 1.7457e+09 6.6032e+08 2.52237e+08 1.21239e+08 6.28617e+07 1.63207e+07 6.59572e+06 6.59572e+06 3.25471e+06 1.32206e+06 1.13298e+06 456369 258466 73055.2 21360.7 17183.1 4618.4 3674.5 2069.66 1045.37 315.749 153.309 79.3628 39.653 25.2199 10.7736 1.77193 0.772635 0.337568 0.0778531 0.0317984 0.0110794 0.0052867 0.00304943 0.000560391 0.00025652 6.38788e-05 1.58975e-05 7.96418e-06 3.02397e-06 7.1695e-07 1.00674e-07 2.71389e-08 0 0 0 0 0 0 0 0 0 0 0 0 0 0 0 0 0 0 0 0 0 0 0 0 0 0 0 0 0 0 0 0 0 0 0 0 0 0 0 0 0 0 0 0 0 0 0 0 0 0 0 0
4.62712e+09 1.42989e+09 4.43373e+08 1.26445e+08 4.39039e+07 3.23198e+07 1.79038e+07 1.23422e+07 5.97944e+06 1.14817e+06 1.14817e+06 667594 482369 114118 59092.8 45248.7 20997.9 14520.5 4738.85 2437.76 1203.49 512.639 183.876 97.9112 43.4457 11.2191 6.09846 1.03778 0.612687 0.225768 0.085037 0.0333462 0.00995602 0.00503522 0.00202462 0.000661572 0.000357736 5.34118e-05 2.03485e-05 6.42699e-06 1.1266e-06 1.40662e-07 7.396e-08 1.02415e-08 0 0 0 0 0 0 0 0 0 0 0 0 0 0 0 0 0 0 0 0 0 0 0 0 0 0 0 0 0 0 0 0 0 0 0 0 0 0 0 0 0 0 0 0 0 0 0 0 0 0 0 0
3.93075e+09 1.762e+09 8.00093e+08 9.10173e+07 8.53853e+07 3.31276e+07 1.97259e+07 1.02827e+07 2.64028e+06 1.22453e+06 1.22453e+06 1.07292e+06 355136 256726 73756.5 26539.8 26539.8 14289.1 5484.35 2516.58 1529.71 610.127 194.144 91.9391 60.3183 25.7271 9.79686 1.26045 0.801483 0.199985 0.111614 0.046924 0.0260391 0.00611461 0.00300672 0.000953069 0.000101806 5.08626e-05 3.14268e-05 4.11503e-06 1.33471e-06 3.56024e-07 7.24126e-08 1.47768e-08 0 0 0 0 0 0 0 0 0 0 0 0 0 0 0 0 0 0 0 0 0 0 0 0 0 0 0 0 0 0 0 0 0 0 0 0 0 0 0 0 0 0 0 0 0 0 0 0 0 0 0 0
5.26654e+09 2.56296e+09 9.71357e+08 2.11473e+08 1.22664e+08 5.25976e+07 2.40375e+07 8.21924e+06 4.96678e+06 3.957e+06 2.51769e+06 983915 496699 314891 106925 50677.9 23791.8 8557.35 5049.13 3861.34 2137.35 879.558 372.232 111.038 57.4106 22.449 6.81808 2.21978 1.13252 0.389972 0.163079 0.0519611 0.0247162 0.012292 0.00336872 0.0018679 0.000404599 0.000186977 5.06734e-05 1.14873e-05 1.97123e-06 5.82168e-07 1.07198e-07 2.9153e-08 0 0 0 0 0 0 0 0 0 0 0 0 0 0 0 0 0 0 0 0 0 0 0 0 0 0 0 0 0 0 0 0 0 0 0 0 0 0 0 0 0 0 0 0 0 0 0 0 0 0 0 0
4.53017e+09 1.47121e+09 8.24172e+08 1.41258e+08 8.3035e+07 3.50877e+07 3.50877e+07 1.25134e+07 6.61706e+06 2.64281e+06 1.817e+06 865306 482053 212120 99001.8 58895.6 39133.2 16934.3 6426.16 4696.12 2156.86 850.857 380.662 145.685 83.9277 46.7038 12.0304 2.54679 0.663976 0.237383 0.148181 0.0488436 0.011189 0.00916544 0.00306766 0.00062342 0.000161415 7.92127e-05 1.28386e-05 5.82603e-06 9.90221e-07 1.95832e-07 7.48975e-08 1.04344e-08 0 0 0 0 0 0 0 0 0 0 0 0 0 0 0 0 0 0 0 0 0 0 0 0 0 0 0 0 0 0 0 0 0 0 0 0 0 0 0 0 0 0 0 0 0 0 0 0 0 0 0 0
4.93444e+09 6.72864e+08 6.72864e+08 1.87199e+08 5.64214e+07 5.1818e+07 1.08398e+07 1.01286e+07 5.40198e+06 1.95048e+06 1.54614e+06 810647 449817 166454 41019.9 41019.9 30990.2 11143.6 8163.9 3176.2 1613.8 675.075 358.262 184.29 70.0633 23.9691 11.5978 2.96169 0.478095 0.363164 0.20837 0.0366916 0.0267557 0.0113143 0.00276133 0.00086294 0.000538727 0.000175326 4.02568e-05 4.12648e-06 1.35663e-06 4.9127e-07 6.78436e-08 1.68688e-08 0 0 0 0 0 0 0 0 0 0 0 0 0 0 0 0 0 0 0 0 0 0 0 0 0 0 0 0 0 0 0 0 0 0 0 0 0 0 0 0 0 0 0 0 0 0 0 0 0 0 0 0
3.91115e+09 1.94001e+09 6.08564e+08 1.8081e+08 5.04979e+07 2.31772e+07 1.4174e+07 9.81717e+06 4.17136e+06 2.63104e+06 753618 605814 400241 123735 101280 52564.8 11003.4 11003.4 5567.7 1763.6 957.991 364.758 186.377 44.4606 44.4606 22.3316 5.71364 1.12463 0.647843 0.230247 0.0739675 0.0174336 0.0134963 0.0027113 0.00174939 0.00075637 0.000122374 6.99367e-05 1.91391e-05 5.16586e-06 7.405e-07 1.42923e-07 2.94213e-08 1.23821e-08 0 0 0 0 0 0 0 0 0 0 0 0 0 0 0 0 0 0 0 0 0 0 0 0 0 0 0 0 0 0 0 0 0 0 0 0 0 0 0 0 0 0 0 0 0 0 0 0 0 0 0 0
4.78473e+09 1.28598e+09 5.21515e+08 1.18766e+08 9.04977e+07 4.13153e+07 1.54967e+07 1.32023e+07 3.20292e+06 2.78118e+06 1.42275e+06 352822 352822 278507 76205.4 76205.4 26943.4 21632.2 12499.3 3100.58 1302.68 867.533 523.695 162.418 51.8951 25.0399 13.8211 1.52289 0.688209 0.266994 0.0719439 0.0719439 0.0248355 0.00687084 0.00385059 0.00101012 0.000255343 0.000192024 3.93074e-05 1.06395e-05 2.20696e-06 3.4868e-07 8.00096e-08 1.84865e-08 0 0 0 0 0 0 0 0 0 0 0 0 0 0 0 0 0 0 0 0 0 0 0 0 0 0 0 0 0 0 0 0 0 0 0 0 0 0 0 0 0 0 0 0 0 0 0 0 0 0 0 0
2.79436e+09 1.18478e+09 9.07156e+08 1.01995e+08 6.65072e+07 2.28829e+07 1.43477e+07 9.39879e+06 5.3931e+06 3.36127e+06 1.24274e+06 620266 342889 229371 65166.8 53615.5 12293.2 12077 6937.48 3724.28 1790.74 802.613 247.96 111.981 77.6186 21.6894 13.5567 1.75421 0.695637 0.332259 0.125346 0.0576012 0.0261449 0.00654473 0.00347281 0.00135822 0.000601167 0.000167496 2.54197e-05 5.65031e-06 2.19585e-06 5.20727e-07 1.38575e-07 1.88437e-08 0 0 0 0 0 0 0 0 0 0 0 0 0 0 0 0 0 0 0 0 0 0 0 0 0 0 0 0 0 0 0 0 0 0 0 0 0 0 0 0 0 0 0 0 0 0 0 0 0 0 0 0
4.12785e+09 1.03028e+09 6.38092e+08 1.50769e+08 5.24754e+07 1.79055e+07 1.51499e+07 6.22658e+06 2.25824e+06 1.32575e+06 1.03183e+06 910045 447494 91928.4 59201.9 36764.3 17425.3 16419.2 4592.28 2917.9 547.647 440.882 213.38 67.863 53.2943 24.7491 9.44473 1.153 0.544761 0.10867 0.0813796 0.0371104 0.0182941 0.00540242 0.00133682 0.000646202 0.000208929 5.71403e-05 1.88517e-05 4.79142e-06 9.75037e-07 4.34448e-07 1.19625e-07 1.69566e-08 0 0 0 0 0 0 0 0 0 0 0 0 0 0 0 0 0 0 0 0 0 0 0 0 0 0 0 0 0 0 0 0 0 0 0 0 0 0 0 0 0 0 0 0 0 0 0 0 0 0 0 0
2.64727e+09 2.0811e+09 7.57593e+08 2.22552e+08 8.5764e+07 4.82148e+07 2.89449e+07 2.17716e+07 1.00857e+07 3.64883e+06 1.33539e+06 559861 559861 208734 181498 77459.9 43000.2 28123.7 9584.91 3577.07 1637.9 822.421 370.211 239.031 52.4546 37.5177 15.1581 2.11676 1.47619 0.162408 0.162408 0.127495 0.0421077 0.0143813 0.00668549 0.00190927 0.000942486 0.00032073 8.05707e-05 2.66904e-05 3.62891e-06 1.94855e-06 3.27137e-07 5.02648e-08 1.20229e-08 0 0 0 0 0 0 0 0 0 0 0 0 0 0 0 0 0 0 0 0 0 0 0 0 0 0 0 0 0 0 0 0 0 0 0 0 0 0 0 0 0 0 0 0 0 0 0 0 0 0 0
6.15454e+09 1.20207e+09 4.51935e+08 1.30197e+08 9.67637e+07 3.83764e+07 1.77165e+07 1.06898e+07 4.81382e+06 2.08526e+06 1.84964e+06 927405 481521 223999 99281.5 28183.7 25118.9 7027.62 7027.62 2469.98 2005.42 537.161 191.097 97.8615 33.2156 20.1951 7.36366 1.72427 0.706285 0.293603 0.12655 0.0421493 0.014592 0.00376476 0.00236001 0.00111723 0.000325405 0.000109199 2.74117e-05 9.15208e-06 1.81707e-06 2.15702e-07 1.23575e-07 2.06483e-08 0 0 0 0 0 0 0 0 0 0 0 0 0 0 0 0 0 0 0 0 0 0 0 0 0 0 0 0 0 0 0 0 0 0 0 0 0 0 0 0 0 0 0 0 0 0 0 0 0 0 0 0
4.27631e+09 1.13515e+09 8.14178e+08 1.05178e+08 4.97764e+07 2.06505e+07 1.56036e+07 1.00506e+07 5.16806e+06 3.32009e+06 1.03834e+06 782517 108241 108241 82024.6 26996.5 26058.5 12114 9431.97 2408 1232.11 460.802 300.151 125.613 49.0017 21.3001 3.75652 1.3996 0.43803 0.264104 0.0939518 0.0128028 0.00941143 0.00340713 0.00144971 0.000432676 0.000125369 0.000104026 1.61482e-05 4.17835e-06 5.79406e-07 1.64014e-07 8.58105e-08 1.18806e-08 0 0 0 0 0 0 0 0 0 0 0 0 0 0 0 0 0 0 0 0 0 0 0 0 0 0 0 0 0 0 0 0 0 0 0 0 0 0 0 0 0 0 0 0 0 0 0 0 0 0 0 0
4.22715e+09 1.51953e+09 9.01133e+08 1.83442e+08 2.59723e+07 2.59723e+07 2.59723e+07 7.63748e+06 6.81365e+06 1.98465e+06 1.43793e+06 795122 275371 186292 53253.6 48144 25436.7 12131.9 5297.71 3531.91 1400.05 687.666 414.879 117.207 57.9669 27.6128 10.2244 1.39617 1.16841 0.282993 0.15753 0.0462423 0.0205684 0.0103568 0.0033694 0.00150712 0.000365936 0.000113515 4.09973e-05 1.79711e-05 3.09305e-06 7.78742e-07 1.05509e-07 1.83359e-08 0 0 0 0 0 0 0 0 0 0 0 0 0 0 0 0 0 0 0 0 0 0 0 0 0 0 0 0 0 0 0 0 0 0 0 0 0 0 0 0 0 0 0 0 0 0 0 0 0 0 0 0
3.41841e+09 1.41054e+09 7.94691e+08 1.23545e+08 7.09297e+07 3.93871e+07 2.53801e+07 1.21104e+07 7.02884e+06 3.62205e+06 2.25928e+06 929117 647666 317602 106548 62395.8 14765.5 11867.3 8736.38 4026.65 1687.79 755.212 275.385 82.1178 43.1138 13.2062 12.0403 1.80748 0.857778 0.394482 0.10838 0.0422763 0.0104948 0.00725973 0.00206132 0.000593677 0.000193437 7.86646e-05 2.95718e-05 6.52105e-06 9.89089e-07 1.61364e-07 4.95839e-08 1.74221e-08 0 0 0 0 0 0 0 0 0 0 0 0 0 0 0 0 0 0 0 0 0 0 0 0 0 0 0 0 0 0 0 0 0 0 0 0 0 0 0 0 0 0 0 0 0 0 0 0 0 0 0 0
3.34186e+09 1.26544e+09 5.61178e+08 1.22679e+08 9.42992e+07 4.82407e+07 8.34005e+06 4.92999e+06 4.92999e+06 1.2427e+06 1.15817e+06 589158 367225 132611 66730.8 50795.3 21305.3 11075.3 3002.02 3002.02 865.723 508.372 253.475 84.8652 39.7485 17.8496 5.98052 0.91759 0.221594 0.118665 0.0673472 0.0216619 0.00968766 0.00332265 0.00113461 0.000269721 3.57544e-05 3.57544e-05 1.2688e-05 4.89535e-06 1.29282e-06 1.59204e-07 4.77645e-08 1.2261e-08 0 0 0 0 0 0 0 0 0 0 0 0 0 0 0 0 0 0 0 0 0 0 0 0 0 0 0 0 0 0 0 0 0 0 0 0 0 0 0 0 0 0 0 0 0 0 0 0 0 0 0 0
