10140.6 10140.6 10140.6 10140.6 10140.6 5446.47 3913.41 3913.41 3654.33 3265.16 2426.41 1876.1 1876.1 647.422 503.397 297.778 178.325 90.8236 51.9719 25.61 7.7018 6.20219 1.9689 1.65946 0.651968 0.183255 0.0754061 0.0125292 0.00643236 0.00188072 0.000714981 0.000298427 8.25853e-05 3.30157e-05 1.27872e-05 4.62607e-06 2.80268e-06 8.7878e-07 2.1751e-07 5.70947e-08 1.12265e-08 0 0 0 0 0 0 0 0 0 0 0 0 0 0 0 0 0 0 0 0 0 0 0 0 0 0 0 0 0 0 0 0 0 0 0 0 0 0 0 0 0 0 0 0 0 0 0 0 0 0 0 0 0 0 0
19451.1 19451.1 15466.8 11988.5 11988.5 10625.6 6324.36 6324.36 6324.36 2705.62 2705.62 1534.75 1534.75 704.175 430.901 255.7 229.133 96.5202 84.7099 24.44 18.7632 7.04806 4.05659 0.783419 0.56735 0.260353 0.0832188 0.0125867 0.00466058 0.00229946 0.00124537 0.000430073 0.000125131 3.5472e-05 2.12434e-05 8.12689e-06 3.17394e-06 1.07827e-06 1.61169e-07 5.80066e-08 1.00043e-08 0 0 0 0 0 0 0 0 0 0 0 0 0 0 0 0 0 0 0 0 0 0 0 0 0 0 0 0 0 0 0 0 0 0 0 0 0 0 0 0 0 0 0 0 0 0 0 0 0 0 0 0 0 0 0
22816.2 22816.2 22816.2 16067.9 11355.2 11355.2 5434.01 5434.01 5434.01 3507.22 1840.36 1056.56 1056.56 889.093 415.462 175.508 159.62 117.403 34.6523 22.2199 7.2164 2.8926 1.8913 1.00981 0.312378 0.111582 0.0575246 0.0119069 0.0032829 0.00160803 0.000850095 0.000346328 7.04176e-05 2.66607e-05 1.10091e-05 5.40829e-06 1.08908e-06 5.36687e-07 1.1955e-07 2.94561e-08 1.21561e-08 0 0 0 0 0 0 0 0 0 0 0 0 0 0 0 0 0 0 0 0 0 0 0 0 0 0 0 0 0 0 0 0 0 0 0 0 0 0 0 0 0 0 0 0 0 0 0 0 0 0 0 0 0 0 0
29746.4 26128.4 20596.3 10224.5 10224.5 10224.5 3024.24 3024.24 3024.24 3024.24 2394.17 2336.05 1480.44 398.563 382.387 382.387 64.8493 43.174 34.7213 32.1171 14.1873 5.80074 4.3913 1.25395 0.588991 0.205255 0.142164 0.0120483 0.00683019 0.00318743 0.000789034 0.000317436 0.000135212 5.69093e-05 1.41134e-05 5.65315e-06 2.23873e-06 3.22282e-07 2.11784e-07 7.22446e-08 0 0 0 0 0 0 0 0 0 0 0 0 0 0 0 0 0 0 0 0 0 0 0 0 0 0 0 0 0 0 0 0 0 0 0 0 0 0 0 0 0 0 0 0 0 0 0 0 0 0 0 0 0 0 0 0
33002.1 19506.6 18352.1 4702.88 4702.88 4702.88 3513 3513 3513 3100.48 1678.34 1307.63 1307.63 734.671 294.782 194.335 151.386 98.358 35.9686 14.5967 14.5967 4.29088 2.86387 0.636497 0.462176 0.111639 0.0686495 0.00299211 0.00299211 0.00115214 0.000624677 0.000361193 6.22782e-05 4.85101e-05 1.02337e-05 1.70324e-06 1.70324e-06 6.31227e-07 9.75758e-08 2.45383e-08 0 0 0 0 0 0 0 0 0 0 0 0 0 0 0 0 0 0 0 0 0 0 0 0 0 0 0 0 0 0 0 0 0 0 0 0 0 0 0 0 0 0 0 0 0 0 0 0 0 0 0 0 0 0 0 0
23107.8 22284 16431.2 9193.78 6909.68 4954.82 4954.82 4133.04 3038.77 2158.37 1853.76 1048.54 343.632 343.632 265.04 129.447 96.5959 36.0768 36.0768 15.4729 9.39069 3.02844 1.02042 0.5591 0.234612 0.0914489 0.026833 0.00282937 0.00258885 0.00118162 0.000475953 0.000139193 6.27572e-05 3.31671e-05 8.94355e-06 2.99207e-06 7.34093e-07 4.22163e-07 1.01844e-07 2.38792e-08 0 0 0 0 0 0 0 0 0 0 0 0 0 0 0 0 0 0 0 0 0 0 0 0 0 0 0 0 0 0 0 0 0 0 0 0 0 0 0 0 0 0 0 0 0 0 0 0 0 0 0 0 0 0 0 0
19688 19688 19688 10961.9 9041.23 9041.23 4673.71 4121.09 2566.72 1176.84 1176.84 712.757 712.757 414.839 359.909 198.242 103.75 62.6098 41.6844 17.8628 7.00873 1.98805 0.986347 0.685777 0.2227 0.0520098 0.0357287 0.00698699 0.00239646 0.000851925 0.000373762 0.000112181 4.56748e-05 2.18008e-05 5.27766e-06 2.11934e-06 8.96687e-07 2.0566e-07 8.13598e-08 2.25206e-08 0 0 0 0 0 0 0 0 0 0 0 0 0 0 0 0 0 0 0 0 0 0 0 0 0 0 0 0 0 0 0 0 0 0 0 0 0 0 0 0 0 0 0 0 0 0 0 0 0 0 0 0 0 0 0 0
23783.5 16763.4 13713.7 13607.5 9208.21 9208.21 5413.42 4291.86 1851.43 1851.43 1851.43 1487.2 1288.66 910.026 412.415 102.286 102.286 65.3756 33.2734 8.7377 5.78304 3.14705 1.40579 0.558163 0.320477 0.0819291 0.035719 0.00726617 0.00144611 0.000888929 0.000160208 5.1841e-05 3.81832e-05 1.49254e-05 4.87375e-06 2.72633e-06 1.07221e-06 2.31639e-07 6.88251e-08 2.04055e-08 0 0 0 0 0 0 0 0 0 0 0 0 0 0 0 0 0 0 0 0 0 0 0 0 0 0 0 0 0 0 0 0 0 0 0 0 0 0 0 0 0 0 0 0 0 0 0 0 0 0 0 0 0 0 0 0
18422 17988.2 12187.1 11372.2 5659.2 5659.2 1578.26 1578.26 1578.26 1578.26 1093.27 900.205 575.75 356.527 289.573 84.6295 68.6905 20.356 20.356 11.0642 3.54731 1.48138 0.575518 0.255706 0.110586 0.0669088 0.0178482 0.00275188 0.0012244 0.000251341 0.000128145 3.87485e-05 6.15509e-06 4.4282e-06 3.1274e-06 1.07811e-06 2.68678e-07 6.45758e-08 2.50761e-08 0 0 0 0 0 0 0 0 0 0 0 0 0 0 0 0 0 0 0 0 0 0 0 0 0 0 0 0 0 0 0 0 0 0 0 0 0 0 0 0 0 0 0 0 0 0 0 0 0 0 0 0 0 0 0 0 0
21832.7 14161.6 7381.16 6113.82 6113.82 6113.82 4317.47 4317.47 3549.54 2343.64 1853.65 1359.32 1359.32 985.017 315.983 159.528 159.528 63.099 48.5668 18.867 6.51159 3.30888 1.67549 0.82572 0.260993 0.144768 0.0497067 0.00712091 0.00507297 0.0016485 0.00038669 0.000228747 9.49641e-05 2.83176e-05 9.68997e-06 4.57429e-06 1.49437e-06 2.9589e-07 1.726e-07 3.53691e-08 0 0 0 0 0 0 0 0 0 0 0 0 0 0 0 0 0 0 0 0 0 0 0 0 0 0 0 0 0 0 0 0 0 0 0 0 0 0 0 0 0 0 0 0 0 0 0 0 0 0 0 0 0 0 0 0
23410.1 22590.5 12995.7 11213.9 4010.59 2984.48 2984.48 2984.48 2287.08 2121.33 774.187 774.187 509.763 306.16 103.918 89.2867 35.2128 24.0192 16.8112 5.45134 1.99246 0.456266 0.396267 0.269665 0.0838152 0.0195887 0.00623881 0.00166754 0.00108042 0.000324336 0.000114608 6.32046e-05 1.87361e-05 7.23931e-06 2.37659e-06 1.17172e-06 1.2796e-07 1.2796e-07 2.62078e-08 1.21644e-08 0 0 0 0 0 0 0 0 0 0 0 0 0 0 0 0 0 0 0 0 0 0 0 0 0 0 0 0 0 0 0 0 0 0 0 0 0 0 0 0 0 0 0 0 0 0 0 0 0 0 0 0 0 0 0 0
26562.9 21279.8 15240.1 9550.76 9550.76 6085.48 5764.12 2621.76 2621.76 2621.76 1279.97 852.779 771.827 565.483 368.864 70.4824 70.4824 59.9671 34.7511 11.9619 6.38709 3.33018 1.02673 0.309061 0.206929 0.0813217 0.0306919 0.00453218 0.00239501 0.000750387 0.00044724 0.000120888 5.25681e-05 1.85432e-05 7.22177e-06 2.31339e-06 7.37232e-07 2.92793e-07 3.50464e-08 0 0 0 0 0 0 0 0 0 0 0 0 0 0 0 0 0 0 0 0 0 0 0 0 0 0 0 0 0 0 0 0 0 0 0 0 0 0 0 0 0 0 0 0 0 0 0 0 0 0 0 0 0 0 0 0 0
33554.7 18621.6 13419.7 8107.03 7859.59 4460.98 4460.98 2511.15 2511.15 1470.47 139.494 139.494 139.494 139.494 71.953 32.3679 28.9184 12.068 6.20967 3.25867 0.636127 0.350832 0.321519 0.112743 0.0251923 0.0170668 0.00510815 0.00135173 0.000511222 0.000159009 9.72229e-05 3.11137e-05 1.37884e-05 3.56264e-06 1.61878e-06 6.33084e-07 2.42919e-07 8.23671e-08 2.3352e-08 0 0 0 0 0 0 0 0 0 0 0 0 0 0 0 0 0 0 0 0 0 0 0 0 0 0 0 0 0 0 0 0 0 0 0 0 0 0 0 0 0 0 0 0 0 0 0 0 0 0 0 0 0 0 0 0 0
37449.5 26745.4 19655.9 6578.26 5144.7 4865.44 4774.64 4357.89 4357.89 3760.84 1715.39 1306.79 1127.39 1060.22 557.423 167.939 139.112 66.097 54.5044 21.9316 14.5541 4.24661 3.44429 0.879271 0.414525 0.16091 0.0661061 0.0126795 0.00754124 0.00199347 0.000966502 0.000181014 0.000141545 5.44602e-05 1.53764e-05 9.08556e-06 1.47922e-06 8.28978e-07 2.00033e-07 5.40031e-08 1.20152e-08 0 0 0 0 0 0 0 0 0 0 0 0 0 0 0 0 0 0 0 0 0 0 0 0 0 0 0 0 0 0 0 0 0 0 0 0 0 0 0 0 0 0 0 0 0 0 0 0 0 0 0 0 0 0 0
8481.47 8481.47 8481.47 8481.47 8481.47 5116.36 4541.55 3404.9 3370.77 2285.6 1197.19 743.868 645.955 233.112 211.589 102.752 22.7107 20.7989 19.924 7.61746 2.55068 1.9732 0.79695 0.362788 0.212914 0.0864133 0.0174899 0.00377615 0.00177427 0.000785428 0.000200512 8.46277e-05 4.19579e-05 1.0852e-05 5.01886e-06 1.78988e-06 1.05889e-06 1.85663e-07 9.89083e-08 1.18058e-08 0 0 0 0 0 0 0 0 0 0 0 0 0 0 0 0 0 0 0 0 0 0 0 0 0 0 0 0 0 0 0 0 0 0 0 0 0 0 0 0 0 0 0 0 0 0 0 0 0 0 0 0 0 0 0 0
16008.7 16008.7 13850.4 11445.9 5558.7 5558.7 2567.8 2567.8 1473.05 989.682 691.163 669.702 411.376 103.463 103.463 75.2666 33.6024 13.5239 11.1739 2.25203 1.37439 1.17196 0.41412 0.183611 0.0597246 0.0197481 0.014797 0.00254417 0.000443902 0.000247991 0.000130902 5.23834e-05 1.45595e-05 7.01906e-06 2.38269e-06 1.1125e-06 2.46055e-07 1.27199e-07 2.36437e-08 0 0 0 0 0 0 0 0 0 0 0 0 0 0 0 0 0 0 0 0 0 0 0 0 0 0 0 0 0 0 0 0 0 0 0 0 0 0 0 0 0 0 0 0 0 0 0 0 0 0 0 0 0 0 0 0 0
22451.5 22451.5 21182.1 13857.9 9073.77 5651.1 5651.1 3951.17 1398.56 1398.56 1256.67 763.693 571.403 282.582 195.086 122.72 36.9628 36.087 8.74789 5.89195 3.14291 2.1781 0.879232 0.330117 0.215192 0.0601478 0.0226782 0.0036599 0.00129964 0.000265054 0.000130566 0.000103869 2.65556e-05 1.39738e-05 3.61793e-06 8.2545e-07 4.14092e-07 1.44329e-07 4.24174e-08 0 0 0 0 0 0 0 0 0 0 0 0 0 0 0 0 0 0 0 0 0 0 0 0 0 0 0 0 0 0 0 0 0 0 0 0 0 0 0 0 0 0 0 0 0 0 0 0 0 0 0 0 0 0 0 0 0
34834.3 13253.1 10724.1 7868.02 4534.05 4534.05 4534.05 3198.69 3198.69 2742.85 2742.85 2370.98 1821.32 1126.43 787.889 263.317 244.772 148.529 72.0585 36.6998 20.3999 10.5543 2.26012 0.83359 0.71264 0.441869 0.143564 0.0223948 0.0116422 0.00440242 0.00205784 0.000676141 0.000274949 6.14133e-05 3.3629e-05 8.21314e-06 3.23579e-06 9.86661e-07 1.19076e-07 6.49931e-08 1.0376e-08 0 0 0 0 0 0 0 0 0 0 0 0 0 0 0 0 0 0 0 0 0 0 0 0 0 0 0 0 0 0 0 0 0 0 0 0 0 0 0 0 0 0 0 0 0 0 0 0 0 0 0 0 0 0 0
18013.7 13025.9 13025.9 6038.75 3952.63 3952.63 2671.78 2671.78 2671.78 1772.44 1747.81 1092.53 1092.53 830.354 422.031 232.705 190.89 82.2327 15.3714 9.74415 9.68388 3.53144 1.97116 0.731123 0.412251 0.148846 0.0603085 0.0113183 0.00543551 0.00114723 0.000613386 0.000132302 5.86273e-05 2.56085e-05 8.95405e-06 3.23312e-06 1.75855e-06 7.08866e-07 1.15576e-07 2.89407e-08 0 0 0 0 0 0 0 0 0 0 0 0 0 0 0 0 0 0 0 0 0 0 0 0 0 0 0 0 0 0 0 0 0 0 0 0 0 0 0 0 0 0 0 0 0 0 0 0 0 0 0 0 0 0 0 0
20327.3 12659 12659 12659 6959.54 6959.54 6959.54 6919.91 4985.68 3732.06 2851.32 2228.36 644.615 644.615 644.615 537.881 435.186 217.006 140.267 42.3359 25.4269 11.2751 3.42695 1.23963 0.839333 0.308037 0.170492 0.0340412 0.011513 0.00399648 0.00150395 0.000839892 0.000224693 6.94665e-05 4.26148e-05 1.37783e-05 4.19797e-06 1.60153e-06 3.57426e-07 8.95818e-08 1.86755e-08 0 0 0 0 0 0 0 0 0 0 0 0 0 0 0 0 0 0 0 0 0 0 0 0 0 0 0 0 0 0 0 0 0 0 0 0 0 0 0 0 0 0 0 0 0 0 0 0 0 0 0 0 0 0 0
23021.1 14826.2 12225.5 7390.63 7390.63 6344.37 5983.01 3686.08 3686.08 3541.59 2598.67 953.606 882.74 596.699 379.718 316.865 134.341 90.0096 44.3964 18.0995 6.17146 5.60052 0.687268 0.453419 0.339569 0.134999 0.0507215 0.0159195 0.00413736 0.0027129 0.000767237 0.000136021 9.47147e-05 3.49797e-05 1.5764e-05 3.09256e-06 9.75505e-07 4.89495e-07 1.46157e-07 4.26528e-08 1.04364e-08 0 0 0 0 0 0 0 0 0 0 0 0 0 0 0 0 0 0 0 0 0 0 0 0 0 0 0 0 0 0 0 0 0 0 0 0 0 0 0 0 0 0 0 0 0 0 0 0 0 0 0 0 0 0 0
30115.6 21575.2 21575.2 10701.5 10701.5 10701.5 8400.64 6487.21 3180.86 3180.86 3010.83 1544.11 1544.11 890.063 786.657 771.817 355.353 243.196 109.06 74.2105 23.9335 13.9721 10.7917 3.33703 1.27976 0.474227 0.132112 0.0662356 0.014099 0.00323703 0.00323703 0.00110386 0.000240475 0.000142484 1.73266e-05 1.07962e-05 5.91513e-06 1.86729e-06 2.90423e-07 1.6956e-07 2.44061e-08 0 0 0 0 0 0 0 0 0 0 0 0 0 0 0 0 0 0 0 0 0 0 0 0 0 0 0 0 0 0 0 0 0 0 0 0 0 0 0 0 0 0 0 0 0 0 0 0 0 0 0 0 0 0 0
24032 20711.1 8045.38 8045.38 4655.53 3208.68 2814.87 2492.92 2492.92 877.108 476.148 476.148 337.218 152.423 129.22 50.2995 18.0186 13.2943 9.93182 2.9178 1.21471 0.91545 0.448501 0.108438 0.0422709 0.0240191 0.00978207 0.00259368 0.000603496 0.000217097 7.77575e-05 2.50974e-05 6.37463e-06 4.00575e-06 2.55743e-06 7.41644e-07 1.45678e-07 2.75106e-08 2.75106e-08 0 0 0 0 0 0 0 0 0 0 0 0 0 0 0 0 0 0 0 0 0 0 0 0 0 0 0 0 0 0 0 0 0 0 0 0 0 0 0 0 0 0 0 0 0 0 0 0 0 0 0 0 0 0 0 0 0
18638.3 18638.3 18638.3 12956.8 12579.6 3765.16 3765.16 3765.16 3765.16 3765.16 3765.16 3765.16 3765.16 2766.22 2766.22 1543.77 1345.55 976.216 652.771 502.133 113.681 75.8724 75.8724 32.1602 5.93687 5.17338 2.81988 0.429928 0.134739 0.0858308 0.0122634 0.00724631 0.00396157 0.00115477 0.000449748 0.000100862 2.42652e-05 2.05998e-05 3.49081e-06 8.49466e-07 2.01881e-07 3.4787e-08 0 0 0 0 0 0 0 0 0 0 0 0 0 0 0 0 0 0 0 0 0 0 0 0 0 0 0 0 0 0 0 0 0 0 0 0 0 0 0 0 0 0 0 0 0 0 0 0 0 0 0 0 0 0
15621.5 15621.5 12184.4 10943.8 10943.8 9936.63 8581.6 6563.54 4755.68 4562.36 2998.46 2264.02 1843.36 1731.96 1100.97 886.781 348.097 188.41 116.175 72.9587 46.0027 15.3384 8.72942 4.42981 0.841278 0.426988 0.3018 0.0503486 0.0102066 0.00377946 0.00142824 0.0010963 0.000396992 0.000171173 3.51927e-05 2.46654e-05 8.38901e-06 2.40952e-06 4.80984e-07 1.17802e-07 4.96801e-08 1.09058e-08 0 0 0 0 0 0 0 0 0 0 0 0 0 0 0 0 0 0 0 0 0 0 0 0 0 0 0 0 0 0 0 0 0 0 0 0 0 0 0 0 0 0 0 0 0 0 0 0 0 0 0 0 0 0
20408.9 20408.9 19227.7 8727.88 5001.14 5001.14 2800.57 2800.57 2134.57 1817.67 1679.48 1660.76 268.529 268.529 106.868 106.868 78.6145 36.1505 17.7314 6.80423 3.86949 1.33476 0.779039 0.289539 0.122235 0.0858225 0.0285998 0.00675965 0.00229342 0.000817001 0.00023022 0.000124417 3.48351e-05 2.20305e-05 4.52986e-06 1.63136e-06 5.05202e-07 2.86478e-07 6.63616e-08 0 0 0 0 0 0 0 0 0 0 0 0 0 0 0 0 0 0 0 0 0 0 0 0 0 0 0 0 0 0 0 0 0 0 0 0 0 0 0 0 0 0 0 0 0 0 0 0 0 0 0 0 0 0 0 0 0
22285.1 22285.1 12884.6 12884.6 12884.6 11578.6 4886.28 4886.28 4886.28 3103.75 3103.75 2399.09 2399.09 791.54 786.815 398.412 286.153 269.577 134.961 65.6288 43.5109 18.2564 5.92191 2.28638 1.31679 0.453024 0.156426 0.0532936 0.0137096 0.00776466 0.00370709 0.0012077 0.000446354 0.000194642 6.10446e-05 1.4065e-05 6.64287e-06 2.44098e-06 3.12465e-07 5.32081e-08 2.86769e-08 0 0 0 0 0 0 0 0 0 0 0 0 0 0 0 0 0 0 0 0 0 0 0 0 0 0 0 0 0 0 0 0 0 0 0 0 0 0 0 0 0 0 0 0 0 0 0 0 0 0 0 0 0 0 0
12782.5 12782.5 12782.5 12695 9413.38 8723.13 6849.9 3352.18 3352.18 2857.55 1820.75 1094.62 1094.62 949.212 391.64 156.386 96.1436 96.1436 42.1671 16.321 7.3225 3.99077 1.72229 1.02391 0.295812 0.173268 0.110382 0.0118695 0.00443752 0.00146554 0.00092083 0.000150917 9.65067e-05 1.92866e-05 9.2099e-06 5.01249e-06 1.35722e-06 8.54487e-07 1.65558e-07 3.23996e-08 1.23184e-08 0 0 0 0 0 0 0 0 0 0 0 0 0 0 0 0 0 0 0 0 0 0 0 0 0 0 0 0 0 0 0 0 0 0 0 0 0 0 0 0 0 0 0 0 0 0 0 0 0 0 0 0 0 0 0
18122.2 18122.2 14938 12168.6 10969.3 9410.63 5202.95 5202.95 3998.22 3278.12 1688.32 1688.32 918.551 593.992 593.992 264.311 238.194 98.6363 61.3633 30.8234 11.1922 7.98056 3.05797 0.789187 0.445738 0.190567 0.0947441 0.0107802 0.0051934 0.00197091 0.000520999 0.000191713 5.25828e-05 3.4165e-05 9.23032e-06 4.19689e-06 1.37483e-06 1.16102e-07 1.03625e-07 2.45941e-08 0 0 0 0 0 0 0 0 0 0 0 0 0 0 0 0 0 0 0 0 0 0 0 0 0 0 0 0 0 0 0 0 0 0 0 0 0 0 0 0 0 0 0 0 0 0 0 0 0 0 0 0 0 0 0 0
24517.3 17027.7 13241.9 11542.9 10228.1 10228.1 4248.02 4248.02 3231.41 2298.14 2298.14 1135.13 843.172 508.117 228.997 173.923 111.898 64.1483 38.1001 22.9223 10.2387 5.15304 1.94128 0.680026 0.345606 0.172434 0.0718821 0.0179665 0.00613737 0.00278803 0.000681113 0.000336184 7.58949e-05 7.58949e-05 2.5489e-05 5.47102e-06 2.77838e-06 7.2156e-07 1.87995e-07 3.50464e-08 0 0 0 0 0 0 0 0 0 0 0 0 0 0 0 0 0 0 0 0 0 0 0 0 0 0 0 0 0 0 0 0 0 0 0 0 0 0 0 0 0 0 0 0 0 0 0 0 0 0 0 0 0 0 0 0
31365.9 23241.6 15430.2 11289.9 6363.56 6312.97 3862.45 3302.03 2486.06 1402.93 1184.06 791.637 682.202 336.026 192.949 118.616 69.961 40.3338 31.7674 10.2672 7.146 2.35087 0.848392 0.524932 0.216308 0.076735 0.0297658 0.00416088 0.00243079 0.000771679 0.000388154 0.000118108 3.06283e-05 1.14286e-05 1.95473e-06 1.87625e-06 6.59697e-07 2.80513e-07 1.77035e-08 0 0 0 0 0 0 0 0 0 0 0 0 0 0 0 0 0 0 0 0 0 0 0 0 0 0 0 0 0 0 0 0 0 0 0 0 0 0 0 0 0 0 0 0 0 0 0 0 0 0 0 0 0 0 0 0 0
30015.1 18734.4 18734.4 10877.5 7802.33 3235.73 3235.73 2971.12 1718.65 1642.02 765.16 418.351 152.094 79.9873 79.9873 39.6412 23.4048 15.7003 7.37563 4.98762 2.02828 0.660292 0.352239 0.165331 0.0444128 0.0236946 0.00615181 0.00127948 0.000566714 0.000403796 2.06063e-05 2.06063e-05 9.7994e-06 4.11197e-06 1.87253e-06 7.37336e-07 2.7269e-07 6.43584e-08 1.81249e-08 0 0 0 0 0 0 0 0 0 0 0 0 0 0 0 0 0 0 0 0 0 0 0 0 0 0 0 0 0 0 0 0 0 0 0 0 0 0 0 0 0 0 0 0 0 0 0 0 0 0 0 0 0 0 0 0 0
22709 13191.3 13191.3 10099.7 7448.06 6406.01 6406.01 3004.67 2953.7 2716.24 1187.58 743.613 612.358 353.983 82.2657 82.2657 82.2657 30.7268 9.05537 9.05537 3.68352 1.79676 0.782218 0.371356 0.183998 0.0687805 0.0408637 0.00697193 0.00182233 0.00114694 0.000200537 0.000200537 3.43649e-05 1.62088e-05 4.4899e-06 3.84085e-06 8.17728e-07 4.30166e-07 6.05165e-08 2.61381e-08 0 0 0 0 0 0 0 0 0 0 0 0 0 0 0 0 0 0 0 0 0 0 0 0 0 0 0 0 0 0 0 0 0 0 0 0 0 0 0 0 0 0 0 0 0 0 0 0 0 0 0 0 0 0 0 0
22997.3 16636.6 10539.8 7813 7813 7344.32 5140.91 4061.88 2511.05 1783.11 1703.93 881.372 517.364 312.324 151.621 107.839 33.8379 31.8086 15.9803 5.05083 2.24067 0.523468 0.409953 0.281959 0.0765607 0.0309603 0.0140209 0.00221163 0.000759121 0.000360499 0.000142288 5.42952e-05 2.52571e-05 8.74238e-06 3.48902e-06 1.22818e-06 1.83232e-07 9.33154e-08 2.34563e-08 0 0 0 0 0 0 0 0 0 0 0 0 0 0 0 0 0 0 0 0 0 0 0 0 0 0 0 0 0 0 0 0 0 0 0 0 0 0 0 0 0 0 0 0 0 0 0 0 0 0 0 0 0 0 0 0 0
28841.2 22274.3 9810.82 8495.69 8495.69 4832.77 2821.7 2458.6 2458.6 1411.26 568.646 549.467 165.116 165.116 77.2228 43.5449 24.1958 5.74756 5.74756 2.48117 1.74959 0.626159 0.286668 0.0847458 0.0446627 0.0123822 0.00588794 0.00085831 0.000246112 0.000230657 8.44126e-05 1.7008e-05 1.19147e-05 2.81509e-06 1.73197e-06 3.89738e-07 5.45092e-08 5.45092e-08 1.60811e-08 0 0 0 0 0 0 0 0 0 0 0 0 0 0 0 0 0 0 0 0 0 0 0 0 0 0 0 0 0 0 0 0 0 0 0 0 0 0 0 0 0 0 0 0 0 0 0 0 0 0 0 0 0 0 0 0 0
15296 15296 15296 12318 12318 6721.7 6721.7 6002.98 3375.49 3002.21 2456.76 826.593 766.742 396.91 309.937 211.607 133.195 62.3983 16.2226 16.2226 3.58653 2.40669 0.929999 0.35246 0.172299 0.0954518 0.0263411 0.00768336 0.00239579 0.00121551 0.000299157 0.000205157 4.78308e-05 2.12696e-05 7.17897e-06 3.48639e-06 9.57859e-07 2.52327e-07 9.74413e-08 1.80063e-08 0 0 0 0 0 0 0 0 0 0 0 0 0 0 0 0 0 0 0 0 0 0 0 0 0 0 0 0 0 0 0 0 0 0 0 0 0 0 0 0 0 0 0 0 0 0 0 0 0 0 0 0 0 0 0 0
26122.1 17523.1 13591.8 9707.44 6789.69 6576.65 6576.65 6576.65 5241.74 3913.38 2819.31 2360.96 872.504 742.407 605.468 261.423 111.798 91.9083 45.8356 25.618 5.45169 2.8524 2.03531 0.769453 0.32099 0.220923 0.0599367 0.00801241 0.000891089 0.000718117 0.000384392 0.000118051 7.5026e-05 2.50173e-05 1.10061e-05 4.59275e-06 8.93354e-07 4.17863e-07 4.74612e-08 2.21939e-08 0 0 0 0 0 0 0 0 0 0 0 0 0 0 0 0 0 0 0 0 0 0 0 0 0 0 0 0 0 0 0 0 0 0 0 0 0 0 0 0 0 0 0 0 0 0 0 0 0 0 0 0 0 0 0 0
21249.3 21249.3 6835.92 6835.92 6835.92 6835.92 6514.7 4147.68 2866.13 1288.31 1288.31 666.651 487.556 225.23 214.75 142.953 36.7531 25.672 16.3419 4.14383 2.95787 1.1597 0.63992 0.274176 0.151696 0.0503694 0.0218847 0.00395099 0.000634733 0.000581703 0.000295688 0.00011136 5.51754e-05 1.26711e-05 5.29179e-06 2.00043e-06 7.07416e-07 1.86057e-07 6.56922e-08 1.00966e-08 0 0 0 0 0 0 0 0 0 0 0 0 0 0 0 0 0 0 0 0 0 0 0 0 0 0 0 0 0 0 0 0 0 0 0 0 0 0 0 0 0 0 0 0 0 0 0 0 0 0 0 0 0 0 0 0
25837.5 25146.1 13108.5 10409 8028.43 4096.59 4096.59 4096.59 2911.07 2335.43 1707.06 981.355 664.109 442.692 199.228 156.274 82.5652 24.3466 17.3861 9.93099 5.01118 2.35791 2.01282 0.387141 0.312513 0.0863975 0.033773 0.00985803 0.00258461 0.00151744 0.000477456 0.00019956 7.49201e-05 2.54625e-05 8.71919e-06 2.94478e-06 1.0683e-06 3.89077e-07 1.52236e-07 2.25916e-08 0 0 0 0 0 0 0 0 0 0 0 0 0 0 0 0 0 0 0 0 0 0 0 0 0 0 0 0 0 0 0 0 0 0 0 0 0 0 0 0 0 0 0 0 0 0 0 0 0 0 0 0 0 0 0 0
17337.1 8259.87 8259.87 5114.93 5114.93 3582.99 3582.99 3483.5 2869.02 2869.02 1608.4 1608.4 1119.26 581.886 338.447 42.7812 42.7812 42.7812 25.9998 9.38024 9.20725 2.88927 0.932335 0.633485 0.361942 0.202525 0.0417978 0.00628635 0.0014842 0.0014842 0.000480429 0.000268894 8.0051e-05 4.00915e-05 1.09992e-05 4.32116e-06 1.89047e-06 6.67284e-07 1.35367e-07 3.97268e-08 0 0 0 0 0 0 0 0 0 0 0 0 0 0 0 0 0 0 0 0 0 0 0 0 0 0 0 0 0 0 0 0 0 0 0 0 0 0 0 0 0 0 0 0 0 0 0 0 0 0 0 0 0 0 0 0
20992.6 13250.4 9136.91 7876.2 5669.4 5669.4 5157.08 4043.78 3942.78 2328.88 1040.52 649.353 649.353 385.733 209.47 166.474 52.974 46.2483 14.5233 10.2521 4.27728 1.25908 0.439758 0.267885 0.130341 0.0560014 0.0191212 0.00155672 0.00155672 0.000667719 0.000170083 7.71902e-05 3.98854e-05 1.40381e-05 6.86147e-06 1.55146e-06 5.72455e-07 1.33922e-07 5.17265e-08 1.16984e-08 0 0 0 0 0 0 0 0 0 0 0 0 0 0 0 0 0 0 0 0 0 0 0 0 0 0 0 0 0 0 0 0 0 0 0 0 0 0 0 0 0 0 0 0 0 0 0 0 0 0 0 0 0 0 0 0
18251.6 8901.69 8901.69 8901.69 7127.7 6071.41 6071.41 6071.41 5532.23 4306.64 2588.34 2303.14 1577.99 719.946 572.85 318.738 183.328 107.975 57.076 12.3158 12.3158 4.54104 3.55576 0.48904 0.435936 0.185651 0.0575799 0.0107878 0.00375783 0.00209446 0.000529971 0.000207043 2.58454e-05 2.58454e-05 5.7203e-06 3.4991e-06 1.03675e-06 5.48701e-07 2.23898e-07 2.75568e-08 0 0 0 0 0 0 0 0 0 0 0 0 0 0 0 0 0 0 0 0 0 0 0 0 0 0 0 0 0 0 0 0 0 0 0 0 0 0 0 0 0 0 0 0 0 0 0 0 0 0 0 0 0 0 0 0
15612.6 8542.48 8542.48 5798.28 5798.28 3898.49 2655.65 1638.73 1638.73 1220.1 759.725 587.508 308.881 287.647 101.962 73.1587 21.7033 15.0806 4.7435 3.87296 2.54385 1.02292 0.233558 0.163672 0.0612087 0.0307732 0.0183316 0.00183035 0.000813817 0.000335441 0.000207299 4.47389e-05 2.32755e-05 9.00834e-06 2.97492e-06 1.45551e-06 3.65382e-07 2.16956e-07 4.45017e-08 0 0 0 0 0 0 0 0 0 0 0 0 0 0 0 0 0 0 0 0 0 0 0 0 0 0 0 0 0 0 0 0 0 0 0 0 0 0 0 0 0 0 0 0 0 0 0 0 0 0 0 0 0 0 0 0 0
14753.5 14753.5 12328.8 8135.37 8135.37 7886.77 1879.6 1879.6 1879.6 1879.6 1818.88 812 704.67 571.2 208.545 158.796 102.073 61.2246 24.2793 11.0838 4.2754 1.90361 0.771019 0.351004 0.214147 0.0709304 0.0329961 0.00580369 0.00169632 0.000883183 0.000202947 9.36779e-05 3.57582e-05 8.7423e-06 3.38782e-06 1.57428e-06 6.01281e-07 2.46033e-07 4.44913e-08 1.65747e-08 0 0 0 0 0 0 0 0 0 0 0 0 0 0 0 0 0 0 0 0 0 0 0 0 0 0 0 0 0 0 0 0 0 0 0 0 0 0 0 0 0 0 0 0 0 0 0 0 0 0 0 0 0 0 0 0
21858 11722.9 11722.9 7501.89 3770.43 3770.43 3770.43 3770.43 2309.99 1120.18 1120.18 463.801 317.751 136.738 103.005 103.005 48.7095 35.4707 19.0934 4.01288 2.54712 2.07345 0.656908 0.163759 0.157619 0.0673086 0.0260598 0.00354578 0.00121432 0.000424766 0.000225917 0.000104069 2.50255e-05 8.40038e-06 4.39672e-06 1.56836e-06 1.99688e-07 1.95385e-07 2.01571e-08 0 0 0 0 0 0 0 0 0 0 0 0 0 0 0 0 0 0 0 0 0 0 0 0 0 0 0 0 0 0 0 0 0 0 0 0 0 0 0 0 0 0 0 0 0 0 0 0 0 0 0 0 0 0 0 0 0
14929.8 14929.8 4830.32 4830.32 4830.32 4830.32 4830.32 4830.32 4830.32 4830.32 2776.98 2776.98 2439.79 1217.71 817.239 612.684 355.008 202.377 160.636 91.3426 23.2905 22.611 10.8524 4.28385 1.6846 0.745703 0.36946 0.0492077 0.0195715 0.00792478 0.00367995 0.00135421 0.000590491 0.000115372 4.3717e-05 3.21312e-05 1.08857e-05 2.39085e-06 1.08505e-06 2.4199e-07 5.71894e-08 1.52447e-08 0 0 0 0 0 0 0 0 0 0 0 0 0 0 0 0 0 0 0 0 0 0 0 0 0 0 0 0 0 0 0 0 0 0 0 0 0 0 0 0 0 0 0 0 0 0 0 0 0 0 0 0 0 0
23203.2 18899 18005.5 8746.26 7599.37 5714.58 3510.32 2571.59 2389.92 1051.44 786.211 451.94 451.94 158.209 157.679 101.933 50.9574 19.7122 13.897 7.1582 2.46495 0.982745 0.427403 0.301964 0.0730486 0.0495105 0.00794343 0.00289003 0.00110591 0.000385509 0.000144024 7.24058e-05 1.70534e-05 7.97281e-06 3.63267e-06 5.73482e-07 1.3592e-07 7.14537e-08 2.3234e-08 0 0 0 0 0 0 0 0 0 0 0 0 0 0 0 0 0 0 0 0 0 0 0 0 0 0 0 0 0 0 0 0 0 0 0 0 0 0 0 0 0 0 0 0 0 0 0 0 0 0 0 0 0 0 0 0 0
17535.8 12701.6 12701.6 8518.47 6344.63 3145.6 2963.19 2963.19 2355.76 2355.76 2258.81 1207.38 880.985 570.506 275.592 150.911 120.387 58.0181 29.2531 3.11599 3.11599 2.68391 1.28772 0.589919 0.233874 0.118963 0.0160127 0.0108054 0.00362007 0.00105347 0.000288036 0.000103137 7.40673e-05 2.17472e-05 1.2478e-05 3.78379e-06 6.99432e-07 3.40038e-07 1.05533e-07 1.88818e-08 0 0 0 0 0 0 0 0 0 0 0 0 0 0 0 0 0 0 0 0 0 0 0 0 0 0 0 0 0 0 0 0 0 0 0 0 0 0 0 0 0 0 0 0 0 0 0 0 0 0 0 0 0 0 0 0
27176.2 23993.7 13870.9 12353.7 8957.18 5704.6 5256.74 5256.74 4132.25 3491.93 2165.85 2165.85 1660.87 984.863 697.993 467.726 175.021 133.961 57.2145 26.955 14.4789 6.58394 3.29051 1.32401 0.422329 0.301363 0.122899 0.0251619 0.00487014 0.00217143 0.000939527 0.000152658 0.000152658 3.94422e-05 1.90159e-05 6.59225e-06 3.10878e-06 7.22155e-07 1.61717e-07 5.19668e-08 0 0 0 0 0 0 0 0 0 0 0 0 0 0 0 0 0 0 0 0 0 0 0 0 0 0 0 0 0 0 0 0 0 0 0 0 0 0 0 0 0 0 0 0 0 0 0 0 0 0 0 0 0 0 0 0
27906.7 15944.4 10431.7 5665.73 5665.73 4684.04 4684.04 3894.37 3021.25 1694.87 1300.24 917.568 631.417 339.375 170.538 51.4846 41.9164 36.5063 14.4836 5.6748 3.40977 1.40276 0.475822 0.363649 0.116828 0.0519467 0.0254665 0.00280927 0.000752584 0.000283308 0.000173183 2.32067e-05 2.13414e-05 9.66525e-06 2.54614e-06 1.41672e-06 4.70817e-07 1.38069e-07 2.2566e-08 1.16804e-08 0 0 0 0 0 0 0 0 0 0 0 0 0 0 0 0 0 0 0 0 0 0 0 0 0 0 0 0 0 0 0 0 0 0 0 0 0 0 0 0 0 0 0 0 0 0 0 0 0 0 0 0 0 0 0 0
26703.9 13940.9 13940.9 8971.04 7188.49 5162.99 4409.64 1740.95 1541.72 1122.38 606.335 452.936 301.695 198.805 89.947 52.0944 50.637 8.23502 5.47283 2.62243 0.918694 0.859973 0.411558 0.175814 0.0589566 0.0299997 0.0104597 0.00161802 0.00114214 0.000402527 0.000106872 2.90443e-05 1.40383e-05 3.92978e-06 3.17157e-06 4.26541e-07 1.8119e-07 9.89623e-08 1.66424e-08 0 0 0 0 0 0 0 0 0 0 0 0 0 0 0 0 0 0 0 0 0 0 0 0 0 0 0 0 0 0 0 0 0 0 0 0 0 0 0 0 0 0 0 0 0 0 0 0 0 0 0 0 0 0 0 0 0
