1087.97 712.22 554.064 428.95 366.341 363.586 346.539 327.002 316.17 312.046 308.055 303.84 303.364 301.732 301.217 300.896 300.623 300.3 300.274 300.132 300.068 300.058 300.035 300.022 300.012 300.008 300.004 300.001 300.001 300.001 300 300 300 300 300 300 300 300 300 300 300 300 300 300 300 300 300 300 300 300 300 300 300 300 300 300 300 300 300 300 300 300 300 300 300 300 300 300 300 300 300 300 300 300 300 300 300 300 300 300 300 300 300 300 300 300 300 300 300 300 300 300 300 300 300 300
897.469 728.426 563.88 448.322 394.226 369.301 332.82 322.284 312.422 309.047 308.665 303.62 302.443 301.78 301.543 301.176 300.504 300.351 300.241 300.142 300.081 300.057 300.043 300.021 300.016 300.008 300.005 300.002 300.001 300.001 300 300 300 300 300 300 300 300 300 300 300 300 300 300 300 300 300 300 300 300 300 300 300 300 300 300 300 300 300 300 300 300 300 300 300 300 300 300 300 300 300 300 300 300 300 300 300 300 300 300 300 300 300 300 300 300 300 300 300 300 300 300 300 300 300 300
1112.67 774.607 504.381 420.702 400.56 362.94 351.293 326.136 314.29 310.539 306.005 304.644 302.143 302.143 301.282 300.861 300.6 300.325 300.238 300.145 300.089 300.054 300.041 300.028 300.013 300.01 300.006 300.002 300.001 300 300 300 300 300 300 300 300 300 300 300 300 300 300 300 300 300 300 300 300 300 300 300 300 300 300 300 300 300 300 300 300 300 300 300 300 300 300 300 300 300 300 300 300 300 300 300 300 300 300 300 300 300 300 300 300 300 300 300 300 300 300 300 300 300 300 300
1769.79 935.16 572.198 445.835 384.825 365.408 342.522 323.675 315.954 310.099 309.983 304.903 303.535 302.492 301.619 300.815 300.815 300.472 300.355 300.187 300.113 300.062 300.043 300.025 300.011 300.008 300.005 300.002 300.001 300.001 300 300 300 300 300 300 300 300 300 300 300 300 300 300 300 300 300 300 300 300 300 300 300 300 300 300 300 300 300 300 300 300 300 300 300 300 300 300 300 300 300 300 300 300 300 300 300 300 300 300 300 300 300 300 300 300 300 300 300 300 300 300 300 300 300 300
1353.4 1011.12 626.766 479.769 417.299 375.682 355.098 331.655 323.681 315.9 309.466 305.283 304.433 302.175 301.378 301.036 300.609 300.292 300.284 300.188 300.087 300.034 300.034 300.027 300.012 300.009 300.007 300.001 300.001 300.001 300 300 300 300 300 300 300 300 300 300 300 300 300 300 300 300 300 300 300 300 300 300 300 300 300 300 300 300 300 300 300 300 300 300 300 300 300 300 300 300 300 300 300 300 300 300 300 300 300 300 300 300 300 300 300 300 300 300 300 300 300 300 300 300 300 300
1066.77 974.93 576.366 420.092 373.865 357.328 342.69 322.093 316.961 308.787 307.953 304.866 303.017 302.157 301.183 300.751 300.466 300.358 300.202 300.18 300.094 300.036 300.029 300.023 300.009 300.007 300.004 300.001 300.001 300 300 300 300 300 300 300 300 300 300 300 300 300 300 300 300 300 300 300 300 300 300 300 300 300 300 300 300 300 300 300 300 300 300 300 300 300 300 300 300 300 300 300 300 300 300 300 300 300 300 300 300 300 300 300 300 300 300 300 300 300 300 300 300 300 300 300
1026.29 687.061 596.048 450.087 427.482 374.439 352.773 329.075 313.921 311.312 307.891 305.107 302.659 301.585 301.138 301.033 300.473 300.391 300.18 300.153 300.123 300.074 300.045 300.027 300.015 300.012 300.007 300.002 300.001 300.001 300 300 300 300 300 300 300 300 300 300 300 300 300 300 300 300 300 300 300 300 300 300 300 300 300 300 300 300 300 300 300 300 300 300 300 300 300 300 300 300 300 300 300 300 300 300 300 300 300 300 300 300 300 300 300 300 300 300 300 300 300 300 300 300 300 300
1413.95 767.758 553.642 438.293 394.593 369.888 355.881 316.989 316.989 312.248 308.231 304.722 303.112 302.116 301.339 301.18 300.591 300.511 300.251 300.157 300.085 300.044 300.04 300.019 300.013 300.008 300.005 300.001 300.001 300.001 300 300 300 300 300 300 300 300 300 300 300 300 300 300 300 300 300 300 300 300 300 300 300 300 300 300 300 300 300 300 300 300 300 300 300 300 300 300 300 300 300 300 300 300 300 300 300 300 300 300 300 300 300 300 300 300 300 300 300 300 300 300 300 300 300 300
1110.81 857.116 560.561 427.493 399.852 373.071 339.679 323.64 317.09 310.289 307.539 304.068 302.447 301.97 301.29 300.683 300.648 300.424 300.25 300.141 300.1 300.04 300.038 300.026 300.013 300.009 300.005 300.002 300.001 300 300 300 300 300 300 300 300 300 300 300 300 300 300 300 300 300 300 300 300 300 300 300 300 300 300 300 300 300 300 300 300 300 300 300 300 300 300 300 300 300 300 300 300 300 300 300 300 300 300 300 300 300 300 300 300 300 300 300 300 300 300 300 300 300 300 300
500.38 500.38 500.38 465.796 385.99 354.394 339.98 324.991 317.44 311.295 307.96 305.637 303.352 302.66 301.525 300.672 300.514 300.483 300.226 300.178 300.097 300.056 300.038 300.021 300.017 300.01 300.005 300.002 300.001 300.001 300 300 300 300 300 300 300 300 300 300 300 300 300 300 300 300 300 300 300 300 300 300 300 300 300 300 300 300 300 300 300 300 300 300 300 300 300 300 300 300 300 300 300 300 300 300 300 300 300 300 300 300 300 300 300 300 300 300 300 300 300 300 300 300 300 300
1076.82 777.255 514.698 448.039 388.517 371.021 342.804 317.199 313.764 311.831 307.196 303.925 303.265 302.177 301.384 300.745 300.406 300.406 300.371 300.198 300.144 300.053 300.048 300.032 300.019 300.01 300.005 300.002 300.001 300.001 300 300 300 300 300 300 300 300 300 300 300 300 300 300 300 300 300 300 300 300 300 300 300 300 300 300 300 300 300 300 300 300 300 300 300 300 300 300 300 300 300 300 300 300 300 300 300 300 300 300 300 300 300 300 300 300 300 300 300 300 300 300 300 300 300 300
1506.72 796.687 567.621 425.784 395.427 355.278 343.379 320.765 318.737 307.325 303.743 303.218 303.218 301.894 301.315 300.982 300.487 300.383 300.205 300.174 300.062 300.047 300.039 300.024 300.011 300.008 300.003 300.002 300.001 300.001 300 300 300 300 300 300 300 300 300 300 300 300 300 300 300 300 300 300 300 300 300 300 300 300 300 300 300 300 300 300 300 300 300 300 300 300 300 300 300 300 300 300 300 300 300 300 300 300 300 300 300 300 300 300 300 300 300 300 300 300 300 300 300 300 300 300
958.983 710.616 511.253 413.033 375.55 373.86 323.922 321.712 312.747 308.258 306.64 304.129 303.601 302.033 301.464 301.066 300.649 300.426 300.259 300.127 300.073 300.047 300.022 300.019 300.012 300.007 300.003 300.002 300.001 300 300 300 300 300 300 300 300 300 300 300 300 300 300 300 300 300 300 300 300 300 300 300 300 300 300 300 300 300 300 300 300 300 300 300 300 300 300 300 300 300 300 300 300 300 300 300 300 300 300 300 300 300 300 300 300 300 300 300 300 300 300 300 300 300 300 300
821.507 821.507 542.08 442.519 386.796 341.545 334.184 323.242 316.361 313.115 307.289 303.917 303.31 302.246 301.692 300.997 300.511 300.366 300.207 300.174 300.096 300.055 300.039 300.017 300.012 300.009 300.003 300.002 300.001 300.001 300 300 300 300 300 300 300 300 300 300 300 300 300 300 300 300 300 300 300 300 300 300 300 300 300 300 300 300 300 300 300 300 300 300 300 300 300 300 300 300 300 300 300 300 300 300 300 300 300 300 300 300 300 300 300 300 300 300 300 300 300 300 300 300 300 300
1548.51 728.561 530.778 450.466 403.368 387.757 363.591 336.363 324.798 316.186 310.674 305.27 304.652 302.385 302.145 301.002 300.941 300.529 300.226 300.191 300.127 300.094 300.048 300.042 300.02 300.009 300.007 300.002 300.001 300.001 300.001 300 300 300 300 300 300 300 300 300 300 300 300 300 300 300 300 300 300 300 300 300 300 300 300 300 300 300 300 300 300 300 300 300 300 300 300 300 300 300 300 300 300 300 300 300 300 300 300 300 300 300 300 300 300 300 300 300 300 300 300 300 300 300 300 300
1077.4 948.167 524.968 421.593 388.82 332.929 332.929 315.058 315.058 308.813 305.891 303.259 302.629 301.803 301.003 300.853 300.515 300.296 300.174 300.143 300.077 300.037 300.028 300.021 300.01 300.007 300.003 300.002 300.001 300.001 300 300 300 300 300 300 300 300 300 300 300 300 300 300 300 300 300 300 300 300 300 300 300 300 300 300 300 300 300 300 300 300 300 300 300 300 300 300 300 300 300 300 300 300 300 300 300 300 300 300 300 300 300 300 300 300 300 300 300 300 300 300 300 300 300 300
1242.18 845.67 679.021 441.963 420.506 386.885 349.456 342.073 318.732 316.474 308.126 304.428 304.428 302.484 301.395 300.744 300.676 300.381 300.289 300.151 300.117 300.063 300.036 300.022 300.017 300.01 300.005 300.002 300.001 300.001 300 300 300 300 300 300 300 300 300 300 300 300 300 300 300 300 300 300 300 300 300 300 300 300 300 300 300 300 300 300 300 300 300 300 300 300 300 300 300 300 300 300 300 300 300 300 300 300 300 300 300 300 300 300 300 300 300 300 300 300 300 300 300 300 300 300
1461.7 830.112 597.147 469.31 384.647 349.376 343.982 323.213 318.924 309.136 305.627 304.145 303.287 301.567 301.137 300.903 300.614 300.365 300.255 300.151 300.064 300.06 300.024 300.018 300.012 300.007 300.005 300.002 300.001 300 300 300 300 300 300 300 300 300 300 300 300 300 300 300 300 300 300 300 300 300 300 300 300 300 300 300 300 300 300 300 300 300 300 300 300 300 300 300 300 300 300 300 300 300 300 300 300 300 300 300 300 300 300 300 300 300 300 300 300 300 300 300 300 300 300 300
1228.07 940.674 657.147 468.971 424.534 396.153 375.675 333.271 328.937 311.483 311.409 306.471 303.878 302.052 302.039 301.279 300.629 300.57 300.37 300.245 300.114 300.1 300.051 300.031 300.017 300.012 300.007 300.003 300.001 300.001 300 300 300 300 300 300 300 300 300 300 300 300 300 300 300 300 300 300 300 300 300 300 300 300 300 300 300 300 300 300 300 300 300 300 300 300 300 300 300 300 300 300 300 300 300 300 300 300 300 300 300 300 300 300 300 300 300 300 300 300 300 300 300 300 300 300
1314.07 747.955 549.157 417.481 414.248 377.89 342.31 322.102 313.62 308.026 308.026 305.679 303.592 302.472 301.333 301.269 300.578 300.539 300.277 300.225 300.144 300.08 300.036 300.03 300.021 300.012 300.007 300.002 300.001 300.001 300.001 300 300 300 300 300 300 300 300 300 300 300 300 300 300 300 300 300 300 300 300 300 300 300 300 300 300 300 300 300 300 300 300 300 300 300 300 300 300 300 300 300 300 300 300 300 300 300 300 300 300 300 300 300 300 300 300 300 300 300 300 300 300 300 300 300
842.458 761.534 675.348 421.417 375.668 365.624 338 328.049 312.558 308.493 306.658 304.455 302.144 301.565 301.144 300.501 300.501 300.241 300.21 300.134 300.089 300.037 300.016 300.016 300.01 300.007 300.004 300.001 300.001 300 300 300 300 300 300 300 300 300 300 300 300 300 300 300 300 300 300 300 300 300 300 300 300 300 300 300 300 300 300 300 300 300 300 300 300 300 300 300 300 300 300 300 300 300 300 300 300 300 300 300 300 300 300 300 300 300 300 300 300 300 300 300 300 300 300 300
1495.38 926.057 600.049 437.182 391.916 377.63 342.71 326.194 320.285 308.66 307.558 304.919 304.083 302.761 301.621 301.077 300.722 300.298 300.18 300.177 300.123 300.09 300.038 300.026 300.02 300.01 300.006 300.002 300.001 300.001 300 300 300 300 300 300 300 300 300 300 300 300 300 300 300 300 300 300 300 300 300 300 300 300 300 300 300 300 300 300 300 300 300 300 300 300 300 300 300 300 300 300 300 300 300 300 300 300 300 300 300 300 300 300 300 300 300 300 300 300 300 300 300 300 300 300
1065.89 1065.89 625.776 506.638 403.701 401.253 368.978 325.556 323.879 315.821 310.378 305.714 304.558 302.982 302.079 301.196 300.767 300.412 300.389 300.193 300.144 300.073 300.045 300.029 300.011 300.01 300.006 300.002 300.001 300.001 300.001 300 300 300 300 300 300 300 300 300 300 300 300 300 300 300 300 300 300 300 300 300 300 300 300 300 300 300 300 300 300 300 300 300 300 300 300 300 300 300 300 300 300 300 300 300 300 300 300 300 300 300 300 300 300 300 300 300 300 300 300 300 300 300 300 300
1425.76 616.268 616.268 510.322 459.331 411.804 353.032 341.062 325.685 317.232 311.834 307.012 304.639 303.479 302.444 301.152 300.997 300.715 300.387 300.234 300.143 300.114 300.056 300.038 300.022 300.01 300.009 300.003 300.002 300.001 300.001 300 300 300 300 300 300 300 300 300 300 300 300 300 300 300 300 300 300 300 300 300 300 300 300 300 300 300 300 300 300 300 300 300 300 300 300 300 300 300 300 300 300 300 300 300 300 300 300 300 300 300 300 300 300 300 300 300 300 300 300 300 300 300 300 300
982.493 735.162 611.569 465.209 438.184 390.172 375.245 335.514 322.368 313.27 309.943 305.841 304.367 303.517 302.033 301.109 300.923 300.504 300.347 300.219 300.155 300.084 300.05 300.033 300.016 300.011 300.007 300.002 300.001 300.001 300 300 300 300 300 300 300 300 300 300 300 300 300 300 300 300 300 300 300 300 300 300 300 300 300 300 300 300 300 300 300 300 300 300 300 300 300 300 300 300 300 300 300 300 300 300 300 300 300 300 300 300 300 300 300 300 300 300 300 300 300 300 300 300 300 300
1323.55 783.38 633.08 439.428 422.516 378.045 349.78 337.139 316.842 311.2 310.279 304.628 304.313 302.622 301.314 301.223 300.766 300.431 300.222 300.222 300.093 300.082 300.05 300.036 300.016 300.009 300.005 300.003 300.001 300.001 300 300 300 300 300 300 300 300 300 300 300 300 300 300 300 300 300 300 300 300 300 300 300 300 300 300 300 300 300 300 300 300 300 300 300 300 300 300 300 300 300 300 300 300 300 300 300 300 300 300 300 300 300 300 300 300 300 300 300 300 300 300 300 300 300 300
1486.73 672.266 510.357 457.76 416.059 364.309 331.847 325.526 314.088 309.652 305.7 304.002 302.436 301.903 301.022 300.859 300.55 300.329 300.276 300.15 300.082 300.057 300.034 300.016 300.011 300.008 300.004 300.001 300.001 300 300 300 300 300 300 300 300 300 300 300 300 300 300 300 300 300 300 300 300 300 300 300 300 300 300 300 300 300 300 300 300 300 300 300 300 300 300 300 300 300 300 300 300 300 300 300 300 300 300 300 300 300 300 300 300 300 300 300 300 300 300 300 300 300 300 300
1518.73 514.002 514.002 445.065 426.446 364.928 350.502 320.215 313.888 312.499 306.081 303.937 303.383 301.802 301.53 300.687 300.671 300.447 300.22 300.163 300.094 300.063 300.034 300.02 300.014 300.009 300.005 300.001 300.001 300.001 300 300 300 300 300 300 300 300 300 300 300 300 300 300 300 300 300 300 300 300 300 300 300 300 300 300 300 300 300 300 300 300 300 300 300 300 300 300 300 300 300 300 300 300 300 300 300 300 300 300 300 300 300 300 300 300 300 300 300 300 300 300 300 300 300 300
1351.67 840.995 583.871 456.573 385.886 358.339 341.387 332.544 317.79 312.13 304.858 303.867 303.151 301.798 300.813 300.813 300.425 300.313 300.238 300.174 300.075 300.064 300.033 300.02 300.013 300.008 300.004 300.002 300.001 300.001 300 300 300 300 300 300 300 300 300 300 300 300 300 300 300 300 300 300 300 300 300 300 300 300 300 300 300 300 300 300 300 300 300 300 300 300 300 300 300 300 300 300 300 300 300 300 300 300 300 300 300 300 300 300 300 300 300 300 300 300 300 300 300 300 300 300
1135.78 904.385 591.038 456.836 385.897 360.895 336.278 326.653 319.66 309.607 307.282 304.989 304.025 302.221 301.473 301.061 300.842 300.586 300.406 300.157 300.137 300.083 300.049 300.035 300.02 300.007 300.007 300.003 300.001 300.001 300.001 300 300 300 300 300 300 300 300 300 300 300 300 300 300 300 300 300 300 300 300 300 300 300 300 300 300 300 300 300 300 300 300 300 300 300 300 300 300 300 300 300 300 300 300 300 300 300 300 300 300 300 300 300 300 300 300 300 300 300 300 300 300 300 300 300
898.279 611.934 573.069 420.603 405.763 376.91 339.122 327.081 315.387 313.309 308.576 305.03 303.476 301.443 301.443 300.691 300.591 300.399 300.264 300.158 300.104 300.061 300.04 300.031 300.018 300.009 300.006 300.001 300.001 300.001 300 300 300 300 300 300 300 300 300 300 300 300 300 300 300 300 300 300 300 300 300 300 300 300 300 300 300 300 300 300 300 300 300 300 300 300 300 300 300 300 300 300 300 300 300 300 300 300 300 300 300 300 300 300 300 300 300 300 300 300 300 300 300 300 300 300
1257.57 1067.69 634.655 430.844 409.587 383.809 363.014 328.798 322.886 310.348 309.305 305.199 304.074 302.422 301.52 301.008 300.719 300.524 300.299 300.189 300.141 300.089 300.057 300.026 300.023 300.012 300.007 300.002 300.001 300.001 300 300 300 300 300 300 300 300 300 300 300 300 300 300 300 300 300 300 300 300 300 300 300 300 300 300 300 300 300 300 300 300 300 300 300 300 300 300 300 300 300 300 300 300 300 300 300 300 300 300 300 300 300 300 300 300 300 300 300 300 300 300 300 300 300 300
1211.5 668.097 584.54 427.986 386.619 355.177 326.815 320.888 310.785 309.65 305.378 304.327 302.833 301.537 301.191 300.697 300.505 300.149 300.149 300.11 300.074 300.036 300.027 300.014 300.011 300.007 300.003 300.001 300.001 300 300 300 300 300 300 300 300 300 300 300 300 300 300 300 300 300 300 300 300 300 300 300 300 300 300 300 300 300 300 300 300 300 300 300 300 300 300 300 300 300 300 300 300 300 300 300 300 300 300 300 300 300 300 300 300 300 300 300 300 300 300 300 300 300 300 300
864.372 566.09 516.688 447.248 411.694 378.299 335.502 324.331 313.499 313.256 305.926 305.338 302.717 301.886 301.601 300.817 300.52 300.384 300.233 300.171 300.074 300.05 300.035 300.021 300.011 300.008 300.005 300.001 300.001 300 300 300 300 300 300 300 300 300 300 300 300 300 300 300 300 300 300 300 300 300 300 300 300 300 300 300 300 300 300 300 300 300 300 300 300 300 300 300 300 300 300 300 300 300 300 300 300 300 300 300 300 300 300 300 300 300 300 300 300 300 300 300 300 300 300 300
972.246 705.098 488.058 417.907 386.031 354.144 331.427 317.647 317.647 309.864 305.958 303.9 302.85 301.48 301.183 300.712 300.373 300.229 300.183 300.124 300.077 300.049 300.025 300.017 300.009 300.006 300.003 300.001 300 300 300 300 300 300 300 300 300 300 300 300 300 300 300 300 300 300 300 300 300 300 300 300 300 300 300 300 300 300 300 300 300 300 300 300 300 300 300 300 300 300 300 300 300 300 300 300 300 300 300 300 300 300 300 300 300 300 300 300 300 300 300 300 300 300 300 300
1484.5 907.924 589.933 429.302 358.164 343.059 332.043 323.528 313.217 309.996 306.977 303.768 302.509 301.573 300.777 300.584 300.445 300.245 300.129 300.125 300.071 300.038 300.027 300.02 300.011 300.006 300.005 300.001 300.001 300 300 300 300 300 300 300 300 300 300 300 300 300 300 300 300 300 300 300 300 300 300 300 300 300 300 300 300 300 300 300 300 300 300 300 300 300 300 300 300 300 300 300 300 300 300 300 300 300 300 300 300 300 300 300 300 300 300 300 300 300 300 300 300 300 300 300
1221.93 716.381 562.937 455.274 418.138 384.621 347.21 327.743 316.982 313.723 308.885 305.643 304.977 302.346 301.558 300.954 300.777 300.577 300.404 300.186 300.137 300.082 300.057 300.024 300.02 300.013 300.007 300.003 300.001 300.001 300.001 300 300 300 300 300 300 300 300 300 300 300 300 300 300 300 300 300 300 300 300 300 300 300 300 300 300 300 300 300 300 300 300 300 300 300 300 300 300 300 300 300 300 300 300 300 300 300 300 300 300 300 300 300 300 300 300 300 300 300 300 300 300 300 300 300
1056.39 813.191 565.408 432.613 362.274 350.08 320.769 320.769 315.668 310.989 306.934 302.837 302.837 301.627 301.542 300.781 300.589 300.336 300.208 300.137 300.077 300.053 300.029 300.017 300.01 300.007 300.004 300.002 300.001 300 300 300 300 300 300 300 300 300 300 300 300 300 300 300 300 300 300 300 300 300 300 300 300 300 300 300 300 300 300 300 300 300 300 300 300 300 300 300 300 300 300 300 300 300 300 300 300 300 300 300 300 300 300 300 300 300 300 300 300 300 300 300 300 300 300 300
1191.36 767.304 654.37 435.012 433.976 385.928 332.056 332.056 323.59 312.742 308.802 305.935 303.757 302.52 301.455 300.871 300.667 300.452 300.293 300.171 300.111 300.058 300.046 300.025 300.016 300.009 300.005 300.002 300.001 300.001 300 300 300 300 300 300 300 300 300 300 300 300 300 300 300 300 300 300 300 300 300 300 300 300 300 300 300 300 300 300 300 300 300 300 300 300 300 300 300 300 300 300 300 300 300 300 300 300 300 300 300 300 300 300 300 300 300 300 300 300 300 300 300 300 300 300
629.655 571.615 554.497 413.131 401.384 365.674 348.683 321.47 315.626 309.579 307.424 303.945 302.765 301.773 301.047 300.957 300.369 300.32 300.254 300.164 300.094 300.056 300.033 300.027 300.014 300.008 300.005 300.001 300.001 300 300 300 300 300 300 300 300 300 300 300 300 300 300 300 300 300 300 300 300 300 300 300 300 300 300 300 300 300 300 300 300 300 300 300 300 300 300 300 300 300 300 300 300 300 300 300 300 300 300 300 300 300 300 300 300 300 300 300 300 300 300 300 300 300 300 300
1534.92 977.347 573.611 481.036 423.801 390.025 347.725 339.053 322.587 316.951 309.32 305.623 304.377 302.628 301.645 301.055 300.645 300.474 300.263 300.162 300.114 300.062 300.043 300.022 300.016 300.011 300.006 300.003 300.002 300.001 300.001 300 300 300 300 300 300 300 300 300 300 300 300 300 300 300 300 300 300 300 300 300 300 300 300 300 300 300 300 300 300 300 300 300 300 300 300 300 300 300 300 300 300 300 300 300 300 300 300 300 300 300 300 300 300 300 300 300 300 300 300 300 300 300 300 300
1091.06 682.519 574.57 445.61 391.224 364.784 344.763 330.924 314.441 312.99 307.653 304.78 303.492 301.966 300.741 300.54 300.54 300.43 300.265 300.148 300.083 300.066 300.04 300.017 300.015 300.006 300.005 300.002 300.001 300.001 300 300 300 300 300 300 300 300 300 300 300 300 300 300 300 300 300 300 300 300 300 300 300 300 300 300 300 300 300 300 300 300 300 300 300 300 300 300 300 300 300 300 300 300 300 300 300 300 300 300 300 300 300 300 300 300 300 300 300 300 300 300 300 300 300 300
1018.41 639.015 530.977 440.571 389.097 363.461 334.926 315.43 314.786 308.884 306.371 303.592 302.715 301.442 300.896 300.659 300.577 300.333 300.259 300.153 300.09 300.039 300.028 300.021 300.013 300.006 300.004 300.001 300.001 300 300 300 300 300 300 300 300 300 300 300 300 300 300 300 300 300 300 300 300 300 300 300 300 300 300 300 300 300 300 300 300 300 300 300 300 300 300 300 300 300 300 300 300 300 300 300 300 300 300 300 300 300 300 300 300 300 300 300 300 300 300 300 300 300 300 300
1048.61 828.667 628.523 466.362 408.65 381.968 339.004 329.502 319.089 311.616 305.2 302.98 302.98 302.256 301.386 300.754 300.512 300.426 300.262 300.124 300.106 300.049 300.03 300.018 300.015 300.008 300.006 300.002 300.001 300.001 300 300 300 300 300 300 300 300 300 300 300 300 300 300 300 300 300 300 300 300 300 300 300 300 300 300 300 300 300 300 300 300 300 300 300 300 300 300 300 300 300 300 300 300 300 300 300 300 300 300 300 300 300 300 300 300 300 300 300 300 300 300 300 300 300 300
1358.34 755.367 573.359 452.74 416.783 376.936 356.072 339.141 319.255 312.68 305.575 304.31 302.708 302.493 301.704 301.217 300.642 300.363 300.341 300.178 300.158 300.071 300.047 300.028 300.016 300.009 300.005 300.002 300.001 300.001 300 300 300 300 300 300 300 300 300 300 300 300 300 300 300 300 300 300 300 300 300 300 300 300 300 300 300 300 300 300 300 300 300 300 300 300 300 300 300 300 300 300 300 300 300 300 300 300 300 300 300 300 300 300 300 300 300 300 300 300 300 300 300 300 300 300
1118.65 835.742 540.759 484.81 381.003 361.892 331.249 331.249 324.106 314.3 308.123 305.927 303.185 302.288 301.564 301.173 300.789 300.528 300.369 300.235 300.104 300.089 300.056 300.029 300.018 300.013 300.007 300.002 300.001 300.001 300 300 300 300 300 300 300 300 300 300 300 300 300 300 300 300 300 300 300 300 300 300 300 300 300 300 300 300 300 300 300 300 300 300 300 300 300 300 300 300 300 300 300 300 300 300 300 300 300 300 300 300 300 300 300 300 300 300 300 300 300 300 300 300 300 300
1155.26 526.785 526.785 451.868 395.336 366.666 346.778 331.61 321.534 315.304 308.078 306.35 303.122 302.391 301.422 300.903 300.622 300.349 300.228 300.17 300.111 300.065 300.05 300.026 300.019 300.011 300.008 300.002 300.001 300.001 300 300 300 300 300 300 300 300 300 300 300 300 300 300 300 300 300 300 300 300 300 300 300 300 300 300 300 300 300 300 300 300 300 300 300 300 300 300 300 300 300 300 300 300 300 300 300 300 300 300 300 300 300 300 300 300 300 300 300 300 300 300 300 300 300 300
1102.45 698.004 600.921 428.661 395.045 383.49 341.387 327.25 316.661 308.738 305.903 304.627 302.778 302.265 300.881 300.881 300.501 300.491 300.225 300.151 300.086 300.056 300.039 300.022 300.011 300.01 300.005 300.002 300.001 300.001 300 300 300 300 300 300 300 300 300 300 300 300 300 300 300 300 300 300 300 300 300 300 300 300 300 300 300 300 300 300 300 300 300 300 300 300 300 300 300 300 300 300 300 300 300 300 300 300 300 300 300 300 300 300 300 300 300 300 300 300 300 300 300 300 300 300
1019.89 756.446 602.946 426.707 404.695 350.324 336.27 324.566 314.373 310.906 306.409 303.611 303.074 301.712 301.124 300.889 300.546 300.328 300.225 300.121 300.088 300.07 300.043 300.024 300.015 300.008 300.004 300.002 300.001 300 300 300 300 300 300 300 300 300 300 300 300 300 300 300 300 300 300 300 300 300 300 300 300 300 300 300 300 300 300 300 300 300 300 300 300 300 300 300 300 300 300 300 300 300 300 300 300 300 300 300 300 300 300 300 300 300 300 300 300 300 300 300 300 300 300 300
1074.82 952.189 706.866 467.755 371.626 371.626 349.269 335.714 318.05 312.63 308.297 303.765 302.484 302.346 301.365 300.915 300.638 300.393 300.267 300.169 300.113 300.056 300.031 300.023 300.015 300.01 300.006 300.002 300.001 300.001 300 300 300 300 300 300 300 300 300 300 300 300 300 300 300 300 300 300 300 300 300 300 300 300 300 300 300 300 300 300 300 300 300 300 300 300 300 300 300 300 300 300 300 300 300 300 300 300 300 300 300 300 300 300 300 300 300 300 300 300 300 300 300 300 300 300
1073.36 845.61 619.006 451.528 398.233 365.128 332.106 326.694 322.62 313.217 307.483 304.625 303.719 302.447 301.471 300.747 300.561 300.35 300.27 300.161 300.107 300.07 300.038 300.018 300.016 300.01 300.004 300.002 300.001 300.001 300 300 300 300 300 300 300 300 300 300 300 300 300 300 300 300 300 300 300 300 300 300 300 300 300 300 300 300 300 300 300 300 300 300 300 300 300 300 300 300 300 300 300 300 300 300 300 300 300 300 300 300 300 300 300 300 300 300 300 300 300 300 300 300 300 300
