835.261 431.705 238.08 131.968 126.582 117.422 114.499 111.682 111.613 110.746 108.852 108.852 107.487 104.709 104.709 104.709 104.709 104.709 104.709 104.709 104.709 104.709 104.22 104.22 102.839 102.839 102.839 102.317 102.129 102.129 102.129 102.129 102.048 102.048 100.841 100.841 100.841 100.841 100.841 100.792 100.792 100.372 100.337 100.19 100.061 100.03 100.009 100.004 100.001 100 100 100 100 100 100 100 100 100 100 100 100 100 100 100 100 100 100 100 100 100 100 100 100 100 100 100 100 100 100 100 100 100 100 100 100 100 100 100 100 100 100 100 100 100 100 100
599.116 217.038 217.038 129.244 126.845 123.727 114.888 111.876 111.496 110.248 108.377 107.936 107.936 106.913 106.913 102.975 102.975 102.975 102.975 102.975 102.975 102.973 102.973 102.973 102.973 102.973 102.973 102.973 102.973 102.973 102.973 102.882 102.438 101.953 101.953 101.472 100.714 100.63 100.63 100.63 100.63 100.63 100.63 100.63 100.469 100.187 100.12 100.048 100.007 100.004 100.001 100 100 100 100 100 100 100 100 100 100 100 100 100 100 100 100 100 100 100 100 100 100 100 100 100 100 100 100 100 100 100 100 100 100 100 100 100 100 100 100 100 100 100 100 100
796.984 256.191 217.363 145.777 132.187 118.86 113.655 111.498 111.172 110.905 109.066 105.923 105.923 105.923 105.923 104.744 104.744 104.744 104.744 104.744 104.684 103.379 103.379 103.379 102.787 102.787 102.787 102.445 102.445 102.39 101.268 101.268 101.268 101.268 101.268 100.793 100.614 100.561 100.561 100.359 100.252 100.195 100.128 100.035 100.032 100.01 100.002 100.001 100 100 100 100 100 100 100 100 100 100 100 100 100 100 100 100 100 100 100 100 100 100 100 100 100 100 100 100 100 100 100 100 100 100 100 100 100 100 100 100 100 100 100 100 100 100 100 100
784.06 343.407 247.106 148.905 136.437 117.978 113.641 113.641 111.359 111.359 109.533 108.291 107.31 107.31 107.31 104.362 104.362 104.362 104.362 104.362 103.581 103.581 103.581 103.581 103.581 103.581 103.519 103.519 102.7 101.446 100.883 100.883 100.883 100.883 100.883 100.883 100.883 100.612 100.612 100.369 100.223 100.057 100.022 100.004 100.001 100 100 100 100 100 100 100 100 100 100 100 100 100 100 100 100 100 100 100 100 100 100 100 100 100 100 100 100 100 100 100 100 100 100 100 100 100 100 100 100 100 100 100 100 100 100 100 100 100 100 100
616.583 418.609 252.146 132.566 132.462 120.646 116.68 113.545 111.893 110.991 109.92 108.813 108.098 105.765 105.765 105.667 104.322 104.322 104.322 104.322 104.322 104.309 103.694 103.694 103.122 102.28 102.28 102.047 102.047 101.437 101.254 101.2 100.898 100.862 100.862 100.447 100.425 100.308 100.303 100.259 100.081 100.044 100.019 100.006 100.002 100.001 100 100 100 100 100 100 100 100 100 100 100 100 100 100 100 100 100 100 100 100 100 100 100 100 100 100 100 100 100 100 100 100 100 100 100 100 100 100 100 100 100 100 100 100 100 100 100 100 100 100
601.115 311.143 192.856 144.499 126.844 117.984 113.029 111.612 111.612 108.737 108.737 108.279 108.184 106.696 106.696 105.789 105.32 105.32 104.245 104.245 104.245 104.245 103.692 103.692 103.692 102.638 102.638 102.638 102.354 102.305 102.254 101.456 101.456 100.952 100.616 100.616 100.616 100.616 100.616 100.616 100.595 100.45 100.212 100.063 100.016 100.006 100.002 100.001 100 100 100 100 100 100 100 100 100 100 100 100 100 100 100 100 100 100 100 100 100 100 100 100 100 100 100 100 100 100 100 100 100 100 100 100 100 100 100 100 100 100 100 100 100 100 100 100
580.467 243.746 218.235 138.761 122.545 118.889 113.377 111.974 111.093 110.45 107.241 106.913 106.913 104.22 104.22 104.22 104.22 104.193 104.193 104.193 104.193 103.76 103.76 103.76 101.685 101.685 101.685 101.154 101.154 100.994 100.994 100.994 100.994 100.543 100.543 100.543 100.543 100.417 100.417 100.417 100.28 100.143 100.065 100.029 100.012 100.002 100.001 100 100 100 100 100 100 100 100 100 100 100 100 100 100 100 100 100 100 100 100 100 100 100 100 100 100 100 100 100 100 100 100 100 100 100 100 100 100 100 100 100 100 100 100 100 100 100 100 100
713.95 275.908 193.324 143.797 122.674 117.376 113.208 112.231 110.514 108.151 108.151 108.151 105.593 105.593 105.593 105.593 103.106 103.106 103.106 103.106 103.106 103.041 103.041 103.041 103.041 103.041 103.041 103.041 102.756 102.012 102.012 102.012 102.012 100.945 100.945 100.945 100.945 100.945 100.945 100.924 100.924 100.77 100.602 100.602 100.433 100.344 100.134 100.079 100.015 100.005 100.001 100 100 100 100 100 100 100 100 100 100 100 100 100 100 100 100 100 100 100 100 100 100 100 100 100 100 100 100 100 100 100 100 100 100 100 100 100 100 100 100 100 100 100 100 100
481.426 268.226 180.284 133.972 123.243 116.711 114.461 111.303 111.064 110.673 108.262 108.262 105.97 105.97 105.97 105.97 105.636 105.45 104.266 104.266 103.99 102.491 102.491 102.491 102.491 102.491 102.491 102.491 101.447 101.447 100.943 100.823 100.616 100.616 100.616 100.404 100.284 100.237 100.113 100.061 100.038 100.011 100.003 100.001 100 100 100 100 100 100 100 100 100 100 100 100 100 100 100 100 100 100 100 100 100 100 100 100 100 100 100 100 100 100 100 100 100 100 100 100 100 100 100 100 100 100 100 100 100 100 100 100 100 100 100 100
601.082 337.575 203.883 135.954 123.182 121.902 116.209 114.567 110.191 110.191 110.191 109.734 109.484 108.093 107.046 107.046 106.581 104.924 104.924 104.924 103.296 103.296 103.296 103.173 102.574 102.574 102.566 102.421 102.067 102.067 101.332 101.332 101.332 101.332 101.266 100.906 100.906 100.498 100.228 100.228 100.225 100.223 100.083 100.029 100.007 100.002 100.001 100 100 100 100 100 100 100 100 100 100 100 100 100 100 100 100 100 100 100 100 100 100 100 100 100 100 100 100 100 100 100 100 100 100 100 100 100 100 100 100 100 100 100 100 100 100 100 100 100
453.969 242.946 229.581 134.996 121.755 117.538 113.509 111.883 111.231 109.234 109.234 107.701 107.701 106.727 106.727 105.704 105.704 104.129 103.826 103.826 103.826 103.682 103.593 103.593 103.378 103.378 102.671 102.671 102.587 100.97 100.97 100.619 100.619 100.619 100.619 100.601 100.279 100.279 100.165 100.165 100.127 100.055 100.024 100.009 100.002 100.001 100 100 100 100 100 100 100 100 100 100 100 100 100 100 100 100 100 100 100 100 100 100 100 100 100 100 100 100 100 100 100 100 100 100 100 100 100 100 100 100 100 100 100 100 100 100 100 100 100 100
563.654 434.494 190.723 120.563 120.563 117.153 114.505 112.436 110.946 110.163 106.626 106.626 106.626 106.626 106.626 104.972 104.972 104.972 104.972 104.972 104.539 104.539 104.506 104.165 103.506 102.811 102.811 102.049 102.049 101.844 101.39 101.282 101.282 101.148 101.106 101.106 101.106 101.077 100.733 100.691 100.691 100.561 100.272 100.272 100.251 100.193 100.09 100.038 100.01 100.004 100.001 100 100 100 100 100 100 100 100 100 100 100 100 100 100 100 100 100 100 100 100 100 100 100 100 100 100 100 100 100 100 100 100 100 100 100 100 100 100 100 100 100 100 100 100 100
509.86 446.246 222.425 148.03 132.22 119.465 114.749 113.24 112.265 108.56 108.56 108.56 108.56 107.594 107.594 107.576 106.778 106.778 105.015 105.015 104.759 104.759 104.576 104.508 102.911 102.911 102.911 102.311 102.311 102.306 101.904 101.352 101.352 101.035 100.964 100.964 100.783 100.783 100.783 100.746 100.574 100.313 100.264 100.104 100.055 100.012 100.006 100.002 100 100 100 100 100 100 100 100 100 100 100 100 100 100 100 100 100 100 100 100 100 100 100 100 100 100 100 100 100 100 100 100 100 100 100 100 100 100 100 100 100 100 100 100 100 100 100 100
509.78 395.502 211.039 138.063 128.82 123.485 114.181 112.892 111.458 107.726 107.726 107.292 107.292 107.292 107.292 106.699 105.592 104.979 104.979 104.979 104.337 104.337 104.337 104.337 104.337 103.985 102.909 102.787 101.618 101.106 101.106 101.106 101.105 100.521 100.521 100.521 100.51 100.288 100.238 100.11 100.079 100.026 100.005 100.002 100.001 100 100 100 100 100 100 100 100 100 100 100 100 100 100 100 100 100 100 100 100 100 100 100 100 100 100 100 100 100 100 100 100 100 100 100 100 100 100 100 100 100 100 100 100 100 100 100 100 100 100 100
611.666 288.814 215.934 133.272 124.844 117.161 112.526 112.409 110.914 109.038 107.429 107.429 107.429 107.357 107.357 106.613 106.186 106.141 105.278 105.278 105.278 103.443 103.443 103.443 103.129 101.523 101.523 101.462 101.462 101.462 101.462 101.462 101.019 100.983 100.983 100.983 100.983 100.847 100.847 100.489 100.391 100.212 100.177 100.056 100.02 100.003 100.002 100.001 100 100 100 100 100 100 100 100 100 100 100 100 100 100 100 100 100 100 100 100 100 100 100 100 100 100 100 100 100 100 100 100 100 100 100 100 100 100 100 100 100 100 100 100 100 100 100 100
931.817 476.025 286.827 155.166 145.618 120.58 115.467 113.903 111.85 111.114 109.642 107.777 107.777 107.725 107.692 106.01 106.01 106.01 106.01 105.271 105.271 104.371 103.563 103.563 102.772 102.772 102.772 102.626 102.6 102.143 102.108 101.892 101.579 101.47 101.335 101.335 101.335 101.335 100.79 100.79 100.79 100.664 100.428 100.428 100.428 100.261 100.261 100.261 100.167 100.084 100.048 100.03 100.016 100.005 100 100 100 100 100 100 100 100 100 100 100 100 100 100 100 100 100 100 100 100 100 100 100 100 100 100 100 100 100 100 100 100 100 100 100 100 100 100 100 100 100 100
733.518 356.233 260.038 143.02 134.081 120.265 114.71 112.174 111.536 109.768 109.768 107.84 107.84 107.84 104.291 104.291 104.291 103.104 103.104 103.104 103.104 103.104 103.104 103.104 103.104 102.742 102.742 101.754 101.754 101.754 100.79 100.79 100.79 100.579 100.52 100.384 100.268 100.268 100.268 100.164 100.089 100.032 100.011 100.004 100.001 100 100 100 100 100 100 100 100 100 100 100 100 100 100 100 100 100 100 100 100 100 100 100 100 100 100 100 100 100 100 100 100 100 100 100 100 100 100 100 100 100 100 100 100 100 100 100 100 100 100 100
481.303 247.861 188.281 130.356 120.94 117.113 113.742 112.121 109.537 109.537 108.635 108.635 107.772 104.353 104.353 104.353 104.315 104.315 104.315 104.315 104.315 103.432 103.432 103.432 103.432 102.907 102.907 102.042 102.042 101.886 101.72 101.46 101.197 100.83 100.513 100.513 100.513 100.513 100.513 100.513 100.513 100.434 100.294 100.294 100.286 100.225 100.115 100.037 100.018 100.006 100.002 100 100 100 100 100 100 100 100 100 100 100 100 100 100 100 100 100 100 100 100 100 100 100 100 100 100 100 100 100 100 100 100 100 100 100 100 100 100 100 100 100 100 100 100 100
603.786 265.372 211.08 137.643 124.798 118.842 113.363 112.588 110.934 108.211 108.211 106.493 106.493 106.493 106.493 106.493 106.493 106.493 104.623 104.623 104.623 104.623 104.623 103.201 103.201 102.906 102.906 101.823 101.823 101.823 101.398 101.398 101.398 101.236 100.971 100.85 100.85 100.496 100.496 100.473 100.473 100.439 100.17 100.033 100.023 100.008 100.002 100.001 100 100 100 100 100 100 100 100 100 100 100 100 100 100 100 100 100 100 100 100 100 100 100 100 100 100 100 100 100 100 100 100 100 100 100 100 100 100 100 100 100 100 100 100 100 100 100 100
848.42 311.247 185.839 127.636 120.004 117.287 113.5 113.453 111.21 110.905 106.599 106.599 106.599 106.582 106.582 106.403 104.873 104.873 104.873 104.873 104.873 104.873 103.303 103.303 103.303 102.509 102.509 102.011 102.011 102.011 101.066 101.066 101.066 100.372 100.372 100.372 100.372 100.29 100.29 100.25 100.121 100.089 100.047 100.012 100.003 100 100 100 100 100 100 100 100 100 100 100 100 100 100 100 100 100 100 100 100 100 100 100 100 100 100 100 100 100 100 100 100 100 100 100 100 100 100 100 100 100 100 100 100 100 100 100 100 100 100 100
788.575 266.426 186.929 148.652 133.297 115.537 114.781 112.577 111.868 109.987 108.161 108.161 108.161 106.058 106.058 106.058 106.058 105.581 105.581 104.951 104.951 104.951 104.57 104.57 103.845 103.845 103.473 102.832 102.827 102.683 102.683 102.601 101.846 101.846 101.671 101.206 101.206 100.875 100.714 100.714 100.6 100.581 100.528 100.367 100.147 100.049 100.017 100.003 100.001 100 100 100 100 100 100 100 100 100 100 100 100 100 100 100 100 100 100 100 100 100 100 100 100 100 100 100 100 100 100 100 100 100 100 100 100 100 100 100 100 100 100 100 100 100 100 100
467.777 281.942 239.211 131.899 118.008 114.522 113.697 112.187 110.801 108.967 108.967 107.363 106.273 105.609 105.609 105.609 105.575 105.575 105.575 105.018 104.99 104.03 102.889 102.472 102.472 102.472 102.472 102.247 101.76 101.76 101.76 101.517 101.153 100.675 100.675 100.675 100.249 100.249 100.249 100.249 100.249 100.249 100.159 100.051 100.019 100.006 100.001 100 100 100 100 100 100 100 100 100 100 100 100 100 100 100 100 100 100 100 100 100 100 100 100 100 100 100 100 100 100 100 100 100 100 100 100 100 100 100 100 100 100 100 100 100 100 100 100 100
470.719 313.792 259.384 129.855 121.993 116.608 115.324 111.158 111.158 110.801 109.92 108.624 108.624 108.072 107.818 107.694 107.426 107.33 104.998 104.998 103.974 103.974 103.974 103.974 103.614 103.068 101.577 101.577 101.577 101.577 101.577 101.401 101.401 101.401 101.401 101.401 101.082 100.757 100.522 100.426 100.226 100.177 100.035 100.012 100.004 100.001 100 100 100 100 100 100 100 100 100 100 100 100 100 100 100 100 100 100 100 100 100 100 100 100 100 100 100 100 100 100 100 100 100 100 100 100 100 100 100 100 100 100 100 100 100 100 100 100 100 100
857.094 427.312 186.14 148.574 122.274 118.952 114.167 113.368 112.133 110.265 108.733 108.733 107.323 107.323 107.323 104.705 104.705 103.636 103.636 103.636 103.636 103.636 103.636 102.649 102.36 102.36 102.36 101.77 101.77 101.77 101.45 101.315 101.315 101.315 100.813 100.813 100.516 100.516 100.493 100.407 100.165 100.084 100.035 100.007 100.002 100.001 100 100 100 100 100 100 100 100 100 100 100 100 100 100 100 100 100 100 100 100 100 100 100 100 100 100 100 100 100 100 100 100 100 100 100 100 100 100 100 100 100 100 100 100 100 100 100 100 100 100
780.485 300.672 201.037 133.887 133.887 122.016 113.383 112.506 111.169 110.17 109.952 108.994 108.751 108.575 104.685 104.685 104.685 104.685 104.685 104.685 104.685 103.114 102.995 102.995 102.94 102.078 102.078 102.078 101.435 101.435 101.435 101.435 101.435 101.435 101.246 101.071 101.071 100.285 100.285 100.285 100.285 100.285 100.285 100.285 100.285 100.285 100.285 100.171 100.055 100.02 100.011 100.002 100.001 100 100 100 100 100 100 100 100 100 100 100 100 100 100 100 100 100 100 100 100 100 100 100 100 100 100 100 100 100 100 100 100 100 100 100 100 100 100 100 100 100 100 100
544.542 382.127 214.197 149.611 126.785 117.667 115.939 112.674 111.676 110.786 109.32 107.152 107.011 106.689 106.689 105.753 105.322 105.199 104.869 104.869 104.869 104.869 104.869 104.299 103.509 103.509 103.509 101.268 101.268 101.268 101.268 101.268 101.268 101.268 101.256 101.067 101.021 100.936 100.936 100.894 100.673 100.673 100.29 100.29 100.243 100.138 100.055 100.023 100.006 100.002 100.001 100 100 100 100 100 100 100 100 100 100 100 100 100 100 100 100 100 100 100 100 100 100 100 100 100 100 100 100 100 100 100 100 100 100 100 100 100 100 100 100 100 100 100 100 100
839.734 400.508 291.774 151.355 132.644 123.393 116.011 113.698 111.72 110.983 108.658 108.658 108.658 107.51 107.51 107.51 106.214 106.214 105.808 105.305 104.211 104.211 104.211 103.611 102.702 102.65 102.65 101.216 101.216 101.216 100.856 100.856 100.856 100.79 100.747 100.747 100.378 100.378 100.258 100.189 100.081 100.024 100.005 100.001 100.001 100 100 100 100 100 100 100 100 100 100 100 100 100 100 100 100 100 100 100 100 100 100 100 100 100 100 100 100 100 100 100 100 100 100 100 100 100 100 100 100 100 100 100 100 100 100 100 100 100 100 100
1051.22 432.496 232.084 148.25 126.847 118.513 116.283 111.799 111.799 108.612 108.612 108.612 108.612 108.612 107.01 107.01 107.01 105.553 104.136 104.136 104.136 104.136 104.136 104.136 103.056 103.056 102.694 102.691 102.691 101.93 101.93 101.93 101.93 101.93 101.545 101.29 101.158 101.158 100.71 100.71 100.71 100.71 100.71 100.71 100.44 100.285 100.158 100.158 100.049 100.03 100.011 100.004 100.002 100 100 100 100 100 100 100 100 100 100 100 100 100 100 100 100 100 100 100 100 100 100 100 100 100 100 100 100 100 100 100 100 100 100 100 100 100 100 100 100 100 100 100
659.655 380.495 181.038 133.773 120.682 117.743 116.645 112.428 110.009 110.009 109.886 106.258 106.258 106.258 106.258 106.258 106.258 106.258 106.258 105.745 105.745 104.503 104.418 104.418 104.418 103.279 103.279 102.801 102.494 101.953 101.582 101.377 101.377 101.182 101.182 100.923 100.872 100.794 100.67 100.67 100.67 100.472 100.472 100.472 100.472 100.412 100.193 100.147 100.072 100.024 100.012 100.003 100.001 100 100 100 100 100 100 100 100 100 100 100 100 100 100 100 100 100 100 100 100 100 100 100 100 100 100 100 100 100 100 100 100 100 100 100 100 100 100 100 100 100 100 100
799.041 304.186 218.993 126.068 125.502 116.862 114.993 112.231 112.226 110.836 108.862 108.652 108.13 108.13 106.881 106.881 106.881 106.728 106.229 105.215 103.848 103.848 103.848 103.848 103.848 103.848 103.765 102.939 102.733 101.43 101.43 101.43 101.43 100.982 100.982 100.982 100.982 100.627 100.627 100.627 100.468 100.31 100.135 100.047 100.024 100.008 100.003 100.001 100 100 100 100 100 100 100 100 100 100 100 100 100 100 100 100 100 100 100 100 100 100 100 100 100 100 100 100 100 100 100 100 100 100 100 100 100 100 100 100 100 100 100 100 100 100 100 100
658.446 403.836 237.964 130.961 120.855 120.855 115.36 112.21 111.615 109.214 109.214 108.579 105.199 105.199 105.199 105.199 105.199 105.199 104.871 104.871 104.871 103.274 102.27 102.27 102.27 102.27 102.27 101.827 101.827 101.296 101.296 101.296 101.296 101.161 101.161 100.953 100.673 100.673 100.407 100.407 100.407 100.265 100.174 100.068 100.034 100.006 100.001 100.001 100 100 100 100 100 100 100 100 100 100 100 100 100 100 100 100 100 100 100 100 100 100 100 100 100 100 100 100 100 100 100 100 100 100 100 100 100 100 100 100 100 100 100 100 100 100 100 100
868.532 342.778 182.09 145.609 117.287 115.652 115.652 112.935 112.205 110.867 107.22 107.22 106.59 106.59 106.59 105.617 105.617 104.667 104.667 104.493 104.493 104.493 104.493 103.369 103.232 102.883 102.452 101.515 101.364 101.364 101.066 101.066 100.522 100.522 100.522 100.522 100.522 100.253 100.253 100.213 100.197 100.03 100.01 100.003 100.002 100 100 100 100 100 100 100 100 100 100 100 100 100 100 100 100 100 100 100 100 100 100 100 100 100 100 100 100 100 100 100 100 100 100 100 100 100 100 100 100 100 100 100 100 100 100 100 100 100 100 100
792.256 357.204 233.488 136.64 126.459 116.386 114.47 111.546 110.927 109.057 109.028 109.028 107.831 107.831 106.124 106.124 106.124 106.124 105.615 105.546 105.452 103.925 103.685 103.685 103.685 102.49 102.49 101.303 101.303 101.303 101.303 101.303 101.303 101.127 101.127 101.127 100.99 100.99 100.99 100.302 100.302 100.302 100.294 100.145 100.082 100.04 100.011 100.002 100.001 100 100 100 100 100 100 100 100 100 100 100 100 100 100 100 100 100 100 100 100 100 100 100 100 100 100 100 100 100 100 100 100 100 100 100 100 100 100 100 100 100 100 100 100 100 100 100
582.234 405.433 236.166 133.472 133.472 119.893 119.088 113.922 111.723 110.931 109.03 107.007 107.007 107.007 106.5 105.036 105.036 105.036 103.747 103.429 103.429 103.429 103.429 103.429 103.429 103.429 103.429 102.85 102.85 101.367 101.367 101.367 101.367 101.002 101.002 101.002 101.002 100.965 100.926 100.862 100.436 100.282 100.282 100.095 100.056 100.014 100.007 100.001 100.001 100 100 100 100 100 100 100 100 100 100 100 100 100 100 100 100 100 100 100 100 100 100 100 100 100 100 100 100 100 100 100 100 100 100 100 100 100 100 100 100 100 100 100 100 100 100 100
374.053 330 264.729 154.495 121.389 120.089 114.772 113.807 111.59 110.883 108.153 107.715 107.715 107.358 107.32 106.274 105.687 105.452 105.452 103.934 103.934 103.934 103.934 103.71 103.602 103.602 103.461 102.186 102.148 102.148 102.112 100.974 100.974 100.974 100.845 100.625 100.465 100.434 100.258 100.114 100.031 100.01 100.002 100.001 100 100 100 100 100 100 100 100 100 100 100 100 100 100 100 100 100 100 100 100 100 100 100 100 100 100 100 100 100 100 100 100 100 100 100 100 100 100 100 100 100 100 100 100 100 100 100 100 100 100 100 100
578.261 258.932 258.932 132.866 123.176 116.643 116.299 113.674 111.373 109.837 109.738 109.465 108.705 107.65 107.582 106.164 106.164 105.716 104.85 104.85 103.932 103.932 103.893 102.87 102.87 102.87 102.87 102.49 101.978 101.978 101.978 101.978 101.978 101.162 100.76 100.611 100.611 100.611 100.574 100.527 100.407 100.323 100.152 100.098 100.039 100.013 100.005 100.001 100.001 100 100 100 100 100 100 100 100 100 100 100 100 100 100 100 100 100 100 100 100 100 100 100 100 100 100 100 100 100 100 100 100 100 100 100 100 100 100 100 100 100 100 100 100 100 100 100
559.572 379.807 262.819 132.636 126.966 120.452 114.105 113.15 111.308 110.118 108.435 108.363 108.363 103.46 103.46 103.46 103.46 103.46 103.46 103.46 103.46 103.46 103.46 103.46 103.46 102.835 102.184 102.184 101.703 101.703 101.407 101.334 100.931 100.931 100.889 100.348 100.348 100.348 100.125 100.125 100.125 100.075 100.069 100.041 100.011 100.006 100.002 100.001 100 100 100 100 100 100 100 100 100 100 100 100 100 100 100 100 100 100 100 100 100 100 100 100 100 100 100 100 100 100 100 100 100 100 100 100 100 100 100 100 100 100 100 100 100 100 100 100
554.458 392.417 235.429 157.321 128.645 117.67 115.766 112.701 110.375 110.004 110.004 108.493 108.493 106.631 106.631 106.631 104.185 104.185 104.185 104.185 103.593 103.593 102.621 102.621 102.592 102.094 102.094 101.648 101.223 101.073 100.53 100.3 100.139 100.139 100.116 100.056 100.03 100.016 100.016 100.006 100.002 100.001 100 100 100 100 100 100 100 100 100 100 100 100 100 100 100 100 100 100 100 100 100 100 100 100 100 100 100 100 100 100 100 100 100 100 100 100 100 100 100 100 100 100 100 100 100 100 100 100 100 100 100 100 100 100
543.899 365.563 222.179 164.739 125.833 120.211 114.749 113.128 111.347 107.318 107.318 107.318 107.318 107.318 107.094 107.094 105.94 102.875 102.875 102.875 102.875 102.875 102.875 102.875 102.875 102.875 102.875 101.719 101.06 101.06 101.06 100.862 100.407 100.284 100.284 100.116 100.116 100.116 100.065 100.023 100.015 100.007 100.002 100 100 100 100 100 100 100 100 100 100 100 100 100 100 100 100 100 100 100 100 100 100 100 100 100 100 100 100 100 100 100 100 100 100 100 100 100 100 100 100 100 100 100 100 100 100 100 100 100 100 100 100 100
636.069 317.887 243.543 146.098 124.496 121.993 115.366 112.303 111.954 110.752 110.536 107.782 105.349 105.349 105.349 105.349 105.245 105.245 105.208 105.208 104.594 103.698 103.698 103.698 103.523 102.858 102.858 102.164 102.164 101.419 100.952 100.551 100.551 100.551 100.551 100.356 100.356 100.307 100.277 100.12 100.05 100.023 100.007 100.003 100.001 100 100 100 100 100 100 100 100 100 100 100 100 100 100 100 100 100 100 100 100 100 100 100 100 100 100 100 100 100 100 100 100 100 100 100 100 100 100 100 100 100 100 100 100 100 100 100 100 100 100 100
863.803 376.263 182.632 126.504 126.504 119.927 114.616 111.794 110.835 109.729 109.273 106.516 106.516 106.516 106.516 106.063 105.83 105.83 105.83 103.039 103.039 103.039 103.039 103.039 103.039 101.763 101.122 101.086 100.916 100.916 100.916 100.812 100.589 100.37 100.199 100.116 100.062 100.062 100.033 100.019 100.006 100.002 100.001 100 100 100 100 100 100 100 100 100 100 100 100 100 100 100 100 100 100 100 100 100 100 100 100 100 100 100 100 100 100 100 100 100 100 100 100 100 100 100 100 100 100 100 100 100 100 100 100 100 100 100 100 100
601.781 282.165 183.927 129.654 121.435 117.979 113.226 112.29 111.223 105.463 105.463 105.463 105.463 105.463 105.463 105.463 103.167 103.167 103.167 103.167 103.167 103.167 103.167 102.844 102.844 102.844 100.767 100.724 100.606 100.606 100.606 100.606 100.606 100.589 100.589 100.589 100.568 100.568 100.568 100.311 100.311 100.311 100.311 100.105 100.105 100.098 100.023 100.006 100.004 100.001 100 100 100 100 100 100 100 100 100 100 100 100 100 100 100 100 100 100 100 100 100 100 100 100 100 100 100 100 100 100 100 100 100 100 100 100 100 100 100 100 100 100 100 100 100 100
608.094 335.426 208.813 139.593 129.617 119.213 114.363 111.539 111.51 110.941 110.12 107.879 107.879 107.032 107.032 106.993 106.272 106.208 106.208 106.208 105.612 105.612 105.147 103.04 102.859 102.153 102.153 102.153 102.153 102.153 102.153 102.153 102.153 100.866 100.866 100.866 100.866 100.866 100.586 100.341 100.341 100.143 100.023 100.007 100.003 100.001 100 100 100 100 100 100 100 100 100 100 100 100 100 100 100 100 100 100 100 100 100 100 100 100 100 100 100 100 100 100 100 100 100 100 100 100 100 100 100 100 100 100 100 100 100 100 100 100 100 100
681.217 480.747 280.214 123.504 123.504 120.348 114.919 113.223 111.527 110.051 109.596 107.773 106.297 106.297 106.297 105.546 105.546 105.546 105.283 105.283 104.445 104.445 103.499 103.499 103.399 103.399 103.399 101.866 101.866 101.615 101.503 101.503 101.503 101.226 101.226 101.029 100.96 100.931 100.778 100.763 100.63 100.63 100.233 100.233 100.192 100.068 100.029 100.009 100.003 100.001 100 100 100 100 100 100 100 100 100 100 100 100 100 100 100 100 100 100 100 100 100 100 100 100 100 100 100 100 100 100 100 100 100 100 100 100 100 100 100 100 100 100 100 100 100 100
662.88 350.659 230.555 129.552 125.578 116.69 115.481 113.548 109.264 108.717 108.717 108.234 107.197 107.197 107.096 107.096 106.691 104.559 103.783 103.783 103.783 103.629 103.629 103.127 101.816 101.816 101.816 101.63 101.63 101.63 101.607 101.607 100.913 100.825 100.825 100.825 100.825 100.708 100.428 100.416 100.362 100.136 100.067 100.031 100.007 100.003 100.001 100 100 100 100 100 100 100 100 100 100 100 100 100 100 100 100 100 100 100 100 100 100 100 100 100 100 100 100 100 100 100 100 100 100 100 100 100 100 100 100 100 100 100 100 100 100 100 100 100
522.148 354.413 200.529 134.995 126.266 121.385 114.378 112.578 111.648 110.036 107.937 107.937 107.937 107.519 107.399 107.399 105.989 105.839 104.894 104.503 104.503 104.503 104.503 103.669 103.669 103.669 103.669 102.346 102.346 102.284 102.284 102.284 102.056 101.523 101.523 101.523 101.411 101.323 101.156 100.996 100.996 100.762 100.391 100.391 100.391 100.313 100.215 100.066 100.046 100.017 100.005 100.002 100.001 100 100 100 100 100 100 100 100 100 100 100 100 100 100 100 100 100 100 100 100 100 100 100 100 100 100 100 100 100 100 100 100 100 100 100 100 100 100 100 100 100 100 100
740.264 449.541 302.812 147.942 128.023 128.023 119.014 114.991 111.75 111.296 110.495 109.359 106.284 106.284 106.254 106.254 106.254 105.584 105.483 104.825 104.825 104.132 103.679 103.483 103.483 103.483 103.422 102.063 102.063 101.024 101.024 101.024 101.024 101.024 101.024 100.742 100.661 100.458 100.458 100.359 100.155 100.155 100.044 100.014 100.007 100.002 100.001 100 100 100 100 100 100 100 100 100 100 100 100 100 100 100 100 100 100 100 100 100 100 100 100 100 100 100 100 100 100 100 100 100 100 100 100 100 100 100 100 100 100 100 100 100 100 100 100 100
547.557 281.771 246.362 133.892 133.892 117.929 117.929 113.134 111.371 111.276 108.715 108.054 107.844 107.844 105.506 105.506 105.506 105.506 104.385 104.385 103.459 103.459 102.938 102.938 102.938 102.83 101.802 101.381 100.811 100.408 100.408 100.408 100.408 100.408 100.408 100.302 100.22 100.072 100.036 100.021 100.006 100.002 100 100 100 100 100 100 100 100 100 100 100 100 100 100 100 100 100 100 100 100 100 100 100 100 100 100 100 100 100 100 100 100 100 100 100 100 100 100 100 100 100 100 100 100 100 100 100 100 100 100 100 100 100 100
569.265 406.838 271.633 150.485 128.956 115.346 114.884 111.574 111.574 110.822 108.31 106.658 106.658 105.951 105.951 105.951 105.951 105.077 105.077 104.615 104.615 104.615 103.891 102.523 102.523 102.523 102.523 102.523 102.501 102.501 101.345 101.345 101.001 101.001 101.001 100.749 100.749 100.749 100.749 100.749 100.552 100.537 100.242 100.169 100.14 100.052 100.021 100.004 100.003 100.001 100 100 100 100 100 100 100 100 100 100 100 100 100 100 100 100 100 100 100 100 100 100 100 100 100 100 100 100 100 100 100 100 100 100 100 100 100 100 100 100 100 100 100 100 100 100
793.232 269.629 269.629 145.111 124.096 117.679 114.01 111.361 110.229 106.897 106.897 106.897 106.897 106.821 106.365 105.377 105.377 105.377 104.562 104.562 104.562 104.562 104.381 104.358 103.102 103 102.946 101.782 101.782 101.782 101.11 101.03 100.702 100.605 100.599 100.501 100.476 100.422 100.422 100.218 100.211 100.071 100.029 100.005 100.002 100.001 100 100 100 100 100 100 100 100 100 100 100 100 100 100 100 100 100 100 100 100 100 100 100 100 100 100 100 100 100 100 100 100 100 100 100 100 100 100 100 100 100 100 100 100 100 100 100 100 100 100
755.533 343.2 186.191 137.369 127.148 121.089 113.842 112.896 112.537 110.491 109.596 108.718 107.149 107.149 107.149 106.377 106.377 106.266 105.877 105.877 105.877 105.877 105.464 105.464 104.337 104.337 102.897 102.43 101.948 101.249 101.249 101.249 101.249 101.249 101.249 101.249 100.882 100.882 100.882 100.309 100.299 100.262 100.064 100.015 100.006 100.002 100.001 100 100 100 100 100 100 100 100 100 100 100 100 100 100 100 100 100 100 100 100 100 100 100 100 100 100 100 100 100 100 100 100 100 100 100 100 100 100 100 100 100 100 100 100 100 100 100 100 100
