983.111 750.177 731.27 459.569 445.332 443.664 398.862 398.862 375.672 365.444 361.202 334.466 332.397 317.651 311.994 309.378 305.043 303.563 302.331 301.35 300.942 300.468 300.335 300.156 300.113 300.071 300.04 300.013 300.008 300.004 300.002 300.002 300.001 300 300 300 300 300 300 300 300 300 300 300 300 300 300 300 300 300 300 300 300 300 300 300 300 300 300 300 300 300 300 300 300 300 300 300 300 300 300 300 300 300 300 300 300 300 300 300 300 300 300 300 300 300 300 300 300 300 300 300 300 300 300 300
933.481 627.215 627.215 497.851 482.516 409.594 409.594 394.756 378.014 370.821 348.872 338.42 326.026 319.438 306.424 304.113 304.113 302.759 301.781 300.839 300.592 300.448 300.206 300.165 300.093 300.058 300.03 300.01 300.008 300.004 300.002 300.001 300.001 300 300 300 300 300 300 300 300 300 300 300 300 300 300 300 300 300 300 300 300 300 300 300 300 300 300 300 300 300 300 300 300 300 300 300 300 300 300 300 300 300 300 300 300 300 300 300 300 300 300 300 300 300 300 300 300 300 300 300 300 300 300 300
766.487 606.445 606.445 495.145 470.61 468.429 423.615 383.54 368.131 357.847 334.319 324.718 320.955 312.781 308.157 304.286 303.626 302.571 301.147 301.003 300.575 300.394 300.24 300.144 300.102 300.063 300.037 300.012 300.006 300.003 300.002 300.001 300.001 300 300 300 300 300 300 300 300 300 300 300 300 300 300 300 300 300 300 300 300 300 300 300 300 300 300 300 300 300 300 300 300 300 300 300 300 300 300 300 300 300 300 300 300 300 300 300 300 300 300 300 300 300 300 300 300 300 300 300 300 300 300 300
792.495 668.419 520.042 478.74 476.825 393.753 381.702 381.702 369.551 360.398 346.655 329.67 318.029 313.07 309.997 305.332 303.826 301.709 301.709 301.213 300.635 300.436 300.269 300.124 300.097 300.061 300.026 300.012 300.007 300.004 300.002 300.001 300.001 300 300 300 300 300 300 300 300 300 300 300 300 300 300 300 300 300 300 300 300 300 300 300 300 300 300 300 300 300 300 300 300 300 300 300 300 300 300 300 300 300 300 300 300 300 300 300 300 300 300 300 300 300 300 300 300 300 300 300 300 300 300 300
792.416 678.829 622.381 483.559 433.154 413.365 379.189 379.189 366.383 352.386 338.166 328.896 317.76 316.384 310.124 305.797 303.902 302.216 301.808 301.056 300.638 300.429 300.259 300.186 300.105 300.062 300.038 300.015 300.009 300.005 300.003 300.002 300.001 300.001 300 300 300 300 300 300 300 300 300 300 300 300 300 300 300 300 300 300 300 300 300 300 300 300 300 300 300 300 300 300 300 300 300 300 300 300 300 300 300 300 300 300 300 300 300 300 300 300 300 300 300 300 300 300 300 300 300 300 300 300 300 300
938.356 571.408 571.392 445.647 445.647 445.647 432.874 391.787 352.285 352.285 329.229 325.448 317.465 311.777 306.399 303.941 303.141 301.81 301.421 300.707 300.412 300.275 300.215 300.111 300.073 300.045 300.02 300.008 300.004 300.002 300.002 300.001 300.001 300 300 300 300 300 300 300 300 300 300 300 300 300 300 300 300 300 300 300 300 300 300 300 300 300 300 300 300 300 300 300 300 300 300 300 300 300 300 300 300 300 300 300 300 300 300 300 300 300 300 300 300 300 300 300 300 300 300 300 300 300 300 300
966.23 486.841 486.841 486.841 486.841 419.203 419.203 375.899 368.289 352.79 337.396 322.054 314.778 306.902 306.902 303.102 302.512 301.651 300.908 300.884 300.428 300.263 300.145 300.112 300.044 300.029 300.012 300.007 300.003 300.002 300.001 300.001 300 300 300 300 300 300 300 300 300 300 300 300 300 300 300 300 300 300 300 300 300 300 300 300 300 300 300 300 300 300 300 300 300 300 300 300 300 300 300 300 300 300 300 300 300 300 300 300 300 300 300 300 300 300 300 300 300 300 300 300 300 300 300 300
1008.32 756.898 602.229 495.545 494.245 442.816 442.816 395.594 381.475 378.524 371.773 350.677 333.819 325.004 316.275 310.24 307.996 304.949 303.018 301.768 301.238 300.693 300.457 300.271 300.143 300.097 300.057 300.023 300.011 300.006 300.004 300.002 300.002 300.001 300 300 300 300 300 300 300 300 300 300 300 300 300 300 300 300 300 300 300 300 300 300 300 300 300 300 300 300 300 300 300 300 300 300 300 300 300 300 300 300 300 300 300 300 300 300 300 300 300 300 300 300 300 300 300 300 300 300 300 300 300 300
774.918 640.982 615.458 484.364 456.336 412.684 381.961 326.017 326.017 326.017 321.271 320.228 313.098 306.526 305.4 303.886 302.289 301.718 301 300.651 300.442 300.236 300.162 300.085 300.064 300.032 300.022 300.006 300.003 300.003 300.001 300.001 300.001 300 300 300 300 300 300 300 300 300 300 300 300 300 300 300 300 300 300 300 300 300 300 300 300 300 300 300 300 300 300 300 300 300 300 300 300 300 300 300 300 300 300 300 300 300 300 300 300 300 300 300 300 300 300 300 300 300 300 300 300 300 300 300
825.831 738.575 631.977 482.306 482.306 462.425 400.318 384.066 365.86 365.86 340.496 319.768 319.768 314.629 307.765 306.705 303.649 303.221 302.001 301.278 300.505 300.364 300.176 300.151 300.099 300.049 300.031 300.006 300.006 300.004 300.002 300.001 300.001 300 300 300 300 300 300 300 300 300 300 300 300 300 300 300 300 300 300 300 300 300 300 300 300 300 300 300 300 300 300 300 300 300 300 300 300 300 300 300 300 300 300 300 300 300 300 300 300 300 300 300 300 300 300 300 300 300 300 300 300 300 300 300
895.993 612.202 485.853 447.407 435.037 411.45 401.963 382.227 368.209 353.287 337.495 324.534 322.244 313.298 308.762 304.901 303.548 302.053 301.851 300.999 300.706 300.375 300.145 300.098 300.065 300.046 300.032 300.008 300.005 300.004 300.002 300.001 300.001 300 300 300 300 300 300 300 300 300 300 300 300 300 300 300 300 300 300 300 300 300 300 300 300 300 300 300 300 300 300 300 300 300 300 300 300 300 300 300 300 300 300 300 300 300 300 300 300 300 300 300 300 300 300 300 300 300 300 300 300 300 300 300
859.594 789.269 581.419 441.336 441.336 429.249 427.688 414.894 383.919 371.006 356.953 343.492 336.266 314.991 313.702 307.234 305.156 303.21 302.169 300.866 300.607 300.382 300.238 300.189 300.081 300.055 300.03 300.008 300.007 300.004 300.002 300.001 300.001 300 300 300 300 300 300 300 300 300 300 300 300 300 300 300 300 300 300 300 300 300 300 300 300 300 300 300 300 300 300 300 300 300 300 300 300 300 300 300 300 300 300 300 300 300 300 300 300 300 300 300 300 300 300 300 300 300 300 300 300 300 300 300
838.108 813.542 666.822 511.193 477.711 468.685 422.618 373.337 373.337 369.86 348.001 334.221 327.007 317.816 312.271 307.164 304.206 303.767 302.283 301.517 301.005 300.702 300.365 300.247 300.114 300.066 300.041 300.015 300.01 300.006 300.003 300.003 300.001 300.001 300 300 300 300 300 300 300 300 300 300 300 300 300 300 300 300 300 300 300 300 300 300 300 300 300 300 300 300 300 300 300 300 300 300 300 300 300 300 300 300 300 300 300 300 300 300 300 300 300 300 300 300 300 300 300 300 300 300 300 300 300 300
622.611 622.611 608.666 469.788 456.64 416.145 411.61 371.618 369.836 353.746 331.131 320.379 318.703 316.367 309.558 305.529 303.262 302.605 301.69 301.019 300.45 300.433 300.205 300.146 300.063 300.051 300.028 300.009 300.006 300.004 300.002 300.001 300.001 300.001 300 300 300 300 300 300 300 300 300 300 300 300 300 300 300 300 300 300 300 300 300 300 300 300 300 300 300 300 300 300 300 300 300 300 300 300 300 300 300 300 300 300 300 300 300 300 300 300 300 300 300 300 300 300 300 300 300 300 300 300 300 300
964.885 751.999 604.133 459.946 459.741 433.862 408.34 403.875 361.576 355.505 331.375 324.672 318.78 310.376 307.916 304.947 302.942 301.6 301.366 300.927 300.501 300.286 300.162 300.091 300.053 300.036 300.02 300.006 300.004 300.002 300.001 300.001 300 300 300 300 300 300 300 300 300 300 300 300 300 300 300 300 300 300 300 300 300 300 300 300 300 300 300 300 300 300 300 300 300 300 300 300 300 300 300 300 300 300 300 300 300 300 300 300 300 300 300 300 300 300 300 300 300 300 300 300 300 300 300 300
987.099 719.867 574.601 508.426 416.213 416.213 412.777 386.76 367.315 367.315 338.382 322.871 315.43 312.501 307.499 305.597 302.787 302.319 301.31 300.874 300.507 300.363 300.173 300.084 300.067 300.04 300.028 300.009 300.005 300.003 300.002 300.001 300.001 300 300 300 300 300 300 300 300 300 300 300 300 300 300 300 300 300 300 300 300 300 300 300 300 300 300 300 300 300 300 300 300 300 300 300 300 300 300 300 300 300 300 300 300 300 300 300 300 300 300 300 300 300 300 300 300 300 300 300 300 300 300 300
898.166 759.871 681.001 494.167 448.946 448.946 424.545 419.418 377.829 377.468 355.856 339.361 326.023 315.289 311.075 307.663 303.924 302.377 301.627 301.042 300.72 300.448 300.226 300.148 300.073 300.047 300.029 300.011 300.006 300.003 300.002 300.001 300.001 300 300 300 300 300 300 300 300 300 300 300 300 300 300 300 300 300 300 300 300 300 300 300 300 300 300 300 300 300 300 300 300 300 300 300 300 300 300 300 300 300 300 300 300 300 300 300 300 300 300 300 300 300 300 300 300 300 300 300 300 300 300 300
991.454 766.585 597.061 506.196 489.886 419.123 419.123 415.357 396.742 372.476 343.126 343.126 324.891 316.144 313.093 308.626 306.098 302.716 302.374 301.467 300.879 300.538 300.246 300.186 300.117 300.046 300.041 300.014 300.009 300.005 300.003 300.001 300.001 300 300 300 300 300 300 300 300 300 300 300 300 300 300 300 300 300 300 300 300 300 300 300 300 300 300 300 300 300 300 300 300 300 300 300 300 300 300 300 300 300 300 300 300 300 300 300 300 300 300 300 300 300 300 300 300 300 300 300 300 300 300 300
962.37 701.799 676.9 476.849 466.6 455.064 424.35 403.972 384.005 369.255 360.706 338.718 323.918 312.39 309.913 307.501 303.247 303.247 302.331 301.111 300.812 300.571 300.354 300.234 300.153 300.069 300.043 300.014 300.008 300.006 300.003 300.001 300.001 300.001 300 300 300 300 300 300 300 300 300 300 300 300 300 300 300 300 300 300 300 300 300 300 300 300 300 300 300 300 300 300 300 300 300 300 300 300 300 300 300 300 300 300 300 300 300 300 300 300 300 300 300 300 300 300 300 300 300 300 300 300 300 300
892.385 699.778 500.094 496.59 445.975 426.091 398.854 360.898 360.732 339.776 326.641 315.744 310.043 307.993 305.854 302.285 302.222 301.153 300.848 300.506 300.392 300.2 300.096 300.075 300.053 300.031 300.017 300.005 300.003 300.002 300.001 300.001 300 300 300 300 300 300 300 300 300 300 300 300 300 300 300 300 300 300 300 300 300 300 300 300 300 300 300 300 300 300 300 300 300 300 300 300 300 300 300 300 300 300 300 300 300 300 300 300 300 300 300 300 300 300 300 300 300 300 300 300 300 300 300 300
813.996 813.996 631.052 457.414 457.414 449.766 414.554 401.519 362.192 362.192 339.496 329.791 312.707 310.244 306.904 304.345 302.923 301.983 301.518 300.722 300.363 300.238 300.178 300.113 300.071 300.03 300.025 300.009 300.004 300.003 300.001 300.001 300.001 300 300 300 300 300 300 300 300 300 300 300 300 300 300 300 300 300 300 300 300 300 300 300 300 300 300 300 300 300 300 300 300 300 300 300 300 300 300 300 300 300 300 300 300 300 300 300 300 300 300 300 300 300 300 300 300 300 300 300 300 300 300 300
892.833 717.179 614.076 477.994 477.994 477.994 461.406 444.539 408.575 387.677 368.971 357.599 343.836 327.584 317.616 309.299 307.471 304.428 303.563 301.769 300.967 300.711 300.462 300.258 300.149 300.086 300.047 300.017 300.011 300.006 300.004 300.002 300.001 300.001 300 300 300 300 300 300 300 300 300 300 300 300 300 300 300 300 300 300 300 300 300 300 300 300 300 300 300 300 300 300 300 300 300 300 300 300 300 300 300 300 300 300 300 300 300 300 300 300 300 300 300 300 300 300 300 300 300 300 300 300 300 300
817.257 816.935 711.188 642.832 617.415 524.721 506.532 476.359 435.196 414.413 399.186 377.322 361.311 334.649 318.01 312.49 307.371 304.32 304.09 302.393 301.5 300.835 300.404 300.292 300.154 300.114 300.063 300.022 300.011 300.008 300.005 300.002 300.001 300.001 300 300 300 300 300 300 300 300 300 300 300 300 300 300 300 300 300 300 300 300 300 300 300 300 300 300 300 300 300 300 300 300 300 300 300 300 300 300 300 300 300 300 300 300 300 300 300 300 300 300 300 300 300 300 300 300 300 300 300 300 300 300
870.415 700.089 613.466 504.964 488.455 408.373 408.373 390.687 378.168 361.345 360.231 330.433 318.175 310.579 309.536 305.692 303.825 302.253 301.467 300.954 300.612 300.261 300.193 300.094 300.077 300.044 300.025 300.009 300.004 300.002 300.002 300.001 300.001 300 300 300 300 300 300 300 300 300 300 300 300 300 300 300 300 300 300 300 300 300 300 300 300 300 300 300 300 300 300 300 300 300 300 300 300 300 300 300 300 300 300 300 300 300 300 300 300 300 300 300 300 300 300 300 300 300 300 300 300 300 300 300
968.865 788.004 676.921 642.724 632.773 547.674 452.114 452.114 452.114 437.85 423.177 410.658 383.104 371.357 357.062 324.776 316.586 308.371 306.726 303.623 302.472 301.543 301.033 300.635 300.339 300.166 300.089 300.041 300.022 300.011 300.007 300.004 300.002 300.001 300.001 300 300 300 300 300 300 300 300 300 300 300 300 300 300 300 300 300 300 300 300 300 300 300 300 300 300 300 300 300 300 300 300 300 300 300 300 300 300 300 300 300 300 300 300 300 300 300 300 300 300 300 300 300 300 300 300 300 300 300 300 300
887.621 862.78 671.383 555.107 521.604 471.307 412.23 412.23 373.027 373.027 357.343 343.661 336.776 326.686 317.009 310.611 307.3 304.335 302.439 301.346 301.022 300.623 300.518 300.227 300.191 300.112 300.065 300.016 300.012 300.006 300.004 300.002 300.001 300.001 300.001 300 300 300 300 300 300 300 300 300 300 300 300 300 300 300 300 300 300 300 300 300 300 300 300 300 300 300 300 300 300 300 300 300 300 300 300 300 300 300 300 300 300 300 300 300 300 300 300 300 300 300 300 300 300 300 300 300 300 300 300 300
858.028 797.699 555.258 494.578 487.414 449.299 403.089 394.774 378.093 369.878 340.703 316.905 315.332 312.266 306.815 304.517 303.393 301.846 301.274 300.832 300.632 300.29 300.22 300.139 300.062 300.046 300.024 300.007 300.005 300.003 300.001 300.001 300.001 300 300 300 300 300 300 300 300 300 300 300 300 300 300 300 300 300 300 300 300 300 300 300 300 300 300 300 300 300 300 300 300 300 300 300 300 300 300 300 300 300 300 300 300 300 300 300 300 300 300 300 300 300 300 300 300 300 300 300 300 300 300 300
909.544 740.866 584.262 557.531 497.031 481.721 424.151 418.999 418.999 378.407 370.886 336.482 320.18 313.083 313.083 310.334 306.631 303.678 303.489 302.462 301.418 300.615 300.375 300.275 300.165 300.107 300.063 300.023 300.014 300.008 300.005 300.002 300.001 300.001 300 300 300 300 300 300 300 300 300 300 300 300 300 300 300 300 300 300 300 300 300 300 300 300 300 300 300 300 300 300 300 300 300 300 300 300 300 300 300 300 300 300 300 300 300 300 300 300 300 300 300 300 300 300 300 300 300 300 300 300 300 300
736.59 736.59 736.59 463.388 463.388 463.388 442.594 369.615 369.615 369.615 337.651 336.279 322.145 316.415 308.925 306.325 303.904 302.702 302.132 301.158 300.777 300.288 300.248 300.134 300.088 300.049 300.038 300.012 300.006 300.004 300.002 300.001 300.001 300 300 300 300 300 300 300 300 300 300 300 300 300 300 300 300 300 300 300 300 300 300 300 300 300 300 300 300 300 300 300 300 300 300 300 300 300 300 300 300 300 300 300 300 300 300 300 300 300 300 300 300 300 300 300 300 300 300 300 300 300 300 300
960.971 768.409 566.12 529.394 464.41 456.416 420.051 397.851 382.146 359.813 359.813 347.868 331.289 317.269 314.401 307.256 306.335 303.703 302.714 301.269 300.906 300.437 300.312 300.156 300.115 300.071 300.044 300.016 300.007 300.006 300.003 300.001 300.001 300 300 300 300 300 300 300 300 300 300 300 300 300 300 300 300 300 300 300 300 300 300 300 300 300 300 300 300 300 300 300 300 300 300 300 300 300 300 300 300 300 300 300 300 300 300 300 300 300 300 300 300 300 300 300 300 300 300 300 300 300 300 300
922.272 782.773 612.888 480.911 445.061 423.24 393.909 388.151 367.37 350.455 332.037 329.379 317.751 309.459 306.845 304.516 303.703 302.669 301.555 301.075 300.538 300.261 300.204 300.108 300.095 300.055 300.022 300.009 300.005 300.003 300.001 300.001 300.001 300 300 300 300 300 300 300 300 300 300 300 300 300 300 300 300 300 300 300 300 300 300 300 300 300 300 300 300 300 300 300 300 300 300 300 300 300 300 300 300 300 300 300 300 300 300 300 300 300 300 300 300 300 300 300 300 300 300 300 300 300 300 300
977.76 784.804 558.655 456.751 456.751 438.2 401.573 387.565 387.252 369.723 347.665 334.181 320.781 309.566 309.393 306.127 303.309 302.658 301.34 300.993 300.677 300.361 300.227 300.121 300.097 300.044 300.032 300.008 300.005 300.004 300.001 300.001 300.001 300 300 300 300 300 300 300 300 300 300 300 300 300 300 300 300 300 300 300 300 300 300 300 300 300 300 300 300 300 300 300 300 300 300 300 300 300 300 300 300 300 300 300 300 300 300 300 300 300 300 300 300 300 300 300 300 300 300 300 300 300 300 300
936.784 717.654 717.654 517.856 517.856 472.702 449.461 417.692 393.243 341.505 341.505 341.505 332.777 321.595 313.921 306.704 306.704 304.466 303.111 302.126 300.945 300.78 300.385 300.286 300.153 300.101 300.056 300.019 300.012 300.007 300.005 300.002 300.001 300.001 300.001 300 300 300 300 300 300 300 300 300 300 300 300 300 300 300 300 300 300 300 300 300 300 300 300 300 300 300 300 300 300 300 300 300 300 300 300 300 300 300 300 300 300 300 300 300 300 300 300 300 300 300 300 300 300 300 300 300 300 300 300 300
982.297 658.547 658.547 442.196 442.196 442.196 423.419 410.626 404.26 378.688 364.514 351.257 324.658 319.362 308.118 305.489 304.546 303.76 301.798 301.315 300.774 300.318 300.246 300.152 300.079 300.045 300.032 300.012 300.009 300.005 300.002 300.001 300.001 300 300 300 300 300 300 300 300 300 300 300 300 300 300 300 300 300 300 300 300 300 300 300 300 300 300 300 300 300 300 300 300 300 300 300 300 300 300 300 300 300 300 300 300 300 300 300 300 300 300 300 300 300 300 300 300 300 300 300 300 300 300 300
833.128 791.42 710.686 496.04 469.231 446.886 418.379 398.735 388.722 363.005 348.241 333.241 318.983 313.153 313.153 307.474 304.141 302.495 302.051 301.301 300.76 300.436 300.229 300.208 300.097 300.066 300.053 300.014 300.006 300.005 300.003 300.002 300.001 300.001 300 300 300 300 300 300 300 300 300 300 300 300 300 300 300 300 300 300 300 300 300 300 300 300 300 300 300 300 300 300 300 300 300 300 300 300 300 300 300 300 300 300 300 300 300 300 300 300 300 300 300 300 300 300 300 300 300 300 300 300 300 300
729.014 729.014 649.633 475.521 451.206 431.347 399.936 366.735 366.735 363.879 345.341 324.508 315.429 309.965 305.435 304.472 303.204 301.687 301.389 300.707 300.494 300.255 300.2 300.097 300.072 300.05 300.027 300.009 300.004 300.003 300.002 300.001 300.001 300 300 300 300 300 300 300 300 300 300 300 300 300 300 300 300 300 300 300 300 300 300 300 300 300 300 300 300 300 300 300 300 300 300 300 300 300 300 300 300 300 300 300 300 300 300 300 300 300 300 300 300 300 300 300 300 300 300 300 300 300 300 300
833.897 657.753 550.938 484.972 463.341 441.839 393.317 355.914 355.914 352.804 326.281 321.471 313.108 311.009 306.413 304.258 302.818 301.724 300.979 300.598 300.425 300.245 300.154 300.1 300.068 300.034 300.016 300.007 300.005 300.003 300.002 300.001 300 300 300 300 300 300 300 300 300 300 300 300 300 300 300 300 300 300 300 300 300 300 300 300 300 300 300 300 300 300 300 300 300 300 300 300 300 300 300 300 300 300 300 300 300 300 300 300 300 300 300 300 300 300 300 300 300 300 300 300 300 300 300 300
785.237 682.949 610.495 500.45 500.45 453.723 453.723 430.292 399.608 376.95 363.758 357.393 342.042 322.416 317.014 308.506 305.508 303.535 302.69 301.685 301.297 300.615 300.528 300.23 300.088 300.078 300.055 300.018 300.01 300.006 300.003 300.002 300.001 300.001 300 300 300 300 300 300 300 300 300 300 300 300 300 300 300 300 300 300 300 300 300 300 300 300 300 300 300 300 300 300 300 300 300 300 300 300 300 300 300 300 300 300 300 300 300 300 300 300 300 300 300 300 300 300 300 300 300 300 300 300 300 300
936.453 677.726 677.726 556.164 501.158 456.417 456.417 428.795 406.898 380.07 371.696 348.098 338.969 324.071 318.554 305.428 305.428 303.822 302.471 301.354 301.122 300.58 300.318 300.205 300.18 300.101 300.053 300.018 300.008 300.006 300.003 300.001 300.001 300.001 300 300 300 300 300 300 300 300 300 300 300 300 300 300 300 300 300 300 300 300 300 300 300 300 300 300 300 300 300 300 300 300 300 300 300 300 300 300 300 300 300 300 300 300 300 300 300 300 300 300 300 300 300 300 300 300 300 300 300 300 300 300
921.364 772.138 768.491 509.053 445.532 445.532 427.771 387.7 375.447 369.58 347.612 328.397 323.484 318.382 315.051 308.026 305.184 303.689 302.512 301.279 300.846 300.514 300.362 300.191 300.113 300.05 300.043 300.015 300.005 300.005 300.002 300.001 300.001 300 300 300 300 300 300 300 300 300 300 300 300 300 300 300 300 300 300 300 300 300 300 300 300 300 300 300 300 300 300 300 300 300 300 300 300 300 300 300 300 300 300 300 300 300 300 300 300 300 300 300 300 300 300 300 300 300 300 300 300 300 300 300
795.325 702.759 702.759 482.605 482.605 469.352 413.061 406.168 386.636 367.251 364.085 336.795 323.823 319.16 311.805 307.859 305.86 303.552 301.963 300.889 300.846 300.504 300.338 300.174 300.089 300.069 300.033 300.014 300.007 300.004 300.002 300.002 300.001 300 300 300 300 300 300 300 300 300 300 300 300 300 300 300 300 300 300 300 300 300 300 300 300 300 300 300 300 300 300 300 300 300 300 300 300 300 300 300 300 300 300 300 300 300 300 300 300 300 300 300 300 300 300 300 300 300 300 300 300 300 300 300
813.664 810.863 596.354 468.847 468.847 468.847 438.791 391.19 379.631 367.111 353.112 341.008 326.808 313.012 313.012 306.259 305.004 302.963 301.369 301.248 300.887 300.442 300.215 300.215 300.116 300.071 300.038 300.014 300.006 300.005 300.003 300.001 300.001 300 300 300 300 300 300 300 300 300 300 300 300 300 300 300 300 300 300 300 300 300 300 300 300 300 300 300 300 300 300 300 300 300 300 300 300 300 300 300 300 300 300 300 300 300 300 300 300 300 300 300 300 300 300 300 300 300 300 300 300 300 300 300
960.862 882.025 765.274 511.422 469.679 469.679 437.377 437.377 420.352 386.107 386.107 367.119 360.094 334.809 316.174 310.621 310.621 308.004 305.323 303.589 302.05 300.907 300.751 300.424 300.177 300.133 300.073 300.028 300.015 300.009 300.005 300.003 300.002 300.001 300 300 300 300 300 300 300 300 300 300 300 300 300 300 300 300 300 300 300 300 300 300 300 300 300 300 300 300 300 300 300 300 300 300 300 300 300 300 300 300 300 300 300 300 300 300 300 300 300 300 300 300 300 300 300 300 300 300 300 300 300 300
906.262 791.174 735.691 639.192 553.708 482.52 475.497 440.353 432.399 394.006 366.339 366.339 357.419 354.465 334.662 315.432 313.728 308.889 305.869 303.359 301.602 300.74 300.688 300.373 300.263 300.21 300.127 300.046 300.018 300.013 300.007 300.005 300.002 300.002 300.001 300 300 300 300 300 300 300 300 300 300 300 300 300 300 300 300 300 300 300 300 300 300 300 300 300 300 300 300 300 300 300 300 300 300 300 300 300 300 300 300 300 300 300 300 300 300 300 300 300 300 300 300 300 300 300 300 300 300 300 300 300
797.623 650.824 611.926 502.808 474.383 433.961 416.305 385.963 375.161 355.43 332.158 325.488 317.607 311.268 306.419 304.974 303.163 302.415 301.461 300.868 300.318 300.275 300.184 300.072 300.062 300.044 300.026 300.007 300.006 300.002 300.001 300.001 300.001 300 300 300 300 300 300 300 300 300 300 300 300 300 300 300 300 300 300 300 300 300 300 300 300 300 300 300 300 300 300 300 300 300 300 300 300 300 300 300 300 300 300 300 300 300 300 300 300 300 300 300 300 300 300 300 300 300 300 300 300 300 300 300
653.198 653.198 600.278 477.36 462.008 451.742 411.025 385.271 371.195 347.258 346.944 329.4 314.702 310.395 309.519 305.871 302.95 301.905 301.55 300.967 300.502 300.404 300.198 300.148 300.079 300.058 300.029 300.009 300.005 300.003 300.002 300.001 300.001 300 300 300 300 300 300 300 300 300 300 300 300 300 300 300 300 300 300 300 300 300 300 300 300 300 300 300 300 300 300 300 300 300 300 300 300 300 300 300 300 300 300 300 300 300 300 300 300 300 300 300 300 300 300 300 300 300 300 300 300 300 300 300
1062.82 881.559 605.332 477.58 447.305 410.556 397.752 380.069 369.351 347.633 321.976 318.024 309.905 308.522 304.553 303.614 302.273 301.456 301.004 300.632 300.272 300.21 300.109 300.078 300.049 300.024 300.014 300.006 300.003 300.002 300.001 300.001 300 300 300 300 300 300 300 300 300 300 300 300 300 300 300 300 300 300 300 300 300 300 300 300 300 300 300 300 300 300 300 300 300 300 300 300 300 300 300 300 300 300 300 300 300 300 300 300 300 300 300 300 300 300 300 300 300 300 300 300 300 300 300 300
817.054 757.045 757.045 638.063 551.594 502.799 489.248 481.987 452.203 427.26 400.564 380.948 363.705 338.349 319.502 312.139 309.762 304.851 303.934 301.982 301.297 300.755 300.528 300.239 300.184 300.1 300.067 300.024 300.014 300.007 300.004 300.002 300.001 300.001 300 300 300 300 300 300 300 300 300 300 300 300 300 300 300 300 300 300 300 300 300 300 300 300 300 300 300 300 300 300 300 300 300 300 300 300 300 300 300 300 300 300 300 300 300 300 300 300 300 300 300 300 300 300 300 300 300 300 300 300 300 300
789.332 789.332 673.499 516.778 489.402 465.474 426.537 391.446 376.82 371.932 355.563 347.823 328.998 320.007 308.704 308.164 304.458 303.053 302.575 301.181 300.738 300.536 300.386 300.223 300.119 300.062 300.04 300.012 300.009 300.005 300.004 300.001 300.001 300.001 300 300 300 300 300 300 300 300 300 300 300 300 300 300 300 300 300 300 300 300 300 300 300 300 300 300 300 300 300 300 300 300 300 300 300 300 300 300 300 300 300 300 300 300 300 300 300 300 300 300 300 300 300 300 300 300 300 300 300 300 300 300
650.614 650.614 482.097 477.274 416.72 416.72 400.935 392.375 380.57 350.057 350.057 327.682 310.606 309.624 308.822 305.784 303.403 302.226 301.497 300.854 300.422 300.348 300.193 300.118 300.048 300.046 300.022 300.009 300.004 300.003 300.001 300.001 300.001 300 300 300 300 300 300 300 300 300 300 300 300 300 300 300 300 300 300 300 300 300 300 300 300 300 300 300 300 300 300 300 300 300 300 300 300 300 300 300 300 300 300 300 300 300 300 300 300 300 300 300 300 300 300 300 300 300 300 300 300 300 300 300
788.901 788.901 752.361 576.204 491.867 443.171 416.987 395.368 392.658 353.426 353.426 346.889 333.73 324.998 311.173 309.322 306.669 303.392 302.782 301.977 300.879 300.474 300.318 300.216 300.134 300.1 300.054 300.019 300.011 300.006 300.003 300.002 300.001 300.001 300 300 300 300 300 300 300 300 300 300 300 300 300 300 300 300 300 300 300 300 300 300 300 300 300 300 300 300 300 300 300 300 300 300 300 300 300 300 300 300 300 300 300 300 300 300 300 300 300 300 300 300 300 300 300 300 300 300 300 300 300 300
