18568.9 17388.5 10371.7 2845.61 2132.82 1310.25 614.276 355.949 347.541 137.883 87.766 36.1745 27.043 12.5826 5.32919 5.32919 2.57884 0.953194 0.23735 0.23735 0.140702 0.0678132 0.0267035 0.0108002 0.0055951 0.00107792 0.000334609 0.000123198 5.14107e-05 1.09476e-05 6.37907e-06 2.52504e-06 8.08034e-07 3.03914e-07 1.1374e-07 4.08877e-08 0 0 0 0 0 0 0 0 0 0 0 0 0 0 0 0 0 0 0 0 0 0 0 0 0 0 0 0 0 0 0 0 0 0 0 0 0 0 0 0 0 0 0 0 0 0 0 0 0 0 0 0 0 0 0 0 0 0 0 0
24826 14081.3 9008.91 5708.78 1905.14 1748.38 1164.92 427.415 427.415 114.667 95.213 81.0707 31.9201 27.8617 11.7716 9.67606 3.91165 1.82618 0.948505 0.266153 0.177233 0.0398121 0.0294804 0.00936511 0.00495884 0.00183469 0.000654792 0.000121362 4.92051e-05 1.87899e-05 6.73437e-06 2.83064e-06 1.15093e-06 4.61991e-07 1.77086e-07 6.63273e-08 0 0 0 0 0 0 0 0 0 0 0 0 0 0 0 0 0 0 0 0 0 0 0 0 0 0 0 0 0 0 0 0 0 0 0 0 0 0 0 0 0 0 0 0 0 0 0 0 0 0 0 0 0 0 0 0 0 0 0 0
26064.5 11600 11600 4012.84 4012.84 2958.61 898.886 762.48 457.153 147.547 78.7858 66.1507 28.3085 12.4408 8.29263 3.20521 0.894273 0.894273 0.30431 0.178344 0.080523 0.0453549 0.0123753 0.00733431 0.00371653 0.00180443 0.000624818 6.54732e-05 3.45501e-05 1.24534e-05 3.97236e-06 2.05604e-06 7.21209e-07 3.22511e-07 1.17686e-07 2.55801e-08 1.8253e-08 0 0 0 0 0 0 0 0 0 0 0 0 0 0 0 0 0 0 0 0 0 0 0 0 0 0 0 0 0 0 0 0 0 0 0 0 0 0 0 0 0 0 0 0 0 0 0 0 0 0 0 0 0 0 0 0 0 0 0
8788.98 8788.98 8788.98 5383.09 1367.05 756.165 756.165 623.884 381.547 52.3741 52.3741 52.3741 48.3261 17.2852 9.52399 7.65274 0.814801 0.814801 0.35139 0.244177 0.107695 0.0614106 0.0420581 0.00728647 0.00445597 0.00297049 0.000940698 9.91996e-05 5.71493e-05 2.135e-05 5.63031e-06 3.11892e-06 8.65955e-07 4.37205e-07 1.88696e-07 5.29786e-08 0 0 0 0 0 0 0 0 0 0 0 0 0 0 0 0 0 0 0 0 0 0 0 0 0 0 0 0 0 0 0 0 0 0 0 0 0 0 0 0 0 0 0 0 0 0 0 0 0 0 0 0 0 0 0 0 0 0 0 0
24265.1 24265.1 3840.17 3668.23 3008.94 1839.04 924.69 661.744 468.1 141.135 82.0513 58.5529 35.9521 10.8182 8.99276 4.64585 2.44576 1.06988 0.497671 0.354999 0.100065 0.0509859 0.0172791 0.0064756 0.00170262 0.00170262 0.000533496 0.000106402 1.46993e-05 1.46993e-05 5.16337e-06 2.09727e-06 9.38216e-07 2.75494e-07 1.29777e-07 3.61011e-08 1.59882e-08 0 0 0 0 0 0 0 0 0 0 0 0 0 0 0 0 0 0 0 0 0 0 0 0 0 0 0 0 0 0 0 0 0 0 0 0 0 0 0 0 0 0 0 0 0 0 0 0 0 0 0 0 0 0 0 0 0 0 0
14354.8 11714.2 11714.2 6513.41 2910.93 1231.96 1196.48 518.424 270.187 140.743 140.743 41.2281 41.2281 18.3215 9.62773 8.14348 2.17869 0.946971 0.862019 0.287654 0.147907 0.0517514 0.0272937 0.0157243 0.00507246 0.00232541 0.00131715 0.000172089 0.000107396 2.64534e-05 1.01471e-05 2.75661e-06 1.3634e-06 6.90286e-07 1.51079e-07 6.99706e-08 1.98408e-08 1.29183e-08 0 0 0 0 0 0 0 0 0 0 0 0 0 0 0 0 0 0 0 0 0 0 0 0 0 0 0 0 0 0 0 0 0 0 0 0 0 0 0 0 0 0 0 0 0 0 0 0 0 0 0 0 0 0 0 0 0 0
34050 12394.6 4157.44 3316.8 2678.97 999.305 999.305 655.711 396.054 217.087 158.155 43.1182 41.717 30.1367 11.4629 6.52147 2.77506 1.9366 1.17612 0.287068 0.206339 0.0480019 0.0317284 0.0217739 0.00722824 0.00187951 0.001588 0.000163192 7.20609e-05 4.00064e-05 1.39801e-05 5.57934e-06 2.6991e-06 7.15639e-07 2.07119e-07 9.31013e-08 4.78894e-08 1.06774e-08 0 0 0 0 0 0 0 0 0 0 0 0 0 0 0 0 0 0 0 0 0 0 0 0 0 0 0 0 0 0 0 0 0 0 0 0 0 0 0 0 0 0 0 0 0 0 0 0 0 0 0 0 0 0 0 0 0 0
12842.3 12842.3 12842.3 4270.61 1556.45 1477.09 1192.32 689.741 315 210.998 93.2232 53.8534 29.1294 17.2114 12.4005 5.9422 2.07751 1.06932 0.519033 0.209858 0.140107 0.0356567 0.0141544 0.010036 0.00413713 0.000955388 0.00062753 7.59048e-05 4.26212e-05 1.80882e-05 7.2521e-06 3.60355e-06 1.18469e-06 3.72815e-07 1.88134e-07 5.43562e-08 1.69157e-08 0 0 0 0 0 0 0 0 0 0 0 0 0 0 0 0 0 0 0 0 0 0 0 0 0 0 0 0 0 0 0 0 0 0 0 0 0 0 0 0 0 0 0 0 0 0 0 0 0 0 0 0 0 0 0 0 0 0 0
20410.8 20410.8 15476 6792.44 3976.64 1890.78 1380.87 923.342 236.795 236.795 200.827 122.958 69.8041 28.5781 16.5923 8.04959 3.24935 1.38584 0.510238 0.510238 0.156663 0.10146 0.0419042 0.0208135 0.00416273 0.00316228 0.00112418 0.00019711 8.65242e-05 4.73932e-05 1.3865e-05 2.73802e-06 2.55194e-06 9.9786e-07 3.01966e-07 1.06596e-07 5.70004e-08 1.72926e-08 0 0 0 0 0 0 0 0 0 0 0 0 0 0 0 0 0 0 0 0 0 0 0 0 0 0 0 0 0 0 0 0 0 0 0 0 0 0 0 0 0 0 0 0 0 0 0 0 0 0 0 0 0 0 0 0 0 0
8713.18 8713.18 8713.18 4008.96 2943.09 1620.37 842.294 445.686 241.606 165.511 116.714 50.7033 32.1034 13.9756 6.55802 4.08263 1.14128 1.00946 0.348309 0.208325 0.0846704 0.0272882 0.0152241 0.00377983 0.00216719 0.000779109 0.000261357 7.13719e-05 1.81807e-05 4.20488e-06 2.58703e-06 7.34968e-07 5.35627e-07 1.2746e-07 5.6966e-08 2.13257e-08 0 0 0 0 0 0 0 0 0 0 0 0 0 0 0 0 0 0 0 0 0 0 0 0 0 0 0 0 0 0 0 0 0 0 0 0 0 0 0 0 0 0 0 0 0 0 0 0 0 0 0 0 0 0 0 0 0 0 0 0
12349.1 12119.5 12119.5 4640.4 1303.76 1033.41 838.904 568.379 454.385 228.341 103.619 49.6973 36.8698 11.4934 9.74941 5.93583 3.20531 1.72937 0.72947 0.412774 0.196848 0.0523325 0.026684 0.00876524 0.00546699 0.00216906 0.000818035 0.000175049 4.93094e-05 1.31831e-05 8.41029e-06 3.82719e-06 1.35976e-06 7.78347e-07 2.3068e-07 1.13583e-07 3.83402e-08 0 0 0 0 0 0 0 0 0 0 0 0 0 0 0 0 0 0 0 0 0 0 0 0 0 0 0 0 0 0 0 0 0 0 0 0 0 0 0 0 0 0 0 0 0 0 0 0 0 0 0 0 0 0 0 0 0 0 0
19528.6 17406.4 14095 4872.26 3290.88 1577.65 952.923 618.094 479.704 322.647 127.628 67.9502 16.2464 16.2265 13.0042 5.79572 3.41585 1.0164 0.446407 0.224075 0.183992 0.065134 0.029117 0.0141351 0.00658148 0.00198765 0.000585923 0.000164744 8.29331e-05 1.76847e-05 7.34527e-06 1.67755e-06 1.51447e-06 6.29124e-07 1.54994e-07 5.23105e-08 2.5686e-08 0 0 0 0 0 0 0 0 0 0 0 0 0 0 0 0 0 0 0 0 0 0 0 0 0 0 0 0 0 0 0 0 0 0 0 0 0 0 0 0 0 0 0 0 0 0 0 0 0 0 0 0 0 0 0 0 0 0 0
16267.4 14384.4 13639.6 4899.24 2518.85 870.272 870.272 828.922 328.692 185.855 84.0901 50.3571 38.014 15.6518 12.1304 5.68223 2.42088 1.19287 0.700424 0.321901 0.0852427 0.0418995 0.0250674 0.00890771 0.00292533 0.00219904 0.00076015 9.48979e-05 7.20361e-05 2.49004e-05 9.43057e-06 4.08519e-06 2.31586e-06 6.96167e-07 2.45828e-07 9.14381e-08 1.64211e-08 0 0 0 0 0 0 0 0 0 0 0 0 0 0 0 0 0 0 0 0 0 0 0 0 0 0 0 0 0 0 0 0 0 0 0 0 0 0 0 0 0 0 0 0 0 0 0 0 0 0 0 0 0 0 0 0 0 0 0
22040.8 5214.1 5214.1 5214.1 2929.32 1309.84 892.376 892.376 318.152 300.361 153.549 35.1173 35.1173 28.5523 8.99388 7.35868 2.82013 1.61145 0.744666 0.312612 0.097094 0.0550854 0.0296211 0.0260358 0.00930572 0.00259288 0.00147358 0.000227791 9.92934e-05 3.12986e-05 1.33591e-05 4.45725e-06 1.78127e-06 5.03758e-07 2.35088e-07 1.02632e-07 3.96326e-08 1.12105e-08 0 0 0 0 0 0 0 0 0 0 0 0 0 0 0 0 0 0 0 0 0 0 0 0 0 0 0 0 0 0 0 0 0 0 0 0 0 0 0 0 0 0 0 0 0 0 0 0 0 0 0 0 0 0 0 0 0 0
16387.9 15088 9136.1 3970.06 2890.39 1426.67 1096.52 335.63 93.5395 93.5395 87.6694 68.8387 33.4897 15.7353 8.36318 4.25752 2.28414 0.491654 0.491654 0.240476 0.0960006 0.0361868 0.0211403 0.00692348 0.00335063 0.00191519 0.000453405 0.00012662 6.54594e-05 2.15757e-05 6.90332e-06 2.08093e-06 7.26214e-07 4.03381e-07 1.38685e-07 3.62775e-08 1.23111e-08 0 0 0 0 0 0 0 0 0 0 0 0 0 0 0 0 0 0 0 0 0 0 0 0 0 0 0 0 0 0 0 0 0 0 0 0 0 0 0 0 0 0 0 0 0 0 0 0 0 0 0 0 0 0 0 0 0 0 0
17088.3 5926.73 5926.73 5344.24 2262.78 970.287 690.485 687.396 237.437 175.263 90.7077 42.9677 27.8811 8.29995 6.02531 5.06599 1.85836 0.893098 0.612849 0.214909 0.147083 0.0516423 0.0250319 0.00931461 0.00481945 0.00129278 0.000587862 9.95516e-05 3.96672e-05 1.94729e-05 5.79978e-06 2.55142e-06 7.38965e-07 3.1018e-07 7.65738e-08 2.71856e-08 1.16059e-08 0 0 0 0 0 0 0 0 0 0 0 0 0 0 0 0 0 0 0 0 0 0 0 0 0 0 0 0 0 0 0 0 0 0 0 0 0 0 0 0 0 0 0 0 0 0 0 0 0 0 0 0 0 0 0 0 0 0 0
23058.4 13996.3 5607.87 4065.27 2654.13 2169.64 714.194 341.53 211.176 112.085 73.1857 59.0253 27.9704 18.0174 6.33914 4.03758 1.82166 1.26188 0.595276 0.255871 0.116555 0.0393843 0.0230278 0.0103846 0.00365909 0.00130874 0.000607025 0.000102617 3.61793e-05 1.18762e-05 5.48742e-06 1.63663e-06 6.84045e-07 3.02708e-07 4.54529e-08 3.28517e-08 0 0 0 0 0 0 0 0 0 0 0 0 0 0 0 0 0 0 0 0 0 0 0 0 0 0 0 0 0 0 0 0 0 0 0 0 0 0 0 0 0 0 0 0 0 0 0 0 0 0 0 0 0 0 0 0 0 0 0 0
17502.8 17502.8 16252.5 3504.11 1052.59 1052.59 1052.59 769.993 480.65 183.622 146.83 82.4005 33.9908 27.7526 15.8736 5.84439 2.48861 1.1236 0.600094 0.236282 0.126854 0.0434677 0.0138974 0.00663403 0.00505601 0.00131133 0.000903344 8.48451e-05 2.96394e-05 6.60136e-06 5.87181e-06 3.39394e-06 1.09269e-06 4.36892e-07 7.01778e-08 3.26982e-08 1.57188e-08 0 0 0 0 0 0 0 0 0 0 0 0 0 0 0 0 0 0 0 0 0 0 0 0 0 0 0 0 0 0 0 0 0 0 0 0 0 0 0 0 0 0 0 0 0 0 0 0 0 0 0 0 0 0 0 0 0 0 0
16705.8 15451.9 9092.76 1822.9 1822.9 1594.44 748.952 513.273 294.284 150.671 113.706 66.1088 48.5958 8.53193 8.05232 6.69052 2.47378 1.55889 0.572005 0.29276 0.118915 0.0539491 0.0340698 0.0101946 0.00552135 0.00227867 0.000542007 9.4355e-05 2.75823e-05 1.54304e-05 4.22762e-06 2.3093e-06 1.36943e-06 3.66734e-07 2.15588e-07 2.9213e-08 1.86342e-08 0 0 0 0 0 0 0 0 0 0 0 0 0 0 0 0 0 0 0 0 0 0 0 0 0 0 0 0 0 0 0 0 0 0 0 0 0 0 0 0 0 0 0 0 0 0 0 0 0 0 0 0 0 0 0 0 0 0 0
8790.2 8790.2 8790.2 4175.33 2360.04 1374.54 1054.06 306.489 257.633 134.412 102.594 64.996 26.7331 11.2891 7.13256 1.84343 0.985711 0.98415 0.407047 0.189511 0.0724036 0.0380203 0.0168999 0.00911518 0.00212568 0.0010252 0.000554944 0.000119447 3.92967e-05 1.9362e-05 6.29614e-06 2.34007e-06 9.27505e-07 3.58908e-07 7.58946e-08 3.65445e-08 1.53661e-08 0 0 0 0 0 0 0 0 0 0 0 0 0 0 0 0 0 0 0 0 0 0 0 0 0 0 0 0 0 0 0 0 0 0 0 0 0 0 0 0 0 0 0 0 0 0 0 0 0 0 0 0 0 0 0 0 0 0 0
17029 11248.8 11248.8 5729.36 3113.59 1206.46 803.124 705.62 119.967 101.745 82.1802 53.5816 32.8369 21.9867 11.9778 6.63672 3.09706 1.7036 1.08463 0.360635 0.0994102 0.0352389 0.0352389 0.00908204 0.00486945 0.00305755 0.000482854 0.000121361 6.55873e-05 2.10529e-05 9.43551e-06 3.23152e-06 1.01374e-06 5.15103e-07 2.07317e-07 7.26464e-08 2.90678e-08 0 0 0 0 0 0 0 0 0 0 0 0 0 0 0 0 0 0 0 0 0 0 0 0 0 0 0 0 0 0 0 0 0 0 0 0 0 0 0 0 0 0 0 0 0 0 0 0 0 0 0 0 0 0 0 0 0 0 0
15130.9 4933.51 4933.51 3950.06 3950.06 2451.75 1455.79 816.577 453.756 293.022 230.537 78.4907 39.8583 34.4626 21.8898 5.78381 4.48883 2.30436 1.26263 0.626307 0.175712 0.0558994 0.0420208 0.0165379 0.00895021 0.00265401 0.00138557 0.000205005 2.87033e-05 2.87033e-05 1.17047e-05 4.7845e-06 1.75823e-06 5.05468e-07 1.98404e-07 9.20321e-08 1.52785e-08 0 0 0 0 0 0 0 0 0 0 0 0 0 0 0 0 0 0 0 0 0 0 0 0 0 0 0 0 0 0 0 0 0 0 0 0 0 0 0 0 0 0 0 0 0 0 0 0 0 0 0 0 0 0 0 0 0 0 0
29430.7 19927.5 5543.66 5543.66 2960.2 2402.8 1506.72 590.89 277.086 121.168 75.7026 58.9861 20.5258 13.8252 6.34956 3.93578 1.93133 1.32281 0.349552 0.174144 0.118787 0.0167366 0.0167366 0.00697807 0.00167316 0.000938089 0.000496161 0.000110386 3.52817e-05 2.21882e-05 5.88485e-06 3.0697e-06 1.20409e-06 4.66069e-07 2.14971e-07 3.63635e-08 1.13577e-08 0 0 0 0 0 0 0 0 0 0 0 0 0 0 0 0 0 0 0 0 0 0 0 0 0 0 0 0 0 0 0 0 0 0 0 0 0 0 0 0 0 0 0 0 0 0 0 0 0 0 0 0 0 0 0 0 0 0 0
20869.5 20433 8965.59 6020.01 2735.63 1858.95 639.226 434.311 221.561 171.683 72.727 50.58 28.5463 10.5408 5.96493 4.36395 0.997648 0.997648 0.26121 0.192747 0.0992426 0.0276262 0.0141445 0.00690276 0.00221613 0.00116603 0.000445158 4.9987e-05 3.73806e-05 1.55231e-05 3.68486e-06 3.24095e-06 9.51032e-07 2.87046e-07 1.35809e-07 3.05368e-08 0 0 0 0 0 0 0 0 0 0 0 0 0 0 0 0 0 0 0 0 0 0 0 0 0 0 0 0 0 0 0 0 0 0 0 0 0 0 0 0 0 0 0 0 0 0 0 0 0 0 0 0 0 0 0 0 0 0 0 0
27281 17342.9 12406.8 5233.15 3672.76 1874.39 1714.13 687.064 367.399 209.857 164.502 72.0422 21.952 17.1974 11.1686 3.65415 2.7697 1.16748 0.528779 0.340099 0.130518 0.0562067 0.0225443 0.0129571 0.00589428 0.00188253 0.000657704 0.000133001 4.66443e-05 1.37448e-05 4.77583e-06 2.81815e-06 9.9838e-07 2.65006e-07 1.05263e-07 4.35809e-08 1.5459e-08 0 0 0 0 0 0 0 0 0 0 0 0 0 0 0 0 0 0 0 0 0 0 0 0 0 0 0 0 0 0 0 0 0 0 0 0 0 0 0 0 0 0 0 0 0 0 0 0 0 0 0 0 0 0 0 0 0 0 0
23790.4 20115.1 14571.2 6415.9 3630.81 2156.43 2156.43 1022.47 412.393 202.541 202.541 49.5346 42.1845 26.4642 14.4757 8.48507 5.26484 1.89007 1.05503 0.500397 0.220972 0.0864347 0.0266101 0.0266101 0.00863083 0.00266122 0.00184512 0.000365225 6.01262e-05 4.5901e-05 1.8466e-05 8.79649e-06 5.87444e-07 5.87444e-07 4.11981e-07 9.98163e-08 4.19184e-08 0 0 0 0 0 0 0 0 0 0 0 0 0 0 0 0 0 0 0 0 0 0 0 0 0 0 0 0 0 0 0 0 0 0 0 0 0 0 0 0 0 0 0 0 0 0 0 0 0 0 0 0 0 0 0 0 0 0 0
33900.7 8119.47 8119.47 3530.15 3530.15 2148.27 1129.34 810.65 261.037 181.796 89.8135 89.8135 53.222 14.8128 13.0839 4.14579 1.35138 0.944601 0.500472 0.301763 0.132293 0.075002 0.01853 0.00880221 0.00389832 0.00156185 0.00138057 0.000128744 2.81984e-05 2.03399e-05 6.82306e-06 3.16464e-06 1.31492e-06 2.24847e-07 1.75481e-07 7.03061e-08 2.42051e-08 1.33554e-08 0 0 0 0 0 0 0 0 0 0 0 0 0 0 0 0 0 0 0 0 0 0 0 0 0 0 0 0 0 0 0 0 0 0 0 0 0 0 0 0 0 0 0 0 0 0 0 0 0 0 0 0 0 0 0 0 0 0
27110.3 14547 5559.91 4881.56 3156.02 1198.24 1134.29 546.206 431.186 282.014 126.722 64.2515 28.9492 20.7526 10.9872 4.13412 2.91597 1.52664 0.823431 0.277528 0.211009 0.0735919 0.0235348 0.012888 0.00536477 0.00209538 0.000835829 0.000111262 4.81995e-05 1.99152e-05 9.34555e-06 1.30118e-06 1.16607e-06 8.25749e-07 2.89913e-07 6.15382e-08 2.0913e-08 0 0 0 0 0 0 0 0 0 0 0 0 0 0 0 0 0 0 0 0 0 0 0 0 0 0 0 0 0 0 0 0 0 0 0 0 0 0 0 0 0 0 0 0 0 0 0 0 0 0 0 0 0 0 0 0 0 0 0
16411.7 13939.6 5234.92 5153.03 2971.35 2570.31 1091.69 1049.84 473.757 208.268 205.257 57.6476 53.2761 15.8509 11.6912 7.67268 5.09114 1.52682 1.00183 0.411699 0.225885 0.111495 0.0360541 0.0195267 0.00565091 0.00115101 0.00105371 0.000216501 8.0322e-05 4.40216e-05 1.38665e-05 4.99643e-06 1.42744e-06 4.28339e-07 1.46891e-07 1.10744e-07 5.91357e-08 1.82251e-08 0 0 0 0 0 0 0 0 0 0 0 0 0 0 0 0 0 0 0 0 0 0 0 0 0 0 0 0 0 0 0 0 0 0 0 0 0 0 0 0 0 0 0 0 0 0 0 0 0 0 0 0 0 0 0 0 0 0
26570.6 20191.7 5337.19 5148.63 5148.63 1875.45 1875.45 813.537 549.353 364.53 212.936 178.941 80.1514 32.9987 26.9638 12.7341 6.27033 1.61964 0.985196 0.725127 0.213522 0.0899509 0.0340589 0.0165966 0.0105405 0.00419376 0.00177752 0.000306601 0.000147416 5.40916e-05 2.2658e-05 1.07939e-05 4.5762e-06 1.33532e-06 4.98536e-07 1.28919e-07 7.44312e-08 2.71627e-08 0 0 0 0 0 0 0 0 0 0 0 0 0 0 0 0 0 0 0 0 0 0 0 0 0 0 0 0 0 0 0 0 0 0 0 0 0 0 0 0 0 0 0 0 0 0 0 0 0 0 0 0 0 0 0 0 0 0
17896.9 17896.9 11254.1 4822.52 2913.66 2103.78 780.514 700.598 342.081 210.296 112.368 79.1216 45.4625 18.6582 9.59527 7.78858 1.79183 1.79183 0.461539 0.332522 0.0479947 0.0479947 0.0403972 0.0219124 0.00441645 0.00173387 0.00139978 8.78313e-05 4.68469e-05 1.01283e-05 8.07192e-06 4.08353e-06 1.59729e-06 4.5232e-07 2.46158e-07 9.0962e-08 3.36521e-08 0 0 0 0 0 0 0 0 0 0 0 0 0 0 0 0 0 0 0 0 0 0 0 0 0 0 0 0 0 0 0 0 0 0 0 0 0 0 0 0 0 0 0 0 0 0 0 0 0 0 0 0 0 0 0 0 0 0 0
30104.8 23822.5 9307.22 7411.59 6614.28 1776.38 1329.11 954.815 427.438 349.953 186.349 99.3049 45.5535 29.5729 11.4629 8.50731 4.07362 2.21727 0.947371 0.700545 0.394176 0.110062 0.0565036 0.0200188 0.00949725 0.00276605 0.000776823 0.000236313 7.08679e-05 4.07876e-05 1.3861e-05 6.10961e-06 2.0998e-06 9.00346e-07 2.61756e-07 1.16838e-07 2.3981e-08 1.21342e-08 0 0 0 0 0 0 0 0 0 0 0 0 0 0 0 0 0 0 0 0 0 0 0 0 0 0 0 0 0 0 0 0 0 0 0 0 0 0 0 0 0 0 0 0 0 0 0 0 0 0 0 0 0 0 0 0 0 0
16887.5 14387.6 14387.6 6719.68 3324.6 1163.56 992.288 515.26 326.474 144.498 111.244 38.4303 38.4303 9.48005 9.017 1.90155 1.90155 1.22148 0.869474 0.314831 0.10791 0.0630653 0.0155284 0.0128786 0.00416298 0.00054061 0.00054061 9.70918e-05 3.18132e-05 1.13415e-05 1.04066e-05 2.41361e-06 1.08606e-06 5.49771e-07 1.45796e-07 6.06447e-08 1.97181e-08 0 0 0 0 0 0 0 0 0 0 0 0 0 0 0 0 0 0 0 0 0 0 0 0 0 0 0 0 0 0 0 0 0 0 0 0 0 0 0 0 0 0 0 0 0 0 0 0 0 0 0 0 0 0 0 0 0 0 0
32723.9 9162.16 9162.16 5310.07 2674.1 2674.1 1507.13 807.411 514.357 182.908 182.908 83.3364 58.2893 23.4167 19.4725 9.21298 3.34988 2.66636 0.689313 0.660523 0.165943 0.147791 0.0465731 0.0200625 0.0113259 0.00275348 0.00165947 0.000240001 3.63877e-05 2.63225e-05 1.08621e-05 5.22659e-06 1.96991e-06 7.65134e-07 3.0655e-07 1.32732e-07 3.72738e-08 1.01231e-08 0 0 0 0 0 0 0 0 0 0 0 0 0 0 0 0 0 0 0 0 0 0 0 0 0 0 0 0 0 0 0 0 0 0 0 0 0 0 0 0 0 0 0 0 0 0 0 0 0 0 0 0 0 0 0 0 0 0
14498.6 14498.6 8736.2 5793.19 2555.59 1633.59 407.746 407.746 404.352 194.536 124.509 36.0552 6.83641 6.83641 6.27186 4.67766 1.59488 1.04575 0.498282 0.260141 0.0801909 0.0479877 0.0171756 0.00704401 0.00496683 0.00185593 0.000474599 9.71677e-05 5.08137e-05 1.05151e-05 8.8457e-06 3.60329e-06 7.55338e-07 4.32513e-07 2.16973e-07 2.63229e-08 1.7287e-08 0 0 0 0 0 0 0 0 0 0 0 0 0 0 0 0 0 0 0 0 0 0 0 0 0 0 0 0 0 0 0 0 0 0 0 0 0 0 0 0 0 0 0 0 0 0 0 0 0 0 0 0 0 0 0 0 0 0 0
21484 19550.8 6471.74 4001.13 2499.31 1307.11 1171.73 995.511 330.781 262.733 86.7571 71.6476 36.9292 23.8672 13.91 5.45296 3.01307 1.23576 0.611924 0.260837 0.185944 0.0604287 0.0388562 0.0097376 0.00468967 0.00215354 0.000642005 0.000135098 6.53965e-05 3.75169e-05 1.17025e-05 5.70333e-06 1.85692e-06 6.0278e-07 2.73234e-07 7.94584e-08 2.80977e-08 1.2342e-08 0 0 0 0 0 0 0 0 0 0 0 0 0 0 0 0 0 0 0 0 0 0 0 0 0 0 0 0 0 0 0 0 0 0 0 0 0 0 0 0 0 0 0 0 0 0 0 0 0 0 0 0 0 0 0 0 0 0
13812.7 13812.7 9111.64 3769.71 1933.24 1630.87 742.648 176.982 157.335 120.75 57.278 45.4657 11.8096 11.5296 7.64019 3.78062 2.12734 0.678535 0.583166 0.263838 0.0962866 0.0513982 0.013362 0.0121222 0.00211526 0.000687809 0.000522549 7.73553e-05 5.90393e-05 1.71132e-05 6.31462e-06 3.68752e-06 1.03989e-06 3.39188e-07 1.47377e-07 2.76712e-08 1.94601e-08 0 0 0 0 0 0 0 0 0 0 0 0 0 0 0 0 0 0 0 0 0 0 0 0 0 0 0 0 0 0 0 0 0 0 0 0 0 0 0 0 0 0 0 0 0 0 0 0 0 0 0 0 0 0 0 0 0 0 0
30994.3 10781.9 8610.96 1114.8 1114.8 1114.8 1114.8 555.333 227.221 66.2318 60.5826 48.7017 13.9716 11.1675 7.33641 3.68083 1.18927 1.18927 0.283154 0.278561 0.0523623 0.0402262 0.0142054 0.0113818 0.00461041 0.00231888 0.000299597 8.41054e-05 5.98612e-05 4.34783e-06 4.34783e-06 2.56667e-06 1.18505e-06 2.99052e-07 2.64921e-07 4.77463e-08 1.67471e-08 0 0 0 0 0 0 0 0 0 0 0 0 0 0 0 0 0 0 0 0 0 0 0 0 0 0 0 0 0 0 0 0 0 0 0 0 0 0 0 0 0 0 0 0 0 0 0 0 0 0 0 0 0 0 0 0 0 0 0
20515.5 19776.4 7358.5 5661.64 3546.97 2179.69 636.004 439.046 136.004 136.004 114.607 44.7269 37.2043 14.9555 8.96036 2.97625 0.5938 0.5938 0.588057 0.226455 0.0771993 0.0547112 0.0255789 0.00740958 0.00363593 0.000504285 0.000504285 0.000112754 3.43587e-05 1.34086e-05 4.22727e-06 1.62824e-06 5.61562e-07 1.56916e-07 6.25265e-08 2.39921e-08 0 0 0 0 0 0 0 0 0 0 0 0 0 0 0 0 0 0 0 0 0 0 0 0 0 0 0 0 0 0 0 0 0 0 0 0 0 0 0 0 0 0 0 0 0 0 0 0 0 0 0 0 0 0 0 0 0 0 0 0
14889.2 7630.49 7630.49 3111.25 1825.32 1825.32 1351.15 439.977 334.223 188.989 126.413 61.9319 36.2098 8.43613 8.43613 3.33754 3.33754 1.46093 0.725924 0.43357 0.136243 0.0739537 0.031401 0.0125546 0.00368494 0.00309238 0.000884627 0.000146281 7.12662e-05 4.43086e-05 1.409e-05 3.15774e-06 1.95517e-06 1.14277e-06 2.78342e-07 1.29397e-07 6.46567e-08 1.02175e-08 0 0 0 0 0 0 0 0 0 0 0 0 0 0 0 0 0 0 0 0 0 0 0 0 0 0 0 0 0 0 0 0 0 0 0 0 0 0 0 0 0 0 0 0 0 0 0 0 0 0 0 0 0 0 0 0 0 0
28463.2 15234.8 9115.63 6129.01 3842.19 1593.74 931.318 717.679 356.463 158.422 102.837 76.0773 25.2242 22.2569 5.84172 5.7722 2.31696 1.36936 0.532156 0.425372 0.0647926 0.0647926 0.0350267 0.0104514 0.0027094 0.00118876 0.000576908 7.4255e-05 5.20304e-05 1.99725e-05 5.82776e-06 3.25612e-06 7.87675e-07 4.7665e-07 1.62327e-07 5.15286e-08 2.36703e-08 0 0 0 0 0 0 0 0 0 0 0 0 0 0 0 0 0 0 0 0 0 0 0 0 0 0 0 0 0 0 0 0 0 0 0 0 0 0 0 0 0 0 0 0 0 0 0 0 0 0 0 0 0 0 0 0 0 0 0
34801.2 18541.3 11555.1 4559.34 2005.74 2005.74 2005.74 839.268 265.653 112.492 107.832 71.0395 48.1633 26.6341 14.3078 8.12357 2.41508 1.33458 1.05378 0.48334 0.13066 0.028434 0.0237851 0.0175329 0.0121756 0.00420073 0.00242632 0.000257837 5.90106e-05 4.07101e-05 1.77114e-05 4.71471e-06 1.24945e-06 8.37495e-07 2.39135e-07 5.87784e-08 3.07526e-08 1.42388e-08 0 0 0 0 0 0 0 0 0 0 0 0 0 0 0 0 0 0 0 0 0 0 0 0 0 0 0 0 0 0 0 0 0 0 0 0 0 0 0 0 0 0 0 0 0 0 0 0 0 0 0 0 0 0 0 0 0 0
30368.5 11608.6 7863.49 5640.84 2150.6 2071.85 1116.81 557.756 370.389 195.168 124.223 76.6246 33.7372 21.325 7.19787 3.53066 3.11977 1.53034 0.555461 0.363946 0.0887776 0.0660527 0.024192 0.00787805 0.0058151 0.00263565 0.000912873 0.000165883 6.65965e-05 1.74861e-05 8.58488e-06 3.84596e-06 9.52253e-07 5.58784e-07 1.84423e-07 3.68726e-08 2.29316e-08 0 0 0 0 0 0 0 0 0 0 0 0 0 0 0 0 0 0 0 0 0 0 0 0 0 0 0 0 0 0 0 0 0 0 0 0 0 0 0 0 0 0 0 0 0 0 0 0 0 0 0 0 0 0 0 0 0 0 0
17611.1 11106.6 10589.3 5680.07 2404.89 2404.89 1693.81 368.669 197.07 197.07 86.3268 23.1798 23.1798 14.4289 4.15537 3.77982 1.15195 1.05749 0.476754 0.320305 0.1767 0.0243708 0.0243708 0.00850758 0.00349835 0.000919512 0.000749386 6.27512e-05 2.83566e-05 2.17326e-05 1.30491e-05 3.0053e-06 6.94158e-07 4.72803e-07 1.83356e-07 8.51156e-08 3.69736e-08 0 0 0 0 0 0 0 0 0 0 0 0 0 0 0 0 0 0 0 0 0 0 0 0 0 0 0 0 0 0 0 0 0 0 0 0 0 0 0 0 0 0 0 0 0 0 0 0 0 0 0 0 0 0 0 0 0 0 0
22245.8 20676.4 7959.23 5068.99 4142.33 2774.5 2004.72 835.074 477.166 138.703 115.357 67.7509 28.7449 21.8977 8.55363 5.52045 2.86203 1.57097 0.253401 0.253401 0.223059 0.0799764 0.0551979 0.0213799 0.00945734 0.00305731 0.0010287 0.000170381 9.70366e-05 4.01875e-05 1.9543e-05 5.87259e-06 2.24036e-06 6.69922e-07 1.83678e-07 4.62683e-08 2.33316e-08 0 0 0 0 0 0 0 0 0 0 0 0 0 0 0 0 0 0 0 0 0 0 0 0 0 0 0 0 0 0 0 0 0 0 0 0 0 0 0 0 0 0 0 0 0 0 0 0 0 0 0 0 0 0 0 0 0 0 0
29633.4 11118.2 11118.2 4802.96 4430.36 3798.48 1700.17 1017.31 784.385 195.163 195.163 74.0276 26.0137 25.3479 14.8539 7.00339 3.62567 1.91332 0.654921 0.237425 0.104772 0.0939156 0.0496334 0.0102694 0.00390651 0.00173421 0.000631146 0.000296335 7.78305e-05 1.5834e-05 9.21286e-06 5.69197e-06 2.26378e-06 2.67905e-07 2.36187e-07 4.3812e-08 1.52199e-08 0 0 0 0 0 0 0 0 0 0 0 0 0 0 0 0 0 0 0 0 0 0 0 0 0 0 0 0 0 0 0 0 0 0 0 0 0 0 0 0 0 0 0 0 0 0 0 0 0 0 0 0 0 0 0 0 0 0 0
16765.8 14500.1 13670.2 3480.17 3146.1 1870.59 1162.17 557.97 372.008 131.456 127.489 38.7435 22.6941 12.3132 5.16402 1.35695 0.763924 0.614971 0.322675 0.121199 0.0460601 0.0304673 0.0149908 0.00636427 0.00310317 0.000351619 0.000351619 8.26906e-05 4.99671e-05 1.75942e-05 6.61549e-06 2.23336e-06 1.01075e-06 2.46893e-07 1.04844e-07 4.69316e-08 1.2331e-08 0 0 0 0 0 0 0 0 0 0 0 0 0 0 0 0 0 0 0 0 0 0 0 0 0 0 0 0 0 0 0 0 0 0 0 0 0 0 0 0 0 0 0 0 0 0 0 0 0 0 0 0 0 0 0 0 0 0 0
16063.6 16063.6 9828.54 4600.78 575.846 575.846 383.821 319.818 233.157 118.006 44.1334 22.7021 10.9743 8.85043 2.85278 1.55549 1.07632 0.503482 0.172429 0.0870241 0.0292212 0.0175273 0.00733917 0.00290019 0.00130184 0.000286148 0.000190445 2.90547e-05 1.60957e-05 5.69513e-06 1.67008e-06 1.15852e-06 2.78434e-07 1.34641e-07 4.84885e-08 0 0 0 0 0 0 0 0 0 0 0 0 0 0 0 0 0 0 0 0 0 0 0 0 0 0 0 0 0 0 0 0 0 0 0 0 0 0 0 0 0 0 0 0 0 0 0 0 0 0 0 0 0 0 0 0 0 0 0 0 0
25167.9 13354.2 9329.73 6853.21 4475.98 2283.65 957.215 695.725 419.018 297.953 149.953 19.377 19.377 15.7984 6.31028 1.83624 1.57015 1.13494 0.320068 0.301382 0.130791 0.0398882 0.0206474 0.0131837 0.00590984 0.00124759 0.000801158 7.86941e-05 4.90488e-05 1.8364e-05 7.67549e-06 2.74973e-06 1.32433e-06 7.07066e-07 9.50582e-08 5.87656e-08 2.32494e-08 0 0 0 0 0 0 0 0 0 0 0 0 0 0 0 0 0 0 0 0 0 0 0 0 0 0 0 0 0 0 0 0 0 0 0 0 0 0 0 0 0 0 0 0 0 0 0 0 0 0 0 0 0 0 0 0 0 0 0
18802 17514.7 11720.5 2526.36 2526.36 2526.36 1112.57 664.078 387.342 194.192 130.966 57.4406 25.4373 15.0203 9.78169 5.61642 1.97675 1.11045 0.787397 0.383287 0.136184 0.0563857 0.0262605 0.0103312 0.0038493 0.00120931 0.000744306 0.000158688 6.42248e-05 1.76663e-05 6.70256e-06 2.50008e-06 5.81889e-07 3.81705e-07 9.24767e-08 5.67435e-08 1.4207e-08 0 0 0 0 0 0 0 0 0 0 0 0 0 0 0 0 0 0 0 0 0 0 0 0 0 0 0 0 0 0 0 0 0 0 0 0 0 0 0 0 0 0 0 0 0 0 0 0 0 0 0 0 0 0 0 0 0 0 0
20829.6 13828.3 2576.9 2576.9 2397.47 1646.82 1073.27 565.7 498.215 311.557 67.3215 62.2282 34.0583 14.2927 8.90074 4.14848 1.87088 1.54779 1.11338 0.335256 0.15917 0.0587751 0.0343616 0.0154135 0.00431393 0.00201583 0.00105765 0.000173792 3.842e-05 2.42435e-05 1.50096e-05 4.77983e-06 9.97366e-07 3.79373e-07 1.22673e-07 8.0293e-08 2.20689e-08 0 0 0 0 0 0 0 0 0 0 0 0 0 0 0 0 0 0 0 0 0 0 0 0 0 0 0 0 0 0 0 0 0 0 0 0 0 0 0 0 0 0 0 0 0 0 0 0 0 0 0 0 0 0 0 0 0 0 0
