621.809 175.018 89.22 44.4927 44.4927 43.0082 36.2703 18.3685 14.8503 10.74 10.74 9.08518 7.90267 6.49846 5.76316 5.76316 5.42605 5.01109 4.49218 4.11324 3.66285 3.18912 2.41738 2.2075 1.75993 1.30306 0.869846 0.284212 0.14643 0.0732109 0.029975 0.0142809 0.00655379 0.00170268 0.000355811 0.000197006 0.000129792 2.9518e-05 8.8018e-06 1.60548e-06 7.3516e-07 1.35235e-07 3.87417e-08 0 0 0 0 0 0 0 0 0 0 0 0 0 0 0 0 0 0 0 0 0 0 0 0 0 0 0 0 0 0 0 0 0 0 0 0 0 0 0 0 0 0 0 0 0 0 0 0 0 0 0 0 0
632.001 186.774 159.198 57.5594 37.07 20.9992 20.9992 12.3832 9.51266 9.05347 7.75748 6.96292 6.19758 5.58789 5.11706 4.61126 4.11277 3.79176 3.37151 2.84044 2.48923 1.94957 1.52725 0.906756 0.601051 0.409702 0.253666 0.0592211 0.0210861 0.0085158 0.00255891 0.000863195 0.000652026 0.000229584 7.38445e-05 5.28805e-05 1.63569e-05 6.66884e-06 2.56212e-06 4.73565e-07 1.28289e-07 2.68475e-08 1.22375e-08 0 0 0 0 0 0 0 0 0 0 0 0 0 0 0 0 0 0 0 0 0 0 0 0 0 0 0 0 0 0 0 0 0 0 0 0 0 0 0 0 0 0 0 0 0 0 0 0 0 0 0 0 0
458.885 289.571 194.358 64.3868 36.3656 36.3656 20.5434 19.533 11.998 7.72713 6.93168 6.93168 6.19802 5.62261 5.11202 4.74159 4.31404 3.9079 3.51287 2.73089 2.26616 1.92234 1.43265 1.17632 0.782148 0.477869 0.345332 0.0794319 0.0489996 0.0279829 0.00702278 0.00215556 0.00083472 0.000513356 0.00013141 2.95769e-05 2.10137e-05 8.80078e-06 1.74149e-06 8.21505e-07 1.75856e-07 4.69921e-08 1.11139e-08 0 0 0 0 0 0 0 0 0 0 0 0 0 0 0 0 0 0 0 0 0 0 0 0 0 0 0 0 0 0 0 0 0 0 0 0 0 0 0 0 0 0 0 0 0 0 0 0 0 0 0 0 0
337.032 302.026 177.854 86.7406 63.2294 19.5025 19.5025 19.5025 17.2036 12.0226 10.2059 9.43617 7.31745 6.47571 6.4128 6.12455 5.64164 5.16577 4.83862 4.40057 3.96164 3.45473 3.13012 2.52027 1.98427 1.53937 1.21802 0.447823 0.338288 0.157755 0.0674521 0.0223716 0.0103617 0.00146644 0.00104194 0.000484867 7.98966e-05 7.21472e-05 2.30527e-05 4.17778e-06 1.22354e-06 4.07876e-07 1.26063e-07 1.4117e-08 0 0 0 0 0 0 0 0 0 0 0 0 0 0 0 0 0 0 0 0 0 0 0 0 0 0 0 0 0 0 0 0 0 0 0 0 0 0 0 0 0 0 0 0 0 0 0 0 0 0 0 0
596.437 282.63 123.977 49.1806 39.6996 14.1567 14.1567 10.3563 10.3563 9.65378 8.11845 7.07601 6.13602 5.81081 4.99949 4.5807 4.37703 4.01297 3.33611 2.92858 2.46999 2.21611 1.68 1.29714 0.871832 0.539275 0.359809 0.106417 0.0546338 0.0249497 0.0105587 0.00314668 0.00102597 0.00048507 0.000129995 4.44807e-05 2.21646e-05 7.51287e-06 2.7386e-06 1.05804e-06 2.6013e-07 5.31314e-08 1.36395e-08 0 0 0 0 0 0 0 0 0 0 0 0 0 0 0 0 0 0 0 0 0 0 0 0 0 0 0 0 0 0 0 0 0 0 0 0 0 0 0 0 0 0 0 0 0 0 0 0 0 0 0 0 0
289.296 187.838 187.838 50.5289 49.4514 34.6583 33.7919 24.2427 14.9218 14.9218 10.4917 8.75807 8.20082 7.0516 7.0516 6.41398 5.46299 5.34859 4.79493 4.44041 3.93816 3.71996 3.13955 2.55849 2.19919 1.73808 1.21645 0.573341 0.350311 0.202043 0.0838149 0.0459751 0.021037 0.00778835 0.0022423 0.000925611 0.000297485 0.000152162 1.7641e-05 1.31535e-05 2.61924e-06 7.20529e-07 1.26609e-07 1.60953e-08 0 0 0 0 0 0 0 0 0 0 0 0 0 0 0 0 0 0 0 0 0 0 0 0 0 0 0 0 0 0 0 0 0 0 0 0 0 0 0 0 0 0 0 0 0 0 0 0 0 0 0 0
275.326 209.33 209.33 46.5714 40.6703 30.9675 18.1809 12.184 11.9531 7.04346 7.04346 7.04346 6.44705 5.81614 5.43445 4.75873 4.56453 4.09366 3.65466 3.19861 2.55267 2.0257 1.61578 1.13355 0.754675 0.458764 0.307999 0.113316 0.0534995 0.0120261 0.00492189 0.00149447 0.000584281 0.000264431 5.83963e-05 3.94413e-05 1.46568e-05 7.52021e-06 2.87288e-06 4.23464e-07 1.62366e-07 4.93419e-08 0 0 0 0 0 0 0 0 0 0 0 0 0 0 0 0 0 0 0 0 0 0 0 0 0 0 0 0 0 0 0 0 0 0 0 0 0 0 0 0 0 0 0 0 0 0 0 0 0 0 0 0 0 0
1110.91 167.748 165.316 109.67 86.4969 65.6856 27.5134 19.5674 19.5674 17.1197 16.255 12.5213 9.87306 7.657 7.657 6.5166 5.35853 5.22826 4.56952 4.17614 3.69278 3.41336 2.77601 2.42562 1.90553 1.45261 1.16532 0.492754 0.304812 0.180955 0.105328 0.0556562 0.0164822 0.00427179 0.00129223 0.000491468 0.000270645 8.35604e-05 2.54169e-05 7.13659e-06 2.26619e-06 3.29798e-07 1.23694e-07 3.43504e-08 0 0 0 0 0 0 0 0 0 0 0 0 0 0 0 0 0 0 0 0 0 0 0 0 0 0 0 0 0 0 0 0 0 0 0 0 0 0 0 0 0 0 0 0 0 0 0 0 0 0 0 0
243.478 243.478 156.408 41.9125 41.9125 30.0965 15.8723 13.9462 9.05695 7.95198 6.65749 6.13234 5.40606 4.79233 4.45748 4.19491 3.62259 2.87268 2.61654 2.18915 1.70833 1.29651 1.01463 0.624292 0.449088 0.268406 0.156909 0.030717 0.0154901 0.00671371 0.00182975 0.000477156 0.000157858 8.8179e-05 5.11469e-05 1.88317e-05 6.2446e-06 2.36386e-06 5.34649e-07 3.06735e-07 4.65182e-08 1.24335e-08 0 0 0 0 0 0 0 0 0 0 0 0 0 0 0 0 0 0 0 0 0 0 0 0 0 0 0 0 0 0 0 0 0 0 0 0 0 0 0 0 0 0 0 0 0 0 0 0 0 0 0 0 0 0
231.087 100.574 100.574 55.9526 35.0853 21.9354 9.7273 9.7273 9.35896 8.01169 6.81933 6.20583 5.74473 5.38679 4.912 4.58491 4.06718 3.69843 3.21955 2.5552 2.12606 1.8238 1.4012 1.03396 0.667968 0.44043 0.313126 0.077368 0.0308863 0.0100519 0.00230028 0.00144544 0.000577565 0.000219678 7.7801e-05 4.90868e-05 1.15739e-05 3.63737e-06 1.93599e-06 8.11099e-07 9.90538e-08 4.1097e-08 0 0 0 0 0 0 0 0 0 0 0 0 0 0 0 0 0 0 0 0 0 0 0 0 0 0 0 0 0 0 0 0 0 0 0 0 0 0 0 0 0 0 0 0 0 0 0 0 0 0 0 0 0 0
389.779 229.131 139.812 68.029 42.6067 24.3528 17.3281 11.4004 11.062 7.52492 7.37723 6.47012 5.00554 4.86059 4.62807 4.2817 3.78009 3.33523 2.73862 2.22093 1.87351 1.2773 0.921878 0.523958 0.341609 0.204969 0.114373 0.0197815 0.00661915 0.00291866 0.0009539 0.000550971 0.000163359 7.31726e-05 3.1729e-05 1.09582e-05 4.08048e-06 1.02887e-06 4.22909e-07 8.51849e-08 1.42292e-08 0 0 0 0 0 0 0 0 0 0 0 0 0 0 0 0 0 0 0 0 0 0 0 0 0 0 0 0 0 0 0 0 0 0 0 0 0 0 0 0 0 0 0 0 0 0 0 0 0 0 0 0 0 0 0
324.077 216.437 50.9086 50.9086 45.4494 40.7725 25.3371 16.313 12.1569 9.27627 9.27627 8.19558 7.41924 6.15474 5.9116 5.37006 4.8122 4.62205 3.9734 3.72793 3.19239 2.63447 2.13356 1.7964 1.29028 0.806267 0.58268 0.221261 0.117189 0.0519027 0.0203582 0.00714545 0.00291092 0.000727816 0.000276485 0.000194265 9.16278e-05 2.16824e-05 3.6271e-06 1.6469e-06 3.81524e-07 1.12486e-07 3.47903e-08 0 0 0 0 0 0 0 0 0 0 0 0 0 0 0 0 0 0 0 0 0 0 0 0 0 0 0 0 0 0 0 0 0 0 0 0 0 0 0 0 0 0 0 0 0 0 0 0 0 0 0 0 0
596.537 152.529 130.098 51.2827 34.1758 20.9136 15.415 9.19021 9.04635 7.03193 5.96738 5.56819 5.12833 4.60237 4.17969 3.86144 3.46146 2.88059 2.512 2.05502 1.77633 1.4696 1.05588 0.729284 0.576218 0.336629 0.189536 0.0552355 0.0202047 0.00877739 0.00385493 0.0012724 0.000223577 0.000166004 5.79584e-05 1.61906e-05 1.40465e-05 5.00348e-06 1.59293e-06 2.73142e-07 5.68346e-08 3.85804e-08 0 0 0 0 0 0 0 0 0 0 0 0 0 0 0 0 0 0 0 0 0 0 0 0 0 0 0 0 0 0 0 0 0 0 0 0 0 0 0 0 0 0 0 0 0 0 0 0 0 0 0 0 0 0
385.851 246.212 172.117 58.5585 58.5585 33.6248 22.2022 20.3502 11.6226 8.64928 6.77987 5.09667 4.95931 4.7091 4.12049 3.64495 3.01122 2.64712 2.23337 1.68384 1.23778 0.934774 0.687833 0.447207 0.29592 0.140596 0.0581975 0.00941262 0.00300308 0.000644268 0.000296655 6.86328e-05 4.01943e-05 2.57823e-05 1.28081e-05 4.55839e-06 1.87238e-06 6.74084e-07 1.75352e-07 7.6125e-08 1.11511e-08 0 0 0 0 0 0 0 0 0 0 0 0 0 0 0 0 0 0 0 0 0 0 0 0 0 0 0 0 0 0 0 0 0 0 0 0 0 0 0 0 0 0 0 0 0 0 0 0 0 0 0 0 0 0 0
509.681 116.062 116.062 41.6439 41.6439 32.7221 21.7477 15.1632 10.4821 9.05041 6.56031 6.50017 5.8919 5.5447 5.06227 4.67214 4.32366 3.86828 3.28235 2.73459 2.28861 1.761 1.37867 1.05199 0.672338 0.448413 0.246322 0.0891411 0.0306017 0.0150186 0.00827604 0.00262336 0.000851035 0.000273875 6.23356e-05 5.49322e-05 1.03096e-05 4.77697e-06 1.7532e-06 4.32353e-07 1.00251e-07 4.98309e-08 0 0 0 0 0 0 0 0 0 0 0 0 0 0 0 0 0 0 0 0 0 0 0 0 0 0 0 0 0 0 0 0 0 0 0 0 0 0 0 0 0 0 0 0 0 0 0 0 0 0 0 0 0 0
324.128 226.889 158.617 35.6832 35.6832 17.1021 14.6176 7.66122 7.66122 7.57213 7.0257 5.68203 5.44211 5.09509 4.6698 4.23054 3.94939 3.37337 2.81724 2.10888 1.79097 1.40148 0.97156 0.682771 0.380364 0.25243 0.137038 0.0139808 0.00577559 0.00240787 0.000837507 0.00016146 0.000132712 6.07658e-05 2.37906e-05 1.19706e-05 4.66913e-06 1.53476e-06 4.67793e-07 1.50772e-07 3.17168e-08 0 0 0 0 0 0 0 0 0 0 0 0 0 0 0 0 0 0 0 0 0 0 0 0 0 0 0 0 0 0 0 0 0 0 0 0 0 0 0 0 0 0 0 0 0 0 0 0 0 0 0 0 0 0 0
267.592 187.353 76.7188 67.7037 35.6578 35.6578 33.9763 21.819 15.2103 11.2849 8.94078 8.6075 7.98971 6.33843 5.66758 4.69479 4.12206 3.93097 3.68043 3.07463 2.59134 2.10686 1.76051 1.45954 1.04466 0.678637 0.500487 0.182786 0.0925225 0.0454445 0.0167458 0.00282606 0.00147986 0.000380997 0.000369812 0.000125732 5.12518e-05 2.12455e-05 5.13501e-06 1.83911e-06 2.0803e-07 8.4205e-08 1.22328e-08 0 0 0 0 0 0 0 0 0 0 0 0 0 0 0 0 0 0 0 0 0 0 0 0 0 0 0 0 0 0 0 0 0 0 0 0 0 0 0 0 0 0 0 0 0 0 0 0 0 0 0 0 0
352.574 116.626 57.0039 30.4237 30.4237 22.2973 18.9894 11.6034 9.4009 9.36495 6.78234 5.34453 5.34453 5.13898 4.78737 4.28919 3.87024 3.52432 3.05876 2.45131 2.19171 1.73299 1.30547 0.982905 0.56214 0.388871 0.223834 0.0555193 0.0259281 0.0106145 0.00360184 0.00077717 0.000507511 0.000155814 2.56055e-05 1.84021e-05 1.08403e-05 4.26866e-06 1.06003e-06 1.769e-07 5.00874e-08 2.28891e-08 0 0 0 0 0 0 0 0 0 0 0 0 0 0 0 0 0 0 0 0 0 0 0 0 0 0 0 0 0 0 0 0 0 0 0 0 0 0 0 0 0 0 0 0 0 0 0 0 0 0 0 0 0 0
363.125 156.61 94.2194 77.9995 42.9218 18.8139 18.8139 13.5218 12.4236 11.0038 7.68411 7.5927 6.65726 6.07693 5.29102 5.00845 4.6116 4.29815 3.72033 3.24185 2.84102 2.33093 1.90777 1.38382 1.09099 0.740471 0.509641 0.167415 0.0534379 0.0299077 0.0120198 0.0030567 0.00170131 0.000552302 0.000157995 9.75006e-05 4.14796e-05 9.3373e-06 3.19786e-06 1.04335e-06 2.87901e-07 4.98944e-08 1.48671e-08 0 0 0 0 0 0 0 0 0 0 0 0 0 0 0 0 0 0 0 0 0 0 0 0 0 0 0 0 0 0 0 0 0 0 0 0 0 0 0 0 0 0 0 0 0 0 0 0 0 0 0 0 0
344.561 142.862 92.3843 92.3843 73.7227 26.2025 26.2025 26.2025 21.0743 11.0707 11.0707 7.75265 7.75265 6.70962 6.32138 5.7943 5.41816 4.98394 4.41552 4.00585 3.56796 3.0443 2.68649 2.19366 1.7563 1.49856 0.94567 0.332645 0.199123 0.0964139 0.0558277 0.0233597 0.00760572 0.00292257 0.000879891 0.000229069 5.21407e-05 5.21407e-05 1.55573e-05 5.38915e-06 1.53204e-06 1.70645e-07 5.31971e-08 1.75178e-08 0 0 0 0 0 0 0 0 0 0 0 0 0 0 0 0 0 0 0 0 0 0 0 0 0 0 0 0 0 0 0 0 0 0 0 0 0 0 0 0 0 0 0 0 0 0 0 0 0 0 0 0
661.384 345.219 169.205 44.0775 44.0775 33.564 24.4249 16.9198 13.1047 11.5622 8.90781 8.17504 6.57134 6.47341 5.46848 5.25697 4.56948 4.24345 3.7777 3.43421 2.96102 2.29795 1.8457 1.37118 1.00493 0.74582 0.46275 0.105287 0.0657957 0.0278907 0.0106163 0.00292834 0.000702545 0.000376682 0.000167667 5.11443e-05 2.44398e-05 5.37495e-06 1.71575e-06 4.79359e-07 1.42814e-07 6.67117e-08 0 0 0 0 0 0 0 0 0 0 0 0 0 0 0 0 0 0 0 0 0 0 0 0 0 0 0 0 0 0 0 0 0 0 0 0 0 0 0 0 0 0 0 0 0 0 0 0 0 0 0 0 0 0
652.823 255.312 180.966 63.3051 63.3051 52.7962 30.931 17.8915 17.8915 13.5997 10.4587 9.15923 7.59791 7.15686 5.67028 5.38379 5.14795 4.5967 4.40651 3.90322 3.46253 2.97123 2.45558 2.07954 1.5895 1.20125 0.97236 0.352104 0.194269 0.106947 0.0527962 0.0273709 0.00736267 0.0027506 0.000816693 0.000175217 0.000148848 5.26091e-05 1.89778e-05 6.14485e-06 1.66607e-06 3.53168e-07 6.01425e-08 1.46495e-08 0 0 0 0 0 0 0 0 0 0 0 0 0 0 0 0 0 0 0 0 0 0 0 0 0 0 0 0 0 0 0 0 0 0 0 0 0 0 0 0 0 0 0 0 0 0 0 0 0 0 0 0
399.952 206.993 129.293 48.485 28.2059 21.3596 16.841 11.2006 9.71867 8.7487 7.10869 6.42609 5.34655 5.11128 4.30676 3.72499 3.56894 3.05964 2.65683 2.15189 1.67927 1.30865 0.861904 0.624736 0.419236 0.244687 0.13446 0.0409319 0.0121665 0.0026767 0.00120351 0.000603494 0.000236476 0.000101721 4.56264e-05 2.42368e-05 6.56055e-06 4.35895e-06 5.87163e-07 2.05268e-07 7.13893e-08 1.89602e-08 0 0 0 0 0 0 0 0 0 0 0 0 0 0 0 0 0 0 0 0 0 0 0 0 0 0 0 0 0 0 0 0 0 0 0 0 0 0 0 0 0 0 0 0 0 0 0 0 0 0 0 0 0 0
268.368 211.486 162.489 76.9228 47.4098 23.2867 19.5196 15.3522 10.0783 8.23677 7.06087 6.56759 5.53022 5.19387 4.78614 4.36964 4.04555 3.65479 3.18953 2.73223 2.26152 1.74897 1.41855 1.0223 0.696263 0.467139 0.340673 0.099254 0.0369448 0.0179522 0.00568278 0.00121175 0.000656572 0.000263903 9.36824e-05 4.32128e-05 1.7846e-05 8.56554e-06 2.56877e-06 6.33788e-07 2.5209e-07 3.81109e-08 1.43079e-08 0 0 0 0 0 0 0 0 0 0 0 0 0 0 0 0 0 0 0 0 0 0 0 0 0 0 0 0 0 0 0 0 0 0 0 0 0 0 0 0 0 0 0 0 0 0 0 0 0 0 0 0 0
356.568 147.706 147.706 70.3617 50.2589 40.7648 32.4075 19.1554 12.4334 11.0558 7.10659 6.64261 5.96056 5.49443 5.49443 5.05954 4.90276 4.23594 3.76258 3.31173 2.92222 2.37087 1.80875 1.37765 1.08513 0.749306 0.41423 0.149273 0.0722692 0.0360426 0.0119266 0.0023022 0.00149764 0.000730849 0.000141777 0.000102698 3.05977e-05 1.06271e-05 5.59689e-06 1.49622e-06 5.39331e-07 1.07663e-07 2.49653e-08 0 0 0 0 0 0 0 0 0 0 0 0 0 0 0 0 0 0 0 0 0 0 0 0 0 0 0 0 0 0 0 0 0 0 0 0 0 0 0 0 0 0 0 0 0 0 0 0 0 0 0 0 0
515.806 202.822 163.087 51.3121 51.3121 11.2673 11.2673 11.2673 11.2673 10.2184 7.91102 6.73682 5.2801 5.10229 4.51555 4.13313 3.66454 3.33657 2.82879 2.32548 1.8665 1.53349 1.09127 0.753675 0.491648 0.313917 0.186343 0.0345277 0.020075 0.00831461 0.00170442 0.000820809 0.000279042 9.07838e-05 3.10967e-05 1.28738e-05 5.39858e-06 1.83307e-06 1.16501e-06 2.95464e-07 6.82752e-08 2.2605e-08 0 0 0 0 0 0 0 0 0 0 0 0 0 0 0 0 0 0 0 0 0 0 0 0 0 0 0 0 0 0 0 0 0 0 0 0 0 0 0 0 0 0 0 0 0 0 0 0 0 0 0 0 0 0
537.533 190.016 132.846 55.1936 35.5397 24.6543 18.6107 13.6711 9.60345 8.07913 7.20734 6.5977 5.94865 5.54312 4.91682 4.58479 4.22422 3.81958 3.3353 2.90613 2.56036 2.07319 1.45188 1.07794 0.693091 0.433316 0.289241 0.0737971 0.0313529 0.0151097 0.00411643 0.0021657 0.000518807 0.000227656 0.000192511 7.16079e-05 1.61939e-05 7.18113e-06 1.71953e-06 6.42273e-07 1.49386e-07 5.29593e-08 1.21705e-08 0 0 0 0 0 0 0 0 0 0 0 0 0 0 0 0 0 0 0 0 0 0 0 0 0 0 0 0 0 0 0 0 0 0 0 0 0 0 0 0 0 0 0 0 0 0 0 0 0 0 0 0 0
257.262 232.508 232.508 127.614 63.4293 48.6965 41.9238 14.5882 12.6003 12.6003 8.96682 8.1962 7.71189 6.32674 6.09631 5.40435 4.94357 4.58979 4.2078 3.9605 3.43781 2.95494 2.32959 1.89756 1.52701 1.16401 0.827951 0.396076 0.2484 0.104064 0.0532138 0.0238931 0.00887569 0.00287654 0.000527597 0.00032466 0.000135574 5.93411e-05 1.41963e-05 3.29101e-06 1.13181e-06 3.61946e-07 6.24426e-08 0 0 0 0 0 0 0 0 0 0 0 0 0 0 0 0 0 0 0 0 0 0 0 0 0 0 0 0 0 0 0 0 0 0 0 0 0 0 0 0 0 0 0 0 0 0 0 0 0 0 0 0 0
86.0074 86.0074 86.0074 81.2081 63.1609 17.4342 17.4342 15.2975 12.4353 10.0733 7.4162 7.4162 6.63146 6.19558 5.17958 5.11925 4.80014 4.37577 3.94414 3.45919 2.9933 2.43296 1.99304 1.53919 1.11025 0.790957 0.512267 0.168343 0.0984873 0.0354319 0.0127042 0.00671599 0.00209302 0.000607911 0.000353188 0.00013674 4.37593e-05 1.35923e-05 5.55241e-06 1.7537e-06 4.83778e-07 9.56655e-08 2.99207e-08 0 0 0 0 0 0 0 0 0 0 0 0 0 0 0 0 0 0 0 0 0 0 0 0 0 0 0 0 0 0 0 0 0 0 0 0 0 0 0 0 0 0 0 0 0 0 0 0 0 0 0 0 0
177.178 146.852 59.689 59.689 28.7675 25.9866 17.704 11.623 11.4465 8.51182 8.04981 5.59254 5.59254 5.38423 4.48287 4.17799 3.6521 3.43391 3.04687 2.44259 1.96955 1.59144 1.16936 0.725933 0.502637 0.367625 0.235916 0.0502072 0.0119488 0.00622073 0.002491 0.000978653 0.000574292 0.000133322 5.02156e-05 2.78172e-05 1.08542e-05 3.77681e-06 1.27394e-06 5.24508e-07 1.15828e-07 3.12937e-08 1.19074e-08 0 0 0 0 0 0 0 0 0 0 0 0 0 0 0 0 0 0 0 0 0 0 0 0 0 0 0 0 0 0 0 0 0 0 0 0 0 0 0 0 0 0 0 0 0 0 0 0 0 0 0 0 0
397.943 263.806 193.649 73.0625 67.6073 29.9821 29.9821 27.4174 15.5617 15.5617 11.6026 10.3721 7.79739 7.78994 6.7948 5.90442 5.71424 5.19696 4.74913 4.26075 3.91847 3.3357 2.83933 2.34177 1.80789 1.60529 1.27084 0.585515 0.380678 0.218684 0.106429 0.0426884 0.0144701 0.0041533 0.00108931 0.000515527 0.000142799 4.2286e-05 2.6865e-05 8.72304e-06 1.94596e-06 3.79977e-07 1.23573e-07 2.53514e-08 0 0 0 0 0 0 0 0 0 0 0 0 0 0 0 0 0 0 0 0 0 0 0 0 0 0 0 0 0 0 0 0 0 0 0 0 0 0 0 0 0 0 0 0 0 0 0 0 0 0 0 0
462.96 260.971 136.379 59.1939 35.6876 32.2759 15.2395 15.2395 11.43 8.8764 7.3652 6.61566 5.94223 5.05896 4.45421 4.09203 3.57163 3.04526 2.71043 2.08344 1.62921 1.344 1.02313 0.675771 0.438796 0.223058 0.124861 0.0383544 0.0168377 0.00384494 0.00197497 0.00078159 0.00020405 0.000140567 4.34388e-05 1.38226e-05 5.98713e-06 3.00633e-06 6.11437e-07 2.21714e-07 5.49395e-08 1.62624e-08 0 0 0 0 0 0 0 0 0 0 0 0 0 0 0 0 0 0 0 0 0 0 0 0 0 0 0 0 0 0 0 0 0 0 0 0 0 0 0 0 0 0 0 0 0 0 0 0 0 0 0 0 0 0
515.1 281.393 82.4797 64.7197 31.4102 31.4102 13.9191 13.9191 8.83981 7.83623 7.47543 6.39227 5.82769 5.45374 5.00412 4.66758 4.28782 3.91148 3.41159 3.02355 2.50893 2.07694 1.53571 1.21323 0.832653 0.515728 0.279675 0.0860518 0.030471 0.0132239 0.00628224 0.00127437 0.000759482 0.000289542 0.00011705 2.73795e-05 1.51394e-05 1.03093e-05 2.40403e-06 7.2995e-07 2.03094e-07 3.34265e-08 1.16838e-08 0 0 0 0 0 0 0 0 0 0 0 0 0 0 0 0 0 0 0 0 0 0 0 0 0 0 0 0 0 0 0 0 0 0 0 0 0 0 0 0 0 0 0 0 0 0 0 0 0 0 0 0 0
590.855 177.744 128.011 24.6192 24.6192 24.6192 18.747 12.3427 12.3427 8.25641 8.25641 6.9031 6.9031 5.86491 5.34765 4.93404 4.54128 4.09277 3.67863 3.11965 2.65994 2.26947 1.9012 1.59677 1.28482 1.02669 0.600498 0.24336 0.107264 0.0372062 0.0148852 0.00706631 0.00363454 0.000972075 0.000263882 0.000123706 7.50109e-05 2.76375e-05 8.80134e-06 1.30651e-06 4.83875e-07 1.56803e-07 4.00261e-08 1.06037e-08 0 0 0 0 0 0 0 0 0 0 0 0 0 0 0 0 0 0 0 0 0 0 0 0 0 0 0 0 0 0 0 0 0 0 0 0 0 0 0 0 0 0 0 0 0 0 0 0 0 0 0 0
338.148 235.06 60.995 60.995 55.0784 40.3841 29.1766 22.5693 11.6355 10.1908 9.64479 7.12232 6.68887 5.93808 5.16328 5.1417 4.85486 4.17566 3.80994 3.37995 2.79987 2.32076 1.854 1.47046 1.15959 0.804133 0.507196 0.190366 0.120793 0.0642595 0.0276949 0.00928567 0.0019166 0.00114231 0.000364331 0.000154566 0.000100861 2.04711e-05 7.17422e-06 1.42641e-06 6.21614e-07 1.40214e-07 2.01667e-08 0 0 0 0 0 0 0 0 0 0 0 0 0 0 0 0 0 0 0 0 0 0 0 0 0 0 0 0 0 0 0 0 0 0 0 0 0 0 0 0 0 0 0 0 0 0 0 0 0 0 0 0 0
561.845 156.502 137.922 38.5355 24.5138 15.2318 15.1709 12.949 8.74327 7.65498 6.86514 5.7504 5.31233 4.61749 4.37762 3.99724 3.32264 3.11016 2.68507 2.26093 1.75979 1.43117 1.04978 0.706431 0.453999 0.306939 0.165326 0.0327508 0.0118614 0.00300572 0.00160291 0.000601407 0.000211169 7.06722e-05 4.81738e-05 2.27666e-05 7.33722e-06 2.24436e-06 7.084e-07 1.53081e-07 5.0583e-08 0 0 0 0 0 0 0 0 0 0 0 0 0 0 0 0 0 0 0 0 0 0 0 0 0 0 0 0 0 0 0 0 0 0 0 0 0 0 0 0 0 0 0 0 0 0 0 0 0 0 0 0 0 0 0
267.287 143.891 98.6419 81.7937 38.8384 15.9984 15.9984 14.6229 6.47719 6.47719 6.47719 5.79814 5.79814 5.06014 4.34675 4.09658 3.74122 3.45504 2.81163 2.27753 1.82554 1.50134 0.931144 0.73993 0.487586 0.316797 0.158203 0.0393309 0.0113597 0.00747715 0.000886487 0.000867672 0.000332852 0.000209601 6.44727e-05 4.09435e-05 1.25392e-05 5.18259e-06 1.54047e-06 6.88841e-07 3.97392e-08 3.08447e-08 0 0 0 0 0 0 0 0 0 0 0 0 0 0 0 0 0 0 0 0 0 0 0 0 0 0 0 0 0 0 0 0 0 0 0 0 0 0 0 0 0 0 0 0 0 0 0 0 0 0 0 0 0 0
642.972 317.564 190.295 71.1689 41.7375 34.6895 34.6895 18.5837 16.3131 10.769 8.71823 6.82653 5.97918 5.97918 4.53055 4.53055 3.91946 3.5581 3.21486 2.87965 2.38651 1.81236 1.56338 1.11205 0.79702 0.570779 0.369534 0.110727 0.0545994 0.0229906 0.00795509 0.00390196 0.00141709 0.000292522 0.000234581 9.30047e-05 3.15756e-05 1.57231e-05 4.43567e-06 1.05756e-06 9.33913e-08 5.03621e-08 1.63669e-08 0 0 0 0 0 0 0 0 0 0 0 0 0 0 0 0 0 0 0 0 0 0 0 0 0 0 0 0 0 0 0 0 0 0 0 0 0 0 0 0 0 0 0 0 0 0 0 0 0 0 0 0 0
317.197 317.197 175.569 57.1347 44.9471 44.9471 19.6449 19.6449 15.6745 12.3372 12.3372 9.23846 7.78005 7.78005 7.24245 6.35774 5.20176 5.20176 5.01605 4.57791 4.09826 3.49418 3.1803 2.60061 2.05743 1.64043 1.2685 0.622854 0.44442 0.23362 0.108755 0.0640751 0.0212977 0.00808344 0.00296072 0.000881778 0.000348611 0.000176161 4.66316e-05 9.04228e-06 5.31387e-06 1.28495e-06 2.57966e-07 7.52568e-08 2.28513e-08 0 0 0 0 0 0 0 0 0 0 0 0 0 0 0 0 0 0 0 0 0 0 0 0 0 0 0 0 0 0 0 0 0 0 0 0 0 0 0 0 0 0 0 0 0 0 0 0 0 0 0
556.216 208.403 147.183 42.8615 33.8417 23.085 18.7366 12.4582 9.02457 7.59022 7.23864 6.23163 5.76631 5.56853 5.13041 4.43068 4.05191 3.62099 3.1883 2.64741 2.09734 1.8346 1.40388 0.978579 0.739657 0.515377 0.308195 0.102804 0.0546752 0.0223469 0.00916492 0.00197332 0.00125677 0.000317719 0.000173662 4.48227e-05 9.4245e-06 6.62114e-06 1.4026e-06 6.21858e-07 1.3906e-07 4.18764e-08 1.03866e-08 0 0 0 0 0 0 0 0 0 0 0 0 0 0 0 0 0 0 0 0 0 0 0 0 0 0 0 0 0 0 0 0 0 0 0 0 0 0 0 0 0 0 0 0 0 0 0 0 0 0 0 0 0
489.091 338.827 119.624 72.2621 69.8122 51.1237 24.1486 24.1486 13.4253 11.1576 9.47236 7.3337 6.26207 6.11884 5.12612 5.10664 4.29369 4.04398 3.55835 2.97107 2.44984 2.0111 1.64039 1.13578 0.893521 0.554007 0.423824 0.148457 0.0933977 0.0285448 0.0128537 0.00424107 0.000820599 0.000443186 0.000178269 8.77152e-05 4.15142e-05 1.84956e-05 3.95715e-06 1.77113e-06 2.51955e-07 6.02649e-08 2.35877e-08 0 0 0 0 0 0 0 0 0 0 0 0 0 0 0 0 0 0 0 0 0 0 0 0 0 0 0 0 0 0 0 0 0 0 0 0 0 0 0 0 0 0 0 0 0 0 0 0 0 0 0 0 0
761.948 168.393 160.306 70.5995 43.3947 32.4403 30.1916 10.6385 10.1509 10.1509 8.39227 7.62079 7.22419 6.66848 6.07214 5.72609 5.17361 4.73973 4.32095 3.86885 3.38161 2.89348 2.36209 2.03113 1.59989 1.16468 0.727789 0.324101 0.18044 0.109598 0.0565448 0.0186504 0.00310451 0.00165021 0.000445738 0.000353742 8.98201e-05 4.98245e-05 8.15551e-06 2.2377e-06 6.40694e-07 2.49438e-07 3.73432e-08 1.51043e-08 0 0 0 0 0 0 0 0 0 0 0 0 0 0 0 0 0 0 0 0 0 0 0 0 0 0 0 0 0 0 0 0 0 0 0 0 0 0 0 0 0 0 0 0 0 0 0 0 0 0 0 0
329.155 167.696 137.07 80.89 39.6849 26.7257 21.8777 16.1733 13.2751 9.467 7.61989 6.73312 5.98216 5.35962 4.97107 4.27428 3.87023 3.52539 3.09195 2.56695 2.11149 1.72743 1.28293 1.05165 0.676742 0.49831 0.336385 0.0962376 0.0381734 0.0122662 0.00186859 0.00120745 0.00061358 0.000260223 0.000155346 4.91563e-05 2.42091e-05 8.85984e-06 3.48385e-06 8.58665e-07 1.63886e-07 4.23124e-08 1.39543e-08 0 0 0 0 0 0 0 0 0 0 0 0 0 0 0 0 0 0 0 0 0 0 0 0 0 0 0 0 0 0 0 0 0 0 0 0 0 0 0 0 0 0 0 0 0 0 0 0 0 0 0 0 0
388.612 124.434 124.434 49.9034 32.5617 32.5617 31.0435 24.713 12.1715 10.9165 8.80827 7.48521 6.43673 5.60421 5.51272 5.15823 4.75732 4.30985 3.86036 3.43447 2.84772 2.36232 1.92565 1.47053 1.15235 0.680275 0.480804 0.156128 0.0710451 0.0214131 0.0118114 0.00406874 0.00167638 0.000469207 0.000257846 7.54292e-05 3.17215e-05 1.2078e-05 4.46255e-06 9.85935e-07 1.88049e-07 5.50545e-08 1.75709e-08 0 0 0 0 0 0 0 0 0 0 0 0 0 0 0 0 0 0 0 0 0 0 0 0 0 0 0 0 0 0 0 0 0 0 0 0 0 0 0 0 0 0 0 0 0 0 0 0 0 0 0 0 0
733.74 279.341 200.118 47.7038 32.0812 31.3453 21.3858 16.5178 10.7574 9.53274 7.99952 7.77087 6.70234 6.01858 5.57379 5.23303 4.877 4.35175 3.774 3.36835 2.98805 2.53 1.98069 1.49749 1.20658 0.775187 0.52597 0.180422 0.0904667 0.0509101 0.00652695 0.00402146 0.00160655 0.000668367 0.000242338 0.000139491 6.28675e-05 1.74644e-05 6.72e-06 1.64875e-06 3.61636e-07 1.24223e-07 3.89779e-08 0 0 0 0 0 0 0 0 0 0 0 0 0 0 0 0 0 0 0 0 0 0 0 0 0 0 0 0 0 0 0 0 0 0 0 0 0 0 0 0 0 0 0 0 0 0 0 0 0 0 0 0 0
572.165 283.921 168.251 49.6694 49.6694 39.8744 25.1758 18.3708 10.5374 10.5374 8.41058 6.36248 5.90202 5.55651 4.81113 4.35982 4.03885 3.5076 2.93308 2.68223 2.12896 1.80556 1.40608 1.05371 0.720488 0.477154 0.300302 0.0946037 0.0306574 0.0112672 0.00472491 0.00132631 0.000695621 0.000206707 0.00012692 4.46028e-05 2.50152e-05 1.09327e-05 1.99446e-06 8.62507e-07 1.82924e-07 3.79738e-08 1.73961e-08 0 0 0 0 0 0 0 0 0 0 0 0 0 0 0 0 0 0 0 0 0 0 0 0 0 0 0 0 0 0 0 0 0 0 0 0 0 0 0 0 0 0 0 0 0 0 0 0 0 0 0 0 0
496.059 250.921 133.497 48.2509 34.6339 24.9006 20.2721 18.5871 10.8952 8.98518 6.95151 6.95151 5.80222 5.24047 5.15042 4.31592 3.58504 3.42059 3.03649 2.6063 2.08245 1.57822 1.28282 0.909814 0.53795 0.315152 0.209278 0.0465458 0.0185048 0.00591267 0.00266767 0.00080975 0.000463778 0.000245362 8.61851e-05 4.39447e-05 2.11275e-05 8.13684e-06 2.46764e-06 7.19097e-07 1.27225e-07 2.89575e-08 1.40682e-08 0 0 0 0 0 0 0 0 0 0 0 0 0 0 0 0 0 0 0 0 0 0 0 0 0 0 0 0 0 0 0 0 0 0 0 0 0 0 0 0 0 0 0 0 0 0 0 0 0 0 0 0 0
354.978 198.611 136.115 76.7649 69.7015 51.1265 37.3498 30.1363 17.0787 13.5708 10.8869 7.88842 6.9512 6.58969 5.36917 4.92092 4.73289 4.29172 3.86261 3.51841 3.12987 2.6426 2.10143 1.69595 1.28397 0.820955 0.572402 0.263027 0.139202 0.0674455 0.0251231 0.0110404 0.00561987 0.00167087 0.000855373 0.000245818 8.04791e-05 4.91767e-05 1.12346e-05 1.53464e-06 7.72357e-07 2.47349e-07 3.96891e-08 0 0 0 0 0 0 0 0 0 0 0 0 0 0 0 0 0 0 0 0 0 0 0 0 0 0 0 0 0 0 0 0 0 0 0 0 0 0 0 0 0 0 0 0 0 0 0 0 0 0 0 0 0
537.886 231.217 158.12 127.064 67.5521 43.7049 33.4547 28.8479 13.7508 13.7508 10.1159 6.75279 6.75279 6.32826 5.90398 5.17518 4.87508 4.42879 4.10397 3.74661 3.17339 2.75294 2.32917 1.89534 1.36562 0.993293 0.765886 0.245286 0.110569 0.0745165 0.0339796 0.0144692 0.00383852 0.00147965 0.000282735 0.00016289 0.000108132 3.3032e-05 6.27053e-06 2.02768e-06 5.51278e-07 1.43423e-07 5.63529e-08 1.06389e-08 0 0 0 0 0 0 0 0 0 0 0 0 0 0 0 0 0 0 0 0 0 0 0 0 0 0 0 0 0 0 0 0 0 0 0 0 0 0 0 0 0 0 0 0 0 0 0 0 0 0 0 0
571.525 171.146 100.919 60.0217 35.2588 35.2588 24.7169 13.2044 8.70073 8.70073 6.77577 6.62776 5.2246 5.2246 5.00257 4.60246 4.19977 3.94746 3.5869 3.19076 2.69238 2.29478 1.77048 0.985687 0.744108 0.50046 0.268791 0.081702 0.0392257 0.0144796 0.00688695 0.00174822 0.000851863 0.00010318 7.59067e-05 2.85078e-05 1.18247e-05 4.09477e-06 2.80631e-06 8.73742e-07 2.54783e-07 3.26389e-08 1.41992e-08 0 0 0 0 0 0 0 0 0 0 0 0 0 0 0 0 0 0 0 0 0 0 0 0 0 0 0 0 0 0 0 0 0 0 0 0 0 0 0 0 0 0 0 0 0 0 0 0 0 0 0 0 0
622.891 258.818 105.498 43.4316 29.5128 16.744 16.744 12.269 9.11994 7.78278 6.24478 5.63989 5.52653 5.16002 4.63658 4.27372 3.79581 3.30386 2.92708 2.47834 1.93385 1.38241 0.976095 0.731854 0.48668 0.296153 0.158786 0.0408765 0.0111635 0.00644465 0.00253729 0.00065594 0.000191102 9.60424e-05 6.76966e-05 1.88925e-05 1.64281e-05 4.8417e-06 9.96482e-07 2.24264e-07 5.16816e-08 2.32992e-08 0 0 0 0 0 0 0 0 0 0 0 0 0 0 0 0 0 0 0 0 0 0 0 0 0 0 0 0 0 0 0 0 0 0 0 0 0 0 0 0 0 0 0 0 0 0 0 0 0 0 0 0 0 0
