1.96103e+10 1.96103e+10 4.90426e+08 2.18184e+06 2.18184e+06 2.18184e+06 139124 42882 42882 25835 16925 2750 544 544 461 332 167 26 22 9 2 1 1 0 0 0 0 0 0 0 0 0 0 0 0 0 0 0 0 0 0 0 0 0 0 0 0 0 0 0 0 0 0 0 0 0 0 0 0 0 0 0 0 0 0 0 0 0 0 0 0 0 0 0 0 0 0 0 0 0 0 0 0 0 0 0 0 0 0 0 0 0 0 0 0 0
3.58769e+11 1.67911e+09 3.91517e+08 7.52384e+07 2.31361e+07 2.31361e+07 5.30888e+06 2.9002e+06 1.18296e+06 1.18296e+06 595982 595982 160979 45600 45600 23669 18780 6336 2792 2595 2595 262 262 135 61 28 5 1 0 0 0 0 0 0 0 0 0 0 0 0 0 0 0 0 0 0 0 0 0 0 0 0 0 0 0 0 0 0 0 0 0 0 0 0 0 0 0 0 0 0 0 0 0 0 0 0 0 0 0 0 0 0 0 0 0 0 0 0 0 0 0 0 0 0 0 0
2.78211e+11 6.24901e+08 4.27131e+08 2.25406e+07 2.25406e+07 2.25406e+07 5.00196e+06 2.5829e+06 2.33953e+06 760773 204568 21656 21656 21656 12596 4014 3619 1907 1638 318 48 33 16 4 2 0 0 0 0 0 0 0 0 0 0 0 0 0 0 0 0 0 0 0 0 0 0 0 0 0 0 0 0 0 0 0 0 0 0 0 0 0 0 0 0 0 0 0 0 0 0 0 0 0 0 0 0 0 0 0 0 0 0 0 0 0 0 0 0 0 0 0 0 0 0 0
8.09603e+09 6.07122e+09 7.15322e+08 8.78154e+07 2.21622e+07 2.21622e+07 2.21622e+07 1.37013e+07 455935 455935 455935 455935 276600 253488 46286 35008 35008 19153 15975 6076 6076 5683 2077 2030 369 273 273 101 101 100 15 15 15 5 5 4 2 0 0 0 0 0 0 0 0 0 0 0 0 0 0 0 0 0 0 0 0 0 0 0 0 0 0 0 0 0 0 0 0 0 0 0 0 0 0 0 0 0 0 0 0 0 0 0 0 0 0 0 0 0 0 0 0 0 0 0
1.19644e+11 3.5941e+09 3.5941e+09 8.21316e+08 6.93049e+08 9.46928e+06 9.46928e+06 9.46928e+06 2.37578e+06 2.37578e+06 2.37578e+06 2.37578e+06 2.37578e+06 2.37578e+06 913331 461595 129349 65225 65225 36733 13711 13711 6778 5592 3259 313 107 39 13 8 1 0 0 0 0 0 0 0 0 0 0 0 0 0 0 0 0 0 0 0 0 0 0 0 0 0 0 0 0 0 0 0 0 0 0 0 0 0 0 0 0 0 0 0 0 0 0 0 0 0 0 0 0 0 0 0 0 0 0 0 0 0 0 0 0 0
1.39662e+11 1.32024e+09 1.32024e+09 1.70057e+08 1.52856e+08 1.52856e+08 1.03157e+08 4.7189e+07 7.02489e+06 7.02489e+06 4.10243e+06 2.41463e+06 2.41463e+06 1.87906e+06 1.87906e+06 640100 391932 391932 11308 11308 11308 11308 11308 11308 11308 11308 11308 3596 3596 3596 3596 574 574 142 142 117 91 33 33 17 4 0 0 0 0 0 0 0 0 0 0 0 0 0 0 0 0 0 0 0 0 0 0 0 0 0 0 0 0 0 0 0 0 0 0 0 0 0 0 0 0 0 0 0 0 0 0 0 0 0 0 0 0 0 0 0
1.05596e+11 7.7529e+09 1.24391e+07 1.24391e+07 1.24391e+07 1.24391e+07 618413 618413 525405 167853 161241 66720 22010 8032 3915 3915 3137 1957 1225 172 69 54 12 2 1 0 0 0 0 0 0 0 0 0 0 0 0 0 0 0 0 0 0 0 0 0 0 0 0 0 0 0 0 0 0 0 0 0 0 0 0 0 0 0 0 0 0 0 0 0 0 0 0 0 0 0 0 0 0 0 0 0 0 0 0 0 0 0 0 0 0 0 0 0 0 0
1.44556e+09 1.44556e+09 5.44875e+08 1.06068e+08 1.06068e+08 9.13226e+07 4.63277e+07 2.45014e+07 629975 629975 515521 515521 33517 33517 33517 33517 8141 8141 8141 8141 8141 8141 1312 1312 1312 1232 1232 434 434 340 181 165 8 8 8 4 2 2 0 0 0 0 0 0 0 0 0 0 0 0 0 0 0 0 0 0 0 0 0 0 0 0 0 0 0 0 0 0 0 0 0 0 0 0 0 0 0 0 0 0 0 0 0 0 0 0 0 0 0 0 0 0 0 0 0 0
1.26793e+09 1.26793e+09 1.26793e+09 1.98643e+07 1.98643e+07 1.98643e+07 8.87046e+06 3.52264e+06 1.13229e+06 540335 119705 43524 7810 7810 4641 3486 688 688 360 109 87 25 12 3 2 0 0 0 0 0 0 0 0 0 0 0 0 0 0 0 0 0 0 0 0 0 0 0 0 0 0 0 0 0 0 0 0 0 0 0 0 0 0 0 0 0 0 0 0 0 0 0 0 0 0 0 0 0 0 0 0 0 0 0 0 0 0 0 0 0 0 0 0 0 0 0
3.4063e+11 2.2023e+09 6.26938e+08 6.19215e+08 3.34037e+08 2.27769e+07 2.27769e+07 2.27769e+07 2.27769e+07 1.4753e+07 1.3656e+07 2.51414e+06 1.58096e+06 567017 220913 220913 64739 30151 7223 7223 1227 1227 1227 1227 480 122 115 20 5 2 1 0 0 0 0 0 0 0 0 0 0 0 0 0 0 0 0 0 0 0 0 0 0 0 0 0 0 0 0 0 0 0 0 0 0 0 0 0 0 0 0 0 0 0 0 0 0 0 0 0 0 0 0 0 0 0 0 0 0 0 0 0 0 0 0 0
1.27155e+10 6.26326e+09 3.06534e+08 1.52045e+08 1.52045e+08 4.33687e+07 1.55984e+07 3.41356e+06 1.99938e+06 1.99938e+06 1.14024e+06 477733 194159 194159 35081 35081 35081 24792 24792 5713 3143 3143 3143 3143 3143 2714 530 530 135 135 110 68 56 28 4 2 0 0 0 0 0 0 0 0 0 0 0 0 0 0 0 0 0 0 0 0 0 0 0 0 0 0 0 0 0 0 0 0 0 0 0 0 0 0 0 0 0 0 0 0 0 0 0 0 0 0 0 0 0 0 0 0 0 0 0 0
9.36509e+10 1.65282e+10 5.23885e+08 1.3749e+07 3.41826e+06 3.41826e+06 855190 744278 37294 37294 37294 37294 28923 24022 6387 1107 911 409 287 41 41 41 41 8 3 1 0 0 0 0 0 0 0 0 0 0 0 0 0 0 0 0 0 0 0 0 0 0 0 0 0 0 0 0 0 0 0 0 0 0 0 0 0 0 0 0 0 0 0 0 0 0 0 0 0 0 0 0 0 0 0 0 0 0 0 0 0 0 0 0 0 0 0 0 0 0
3.49482e+09 3.49482e+09 2.13581e+08 2.13581e+08 2.08176e+07 4.15417e+06 2.85929e+06 2.85929e+06 2.85929e+06 1.58183e+06 108142 108142 37283 37283 25323 25323 25323 25323 25323 14724 14724 7294 7294 5860 5171 3371 1384 1155 1155 1155 561 237 237 237 237 237 212 169 94 93 91 81 66 56 15 15 15 15 13 6 5 2 1 1 0 0 0 0 0 0 0 0 0 0 0 0 0 0 0 0 0 0 0 0 0 0 0 0 0 0 0 0 0 0 0 0 0 0 0 0 0 0 0 0 0 0
1.18925e+11 3.1296e+09 2.21136e+09 1.08387e+07 1.08387e+07 1.08387e+07 1.08387e+07 8.62201e+06 735046 735046 54584 54584 54584 54584 54584 54584 41768 23356 15472 15472 5133 5133 5133 5133 5133 3309 2036 206 206 73 10 10 3 2 0 0 0 0 0 0 0 0 0 0 0 0 0 0 0 0 0 0 0 0 0 0 0 0 0 0 0 0 0 0 0 0 0 0 0 0 0 0 0 0 0 0 0 0 0 0 0 0 0 0 0 0 0 0 0 0 0 0 0 0 0 0
5.4473e+10 7.71601e+08 7.71601e+08 3.73266e+07 3.73266e+07 3.73266e+07 3.73266e+07 3.73266e+07 3.73266e+07 5.9082e+06 5.9082e+06 5.9082e+06 5.9082e+06 2.86735e+06 2.23997e+06 538126 502560 263892 263892 91873 91873 16884 13923 13923 6509 5028 5028 2984 1549 1222 1047 634 204 201 81 65 29 4 4 1 1 0 0 0 0 0 0 0 0 0 0 0 0 0 0 0 0 0 0 0 0 0 0 0 0 0 0 0 0 0 0 0 0 0 0 0 0 0 0 0 0 0 0 0 0 0 0 0 0 0 0 0 0 0 0 0
3.89831e+10 5.40577e+09 5.22793e+08 8.83067e+07 1.15776e+06 1.15776e+06 1.15776e+06 1.15776e+06 229914 229914 229914 129515 129515 46862 2705 2705 2705 2705 2705 2652 1013 1013 640 117 117 117 61 26 19 9 7 3 3 0 0 0 0 0 0 0 0 0 0 0 0 0 0 0 0 0 0 0 0 0 0 0 0 0 0 0 0 0 0 0 0 0 0 0 0 0 0 0 0 0 0 0 0 0 0 0 0 0 0 0 0 0 0 0 0 0 0 0 0 0 0 0
1.95317e+11 4.11141e+09 2.58761e+08 8.80337e+07 7.44726e+07 1.63679e+07 1.63679e+07 1.63679e+07 5.70164e+06 5.70164e+06 5.70164e+06 2.28555e+06 2.28555e+06 428627 428627 428627 428627 121028 121028 43243 43243 43243 9267 9267 9267 3118 3118 410 410 257 194 20 20 20 2 2 1 0 0 0 0 0 0 0 0 0 0 0 0 0 0 0 0 0 0 0 0 0 0 0 0 0 0 0 0 0 0 0 0 0 0 0 0 0 0 0 0 0 0 0 0 0 0 0 0 0 0 0 0 0 0 0 0 0 0 0
5.13309e+11 6.38812e+10 5.2621e+08 9.68599e+07 7.79715e+07 3.21467e+06 3.21467e+06 2.0956e+06 1.56256e+06 661645 314937 51480 51480 51480 51480 21817 13428 8642 5013 5013 1933 1738 1062 372 204 149 91 30 5 2 0 0 0 0 0 0 0 0 0 0 0 0 0 0 0 0 0 0 0 0 0 0 0 0 0 0 0 0 0 0 0 0 0 0 0 0 0 0 0 0 0 0 0 0 0 0 0 0 0 0 0 0 0 0 0 0 0 0 0 0 0 0 0 0 0 0
1.06926e+10 6.39933e+09 2.95571e+09 1.08253e+09 6.53993e+07 3.76121e+07 3.76121e+07 3.76121e+07 3.5208e+07 1.45018e+06 351146 300647 300647 300647 300647 153135 153135 153135 19538 19538 19538 19538 19538 12585 12585 6167 6167 6167 2868 2612 2612 122 122 120 109 68 21 15 2 1 0 0 0 0 0 0 0 0 0 0 0 0 0 0 0 0 0 0 0 0 0 0 0 0 0 0 0 0 0 0 0 0 0 0 0 0 0 0 0 0 0 0 0 0 0 0 0 0 0 0 0 0 0 0 0 0
1.43524e+10 8.75079e+08 8.75079e+08 2.43156e+08 5.34869e+07 5.34869e+07 1.16457e+07 338175 338175 338175 338175 338175 175396 122752 10242 8991 612 612 612 612 612 612 90 90 43 41 41 15 12 6 4 4 1 1 1 0 0 0 0 0 0 0 0 0 0 0 0 0 0 0 0 0 0 0 0 0 0 0 0 0 0 0 0 0 0 0 0 0 0 0 0 0 0 0 0 0 0 0 0 0 0 0 0 0 0 0 0 0 0 0 0 0 0 0 0 0
3.9176e+09 3.88992e+09 3.88992e+09 1.28175e+07 1.28175e+07 1.28175e+07 1.28175e+07 5.23918e+06 5.23918e+06 2.43905e+06 932473 367782 367782 163760 32350 11331 7530 7139 932 295 115 34 17 13 2 0 0 0 0 0 0 0 0 0 0 0 0 0 0 0 0 0 0 0 0 0 0 0 0 0 0 0 0 0 0 0 0 0 0 0 0 0 0 0 0 0 0 0 0 0 0 0 0 0 0 0 0 0 0 0 0 0 0 0 0 0 0 0 0 0 0 0 0 0 0 0
2.47378e+10 7.32571e+09 7.32571e+09 8.50755e+07 8.50755e+07 6.26229e+07 3.22842e+07 3.22842e+07 3.22842e+07 1.30051e+07 3.26544e+06 3.26544e+06 115300 115300 113070 113070 113070 113070 113070 68704 68704 57534 57534 8529 8529 8529 4962 3905 2402 1889 1889 756 261 261 196 196 92 19 19 18 3 3 2 0 0 0 0 0 0 0 0 0 0 0 0 0 0 0 0 0 0 0 0 0 0 0 0 0 0 0 0 0 0 0 0 0 0 0 0 0 0 0 0 0 0 0 0 0 0 0 0 0 0 0 0 0
1.32862e+11 4.02206e+08 4.02206e+08 6.3943e+07 4.39924e+07 5.03379e+06 5.03379e+06 531152 531152 121398 121398 23052 6095 5210 2351 2069 2069 1462 622 392 84 60 59 42 7 7 3 0 0 0 0 0 0 0 0 0 0 0 0 0 0 0 0 0 0 0 0 0 0 0 0 0 0 0 0 0 0 0 0 0 0 0 0 0 0 0 0 0 0 0 0 0 0 0 0 0 0 0 0 0 0 0 0 0 0 0 0 0 0 0 0 0 0 0 0 0
6.55827e+09 9.57726e+08 1.25497e+08 2.14477e+07 9.24558e+06 1.97553e+06 1.47502e+06 802390 280003 126745 126745 73237 5157 4789 2835 2835 571 227 53 53 5 5 4 1 0 0 0 0 0 0 0 0 0 0 0 0 0 0 0 0 0 0 0 0 0 0 0 0 0 0 0 0 0 0 0 0 0 0 0 0 0 0 0 0 0 0 0 0 0 0 0 0 0 0 0 0 0 0 0 0 0 0 0 0 0 0 0 0 0 0 0 0 0 0 0 0
3.09085e+08 3.09085e+08 3.09085e+08 1.77398e+07 1.77398e+07 1.77398e+07 3.46794e+06 254468 254468 254468 145384 52875 43194 5452 5452 2679 886 886 886 787 585 380 160 44 44 39 4 4 3 3 3 2 0 0 0 0 0 0 0 0 0 0 0 0 0 0 0 0 0 0 0 0 0 0 0 0 0 0 0 0 0 0 0 0 0 0 0 0 0 0 0 0 0 0 0 0 0 0 0 0 0 0 0 0 0 0 0 0 0 0 0 0 0 0 0 0
4.79307e+10 1.18601e+08 1.18601e+08 1.18601e+08 8.03817e+07 5.28454e+07 8.57853e+06 8.57853e+06 5.35123e+06 5.35123e+06 2.53632e+06 2.53632e+06 133040 133040 133040 133040 133040 133040 133040 83597 34429 34429 34429 21948 9254 9254 4448 2572 2572 2503 1608 1240 442 200 102 61 27 27 4 2 2 0 0 0 0 0 0 0 0 0 0 0 0 0 0 0 0 0 0 0 0 0 0 0 0 0 0 0 0 0 0 0 0 0 0 0 0 0 0 0 0 0 0 0 0 0 0 0 0 0 0 0 0 0 0 0
7.36712e+10 9.5449e+09 1.04011e+09 4.38424e+07 3.06277e+07 3.06277e+07 3.06277e+07 492398 124883 124883 8691 8691 8691 3470 3470 3470 3470 1593 135 135 71 12 6 2 0 0 0 0 0 0 0 0 0 0 0 0 0 0 0 0 0 0 0 0 0 0 0 0 0 0 0 0 0 0 0 0 0 0 0 0 0 0 0 0 0 0 0 0 0 0 0 0 0 0 0 0 0 0 0 0 0 0 0 0 0 0 0 0 0 0 0 0 0 0 0 0
2.28947e+08 2.28947e+08 2.28947e+08 3.43027e+07 3.43027e+07 4.39741e+06 4.39741e+06 440098 333713 333713 333713 297839 110994 27730 19548 18559 6422 2862 2862 2862 619 103 103 72 72 5 5 5 1 1 1 0 0 0 0 0 0 0 0 0 0 0 0 0 0 0 0 0 0 0 0 0 0 0 0 0 0 0 0 0 0 0 0 0 0 0 0 0 0 0 0 0 0 0 0 0 0 0 0 0 0 0 0 0 0 0 0 0 0 0 0 0 0 0 0 0
1.41847e+10 1.73392e+09 1.73392e+09 3.28321e+07 7.43076e+06 5.83828e+06 5.83828e+06 3.94775e+06 1.18031e+06 353108 59830 59830 31664 31664 28929 4966 4966 4607 2937 800 56 56 56 6 6 2 1 0 0 0 0 0 0 0 0 0 0 0 0 0 0 0 0 0 0 0 0 0 0 0 0 0 0 0 0 0 0 0 0 0 0 0 0 0 0 0 0 0 0 0 0 0 0 0 0 0 0 0 0 0 0 0 0 0 0 0 0 0 0 0 0 0 0 0 0 0
2.11068e+10 4.61132e+08 4.61132e+08 2.07757e+07 8.47163e+06 8.47163e+06 2.24961e+06 1.52667e+06 1.52667e+06 1.28688e+06 272706 272706 272706 16766 16766 16766 16766 16766 8695 1286 1286 535 535 131 114 97 24 2 2 0 0 0 0 0 0 0 0 0 0 0 0 0 0 0 0 0 0 0 0 0 0 0 0 0 0 0 0 0 0 0 0 0 0 0 0 0 0 0 0 0 0 0 0 0 0 0 0 0 0 0 0 0 0 0 0 0 0 0 0 0 0 0 0 0 0 0
6.77178e+10 4.05821e+08 6.17988e+07 1.01688e+07 1.01688e+07 7.95339e+06 7.95339e+06 2.75963e+06 2.75963e+06 2.75963e+06 2.75963e+06 2.75963e+06 948067 948067 948067 98204 98204 98204 9676 9676 9676 9676 112 112 112 112 112 110 50 50 28 26 1 1 1 1 0 0 0 0 0 0 0 0 0 0 0 0 0 0 0 0 0 0 0 0 0 0 0 0 0 0 0 0 0 0 0 0 0 0 0 0 0 0 0 0 0 0 0 0 0 0 0 0 0 0 0 0 0 0 0 0 0 0 0 0
2.59701e+11 6.34406e+09 2.90674e+08 2.9511e+06 2.9511e+06 2.9511e+06 821872 378752 378752 378752 135209 34511 28222 28222 9034 8083 2538 602 602 85 66 53 26 14 8 2 1 0 0 0 0 0 0 0 0 0 0 0 0 0 0 0 0 0 0 0 0 0 0 0 0 0 0 0 0 0 0 0 0 0 0 0 0 0 0 0 0 0 0 0 0 0 0 0 0 0 0 0 0 0 0 0 0 0 0 0 0 0 0 0 0 0 0 0 0 0
3.04625e+10 8.88635e+09 1.7143e+09 2.49923e+08 2.49923e+08 5.62357e+07 5.62357e+07 1.12106e+06 1.12106e+06 1.12106e+06 1.12106e+06 1.12106e+06 1.12106e+06 1.12106e+06 663464 663464 167999 167999 167999 126448 54243 13055 12051 8981 2816 2816 2081 116 80 43 43 6 2 2 0 0 0 0 0 0 0 0 0 0 0 0 0 0 0 0 0 0 0 0 0 0 0 0 0 0 0 0 0 0 0 0 0 0 0 0 0 0 0 0 0 0 0 0 0 0 0 0 0 0 0 0 0 0 0 0 0 0 0 0 0 0
3.36932e+11 3.47867e+08 3.47867e+08 7.07509e+07 3.15656e+07 3.15656e+07 3.15656e+07 1.53625e+07 1.93548e+06 1.4824e+06 1.4824e+06 1.4824e+06 1.4824e+06 140267 140267 83661 19490 5681 2558 2558 2197 500 436 73 73 47 47 47 7 7 7 3 3 2 2 2 2 0 0 0 0 0 0 0 0 0 0 0 0 0 0 0 0 0 0 0 0 0 0 0 0 0 0 0 0 0 0 0 0 0 0 0 0 0 0 0 0 0 0 0 0 0 0 0 0 0 0 0 0 0 0 0 0 0 0 0
3.27219e+10 9.72681e+08 9.72681e+08 8.30015e+07 6.15144e+07 4.58449e+07 1.24585e+07 2.44767e+06 493791 493791 493791 493791 136403 80941 80941 80941 30666 15993 15993 7306 3213 1597 1597 259 212 69 53 18 18 14 11 4 2 0 0 0 0 0 0 0 0 0 0 0 0 0 0 0 0 0 0 0 0 0 0 0 0 0 0 0 0 0 0 0 0 0 0 0 0 0 0 0 0 0 0 0 0 0 0 0 0 0 0 0 0 0 0 0 0 0 0 0 0 0 0 0
1.17628e+12 5.45679e+09 4.43443e+09 2.11354e+07 180875 180875 180875 180875 180875 180875 180875 180875 180875 180875 180875 180875 180875 61105 30090 29624 14717 10012 10012 10012 10012 10012 2837 2837 2837 2837 2837 2178 1541 1541 842 538 88 88 88 57 22 22 11 8 3 1 0 0 0 0 0 0 0 0 0 0 0 0 0 0 0 0 0 0 0 0 0 0 0 0 0 0 0 0 0 0 0 0 0 0 0 0 0 0 0 0 0 0 0 0 0 0 0 0 0 0
1.31726e+10 6.67524e+09 4.22421e+07 4.22421e+07 4.22421e+07 4.3225e+06 632728 632728 632728 632728 313247 102611 92284 20439 20439 12633 4681 925 925 813 564 79 79 52 48 48 20 7 4 3 2 0 0 0 0 0 0 0 0 0 0 0 0 0 0 0 0 0 0 0 0 0 0 0 0 0 0 0 0 0 0 0 0 0 0 0 0 0 0 0 0 0 0 0 0 0 0 0 0 0 0 0 0 0 0 0 0 0 0 0 0 0 0 0 0 0
1.04493e+09 1.04493e+09 1.04493e+09 6.01491e+06 6.01491e+06 4.11087e+06 4.11087e+06 702333 533060 59610 47696 47696 37084 37084 30533 12314 6638 6608 678 678 678 382 365 158 98 48 48 22 22 9 9 9 4 4 1 1 1 1 1 0 0 0 0 0 0 0 0 0 0 0 0 0 0 0 0 0 0 0 0 0 0 0 0 0 0 0 0 0 0 0 0 0 0 0 0 0 0 0 0 0 0 0 0 0 0 0 0 0 0 0 0 0 0 0 0 0
3.56435e+09 1.57983e+09 1.12547e+07 1.12547e+07 1.12547e+07 6.8197e+06 6.8197e+06 1.80827e+06 336044 71704 71704 41786 41786 8651 5074 754 754 754 487 487 487 89 89 89 84 69 59 7 7 6 0 0 0 0 0 0 0 0 0 0 0 0 0 0 0 0 0 0 0 0 0 0 0 0 0 0 0 0 0 0 0 0 0 0 0 0 0 0 0 0 0 0 0 0 0 0 0 0 0 0 0 0 0 0 0 0 0 0 0 0 0 0 0 0 0 0
6.89492e+10 2.605e+10 2.41686e+09 4.73033e+08 4.54548e+07 4.54548e+07 4.54548e+07 4.54548e+07 2.74512e+07 2.74512e+07 3.91427e+06 2.1071e+06 2.1071e+06 2.1071e+06 2.1071e+06 2.1071e+06 627168 271445 271445 271445 117807 117807 30717 30717 30717 30717 30717 19517 9510 9510 7724 7108 5317 4376 1243 815 815 724 183 173 87 61 36 36 19 5 1 0 0 0 0 0 0 0 0 0 0 0 0 0 0 0 0 0 0 0 0 0 0 0 0 0 0 0 0 0 0 0 0 0 0 0 0 0 0 0 0 0 0 0 0 0 0 0 0 0
7.84514e+10 1.27432e+09 1.15185e+09 1.48311e+08 1.48311e+08 6.80878e+07 2.58577e+07 1.82046e+07 2.25872e+06 2.02855e+06 562190 38848 38848 38848 38848 38848 20907 20907 10603 7587 5679 1307 1307 890 245 162 154 101 39 39 12 12 3 3 2 1 1 0 0 0 0 0 0 0 0 0 0 0 0 0 0 0 0 0 0 0 0 0 0 0 0 0 0 0 0 0 0 0 0 0 0 0 0 0 0 0 0 0 0 0 0 0 0 0 0 0 0 0 0 0 0 0 0 0 0 0
4.7943e+10 2.63203e+09 1.42674e+09 8.89314e+06 8.89314e+06 8.89314e+06 8.89314e+06 2.7521e+06 2.7521e+06 2.18116e+06 2.18116e+06 1.26638e+06 1.15341e+06 189309 189309 120710 120710 72436 41665 25537 13130 13130 1714 1714 1489 1489 278 278 214 156 29 5 5 3 3 3 3 1 0 0 0 0 0 0 0 0 0 0 0 0 0 0 0 0 0 0 0 0 0 0 0 0 0 0 0 0 0 0 0 0 0 0 0 0 0 0 0 0 0 0 0 0 0 0 0 0 0 0 0 0 0 0 0 0 0 0
2.81075e+10 1.49147e+08 1.49147e+08 1.49147e+08 1.49147e+08 9.11957e+06 9.11957e+06 9.11957e+06 5.48966e+06 5.48966e+06 1.04779e+06 1.04779e+06 1.04779e+06 253394 253394 74045 74045 74045 4987 4987 4987 4987 4987 3464 2307 390 390 332 99 64 32 10 8 2 1 0 0 0 0 0 0 0 0 0 0 0 0 0 0 0 0 0 0 0 0 0 0 0 0 0 0 0 0 0 0 0 0 0 0 0 0 0 0 0 0 0 0 0 0 0 0 0 0 0 0 0 0 0 0 0 0 0 0 0 0 0
9.08525e+10 2.49434e+10 4.72608e+06 4.72608e+06 4.72608e+06 4.72608e+06 4.72608e+06 4.72608e+06 4.72608e+06 4.72608e+06 4.72608e+06 2.5909e+06 2.5909e+06 2.5909e+06 2.5909e+06 2.5909e+06 244691 212217 28961 28961 28961 13359 13359 13359 5284 2852 2852 1617 1385 588 588 383 284 8 8 6 4 3 0 0 0 0 0 0 0 0 0 0 0 0 0 0 0 0 0 0 0 0 0 0 0 0 0 0 0 0 0 0 0 0 0 0 0 0 0 0 0 0 0 0 0 0 0 0 0 0 0 0 0 0 0 0 0 0 0 0
1.39403e+10 5.2284e+09 4.64353e+07 2.08154e+06 2.08154e+06 2.08154e+06 2.08154e+06 2.08154e+06 2.08154e+06 2.08154e+06 2.08154e+06 490218 490218 389088 389088 277983 161320 161320 127936 127936 18722 18722 7918 7918 7918 2950 2950 699 699 439 197 102 43 15 15 7 4 1 1 0 0 0 0 0 0 0 0 0 0 0 0 0 0 0 0 0 0 0 0 0 0 0 0 0 0 0 0 0 0 0 0 0 0 0 0 0 0 0 0 0 0 0 0 0 0 0 0 0 0 0 0 0 0 0 0 0
5.34963e+10 1.33957e+10 5.56517e+08 5.56517e+08 3.80035e+08 7.25436e+07 7.25436e+07 1.00169e+07 2.73274e+06 1.71262e+06 1.71262e+06 1.09752e+06 244990 47120 47120 21379 6959 2555 325 223 91 81 22 12 4 1 0 0 0 0 0 0 0 0 0 0 0 0 0 0 0 0 0 0 0 0 0 0 0 0 0 0 0 0 0 0 0 0 0 0 0 0 0 0 0 0 0 0 0 0 0 0 0 0 0 0 0 0 0 0 0 0 0 0 0 0 0 0 0 0 0 0 0 0 0 0
6.16119e+10 7.19525e+08 1.7073e+07 1.7073e+07 6.39472e+06 5.71566e+06 2.64277e+06 1.87856e+06 1.06817e+06 96543 51958 51958 13490 13490 13490 13490 13490 9797 5944 4678 3333 195 195 167 167 154 32 9 5 5 5 3 3 1 1 0 0 0 0 0 0 0 0 0 0 0 0 0 0 0 0 0 0 0 0 0 0 0 0 0 0 0 0 0 0 0 0 0 0 0 0 0 0 0 0 0 0 0 0 0 0 0 0 0 0 0 0 0 0 0 0 0 0 0 0 0
1.27201e+10 6.14904e+09 6.14904e+09 7.12058e+07 6.32474e+07 3.40151e+07 1.99819e+07 5.09058e+06 5.09058e+06 1.78617e+06 1.78617e+06 262679 262679 44543 44543 44543 11856 11856 9866 8433 582 582 525 525 200 200 200 58 24 3 3 1 0 0 0 0 0 0 0 0 0 0 0 0 0 0 0 0 0 0 0 0 0 0 0 0 0 0 0 0 0 0 0 0 0 0 0 0 0 0 0 0 0 0 0 0 0 0 0 0 0 0 0 0 0 0 0 0 0 0 0 0 0 0 0 0
3.85722e+10 7.84109e+08 3.66584e+08 6.70307e+07 5.28736e+07 7.69848e+06 7.69848e+06 553927 38496 38496 34165 13448 13448 12381 9064 8593 3421 1224 639 290 178 53 25 25 2 1 1 0 0 0 0 0 0 0 0 0 0 0 0 0 0 0 0 0 0 0 0 0 0 0 0 0 0 0 0 0 0 0 0 0 0 0 0 0 0 0 0 0 0 0 0 0 0 0 0 0 0 0 0 0 0 0 0 0 0 0 0 0 0 0 0 0 0 0 0 0
3.74469e+10 3.74469e+10 2.14093e+08 3.4796e+07 2.57694e+07 299570 161710 161710 54781 26894 26894 12373 4947 4020 964 964 180 79 35 34 12 1 1 0 0 0 0 0 0 0 0 0 0 0 0 0 0 0 0 0 0 0 0 0 0 0 0 0 0 0 0 0 0 0 0 0 0 0 0 0 0 0 0 0 0 0 0 0 0 0 0 0 0 0 0 0 0 0 0 0 0 0 0 0 0 0 0 0 0 0 0 0 0 0 0 0
7.94206e+09 5.66838e+08 5.66838e+08 4.59688e+07 4.59688e+07 1.17695e+07 2.14574e+06 1.66938e+06 112954 36046 36046 8663 5109 1102 1102 97 97 94 81 9 2 1 0 0 0 0 0 0 0 0 0 0 0 0 0 0 0 0 0 0 0 0 0 0 0 0 0 0 0 0 0 0 0 0 0 0 0 0 0 0 0 0 0 0 0 0 0 0 0 0 0 0 0 0 0 0 0 0 0 0 0 0 0 0 0 0 0 0 0 0 0 0 0 0 0 0
