274.944 151.444 60.6782 22.7929 18.5245 13.0034 8.59541 7.02732 7.02732 6.38978 5.5115 5.31536 4.57866 4.32964 3.95295 3.53532 3.01569 2.63576 2.15781 1.65488 1.26503 0.964973 0.625739 0.410878 0.257494 0.155744 0.0965205 0.0175628 0.00714189 0.00253827 0.00121902 0.000400909 0.000110432 6.58057e-05 1.59206e-05 6.72491e-06 4.6688e-06 1.43465e-06 5.60982e-07 1.29321e-07 3.32881e-08 0 0 0 0 0 0 0 0 0 0 0 0 0 0 0 0 0 0 0 0 0 0 0 0 0 0 0 0 0 0 0 0 0 0 0 0 0 0 0 0 0 0 0 0 0 0 0 0 0 0 0 0 0 0 0
352.878 161.009 75.2435 36.5227 21.9306 12.8793 10.7005 8.5284 6.9551 6.51229 5.91667 5.17512 4.78562 4.37721 3.98388 3.55803 3.28008 2.85422 2.09223 1.73847 1.25746 0.954966 0.670141 0.408716 0.263084 0.149463 0.0580127 0.012727 0.00206363 0.000860193 0.00027229 0.000140908 6.56342e-05 1.50325e-05 7.95952e-06 4.34076e-06 1.14017e-06 3.77249e-07 1.51092e-07 2.52954e-08 1.04165e-08 0 0 0 0 0 0 0 0 0 0 0 0 0 0 0 0 0 0 0 0 0 0 0 0 0 0 0 0 0 0 0 0 0 0 0 0 0 0 0 0 0 0 0 0 0 0 0 0 0 0 0 0 0 0 0
223.077 198.472 95.2052 19.7001 18.6705 15.7506 10.1277 9.14477 8.07072 6.38324 5.67274 5.08356 4.76614 4.45564 3.94993 3.65857 3.10111 2.6028 2.19198 1.76545 1.49735 1.00431 0.71613 0.584705 0.374335 0.229356 0.111319 0.0200591 0.0057548 0.0029723 0.00121919 0.000430895 0.000247364 6.69299e-05 2.78386e-05 1.35314e-05 5.49442e-06 1.84345e-06 6.89043e-07 1.12903e-07 6.68139e-08 1.31511e-08 0 0 0 0 0 0 0 0 0 0 0 0 0 0 0 0 0 0 0 0 0 0 0 0 0 0 0 0 0 0 0 0 0 0 0 0 0 0 0 0 0 0 0 0 0 0 0 0 0 0 0 0 0 0
172.143 172.008 63.8349 32.9526 22.3958 11.7626 9.97195 8.01362 6.71963 6.34877 5.97341 5.40435 4.88333 4.59798 4.23529 3.78208 3.42871 2.87216 2.57854 2.1166 1.60095 1.14833 0.779537 0.525653 0.379248 0.234213 0.141122 0.0304046 0.0154009 0.00542224 0.000636229 0.000512203 0.000375992 0.000113502 5.16444e-05 2.27481e-05 5.43742e-06 2.95725e-06 8.15843e-07 1.52921e-07 5.30745e-08 1.66219e-08 0 0 0 0 0 0 0 0 0 0 0 0 0 0 0 0 0 0 0 0 0 0 0 0 0 0 0 0 0 0 0 0 0 0 0 0 0 0 0 0 0 0 0 0 0 0 0 0 0 0 0 0 0 0
352.469 222.061 49.0114 37.2762 27.3385 16.7189 9.21705 9.09951 7.11589 6.36775 6.00297 5.5145 5.05879 4.58048 4.21245 3.79699 3.42843 3.02457 2.56794 2.06075 1.62563 1.2483 0.830741 0.583678 0.419199 0.279462 0.174696 0.0321126 0.0189755 0.00685508 0.00195349 0.000634933 0.000277552 0.00014538 9.12813e-05 2.52273e-05 6.63242e-06 2.06132e-06 1.72352e-06 4.33193e-07 6.91016e-08 2.58357e-08 0 0 0 0 0 0 0 0 0 0 0 0 0 0 0 0 0 0 0 0 0 0 0 0 0 0 0 0 0 0 0 0 0 0 0 0 0 0 0 0 0 0 0 0 0 0 0 0 0 0 0 0 0 0
111.398 111.398 75.45 39.2334 15.483 10.5919 9.66774 8.15955 6.18051 6.18051 5.41631 5.06794 4.38598 4.05818 3.63329 3.35081 2.8721 2.3607 2.0017 1.47656 1.08119 0.837163 0.512156 0.308183 0.178614 0.101647 0.0565249 0.00888916 0.00246228 0.000965682 0.000413152 0.00015678 9.61166e-05 3.24668e-05 2.31246e-05 6.50312e-06 1.92985e-06 1.1452e-06 2.73233e-07 1.04243e-07 2.11063e-08 0 0 0 0 0 0 0 0 0 0 0 0 0 0 0 0 0 0 0 0 0 0 0 0 0 0 0 0 0 0 0 0 0 0 0 0 0 0 0 0 0 0 0 0 0 0 0 0 0 0 0 0 0 0 0
483.298 200.307 43.1867 23.658 12.604 11.9235 8.18404 7.43489 6.61864 5.87453 4.91077 4.8801 4.47566 4.04141 3.46734 2.94261 2.62367 2.32491 1.74164 1.30001 0.956216 0.617583 0.463569 0.280654 0.175651 0.0747779 0.0380916 0.00606508 0.00296117 0.00105563 0.000387996 0.000181408 4.21369e-05 2.75829e-05 1.24044e-05 5.68346e-06 9.66117e-07 9.32537e-07 2.74959e-07 6.55498e-08 1.26201e-08 0 0 0 0 0 0 0 0 0 0 0 0 0 0 0 0 0 0 0 0 0 0 0 0 0 0 0 0 0 0 0 0 0 0 0 0 0 0 0 0 0 0 0 0 0 0 0 0 0 0 0 0 0 0 0
363.266 201.246 70.5697 30.2048 14.8856 12.9327 6.70904 6.70904 6.706 6.21795 5.70572 5.19198 4.81476 4.51442 4.19849 3.73121 3.2716 2.64207 2.31909 1.85885 1.47708 1.0605 0.628247 0.527535 0.326506 0.176183 0.0937857 0.016729 0.00520626 0.00303851 0.000860678 0.000477946 0.000205293 8.60534e-05 1.61104e-05 1.45583e-05 4.29125e-06 2.65396e-06 5.08645e-07 1.23967e-07 3.09935e-08 1.21065e-08 0 0 0 0 0 0 0 0 0 0 0 0 0 0 0 0 0 0 0 0 0 0 0 0 0 0 0 0 0 0 0 0 0 0 0 0 0 0 0 0 0 0 0 0 0 0 0 0 0 0 0 0 0 0
294.61 177.962 51.0914 17.962 8.06544 8.06544 8.06544 7.0421 6.13135 6.0574 5.44656 4.75084 4.17419 3.93672 3.30244 2.9286 2.56477 2.09786 1.66238 1.26252 0.941447 0.635858 0.425493 0.234248 0.145099 0.0425509 0.0343695 0.00478231 0.00103563 0.000669433 0.000295884 9.92881e-05 5.025e-05 1.86625e-05 6.56264e-06 2.08997e-06 9.75378e-07 4.35278e-07 1.6574e-07 3.65732e-08 1.01937e-08 0 0 0 0 0 0 0 0 0 0 0 0 0 0 0 0 0 0 0 0 0 0 0 0 0 0 0 0 0 0 0 0 0 0 0 0 0 0 0 0 0 0 0 0 0 0 0 0 0 0 0 0 0 0 0
280.163 139.208 97.2165 33.08 14.7667 14.3058 10.8494 7.88963 7.54403 6.45424 6.18881 5.9424 5.36935 4.91439 4.43424 4.03896 3.60734 3.09717 2.58029 2.22835 1.79659 1.30855 0.990612 0.655317 0.418558 0.190857 0.113893 0.0169468 0.00582516 0.00127385 0.000693984 0.000427275 0.000102358 5.23725e-05 1.33118e-05 7.62402e-06 1.79631e-06 8.4672e-07 2.68075e-07 9.20004e-08 2.75188e-08 0 0 0 0 0 0 0 0 0 0 0 0 0 0 0 0 0 0 0 0 0 0 0 0 0 0 0 0 0 0 0 0 0 0 0 0 0 0 0 0 0 0 0 0 0 0 0 0 0 0 0 0 0 0 0
206.909 127.273 58.936 33.2499 20.2355 15.0669 9.44356 7.94638 7.35177 5.82777 5.33907 4.95411 4.51401 4.00414 3.54777 3.31507 2.79703 2.41299 2.06564 1.71998 1.34 0.827588 0.686811 0.434855 0.274085 0.192928 0.104443 0.0206664 0.00789296 0.0020261 0.00106774 0.000544487 5.00222e-05 5.00222e-05 1.71754e-05 1.07079e-05 5.36107e-06 1.15321e-06 6.04101e-07 1.34949e-07 3.68669e-08 1.42581e-08 0 0 0 0 0 0 0 0 0 0 0 0 0 0 0 0 0 0 0 0 0 0 0 0 0 0 0 0 0 0 0 0 0 0 0 0 0 0 0 0 0 0 0 0 0 0 0 0 0 0 0 0 0 0
306.325 166.415 102.123 33.34 16.1582 11.6531 9.40324 8.11198 7.26752 6.27629 5.30091 5.15868 4.5438 4.03649 3.66189 3.34482 2.73977 2.38629 1.90304 1.55863 1.21379 0.790592 0.616311 0.435341 0.254056 0.135102 0.0719646 0.0118599 0.00425645 0.00136066 0.000744508 0.000170981 2.8425e-05 2.8425e-05 1.73932e-05 5.18614e-06 3.62229e-06 1.65376e-06 3.6434e-07 9.98123e-08 3.1072e-08 0 0 0 0 0 0 0 0 0 0 0 0 0 0 0 0 0 0 0 0 0 0 0 0 0 0 0 0 0 0 0 0 0 0 0 0 0 0 0 0 0 0 0 0 0 0 0 0 0 0 0 0 0 0 0
374.52 217.249 65.9874 17.0296 17.0296 11.9575 9.79392 6.61874 6.33831 5.96048 4.8119 4.8119 4.3223 3.97744 3.63285 3.30605 2.82085 2.48893 2.14407 1.665 1.32758 0.927742 0.689535 0.459247 0.306742 0.154571 0.0793179 0.016657 0.00742628 0.00274627 0.000642652 0.000165079 8.69189e-05 3.23885e-05 3.03681e-05 4.72499e-06 4.47061e-06 1.09802e-06 2.6264e-07 1.22711e-07 2.62141e-08 0 0 0 0 0 0 0 0 0 0 0 0 0 0 0 0 0 0 0 0 0 0 0 0 0 0 0 0 0 0 0 0 0 0 0 0 0 0 0 0 0 0 0 0 0 0 0 0 0 0 0 0 0 0 0
431.445 76.7575 76.7575 20.6955 20.6955 14.338 10.9234 8.35268 7.34678 6.47408 5.53356 4.79691 4.52361 4.13017 3.61837 3.04663 2.79124 2.36879 2.02394 1.62541 1.2029 0.928547 0.682896 0.435388 0.261841 0.173202 0.113299 0.0168703 0.00462779 0.000912604 0.00080962 0.00016392 0.000138552 5.54646e-05 1.54828e-05 9.04308e-06 2.17435e-06 1.71866e-06 3.40809e-07 6.87616e-08 2.19383e-08 0 0 0 0 0 0 0 0 0 0 0 0 0 0 0 0 0 0 0 0 0 0 0 0 0 0 0 0 0 0 0 0 0 0 0 0 0 0 0 0 0 0 0 0 0 0 0 0 0 0 0 0 0 0 0
354.06 130.267 85.4042 18.638 18.638 15.1131 10.797 8.12902 7.27583 6.5707 5.57896 5.31858 4.64135 4.3235 3.93846 3.63135 3.33437 2.8972 2.37118 2.02053 1.56969 1.04887 0.742825 0.574209 0.414491 0.246222 0.148687 0.023776 0.00524655 0.00267731 0.00110149 0.000665004 0.000154688 0.00011444 1.55722e-05 1.25847e-05 7.18957e-06 2.64386e-06 7.7657e-07 2.19278e-07 5.2394e-08 1.18586e-08 0 0 0 0 0 0 0 0 0 0 0 0 0 0 0 0 0 0 0 0 0 0 0 0 0 0 0 0 0 0 0 0 0 0 0 0 0 0 0 0 0 0 0 0 0 0 0 0 0 0 0 0 0 0
299.531 82.459 68.7604 31.8819 31.1128 14.1507 11.4308 7.69067 7.50964 7.10449 6.46822 5.87063 5.36532 5.03515 4.5097 4.0012 3.67177 3.27316 2.9233 2.41824 1.95547 1.50822 1.13475 0.800983 0.549234 0.347348 0.226952 0.0638542 0.0212186 0.00805112 0.00336966 0.00120725 0.000347424 0.000187424 6.28321e-05 3.25796e-05 1.51731e-05 5.69623e-06 7.46497e-07 5.92448e-07 9.08219e-08 3.88289e-08 1.40524e-08 0 0 0 0 0 0 0 0 0 0 0 0 0 0 0 0 0 0 0 0 0 0 0 0 0 0 0 0 0 0 0 0 0 0 0 0 0 0 0 0 0 0 0 0 0 0 0 0 0 0 0 0 0
317.813 206.893 108.571 19.2974 18.8275 10.7586 10.0179 7.57316 6.39677 5.23535 5.23535 4.83337 4.54597 4.11914 3.57805 3.19593 2.84723 2.23245 1.84511 1.42499 0.984925 0.739447 0.482559 0.277755 0.144198 0.0869729 0.0382187 0.00604881 0.00176281 0.000988711 0.000265475 0.000132956 5.42274e-05 3.6322e-05 1.27533e-05 4.41724e-06 1.61888e-06 6.43714e-07 1.94973e-07 5.36688e-08 1.48838e-08 0 0 0 0 0 0 0 0 0 0 0 0 0 0 0 0 0 0 0 0 0 0 0 0 0 0 0 0 0 0 0 0 0 0 0 0 0 0 0 0 0 0 0 0 0 0 0 0 0 0 0 0 0 0 0
184.223 151.164 71.8237 32.8519 13.6146 12.0762 10.613 7.73483 6.00521 5.68936 5.68936 5.07262 4.75264 4.48589 4.08504 3.56931 3.19123 2.60501 2.07099 1.70503 1.27348 0.803719 0.565083 0.396664 0.215689 0.0967936 0.0527086 0.0107907 0.00392688 0.00129002 0.000319486 0.00014514 6.56349e-05 3.6632e-05 2.01509e-05 5.99972e-06 2.2461e-06 5.90399e-07 1.53927e-07 5.99535e-08 1.898e-08 0 0 0 0 0 0 0 0 0 0 0 0 0 0 0 0 0 0 0 0 0 0 0 0 0 0 0 0 0 0 0 0 0 0 0 0 0 0 0 0 0 0 0 0 0 0 0 0 0 0 0 0 0 0 0
778.731 205.358 98.3753 29.4776 20.472 12.2531 8.57619 7.31162 6.2608 6.18759 5.49379 5.01814 4.72395 4.1722 3.66838 3.28635 2.89286 2.5545 2.15292 1.71954 1.2937 0.841765 0.578789 0.296539 0.158768 0.0863681 0.0540773 0.00316392 0.00135917 0.000800035 0.000291061 0.000111965 2.11385e-05 1.86179e-05 6.17813e-06 2.88856e-06 6.85007e-07 1.87758e-07 1.46257e-07 4.89099e-08 0 0 0 0 0 0 0 0 0 0 0 0 0 0 0 0 0 0 0 0 0 0 0 0 0 0 0 0 0 0 0 0 0 0 0 0 0 0 0 0 0 0 0 0 0 0 0 0 0 0 0 0 0 0 0 0
616.851 149.92 70.4728 23.6697 19.6326 12.5275 9.26037 7.88499 6.89507 6.34217 5.79798 5.52945 4.86154 4.5586 4.02894 3.57684 3.10186 2.51626 2.24336 1.76126 1.45241 0.921331 0.771692 0.548019 0.316807 0.206043 0.0811958 0.012397 0.00412381 0.00214514 0.000857528 0.000316228 8.60189e-05 2.55766e-05 1.50302e-05 7.43709e-06 3.22197e-06 1.25711e-06 3.90922e-07 9.5879e-08 1.73934e-08 0 0 0 0 0 0 0 0 0 0 0 0 0 0 0 0 0 0 0 0 0 0 0 0 0 0 0 0 0 0 0 0 0 0 0 0 0 0 0 0 0 0 0 0 0 0 0 0 0 0 0 0 0 0 0
459.485 197.227 94.9482 19.6555 19.6555 12.9125 10.7258 7.84957 7.38935 6.11931 6.11931 5.15292 4.84156 4.26266 3.98622 3.62273 3.07141 2.68635 2.26466 1.69618 1.4057 1.08511 0.774392 0.480534 0.308452 0.189129 0.0876161 0.0187399 0.00784611 0.00131208 0.00100229 0.000402944 6.56029e-05 6.56029e-05 2.96072e-05 1.15436e-05 6.77799e-06 2.68049e-06 4.56661e-07 9.33881e-08 2.9978e-08 0 0 0 0 0 0 0 0 0 0 0 0 0 0 0 0 0 0 0 0 0 0 0 0 0 0 0 0 0 0 0 0 0 0 0 0 0 0 0 0 0 0 0 0 0 0 0 0 0 0 0 0 0 0 0
305.289 178.494 38.7719 31.1393 21.7819 10.695 8.93948 6.02054 6.02054 4.52982 4.52982 4.10573 3.48859 3.39164 2.92504 2.60118 2.23203 1.69615 1.38757 1.04061 0.79438 0.533283 0.344197 0.218318 0.129209 0.0671461 0.031712 0.00474034 0.00218384 0.0012667 0.0003852 0.000149357 6.09648e-05 2.20718e-05 1.193e-05 4.99691e-06 1.90189e-06 8.973e-07 6.62855e-08 4.9556e-08 1.6162e-08 0 0 0 0 0 0 0 0 0 0 0 0 0 0 0 0 0 0 0 0 0 0 0 0 0 0 0 0 0 0 0 0 0 0 0 0 0 0 0 0 0 0 0 0 0 0 0 0 0 0 0 0 0 0 0
644.694 196.348 48.7869 23.0063 15.9097 11.3911 9.0533 6.49239 6.49239 5.8503 5.05827 4.91628 4.27595 3.88096 3.39662 3.0003 2.50027 2.1133 1.70451 1.34307 0.986167 0.653888 0.495936 0.305064 0.149249 0.092443 0.052508 0.00568015 0.00209596 0.000695704 0.000397655 0.000170301 3.59334e-05 3.24272e-05 8.14681e-06 6.44072e-06 1.22876e-06 5.15385e-07 2.06316e-07 4.7027e-08 1.04169e-08 0 0 0 0 0 0 0 0 0 0 0 0 0 0 0 0 0 0 0 0 0 0 0 0 0 0 0 0 0 0 0 0 0 0 0 0 0 0 0 0 0 0 0 0 0 0 0 0 0 0 0 0 0 0 0
460.341 150.741 99.3152 25.7195 15.7545 11.3831 10.0126 6.72763 6.59631 5.72883 5.4301 4.82841 4.55472 4.14995 3.66976 3.24153 2.61892 2.33201 2.01584 1.42182 1.11739 0.80696 0.515018 0.325943 0.200325 0.108833 0.063938 0.00962879 0.00334566 0.000777127 0.000256547 0.000159216 0.00010255 3.61666e-05 1.5287e-05 5.26128e-06 2.16274e-06 6.43553e-07 1.58618e-07 1.12557e-07 1.84562e-08 0 0 0 0 0 0 0 0 0 0 0 0 0 0 0 0 0 0 0 0 0 0 0 0 0 0 0 0 0 0 0 0 0 0 0 0 0 0 0 0 0 0 0 0 0 0 0 0 0 0 0 0 0 0 0
327.007 206.236 124.674 30.6644 14.2768 8.64803 8.64803 6.97309 5.90135 5.41323 5.07004 4.7309 4.06182 3.88267 3.46061 3.18562 2.74738 2.24552 1.90069 1.38408 1.0049 0.640343 0.463079 0.23904 0.134873 0.0837905 0.0364115 0.00305986 0.00110337 0.000797144 0.000456356 9.36079e-05 4.72453e-05 2.34468e-05 9.33504e-06 2.57823e-06 6.79049e-07 5.33825e-07 1.28265e-07 2.28543e-08 1.15831e-08 0 0 0 0 0 0 0 0 0 0 0 0 0 0 0 0 0 0 0 0 0 0 0 0 0 0 0 0 0 0 0 0 0 0 0 0 0 0 0 0 0 0 0 0 0 0 0 0 0 0 0 0 0 0 0
488.612 164.368 83.1907 26.4226 16.2968 10.6464 8.81254 7.82739 6.18124 5.71088 5.35975 4.85093 4.67203 4.10841 3.71932 3.15731 2.8179 2.48836 1.95762 1.66711 1.26588 0.990781 0.665024 0.438193 0.274775 0.129971 0.0723182 0.0145094 0.0028635 0.000917888 0.000681375 0.000190316 9.49437e-05 3.992e-05 1.85272e-05 4.67109e-06 3.08595e-06 9.96661e-07 3.06858e-07 8.70261e-08 1.9831e-08 0 0 0 0 0 0 0 0 0 0 0 0 0 0 0 0 0 0 0 0 0 0 0 0 0 0 0 0 0 0 0 0 0 0 0 0 0 0 0 0 0 0 0 0 0 0 0 0 0 0 0 0 0 0 0
436.894 114.439 111.937 15.8933 14.0318 10.8933 9.41355 7.60778 5.67934 5.67934 5.57703 5.25702 4.82082 4.2991 3.99259 3.44911 3.16996 2.82158 2.34907 2.06449 1.47755 1.11893 0.747341 0.55136 0.408421 0.228139 0.148506 0.0259038 0.00430018 0.00238603 0.00105374 0.000324024 0.000220588 6.84992e-05 2.23552e-05 1.01589e-05 3.00677e-06 2.68076e-07 2.68076e-07 1.30214e-07 2.92891e-08 0 0 0 0 0 0 0 0 0 0 0 0 0 0 0 0 0 0 0 0 0 0 0 0 0 0 0 0 0 0 0 0 0 0 0 0 0 0 0 0 0 0 0 0 0 0 0 0 0 0 0 0 0 0 0
289.071 211.053 59.2902 24.46 19.3294 13.8221 9.53115 8.83846 7.45185 6.63269 6.27579 5.65015 5.28325 4.84055 4.42749 4.13362 3.56549 3.15579 2.50743 2.11944 1.71895 1.3395 0.997054 0.663717 0.435014 0.271723 0.168114 0.0334252 0.013884 0.00335255 0.00129796 0.000395152 0.000169706 7.65393e-05 2.17511e-05 1.35885e-05 5.09862e-06 2.30122e-06 7.46785e-07 2.25432e-07 4.75164e-08 1.36804e-08 0 0 0 0 0 0 0 0 0 0 0 0 0 0 0 0 0 0 0 0 0 0 0 0 0 0 0 0 0 0 0 0 0 0 0 0 0 0 0 0 0 0 0 0 0 0 0 0 0 0 0 0 0 0
318.424 185.369 131.579 25.9614 20.5628 15.9155 9.23771 7.83525 6.99311 5.96406 5.38501 4.79731 4.54058 4.02126 3.80627 3.17823 2.84131 2.43283 2.05493 1.60257 1.24278 0.95197 0.559671 0.355332 0.193534 0.0924872 0.0586493 0.00900242 0.00411415 0.00106905 0.000410182 0.00019971 7.14413e-05 5.49931e-05 1.7203e-05 1.0298e-05 3.35162e-06 1.05284e-06 4.33822e-07 1.09243e-07 1.9072e-08 0 0 0 0 0 0 0 0 0 0 0 0 0 0 0 0 0 0 0 0 0 0 0 0 0 0 0 0 0 0 0 0 0 0 0 0 0 0 0 0 0 0 0 0 0 0 0 0 0 0 0 0 0 0 0
372.763 186.811 68.3456 31.0685 20.5172 13.1783 10.0816 8.02839 6.87668 6.44397 5.60816 5.18185 4.84816 4.37693 3.92836 3.48953 2.86448 2.41931 1.90414 1.44972 1.07279 0.801425 0.537029 0.375844 0.220934 0.126834 0.0671818 0.0105136 0.00532159 0.00123446 0.000266813 0.000266813 9.38307e-05 6.36244e-05 2.09918e-05 8.14794e-06 3.63974e-06 1.27469e-06 5.94404e-07 1.16147e-07 4.1403e-08 1.14735e-08 0 0 0 0 0 0 0 0 0 0 0 0 0 0 0 0 0 0 0 0 0 0 0 0 0 0 0 0 0 0 0 0 0 0 0 0 0 0 0 0 0 0 0 0 0 0 0 0 0 0 0 0 0 0
334.202 113.83 81.398 30.3158 22.9231 13.9173 10.4973 7.47142 6.79808 6.57806 6.04166 5.51409 5.11477 4.67501 4.18877 3.58524 3.22521 2.81233 2.34447 1.93563 1.58189 1.01844 0.755658 0.514945 0.305923 0.194263 0.123677 0.0199569 0.00402686 0.00191855 0.000822115 0.000160315 0.000127176 5.39383e-05 2.88149e-05 1.269e-05 4.88232e-06 2.27447e-06 7.62956e-07 1.62543e-07 3.25419e-08 1.11978e-08 0 0 0 0 0 0 0 0 0 0 0 0 0 0 0 0 0 0 0 0 0 0 0 0 0 0 0 0 0 0 0 0 0 0 0 0 0 0 0 0 0 0 0 0 0 0 0 0 0 0 0 0 0 0
547.479 297.993 83.6696 14.4196 14.4196 14.2783 10.0703 8.66386 4.90608 4.42697 4.42697 4.42697 4.20672 3.90634 3.47079 3.05511 2.50172 2.07602 1.77782 1.47237 1.06666 0.6693 0.459781 0.293354 0.158488 0.0941721 0.0466441 0.00934951 0.00272838 0.000876634 0.000209391 0.00018017 0.000108774 3.25755e-05 1.45071e-05 8.34575e-06 9.22019e-07 9.22019e-07 3.10856e-07 8.91002e-08 2.22942e-08 0 0 0 0 0 0 0 0 0 0 0 0 0 0 0 0 0 0 0 0 0 0 0 0 0 0 0 0 0 0 0 0 0 0 0 0 0 0 0 0 0 0 0 0 0 0 0 0 0 0 0 0 0 0 0
340.802 91.8905 91.8905 32.4443 20.3462 15.7373 9.77175 7.89718 6.97612 5.77147 5.18133 4.91734 4.48142 4.01044 3.55663 3.15135 2.8292 2.21842 1.82965 1.40492 1.09074 0.792369 0.497124 0.322441 0.226388 0.0994886 0.0589665 0.0102245 0.00152627 0.00118928 0.000375718 0.000193227 0.000102558 2.44194e-05 1.55611e-05 4.43434e-06 2.05467e-06 1.12106e-06 2.51141e-07 1.05063e-07 2.84202e-08 0 0 0 0 0 0 0 0 0 0 0 0 0 0 0 0 0 0 0 0 0 0 0 0 0 0 0 0 0 0 0 0 0 0 0 0 0 0 0 0 0 0 0 0 0 0 0 0 0 0 0 0 0 0 0
512.374 192.949 100.018 35.3048 15.6637 14.0641 10.9399 8.36353 7.27478 6.19064 6.11778 5.37585 5.17785 4.76217 4.35524 3.97482 3.55004 3.06853 2.6919 1.98619 1.84671 1.31287 1.00637 0.688034 0.471856 0.259362 0.166346 0.0395779 0.0117822 0.002162 0.00168716 0.000880682 0.000362844 0.000180123 5.24996e-05 1.56951e-05 4.72343e-06 4.44279e-06 9.63918e-07 2.85635e-07 3.09404e-08 1.54097e-08 0 0 0 0 0 0 0 0 0 0 0 0 0 0 0 0 0 0 0 0 0 0 0 0 0 0 0 0 0 0 0 0 0 0 0 0 0 0 0 0 0 0 0 0 0 0 0 0 0 0 0 0 0 0
396.163 109.167 108.398 40.1044 21.4312 13.0593 8.76451 7.53924 7.23357 6.03856 5.51421 5.08541 4.63176 4.08023 3.69616 3.3737 2.91834 2.50495 2.26907 1.81574 1.53498 1.08235 0.623042 0.401168 0.285594 0.12779 0.0755821 0.0182897 0.00720375 0.00351597 0.000722561 0.000443317 0.000175691 7.4587e-05 2.05797e-05 1.14698e-05 3.3445e-06 1.22689e-06 3.45453e-07 1.49553e-07 3.86794e-08 0 0 0 0 0 0 0 0 0 0 0 0 0 0 0 0 0 0 0 0 0 0 0 0 0 0 0 0 0 0 0 0 0 0 0 0 0 0 0 0 0 0 0 0 0 0 0 0 0 0 0 0 0 0 0
500.834 135.704 79.8994 29.9766 19.8195 13.7666 10.5976 7.54772 7.00731 5.86096 5.71136 4.98878 4.64499 4.29472 3.90638 3.3681 2.95058 2.55654 2.20757 1.81812 1.39306 1.03734 0.738033 0.446872 0.255034 0.181766 0.0735182 0.013923 0.00372669 0.00191881 0.000765569 0.00011047 8.14412e-05 3.64949e-05 2.39554e-05 2.33018e-06 1.97599e-06 6.27323e-07 2.78028e-07 6.93537e-08 1.02086e-08 0 0 0 0 0 0 0 0 0 0 0 0 0 0 0 0 0 0 0 0 0 0 0 0 0 0 0 0 0 0 0 0 0 0 0 0 0 0 0 0 0 0 0 0 0 0 0 0 0 0 0 0 0 0 0
310.088 164.869 81.7226 37.0361 14.4678 14.4678 8.19675 7.55702 6.9065 5.97008 5.59758 5.19603 4.71115 4.34381 3.9564 3.33069 2.9794 2.53488 2.20112 1.89296 1.5044 1.12196 0.835435 0.50159 0.376965 0.206272 0.0967012 0.0269353 0.0103745 0.00328617 0.000627538 0.000254837 0.000150059 7.9738e-05 3.38401e-05 1.76018e-05 2.76547e-06 2.76547e-06 8.26056e-07 1.90455e-07 5.69973e-08 0 0 0 0 0 0 0 0 0 0 0 0 0 0 0 0 0 0 0 0 0 0 0 0 0 0 0 0 0 0 0 0 0 0 0 0 0 0 0 0 0 0 0 0 0 0 0 0 0 0 0 0 0 0 0
253.081 253.081 100.279 32.8732 20.1172 12.6815 9.26303 9.18395 7.20406 5.91548 5.4492 5.00566 4.59147 4.2076 3.64724 3.243 2.83858 2.45646 1.85773 1.52532 1.05349 0.844894 0.542443 0.298422 0.134337 0.0769713 0.0416753 0.00325778 0.00195573 0.000773191 0.000440798 0.000128366 9.79682e-05 1.42409e-05 8.00731e-06 5.12268e-06 1.5796e-06 7.56307e-07 2.34209e-07 5.30728e-08 1.24589e-08 0 0 0 0 0 0 0 0 0 0 0 0 0 0 0 0 0 0 0 0 0 0 0 0 0 0 0 0 0 0 0 0 0 0 0 0 0 0 0 0 0 0 0 0 0 0 0 0 0 0 0 0 0 0 0
444.161 163.276 103.663 28.027 13.7328 12.5906 8.08114 7.54994 6.92674 6.21951 5.68054 5.30025 4.94789 4.36556 3.97424 3.68629 3.31494 2.86456 2.30712 1.8562 1.42839 1.06343 0.754028 0.559689 0.292095 0.149892 0.08528 0.0111475 0.00615973 0.001943 0.000544377 0.000267174 0.000111916 4.74027e-05 1.46876e-05 9.9858e-06 1.91527e-06 1.12553e-06 6.13573e-07 1.42878e-07 2.32676e-08 0 0 0 0 0 0 0 0 0 0 0 0 0 0 0 0 0 0 0 0 0 0 0 0 0 0 0 0 0 0 0 0 0 0 0 0 0 0 0 0 0 0 0 0 0 0 0 0 0 0 0 0 0 0 0
410.539 116.797 111.749 11.7138 11.7138 11.0876 9.04925 7.06591 6.46349 6.08173 5.36728 5.07831 4.5334 4.09011 3.7284 3.27456 2.80773 2.31364 1.87709 1.26842 0.976581 0.699966 0.486581 0.301368 0.125783 0.0899884 0.0461765 0.00697448 0.0025612 0.000760853 0.000563559 0.000147655 8.77092e-05 4.05429e-05 1.22137e-05 3.98601e-06 1.29547e-06 2.81728e-07 1.69057e-07 8.96133e-08 0 0 0 0 0 0 0 0 0 0 0 0 0 0 0 0 0 0 0 0 0 0 0 0 0 0 0 0 0 0 0 0 0 0 0 0 0 0 0 0 0 0 0 0 0 0 0 0 0 0 0 0 0 0 0 0
348.534 104.967 104.967 31.5698 18.4271 10.4515 10.4515 7.40947 7.0394 6.07424 5.6891 5.08058 4.73767 4.33795 3.9378 3.60249 3.1456 2.70835 2.18364 1.59948 1.41712 1.08756 0.712338 0.43865 0.298716 0.208406 0.10504 0.0117759 0.00535056 0.00125591 0.000819591 0.000361646 9.15003e-05 4.98265e-05 2.2104e-05 1.28005e-05 4.89392e-06 2.55398e-06 5.89944e-07 2.43611e-07 5.1868e-08 1.56164e-08 0 0 0 0 0 0 0 0 0 0 0 0 0 0 0 0 0 0 0 0 0 0 0 0 0 0 0 0 0 0 0 0 0 0 0 0 0 0 0 0 0 0 0 0 0 0 0 0 0 0 0 0 0 0
381.555 116.088 79.8417 32.5725 11.7003 11.4366 8.55049 8.55049 7.2189 5.57828 4.90426 4.9042 4.47163 3.94927 3.69375 3.01432 2.57109 2.30929 1.90886 1.46471 1.11739 0.795847 0.577764 0.377925 0.224073 0.115522 0.0552614 0.00513069 0.00236075 0.000946319 0.000461718 0.000210462 4.5849e-05 2.83072e-05 1.30837e-05 5.19824e-06 1.82173e-06 8.40566e-07 1.38468e-07 5.9252e-08 0 0 0 0 0 0 0 0 0 0 0 0 0 0 0 0 0 0 0 0 0 0 0 0 0 0 0 0 0 0 0 0 0 0 0 0 0 0 0 0 0 0 0 0 0 0 0 0 0 0 0 0 0 0 0 0
222.692 222.692 82.9644 24.6948 24.6948 12.2411 10.8124 9.0157 7.31414 6.59297 5.64141 5.41481 4.94566 4.51475 4.04163 3.53643 3.14515 2.74372 2.02088 1.8165 1.24381 1.03287 0.675741 0.471443 0.307076 0.209633 0.0870036 0.0279609 0.00355869 0.00221634 0.000746371 0.000483273 0.00019799 7.98176e-05 2.15376e-05 1.23304e-05 5.49662e-06 1.78104e-06 6.14428e-07 1.39123e-07 2.83469e-08 1.20307e-08 0 0 0 0 0 0 0 0 0 0 0 0 0 0 0 0 0 0 0 0 0 0 0 0 0 0 0 0 0 0 0 0 0 0 0 0 0 0 0 0 0 0 0 0 0 0 0 0 0 0 0 0 0 0
398.137 278.971 125.577 21.8741 16.4518 10.2248 8.3288 7.57884 6.92902 6.03494 5.67491 5.24457 4.66369 4.2911 3.82442 3.40734 3.06827 2.49031 2.13069 1.7257 1.3966 0.928113 0.613928 0.382767 0.239391 0.0998448 0.0667717 0.00755033 0.000874566 0.000874566 0.000643066 0.000161961 9.52321e-05 3.26329e-05 1.79694e-05 6.10831e-06 1.76336e-06 6.0444e-07 3.45944e-07 1.09102e-07 2.19522e-08 0 0 0 0 0 0 0 0 0 0 0 0 0 0 0 0 0 0 0 0 0 0 0 0 0 0 0 0 0 0 0 0 0 0 0 0 0 0 0 0 0 0 0 0 0 0 0 0 0 0 0 0 0 0 0
590.275 185.94 81.6879 22.7002 20.6159 12.0096 9.94811 7.64338 6.16968 6.09409 5.45686 5.00925 4.61287 4.24965 3.7643 3.5011 3.1079 2.73581 2.19486 1.77239 1.41022 0.985708 0.66708 0.44691 0.274942 0.144463 0.0815877 0.011852 0.00458339 0.00136258 0.000716972 0.000232562 0.000135982 7.29689e-05 2.48386e-05 6.59885e-06 5.28218e-06 1.60977e-06 2.5402e-07 2.57758e-08 1.98102e-08 0 0 0 0 0 0 0 0 0 0 0 0 0 0 0 0 0 0 0 0 0 0 0 0 0 0 0 0 0 0 0 0 0 0 0 0 0 0 0 0 0 0 0 0 0 0 0 0 0 0 0 0 0 0 0
364.348 171.164 47.3757 37.1118 26.7479 14.7813 11.1238 7.89619 7.89619 5.90454 5.90454 5.44856 5.16334 4.56344 4.06603 3.74119 3.25561 2.78666 2.42577 2.04851 1.57284 1.18484 0.85097 0.579536 0.411612 0.244242 0.139604 0.0367716 0.0138553 0.0035124 0.00110289 0.000620085 0.000285823 0.000113294 4.39121e-05 1.25072e-05 4.33659e-06 1.59046e-06 5.27124e-07 2.61383e-07 5.54628e-08 0 0 0 0 0 0 0 0 0 0 0 0 0 0 0 0 0 0 0 0 0 0 0 0 0 0 0 0 0 0 0 0 0 0 0 0 0 0 0 0 0 0 0 0 0 0 0 0 0 0 0 0 0 0 0
354.155 116.473 56.7427 31.6253 18.9983 13.3669 6.30088 6.30088 6.1725 5.81761 4.94186 4.92174 4.61889 4.09509 3.82809 3.48919 2.96872 2.57527 2.20815 1.78184 1.42978 1.05497 0.745119 0.446324 0.34839 0.206706 0.112555 0.0265001 0.0125894 0.00284109 0.000940241 0.000299857 0.000243074 6.37407e-05 2.69246e-05 1.62565e-05 6.38299e-06 2.03482e-06 9.09461e-07 1.40146e-07 3.46527e-08 1.16777e-08 0 0 0 0 0 0 0 0 0 0 0 0 0 0 0 0 0 0 0 0 0 0 0 0 0 0 0 0 0 0 0 0 0 0 0 0 0 0 0 0 0 0 0 0 0 0 0 0 0 0 0 0 0 0
361.335 221.89 109.261 36.6863 20.9732 8.81935 8.81935 8.81935 6.46355 6.46355 6.00132 5.55883 5.10513 4.64705 4.37955 4.03784 3.66987 3.1421 2.63311 2.23159 1.83837 1.41025 0.940519 0.674925 0.491795 0.344647 0.180937 0.0379504 0.010093 0.00149984 0.00104932 0.000638447 0.000117988 0.000117988 3.12593e-05 1.52426e-05 8.24774e-06 2.6306e-06 7.98633e-07 1.95419e-07 5.69506e-08 1.26484e-08 0 0 0 0 0 0 0 0 0 0 0 0 0 0 0 0 0 0 0 0 0 0 0 0 0 0 0 0 0 0 0 0 0 0 0 0 0 0 0 0 0 0 0 0 0 0 0 0 0 0 0 0 0 0
426.01 170.165 63.1532 35.2972 23.0165 16.1 10.7177 8.06629 7.66538 6.72914 5.98219 5.21802 5.0176 4.55035 4.05582 3.65782 3.31383 2.83916 2.32249 1.77027 1.32834 0.903985 0.663634 0.442241 0.287408 0.194503 0.0801952 0.0187803 0.00638311 0.000965935 0.000528166 0.00020347 5.71329e-05 3.10634e-05 2.44419e-05 7.16688e-06 2.03363e-06 8.41217e-07 2.91753e-07 6.00808e-08 1.7142e-08 0 0 0 0 0 0 0 0 0 0 0 0 0 0 0 0 0 0 0 0 0 0 0 0 0 0 0 0 0 0 0 0 0 0 0 0 0 0 0 0 0 0 0 0 0 0 0 0 0 0 0 0 0 0 0
348.811 211.001 141.962 36.4003 18.7162 10.4045 7.99553 7.99553 6.0067 6.0067 5.54181 5.09153 4.75012 4.44266 3.97182 3.5634 3.1376 2.5081 1.9108 1.64069 1.19844 0.838549 0.717197 0.503533 0.30731 0.192608 0.0888823 0.0179597 0.00657115 0.00114279 0.00114279 0.000554049 0.000216497 9.44893e-05 3.98649e-05 1.52035e-05 4.8631e-06 8.64136e-07 3.67896e-07 5.40988e-08 3.25005e-08 0 0 0 0 0 0 0 0 0 0 0 0 0 0 0 0 0 0 0 0 0 0 0 0 0 0 0 0 0 0 0 0 0 0 0 0 0 0 0 0 0 0 0 0 0 0 0 0 0 0 0 0 0 0 0
477.915 180.055 87.4765 28.5647 19.5004 12.0892 10.0023 7.64984 7.14645 5.86864 5.86864 5.26382 4.73649 4.24685 3.91499 3.62249 3.30151 2.85909 2.3851 2.01671 1.50594 1.09742 0.648656 0.51218 0.303235 0.185868 0.0909452 0.0243905 0.00778929 0.00386699 0.000807276 0.000514285 0.000175478 4.75666e-05 2.63935e-05 1.23844e-05 3.59371e-06 2.08773e-06 4.10026e-07 7.2154e-08 1.71539e-08 0 0 0 0 0 0 0 0 0 0 0 0 0 0 0 0 0 0 0 0 0 0 0 0 0 0 0 0 0 0 0 0 0 0 0 0 0 0 0 0 0 0 0 0 0 0 0 0 0 0 0 0 0 0 0
