7491.86 4364.82 2781 1511.97 1339.44 984.303 661.559 506.621 358.174 308.351 224.614 210.335 178.997 155.415 141.121 132.384 126.846 120.221 118.267 115.925 114.411 111.888 105.79 104.356 102.119 101.254 100.74 100.456 100.275 100.158 100.089 100.058 100.038 100.023 100.014 100.009 100.004 100.004 100.002 100.001 100 100 100 100 100 100 100 100 100 100 100 100 100 100 100 100 100 100 100 100 100 100 100 100 100 100 100 100 100 100 100 100 100 100 100 100 100 100 100 100 100 100 100 100 100 100 100 100 100 100 100 100 100 100 100
6134.5 4941.72 2646.25 1369.94 809.943 614.134 500.894 445.31 344.17 274.016 224.461 184.735 165.573 144.399 136.248 127.617 123.358 120.919 117.409 114.605 113.12 109.723 105.2 104.087 102.278 101.105 100.708 100.418 100.238 100.145 100.086 100.043 100.029 100.017 100.013 100.008 100.005 100.003 100.002 100 100 100 100 100 100 100 100 100 100 100 100 100 100 100 100 100 100 100 100 100 100 100 100 100 100 100 100 100 100 100 100 100 100 100 100 100 100 100 100 100 100 100 100 100 100 100 100 100 100 100 100 100 100 100 100
8168.19 5451.21 3253.51 1913.51 1558.01 1015.22 670.051 571.333 415.057 297.039 235.256 189.422 174.815 158.459 142.896 138.282 128.871 123.657 116.616 116.041 113.997 111.598 107.336 104.929 102.383 101.498 100.941 100.457 100.326 100.199 100.111 100.065 100.039 100.02 100.015 100.009 100.006 100.004 100.002 100.001 100 100 100 100 100 100 100 100 100 100 100 100 100 100 100 100 100 100 100 100 100 100 100 100 100 100 100 100 100 100 100 100 100 100 100 100 100 100 100 100 100 100 100 100 100 100 100 100 100 100 100 100 100 100 100
6965.1 4851.25 2480.25 1769.32 1145.1 959.216 637.257 538.477 411.903 275.278 213.006 203.131 173.213 155.837 140.072 133.967 123.094 122.281 118.599 115.68 113.66 110.922 107.055 104.096 102.62 101.224 100.592 100.418 100.188 100.165 100.083 100.059 100.035 100.023 100.017 100.007 100.005 100.003 100.002 100 100 100 100 100 100 100 100 100 100 100 100 100 100 100 100 100 100 100 100 100 100 100 100 100 100 100 100 100 100 100 100 100 100 100 100 100 100 100 100 100 100 100 100 100 100 100 100 100 100 100 100 100 100 100 100
5221.53 5221.53 4316.13 1604.35 1352.68 742.275 713.464 486.02 410.852 330.055 263.481 203.326 180.851 149.479 145.953 132.226 129.107 121.42 118.238 116.247 114.219 110.936 107.295 104.024 102.289 101.42 100.727 100.483 100.271 100.174 100.091 100.062 100.039 100.024 100.013 100.009 100.005 100.003 100.002 100 100 100 100 100 100 100 100 100 100 100 100 100 100 100 100 100 100 100 100 100 100 100 100 100 100 100 100 100 100 100 100 100 100 100 100 100 100 100 100 100 100 100 100 100 100 100 100 100 100 100 100 100 100 100 100
5885.14 4871.05 2842.43 1597.2 1017.24 853.24 534.446 426.915 353.673 262.315 208.693 168.483 159.532 147.719 133.101 129.028 122.606 118.392 117.106 114.394 111.919 106.909 105.405 103.229 101.847 101.075 100.627 100.357 100.22 100.12 100.081 100.053 100.028 100.02 100.012 100.008 100.004 100.003 100.002 100 100 100 100 100 100 100 100 100 100 100 100 100 100 100 100 100 100 100 100 100 100 100 100 100 100 100 100 100 100 100 100 100 100 100 100 100 100 100 100 100 100 100 100 100 100 100 100 100 100 100 100 100 100 100 100
5826.01 3924.78 2824.34 1777.69 1247.54 952.355 610.609 519.321 396.912 238.663 238.663 196.958 172.241 144.703 132.373 131.213 124.527 121.236 118.858 115.5 113.247 110.339 106.224 103.586 101.942 101.245 100.78 100.488 100.295 100.163 100.098 100.064 100.037 100.022 100.014 100.008 100.005 100.003 100.002 100 100 100 100 100 100 100 100 100 100 100 100 100 100 100 100 100 100 100 100 100 100 100 100 100 100 100 100 100 100 100 100 100 100 100 100 100 100 100 100 100 100 100 100 100 100 100 100 100 100 100 100 100 100 100 100
7618.83 3389.58 3104.26 1603.29 1279.57 1053.94 644.798 478.911 312.578 312.578 238.614 205.987 182.617 153.131 137.83 132.28 125.483 121.538 117.968 114.934 113.542 110.175 107.51 104.17 101.982 101.307 100.814 100.44 100.272 100.168 100.108 100.075 100.038 100.025 100.016 100.009 100.006 100.004 100.002 100 100 100 100 100 100 100 100 100 100 100 100 100 100 100 100 100 100 100 100 100 100 100 100 100 100 100 100 100 100 100 100 100 100 100 100 100 100 100 100 100 100 100 100 100 100 100 100 100 100 100 100 100 100 100 100
6865.83 4785.35 3382.52 1453.44 1225.36 910.589 730.286 538.438 288.95 272.395 239.278 185.754 167.999 158.349 143.794 132.584 124.106 122.726 119.512 115.616 114.276 111.341 107.827 104.449 101.909 101.484 100.867 100.486 100.254 100.157 100.111 100.071 100.041 100.023 100.014 100.006 100.005 100.003 100.002 100.001 100 100 100 100 100 100 100 100 100 100 100 100 100 100 100 100 100 100 100 100 100 100 100 100 100 100 100 100 100 100 100 100 100 100 100 100 100 100 100 100 100 100 100 100 100 100 100 100 100 100 100 100 100 100 100
6883.33 5661.44 3272.57 1784.02 1175.91 989.934 673.304 441.743 394.062 240.084 235.784 203.818 170.986 149.488 141.497 130.547 123.238 121.032 117.452 115.356 113.124 109.537 105.975 103.696 101.954 101.163 100.724 100.387 100.22 100.151 100.08 100.06 100.032 100.018 100.013 100.009 100.005 100.003 100.002 100 100 100 100 100 100 100 100 100 100 100 100 100 100 100 100 100 100 100 100 100 100 100 100 100 100 100 100 100 100 100 100 100 100 100 100 100 100 100 100 100 100 100 100 100 100 100 100 100 100 100 100 100 100 100 100
6587.25 5009.66 2553.8 1640.67 1279.1 923.111 702.415 511.862 386.265 291.073 224.384 172.926 167.312 150.81 141.548 132.856 123.505 120.832 117.354 115.285 112.795 109.799 107.155 103.668 102.162 101.11 100.749 100.369 100.24 100.144 100.089 100.057 100.035 100.022 100.011 100.009 100.005 100.003 100.002 100 100 100 100 100 100 100 100 100 100 100 100 100 100 100 100 100 100 100 100 100 100 100 100 100 100 100 100 100 100 100 100 100 100 100 100 100 100 100 100 100 100 100 100 100 100 100 100 100 100 100 100 100 100 100 100
8062.03 5464.02 3911.74 1802.81 1517.62 968.978 707.445 556.455 392.062 316.437 232.403 196.393 177.496 157.431 135.799 126.832 126.557 120.476 118.318 115.289 112.971 111.107 105.235 103.327 102.33 101.354 100.712 100.459 100.26 100.141 100.093 100.051 100.037 100.022 100.012 100.008 100.005 100.003 100.002 100 100 100 100 100 100 100 100 100 100 100 100 100 100 100 100 100 100 100 100 100 100 100 100 100 100 100 100 100 100 100 100 100 100 100 100 100 100 100 100 100 100 100 100 100 100 100 100 100 100 100 100 100 100 100 100
7380.04 4999.99 2998.1 1269.75 1110.64 665.603 628.228 438.328 354.006 257.573 220.563 178.332 156.314 148.342 137.996 125.629 123.126 118.861 117.061 114.713 112.734 109.746 106.056 103.973 102.158 100.966 100.574 100.364 100.215 100.123 100.084 100.046 100.03 100.017 100.011 100.007 100.004 100.003 100.001 100 100 100 100 100 100 100 100 100 100 100 100 100 100 100 100 100 100 100 100 100 100 100 100 100 100 100 100 100 100 100 100 100 100 100 100 100 100 100 100 100 100 100 100 100 100 100 100 100 100 100 100 100 100 100 100
6667.5 4873.73 3066.8 1251.27 1109.46 890.178 634.026 477.831 336.71 271.641 233.616 190.297 164.235 148.624 141.76 131.383 126.614 121.206 118.064 115.441 113.942 109.795 107.741 104.049 102.833 101.501 100.726 100.451 100.305 100.14 100.094 100.059 100.033 100.028 100.017 100.01 100.006 100.004 100.002 100 100 100 100 100 100 100 100 100 100 100 100 100 100 100 100 100 100 100 100 100 100 100 100 100 100 100 100 100 100 100 100 100 100 100 100 100 100 100 100 100 100 100 100 100 100 100 100 100 100 100 100 100 100 100 100
6839.41 4654.48 2928.68 1374.83 823.242 733.779 514.675 433.102 321.846 252.301 213.726 172.175 158.353 139.649 135.682 127.965 121.439 117.824 116.739 114.205 111.996 107.492 104.824 102.968 101.679 100.894 100.585 100.37 100.172 100.137 100.077 100.043 100.029 100.018 100.011 100.008 100.004 100.003 100.002 100 100 100 100 100 100 100 100 100 100 100 100 100 100 100 100 100 100 100 100 100 100 100 100 100 100 100 100 100 100 100 100 100 100 100 100 100 100 100 100 100 100 100 100 100 100 100 100 100 100 100 100 100 100 100 100
5787.94 4208.35 3282.13 1638.95 1226.45 814.339 570.932 500.875 371.499 293.719 249.751 180.952 167.522 146.267 136.787 129.846 123.199 120.091 117.507 114.628 113.465 109.765 104.543 103.74 101.686 101.046 100.563 100.314 100.23 100.132 100.083 100.048 100.027 100.02 100.009 100.008 100.004 100.003 100.002 100 100 100 100 100 100 100 100 100 100 100 100 100 100 100 100 100 100 100 100 100 100 100 100 100 100 100 100 100 100 100 100 100 100 100 100 100 100 100 100 100 100 100 100 100 100 100 100 100 100 100 100 100 100 100 100
6958.6 3597.98 2600.58 1768.24 1523.96 901.184 563.265 459.156 345.653 274.864 243.529 206.853 162.28 149.72 139.977 132.804 125.602 120.964 117.167 116.146 113.55 111.638 107.225 105.376 102.837 101.338 100.775 100.46 100.285 100.175 100.105 100.067 100.043 100.028 100.016 100.012 100.007 100.004 100.002 100.001 100 100 100 100 100 100 100 100 100 100 100 100 100 100 100 100 100 100 100 100 100 100 100 100 100 100 100 100 100 100 100 100 100 100 100 100 100 100 100 100 100 100 100 100 100 100 100 100 100 100 100 100 100 100 100
5838.29 5256.34 3226.12 1908.17 976.332 976.332 704.754 555.139 427.432 309.735 246.725 225.535 182.298 165.485 145.49 136.262 129.641 124.611 119.944 116.546 113.539 111.528 107.622 104.702 102.475 101.465 100.86 100.425 100.285 100.174 100.109 100.067 100.034 100.025 100.015 100.011 100.006 100.004 100.003 100.001 100 100 100 100 100 100 100 100 100 100 100 100 100 100 100 100 100 100 100 100 100 100 100 100 100 100 100 100 100 100 100 100 100 100 100 100 100 100 100 100 100 100 100 100 100 100 100 100 100 100 100 100 100 100 100
5364.53 4256.15 3211.44 1555.02 1070.46 902.428 674.91 423.868 391.264 277.033 226.424 184.552 166.35 150.953 135.324 126.927 122.913 119.894 116.854 115.035 113.097 109.323 105.95 102.906 102.315 101.094 100.677 100.461 100.236 100.159 100.091 100.051 100.035 100.022 100.013 100.009 100.005 100.003 100.002 100 100 100 100 100 100 100 100 100 100 100 100 100 100 100 100 100 100 100 100 100 100 100 100 100 100 100 100 100 100 100 100 100 100 100 100 100 100 100 100 100 100 100 100 100 100 100 100 100 100 100 100 100 100 100 100
6945.51 5188.09 2823.66 1663.44 1292.93 944.201 636.156 456.769 335.096 271.687 244.053 202.466 167.09 157.28 140.502 132.79 127.213 121.446 118.711 115.312 114.468 112.267 107.017 104.724 102.549 101.005 100.691 100.433 100.244 100.148 100.089 100.06 100.027 100.023 100.015 100.008 100.006 100.004 100.002 100 100 100 100 100 100 100 100 100 100 100 100 100 100 100 100 100 100 100 100 100 100 100 100 100 100 100 100 100 100 100 100 100 100 100 100 100 100 100 100 100 100 100 100 100 100 100 100 100 100 100 100 100 100 100 100
6833.44 4144.9 2340.27 1532.64 1162.32 738.692 558.375 440.477 347.291 268.572 195.684 180.278 155.13 150.149 134.739 128.665 120.794 118.381 117.061 114.366 111.588 109.744 105.851 103.663 102.171 101.169 100.537 100.417 100.2 100.128 100.084 100.048 100.026 100.018 100.011 100.008 100.005 100.003 100.002 100 100 100 100 100 100 100 100 100 100 100 100 100 100 100 100 100 100 100 100 100 100 100 100 100 100 100 100 100 100 100 100 100 100 100 100 100 100 100 100 100 100 100 100 100 100 100 100 100 100 100 100 100 100 100 100
7450.18 4816.33 2893.27 1600.53 1179.92 878.372 676.953 455.171 299.136 284.2 229.722 178.37 170.029 146.304 136.484 130.232 124.898 119.772 118.053 114.394 112.969 109.749 106.022 104.319 102.203 101.357 100.71 100.401 100.213 100.162 100.096 100.055 100.035 100.025 100.016 100.007 100.006 100.004 100.002 100 100 100 100 100 100 100 100 100 100 100 100 100 100 100 100 100 100 100 100 100 100 100 100 100 100 100 100 100 100 100 100 100 100 100 100 100 100 100 100 100 100 100 100 100 100 100 100 100 100 100 100 100 100 100 100
6626.97 4733.88 3934.99 1716.43 1408.33 1021.01 731.585 599.424 431.35 334.497 265.948 220.65 182.257 160.986 141.125 133.753 129.856 122.935 120.497 116.648 114.592 111.356 106.876 104.138 102.518 101.25 100.942 100.422 100.267 100.168 100.113 100.063 100.042 100.026 100.016 100.01 100.006 100.003 100.002 100 100 100 100 100 100 100 100 100 100 100 100 100 100 100 100 100 100 100 100 100 100 100 100 100 100 100 100 100 100 100 100 100 100 100 100 100 100 100 100 100 100 100 100 100 100 100 100 100 100 100 100 100 100 100 100
6821.69 3629.88 2680.75 1555.05 1288.72 806.289 560.89 464.472 323.301 263.142 213.418 196.603 167.655 142.432 139.414 131.606 124.377 120.941 117.782 115.044 112.671 110.159 105.905 103.666 102.204 101.203 100.736 100.403 100.211 100.145 100.092 100.045 100.034 100.024 100.014 100.008 100.004 100.003 100.002 100 100 100 100 100 100 100 100 100 100 100 100 100 100 100 100 100 100 100 100 100 100 100 100 100 100 100 100 100 100 100 100 100 100 100 100 100 100 100 100 100 100 100 100 100 100 100 100 100 100 100 100 100 100 100 100
6960.57 4495.72 2583.3 1223.51 1117.21 696.701 475.128 431.566 291.686 258.195 207.553 187.488 159.451 144.561 134.536 128.76 123.791 119.696 116.718 115.205 112.787 109.605 104.548 103.539 102.004 100.919 100.66 100.389 100.209 100.13 100.086 100.053 100.033 100.021 100.013 100.008 100.005 100.003 100.002 100 100 100 100 100 100 100 100 100 100 100 100 100 100 100 100 100 100 100 100 100 100 100 100 100 100 100 100 100 100 100 100 100 100 100 100 100 100 100 100 100 100 100 100 100 100 100 100 100 100 100 100 100 100 100 100
6157.09 4634.85 2872.99 1532.11 1142.55 741.348 514.283 395.839 303.595 249.651 218.422 179.461 149.131 146.479 131.182 125.438 122.134 118.612 116.801 114.669 112.678 109.01 105.592 102.839 101.365 101.065 100.528 100.294 100.181 100.104 100.06 100.036 100.024 100.013 100.01 100.005 100.004 100.003 100.001 100 100 100 100 100 100 100 100 100 100 100 100 100 100 100 100 100 100 100 100 100 100 100 100 100 100 100 100 100 100 100 100 100 100 100 100 100 100 100 100 100 100 100 100 100 100 100 100 100 100 100 100 100 100 100 100
5047.44 4303.54 2602.45 2024.75 1405.53 938.477 609.692 434.392 371.355 236.915 219.596 195.922 169.214 151.902 140.667 132.723 125.568 121.292 118.508 115.699 113.027 109.458 106.987 103.243 102.163 101.23 100.558 100.327 100.211 100.126 100.081 100.048 100.032 100.018 100.012 100.008 100.004 100.003 100.002 100 100 100 100 100 100 100 100 100 100 100 100 100 100 100 100 100 100 100 100 100 100 100 100 100 100 100 100 100 100 100 100 100 100 100 100 100 100 100 100 100 100 100 100 100 100 100 100 100 100 100 100 100 100 100 100
7187.44 4503.73 3073.37 1705.81 1145.17 788.132 594.689 380.507 312.045 216.446 210.286 184.705 157.621 143.704 138.061 127.888 124.863 120.123 117.559 115.083 112.42 108.235 105.297 102.929 101.958 100.819 100.576 100.36 100.205 100.108 100.066 100.055 100.032 100.016 100.014 100.007 100.005 100.003 100.002 100 100 100 100 100 100 100 100 100 100 100 100 100 100 100 100 100 100 100 100 100 100 100 100 100 100 100 100 100 100 100 100 100 100 100 100 100 100 100 100 100 100 100 100 100 100 100 100 100 100 100 100 100 100 100 100
7469.62 4338.32 2764.28 1440.22 1037.17 773.992 566.626 428.094 351.693 267.207 214.302 180.866 160.122 144.815 134.798 126.791 123.47 120.212 116.577 114.659 111.824 107.305 105.256 102.594 101.646 100.626 100.513 100.29 100.16 100.113 100.06 100.042 100.027 100.018 100.011 100.007 100.004 100.003 100.002 100 100 100 100 100 100 100 100 100 100 100 100 100 100 100 100 100 100 100 100 100 100 100 100 100 100 100 100 100 100 100 100 100 100 100 100 100 100 100 100 100 100 100 100 100 100 100 100 100 100 100 100 100 100 100 100
5781.04 5327.35 2986.42 1952.5 1328.92 1061.76 683.99 491.505 380.653 293.216 221.744 195.699 179.57 159.647 143.824 135.351 126.61 124.36 120.256 116.332 114.856 112.136 109.162 104.503 103.032 101.876 101.023 100.55 100.298 100.205 100.125 100.069 100.046 100.028 100.016 100.01 100.006 100.004 100.003 100 100 100 100 100 100 100 100 100 100 100 100 100 100 100 100 100 100 100 100 100 100 100 100 100 100 100 100 100 100 100 100 100 100 100 100 100 100 100 100 100 100 100 100 100 100 100 100 100 100 100 100 100 100 100 100
5808.26 3848.98 3163.44 1907.55 1263.7 914.328 674.888 506.382 348.34 270.665 230.853 194.392 162.233 151.682 138.213 131.073 125.965 120.272 118.889 115.525 112.643 108.998 106.928 103.396 102.039 101.333 100.665 100.354 100.238 100.123 100.082 100.049 100.034 100.017 100.013 100.007 100.005 100.003 100.002 100 100 100 100 100 100 100 100 100 100 100 100 100 100 100 100 100 100 100 100 100 100 100 100 100 100 100 100 100 100 100 100 100 100 100 100 100 100 100 100 100 100 100 100 100 100 100 100 100 100 100 100 100 100 100 100
6648.52 5161.61 2454.16 1896.23 1438.29 997.365 653.231 553.932 382.89 304.594 238.993 214.234 175.21 157.433 140.387 134.718 127.582 122.335 118.325 114.887 114.037 109.55 105.782 104.147 102.136 101.441 100.772 100.456 100.267 100.143 100.097 100.063 100.042 100.023 100.014 100.01 100.005 100.004 100.002 100.001 100 100 100 100 100 100 100 100 100 100 100 100 100 100 100 100 100 100 100 100 100 100 100 100 100 100 100 100 100 100 100 100 100 100 100 100 100 100 100 100 100 100 100 100 100 100 100 100 100 100 100 100 100 100 100
5308.79 3294.08 3032.66 1149.43 994.833 850.293 603.63 483.857 389.001 290.255 221.829 185.347 155.753 143.102 136.014 128.497 123.555 119.212 116.791 114.42 111.559 109.046 104.865 103.212 101.433 101.126 100.55 100.34 100.224 100.125 100.074 100.047 100.027 100.019 100.011 100.007 100.005 100.003 100.002 100 100 100 100 100 100 100 100 100 100 100 100 100 100 100 100 100 100 100 100 100 100 100 100 100 100 100 100 100 100 100 100 100 100 100 100 100 100 100 100 100 100 100 100 100 100 100 100 100 100 100 100 100 100 100 100
6052.69 4850.18 3709.68 1645.18 799.903 791.634 612.83 486.12 391.322 312.918 237.331 198.587 177.208 156.599 141.917 132.014 126.079 121.656 118.102 114.968 113.246 110.069 106.711 103.932 101.989 101.166 100.778 100.442 100.264 100.171 100.072 100.049 100.029 100.02 100.013 100.008 100.005 100.003 100.002 100 100 100 100 100 100 100 100 100 100 100 100 100 100 100 100 100 100 100 100 100 100 100 100 100 100 100 100 100 100 100 100 100 100 100 100 100 100 100 100 100 100 100 100 100 100 100 100 100 100 100 100 100 100 100 100
7484.48 5991.23 3505.82 2068.98 1197.79 813.415 727.984 553.773 372.808 311.565 257.605 220.315 185.508 155.37 145.898 134.367 126.569 122.115 117.593 116.898 113.663 111.465 108.592 105.187 102.761 101.518 100.68 100.49 100.327 100.184 100.11 100.06 100.04 100.026 100.016 100.009 100.006 100.004 100.002 100.001 100 100 100 100 100 100 100 100 100 100 100 100 100 100 100 100 100 100 100 100 100 100 100 100 100 100 100 100 100 100 100 100 100 100 100 100 100 100 100 100 100 100 100 100 100 100 100 100 100 100 100 100 100 100 100
7474.35 5415.47 3471.91 1734.64 1299.9 883.819 533.987 509.698 397.535 318.32 224.283 214.237 179.343 148.833 140.965 132.345 125.245 121.078 118.289 115.511 113.058 110.676 105.598 103.637 102.372 101.35 100.691 100.436 100.254 100.163 100.1 100.064 100.042 100.026 100.014 100.009 100.005 100.003 100.002 100 100 100 100 100 100 100 100 100 100 100 100 100 100 100 100 100 100 100 100 100 100 100 100 100 100 100 100 100 100 100 100 100 100 100 100 100 100 100 100 100 100 100 100 100 100 100 100 100 100 100 100 100 100 100 100
6188 4534.31 2485.16 1365.03 871.502 813.495 604.824 395.762 336.266 256.069 229.923 179.561 171.255 143.951 138.698 129.99 125.429 120.628 117.947 115.89 113.811 110.802 107.918 103.948 102.374 101.486 100.612 100.32 100.282 100.163 100.099 100.062 100.039 100.021 100.014 100.01 100.005 100.003 100.002 100 100 100 100 100 100 100 100 100 100 100 100 100 100 100 100 100 100 100 100 100 100 100 100 100 100 100 100 100 100 100 100 100 100 100 100 100 100 100 100 100 100 100 100 100 100 100 100 100 100 100 100 100 100 100 100
6307.94 4036.29 2953.94 1879.12 1154.46 739.346 585.669 454.864 344.182 243.279 191.318 173.425 159.74 145.535 135.151 128.605 124 119.677 115.333 115.099 113.334 108.678 105.566 103.038 102.027 101.008 100.659 100.317 100.254 100.154 100.091 100.06 100.036 100.022 100.012 100.008 100.005 100.003 100.002 100 100 100 100 100 100 100 100 100 100 100 100 100 100 100 100 100 100 100 100 100 100 100 100 100 100 100 100 100 100 100 100 100 100 100 100 100 100 100 100 100 100 100 100 100 100 100 100 100 100 100 100 100 100 100 100
5265.74 3497 3004.8 1711.71 1173.61 866.377 530.096 457.798 307.601 303.179 227.186 184.768 168.781 147.721 138.694 130.375 125.297 119.939 117.963 114.622 113.004 109.517 107.59 103.458 102.095 101.072 100.747 100.458 100.257 100.168 100.077 100.062 100.037 100.024 100.013 100.008 100.006 100.003 100.002 100 100 100 100 100 100 100 100 100 100 100 100 100 100 100 100 100 100 100 100 100 100 100 100 100 100 100 100 100 100 100 100 100 100 100 100 100 100 100 100 100 100 100 100 100 100 100 100 100 100 100 100 100 100 100 100
5657.01 4335.77 2755.43 1745.56 1215.06 845.305 656.849 486.765 322.81 269.575 230.391 191.385 159.155 145.896 132.9 130.392 122.974 119.552 118.008 115.302 112.999 109.527 106.786 103.736 101.616 101.309 100.738 100.329 100.223 100.147 100.087 100.059 100.037 100.022 100.014 100.009 100.006 100.003 100.002 100 100 100 100 100 100 100 100 100 100 100 100 100 100 100 100 100 100 100 100 100 100 100 100 100 100 100 100 100 100 100 100 100 100 100 100 100 100 100 100 100 100 100 100 100 100 100 100 100 100 100 100 100 100 100 100
6962.04 4309.24 3533.61 1259.9 1155.26 775.734 570.13 435.427 348.024 267.476 216.556 182.094 158.383 152.938 137.809 128.145 125.575 119.997 117.408 115.345 112.729 109.458 106.375 102.63 101.696 101.117 100.629 100.376 100.229 100.154 100.084 100.055 100.034 100.019 100.011 100.008 100.005 100.003 100.002 100 100 100 100 100 100 100 100 100 100 100 100 100 100 100 100 100 100 100 100 100 100 100 100 100 100 100 100 100 100 100 100 100 100 100 100 100 100 100 100 100 100 100 100 100 100 100 100 100 100 100 100 100 100 100 100
6602.91 5523.36 3812.59 1913.44 1261.69 1047.86 642.658 427.951 374.391 273.116 234.292 189.823 163.499 142.678 138.421 130.432 124.554 122.522 119.125 116.49 113.378 110.62 107.946 104.432 102.277 101.638 100.966 100.495 100.258 100.183 100.121 100.054 100.042 100.029 100.014 100.01 100.005 100.004 100.002 100.001 100 100 100 100 100 100 100 100 100 100 100 100 100 100 100 100 100 100 100 100 100 100 100 100 100 100 100 100 100 100 100 100 100 100 100 100 100 100 100 100 100 100 100 100 100 100 100 100 100 100 100 100 100 100 100
6810.61 3079.57 3068.16 1651.63 1024.31 766.561 645.504 497.454 309.592 298.931 230.525 189.954 158.694 151.242 141.15 129.22 125.545 121.854 118.686 115.042 113.887 109.23 106.336 103.553 102.24 101.383 100.747 100.408 100.244 100.146 100.087 100.058 100.036 100.019 100.013 100.008 100.005 100.003 100.002 100 100 100 100 100 100 100 100 100 100 100 100 100 100 100 100 100 100 100 100 100 100 100 100 100 100 100 100 100 100 100 100 100 100 100 100 100 100 100 100 100 100 100 100 100 100 100 100 100 100 100 100 100 100 100 100
7273.81 4313.34 2909.71 1987.96 1310.4 915.682 727.392 508.862 387.713 314.221 231.259 203.239 172.869 158.861 142.339 133.954 127.017 121.974 119.357 114.497 114.104 112.238 107.513 103.334 102.045 101.43 100.915 100.454 100.302 100.156 100.117 100.065 100.045 100.02 100.014 100.01 100.005 100.004 100.002 100 100 100 100 100 100 100 100 100 100 100 100 100 100 100 100 100 100 100 100 100 100 100 100 100 100 100 100 100 100 100 100 100 100 100 100 100 100 100 100 100 100 100 100 100 100 100 100 100 100 100 100 100 100 100 100
7122.01 4202.7 3213.75 1489.01 1264.23 833.811 629.564 520.156 376.953 256.204 212.829 194.974 165.469 151.935 139.796 126.424 125.665 120.981 117.459 115.606 113.997 110.713 107.434 103.968 102.299 101.474 100.815 100.333 100.32 100.174 100.079 100.059 100.041 100.025 100.014 100.009 100.006 100.003 100.002 100 100 100 100 100 100 100 100 100 100 100 100 100 100 100 100 100 100 100 100 100 100 100 100 100 100 100 100 100 100 100 100 100 100 100 100 100 100 100 100 100 100 100 100 100 100 100 100 100 100 100 100 100 100 100 100
6562.14 4301.94 2698.92 1111.99 1111.99 867.629 625.119 510.519 357.72 287.711 247.503 193.561 168.825 148.952 140.826 132.352 124.478 119.752 117.355 114.827 113.133 106.888 105.683 103.085 102.41 101.278 100.656 100.356 100.224 100.142 100.09 100.056 100.028 100.02 100.011 100.008 100.005 100.003 100.002 100 100 100 100 100 100 100 100 100 100 100 100 100 100 100 100 100 100 100 100 100 100 100 100 100 100 100 100 100 100 100 100 100 100 100 100 100 100 100 100 100 100 100 100 100 100 100 100 100 100 100 100 100 100 100 100
7450.66 4336.48 2089.46 1616.73 1045.04 920.51 583.3 452.764 323.094 272.073 213.078 192.725 158.762 141.121 136.804 129.394 122.381 118.736 116.42 114.846 112.199 108.556 105.14 102.774 101.716 100.945 100.549 100.293 100.197 100.107 100.07 100.041 100.024 100.016 100.01 100.006 100.004 100.002 100.001 100 100 100 100 100 100 100 100 100 100 100 100 100 100 100 100 100 100 100 100 100 100 100 100 100 100 100 100 100 100 100 100 100 100 100 100 100 100 100 100 100 100 100 100 100 100 100 100 100 100 100 100 100 100 100 100
6897.73 4043.47 2897.31 1669.62 1242.12 845.652 531.865 439.173 301.064 258.694 230.878 195.074 170.948 150.987 140.763 128.703 125.333 121.709 117.819 115.554 113.418 109.378 107.699 104.368 102.387 101.359 100.864 100.458 100.286 100.133 100.096 100.05 100.036 100.02 100.011 100.008 100.004 100.003 100.002 100 100 100 100 100 100 100 100 100 100 100 100 100 100 100 100 100 100 100 100 100 100 100 100 100 100 100 100 100 100 100 100 100 100 100 100 100 100 100 100 100 100 100 100 100 100 100 100 100 100 100 100 100 100 100 100
7854.51 4633.73 3654.43 1848.13 1368.89 1010.18 697.937 446.654 413.492 261.367 247.797 208.898 183.696 154.597 139.968 131.677 127.926 122.332 118.601 116.129 114.298 112.594 106.862 104.429 102.469 101.509 100.779 100.478 100.306 100.175 100.116 100.065 100.041 100.025 100.016 100.01 100.006 100.004 100.002 100.001 100 100 100 100 100 100 100 100 100 100 100 100 100 100 100 100 100 100 100 100 100 100 100 100 100 100 100 100 100 100 100 100 100 100 100 100 100 100 100 100 100 100 100 100 100 100 100 100 100 100 100 100 100 100 100
6162.38 5082.27 3399.6 1196.48 1107.24 922.677 708.1 467.568 331.436 318.836 231.619 204.311 171.726 158.203 142.094 128.786 127.446 122.823 118.957 115.779 113.718 110.635 106.939 104.234 102.384 101.393 100.79 100.476 100.274 100.179 100.103 100.071 100.04 100.025 100.015 100.008 100.006 100.004 100.002 100 100 100 100 100 100 100 100 100 100 100 100 100 100 100 100 100 100 100 100 100 100 100 100 100 100 100 100 100 100 100 100 100 100 100 100 100 100 100 100 100 100 100 100 100 100 100 100 100 100 100 100 100 100 100 100
7262.45 5430.64 3408.92 1413.33 1254.86 964.582 569.523 498.716 310.576 283.367 220.021 164.72 164.72 152.353 140.95 130.921 124.675 120.766 117.494 114.323 113.133 109.998 106.474 103.64 102.061 101.27 100.638 100.366 100.241 100.147 100.091 100.049 100.036 100.023 100.015 100.01 100.006 100.004 100.002 100.001 100 100 100 100 100 100 100 100 100 100 100 100 100 100 100 100 100 100 100 100 100 100 100 100 100 100 100 100 100 100 100 100 100 100 100 100 100 100 100 100 100 100 100 100 100 100 100 100 100 100 100 100 100 100 100
