7.93519e+41 5.35871e+36 8.6007e+34 5.09211e+32 2.9536e+29 1.77283e+29 2.67455e+28 9.04347e+25 2.21776e+23 2.21776e+23 1.83285e+23 2.2463e+22 7.77385e+20 1.56791e+20 5.80223e+18 3.47399e+18 3.2973e+17 9.45362e+16 2.96756e+16 9.93883e+15 3.83108e+14 1.23233e+14 1.12014e+13 6.59808e+12 1.78505e+11 1.31841e+10 8.85623e+08 8.06545e+07 8.77125e+06 443960 315727 11982 7036 1229 379 16 7 5 1 0 0 0 0 0 0 0 0 0 0 0 0 0 0 0 0 0 0 0 0 0 0 0 0 0 0 0 0 0 0 0 0 0 0 0 0 0 0 0 0 0 0 0 0 0 0 0 0 0 0 0 0 0 0 0 0
1.66663e+42 3.16422e+35 7.06666e+32 1.81917e+31 2.2031e+30 1.49073e+29 1.57424e+27 2.38857e+25 2.04269e+24 2.04269e+24 3.41782e+23 2.38092e+22 2.73767e+20 3.37141e+19 3.74042e+18 3.39919e+17 2.20885e+17 9.66292e+15 3.23989e+14 3.23989e+14 3.29951e+13 3.10818e+12 4.21891e+11 5.264e+10 1.74378e+10 2.11393e+09 3.48341e+08 2.61153e+06 1.16874e+06 223157 29746 2882 486 135 31 9 4 1 0 0 0 0 0 0 0 0 0 0 0 0 0 0 0 0 0 0 0 0 0 0 0 0 0 0 0 0 0 0 0 0 0 0 0 0 0 0 0 0 0 0 0 0 0 0 0 0 0 0 0 0 0 0 0 0 0
2.13833e+40 4.49821e+34 4.49821e+34 2.86098e+30 2.73207e+29 4.97316e+27 7.93656e+26 1.11749e+26 1.27986e+25 3.81798e+21 3.81798e+21 1.39096e+20 4.65779e+19 4.45539e+19 2.57983e+18 3.23584e+17 6.08874e+16 1.49405e+16 6.40974e+15 2.87108e+14 5.995e+13 1.62803e+13 3.08407e+12 1.52088e+12 2.47679e+11 4.73326e+09 2.29046e+08 3.3169e+07 564967 549366 6125 6125 650 650 115 21 12 4 0 0 0 0 0 0 0 0 0 0 0 0 0 0 0 0 0 0 0 0 0 0 0 0 0 0 0 0 0 0 0 0 0 0 0 0 0 0 0 0 0 0 0 0 0 0 0 0 0 0 0 0 0 0 0 0 0
2.58511e+41 7.00988e+34 1.49643e+34 8.83549e+30 5.68322e+29 4.30459e+27 5.78026e+26 8.30189e+24 1.38823e+24 8.17946e+22 4.3692e+20 2.31857e+20 1.20045e+19 1.07422e+18 5.1937e+17 6.70796e+16 9.70723e+15 6.26527e+15 8.65121e+14 1.17153e+14 1.3393e+13 1.24645e+12 6.89159e+10 2.25447e+09 4.2608e+08 7.20937e+06 2.77346e+06 589126 47748 5878 309 208 13 6 6 2 0 0 0 0 0 0 0 0 0 0 0 0 0 0 0 0 0 0 0 0 0 0 0 0 0 0 0 0 0 0 0 0 0 0 0 0 0 0 0 0 0 0 0 0 0 0 0 0 0 0 0 0 0 0 0 0 0 0 0
6.05163e+38 1.46324e+34 3.48691e+33 4.34084e+30 4.70814e+29 3.50988e+28 3.52689e+25 1.13286e+24 4.21943e+23 3.94988e+23 1.26831e+21 1.26831e+21 3.40611e+19 5.69943e+18 2.75847e+17 2.46538e+17 9.4889e+16 8.22686e+15 8.22686e+15 7.55202e+13 1.60551e+13 1.4765e+13 1.6903e+12 1.72157e+11 1.41503e+10 1.49589e+09 1.2187e+08 2.94332e+07 356546 189859 1237 199 199 29 10 1 0 0 0 0 0 0 0 0 0 0 0 0 0 0 0 0 0 0 0 0 0 0 0 0 0 0 0 0 0 0 0 0 0 0 0 0 0 0 0 0 0 0 0 0 0 0 0 0 0 0 0 0 0 0 0 0 0 0 0
1.2296e+41 1.75983e+37 2.05334e+35 9.45841e+30 1.22191e+29 5.39777e+27 1.44296e+26 1.91914e+24 9.51171e+22 7.85931e+21 4.52814e+19 2.98998e+18 2.98998e+18 2.19942e+18 2.71669e+17 1.05778e+17 3.38805e+15 3.01002e+15 1.12024e+14 7.68531e+12 5.16011e+12 1.53521e+12 3.98124e+11 8.1962e+10 1.44795e+09 5.04616e+08 2.2957e+07 1.06418e+06 140902 25913 2508 2508 1028 98 22 10 3 1 0 0 0 0 0 0 0 0 0 0 0 0 0 0 0 0 0 0 0 0 0 0 0 0 0 0 0 0 0 0 0 0 0 0 0 0 0 0 0 0 0 0 0 0 0 0 0 0 0 0 0 0 0 0 0 0 0
3.72278e+42 1.33924e+36 3.2634e+34 3.25764e+31 7.42163e+27 6.80143e+27 6.80143e+27 4.19361e+25 5.04497e+24 1.42528e+23 8.51556e+21 2.77653e+21 7.04268e+20 1.6914e+19 6.09186e+18 6.85113e+17 1.27111e+17 5.59298e+15 2.16475e+15 8.32677e+13 1.16938e+13 2.37165e+12 4.81194e+11 4.42921e+10 1.56796e+09 2.34833e+08 1.49186e+08 2.03831e+07 7.0261e+06 3.16913e+06 714135 6677 1037 190 38 14 7 3 0 0 0 0 0 0 0 0 0 0 0 0 0 0 0 0 0 0 0 0 0 0 0 0 0 0 0 0 0 0 0 0 0 0 0 0 0 0 0 0 0 0 0 0 0 0 0 0 0 0 0 0 0 0 0 0 0
4.16857e+39 1.14813e+35 5.75705e+33 2.50391e+31 7.19241e+30 1.17983e+29 1.03837e+28 9.24742e+26 1.31627e+24 2.60239e+23 4.57362e+21 1.1933e+20 1.1933e+20 1.10731e+20 6.81137e+18 5.23942e+17 1.15725e+17 3.63416e+15 7.21503e+14 1.2632e+14 2.24552e+13 1.07834e+12 5.95084e+11 2.83262e+10 5.75269e+09 3.44508e+08 3.73196e+07 4.09434e+06 526731 72185 8204 5321 567 88 12 7 2 1 0 0 0 0 0 0 0 0 0 0 0 0 0 0 0 0 0 0 0 0 0 0 0 0 0 0 0 0 0 0 0 0 0 0 0 0 0 0 0 0 0 0 0 0 0 0 0 0 0 0 0 0 0 0 0 0 0
4.37071e+41 3.90533e+33 3.90533e+33 9.13674e+30 4.184e+29 3.78976e+26 4.81573e+25 9.49421e+23 2.78529e+23 4.95614e+21 1.29756e+21 4.10986e+19 1.14113e+18 4.85156e+16 4.85156e+16 1.62999e+16 3.35643e+15 2.45852e+15 5.20504e+14 4.0653e+13 2.17866e+12 4.38785e+10 8.53645e+09 2.03472e+09 9.18983e+08 2.17459e+07 5.8187e+06 749014 33648 25417 600 106 21 10 5 1 0 0 0 0 0 0 0 0 0 0 0 0 0 0 0 0 0 0 0 0 0 0 0 0 0 0 0 0 0 0 0 0 0 0 0 0 0 0 0 0 0 0 0 0 0 0 0 0 0 0 0 0 0 0 0 0 0 0 0
1.88846e+41 8.57721e+36 2.21218e+34 7.50918e+32 2.04433e+31 1.10157e+29 1.10157e+29 6.43552e+25 5.5326e+25 1.13632e+24 5.83465e+22 9.62503e+21 1.92881e+21 8.67791e+20 7.47905e+19 1.80002e+18 2.13152e+17 1.60719e+16 7.33257e+15 1.53668e+15 4.62238e+13 1.44327e+13 4.05263e+12 1.34041e+11 4.78335e+10 9.79365e+07 3.12631e+06 3.12631e+06 17577 17577 1497 481 39 20 10 3 2 0 0 0 0 0 0 0 0 0 0 0 0 0 0 0 0 0 0 0 0 0 0 0 0 0 0 0 0 0 0 0 0 0 0 0 0 0 0 0 0 0 0 0 0 0 0 0 0 0 0 0 0 0 0 0 0 0 0
4.67194e+39 2.71566e+35 2.71566e+35 1.29503e+32 1.44483e+30 3.15247e+26 3.15247e+26 2.02718e+24 2.02718e+24 1.11788e+23 1.39878e+20 1.39878e+20 5.15416e+18 1.4029e+18 8.85157e+17 2.25347e+17 2.37817e+16 1.80618e+16 6.10498e+15 1.79731e+14 7.66853e+12 1.86548e+12 2.43723e+11 3.82893e+09 2.4638e+09 8.75623e+08 6.21346e+07 7.50271e+06 2.80176e+06 90654 29441 22168 5888 891 77 8 5 2 0 0 0 0 0 0 0 0 0 0 0 0 0 0 0 0 0 0 0 0 0 0 0 0 0 0 0 0 0 0 0 0 0 0 0 0 0 0 0 0 0 0 0 0 0 0 0 0 0 0 0 0 0 0 0 0 0
3.42967e+39 2.64128e+36 5.64191e+33 9.66456e+32 3.49586e+29 4.34576e+28 2.88989e+26 1.31328e+26 5.41391e+25 1.26696e+24 5.72793e+21 8.89125e+19 4.23815e+18 1.61393e+18 9.67335e+17 5.35379e+16 4.17895e+16 1.17407e+16 2.66637e+13 2.66637e+13 5.92379e+12 9.72561e+10 5.09412e+10 1.08485e+09 1.16002e+08 4.11866e+07 3.75147e+06 512050 38002 9664 586 166 57 11 7 2 0 0 0 0 0 0 0 0 0 0 0 0 0 0 0 0 0 0 0 0 0 0 0 0 0 0 0 0 0 0 0 0 0 0 0 0 0 0 0 0 0 0 0 0 0 0 0 0 0 0 0 0 0 0 0 0 0 0 0
5.47422e+41 2.17802e+37 3.61309e+33 2.79426e+30 6.6955e+29 4.83802e+28 2.94557e+26 7.46881e+25 2.37647e+24 1.66723e+24 8.06051e+22 1.21229e+21 1.21229e+21 1.1656e+20 1.69563e+18 4.33116e+17 4.33116e+17 5.21512e+16 2.60429e+16 2.05797e+15 3.19124e+13 7.43398e+12 1.47564e+12 9.15818e+11 1.12046e+11 1.54815e+10 1.37809e+08 2.52153e+07 561378 38279 38279 1639 1592 103 64 8 4 1 0 0 0 0 0 0 0 0 0 0 0 0 0 0 0 0 0 0 0 0 0 0 0 0 0 0 0 0 0 0 0 0 0 0 0 0 0 0 0 0 0 0 0 0 0 0 0 0 0 0 0 0 0 0 0 0 0
1.72443e+42 2.21929e+37 8.32551e+34 2.549e+32 2.98908e+30 2.08464e+30 2.01789e+29 1.0689e+27 3.02503e+26 5.04834e+24 1.64302e+23 1.27806e+22 5.44395e+21 2.13642e+20 2.54404e+18 1.50789e+17 7.82684e+15 5.35917e+15 2.49857e+15 2.49857e+15 7.47869e+14 3.17449e+13 1.97156e+12 2.36979e+11 1.84432e+10 1.94356e+09 5.86195e+07 2.35295e+07 624728 136396 42072 25592 4452 1062 60 6 3 2 0 0 0 0 0 0 0 0 0 0 0 0 0 0 0 0 0 0 0 0 0 0 0 0 0 0 0 0 0 0 0 0 0 0 0 0 0 0 0 0 0 0 0 0 0 0 0 0 0 0 0 0 0 0 0 0 0
1.38381e+41 3.01426e+37 1.48781e+34 2.22526e+31 4.27983e+29 4.27983e+29 1.49195e+28 6.89432e+26 5.79597e+24 9.21589e+23 1.87527e+21 1.87527e+21 1.51629e+21 8.47769e+19 3.43055e+18 1.407e+18 1.18496e+17 7.65634e+16 1.15992e+16 4.02711e+14 3.86535e+12 1.01911e+12 2.67079e+10 1.70625e+10 1.09409e+09 2.57726e+08 2.9322e+06 227315 186988 20553 11940 3302 128 22 17 6 4 1 0 0 0 0 0 0 0 0 0 0 0 0 0 0 0 0 0 0 0 0 0 0 0 0 0 0 0 0 0 0 0 0 0 0 0 0 0 0 0 0 0 0 0 0 0 0 0 0 0 0 0 0 0 0 0 0 0
1.28737e+41 1.51135e+35 1.51135e+35 4.38295e+31 2.19586e+29 9.45363e+27 3.27532e+24 3.27532e+24 1.20362e+23 2.70338e+21 8.7266e+20 1.22656e+19 1.22656e+19 3.53505e+18 1.2161e+18 3.486e+16 3.33961e+16 4.12948e+15 4.55271e+14 6.77003e+13 2.25168e+12 4.24862e+11 2.8186e+10 2.60774e+08 4.10866e+07 1.56218e+07 1.59178e+06 789630 102340 1042 806 62 48 22 11 1 1 0 0 0 0 0 0 0 0 0 0 0 0 0 0 0 0 0 0 0 0 0 0 0 0 0 0 0 0 0 0 0 0 0 0 0 0 0 0 0 0 0 0 0 0 0 0 0 0 0 0 0 0 0 0 0 0 0 0
8.67122e+37 4.44174e+36 5.31986e+34 2.07751e+31 2.29876e+29 3.29137e+26 3.29137e+26 1.71151e+26 9.35326e+24 3.11883e+22 9.06496e+21 2.3759e+20 3.83458e+19 3.83458e+19 4.78736e+18 2.51982e+17 6.20338e+16 2.46046e+16 1.3284e+16 8.88755e+14 3.7952e+14 1.44485e+12 1.25558e+12 2.85547e+10 6.4237e+09 1.0299e+09 1.42047e+07 5.68153e+06 1.76868e+06 22805 11910 1913 771 21 12 6 2 0 0 0 0 0 0 0 0 0 0 0 0 0 0 0 0 0 0 0 0 0 0 0 0 0 0 0 0 0 0 0 0 0 0 0 0 0 0 0 0 0 0 0 0 0 0 0 0 0 0 0 0 0 0 0 0 0 0
9.78571e+37 1.58091e+37 3.90499e+34 1.92123e+30 1.54871e+29 3.78578e+28 2.10279e+27 1.14499e+26 3.55812e+23 1.04707e+23 1.01403e+22 9.98866e+20 1.73056e+20 4.9578e+18 3.18612e+18 6.42062e+17 6.42062e+17 1.71253e+16 1.20284e+16 8.00947e+14 1.07926e+14 3.76255e+12 3.87061e+11 3.0647e+11 2.68352e+10 1.63898e+09 6.56882e+08 4.47784e+07 5.22158e+06 575807 325327 81121 36627 12856 2711 147 43 17 2 0 0 0 0 0 0 0 0 0 0 0 0 0 0 0 0 0 0 0 0 0 0 0 0 0 0 0 0 0 0 0 0 0 0 0 0 0 0 0 0 0 0 0 0 0 0 0 0 0 0 0 0 0 0 0 0
3.1267e+41 1.24182e+38 3.93132e+32 5.59253e+30 1.55338e+30 6.19399e+27 3.15378e+26 3.15378e+26 4.97515e+23 4.30934e+21 4.30934e+21 1.07459e+21 2.49645e+20 5.3245e+19 7.97384e+18 3.0053e+18 3.25384e+17 2.92915e+16 2.92915e+16 1.19982e+15 1.17545e+14 7.24445e+12 5.21015e+11 1.12074e+10 6.06476e+09 1.10619e+09 1.1942e+07 1.55112e+06 421543 37130 11672 552 204 112 27 9 4 1 0 0 0 0 0 0 0 0 0 0 0 0 0 0 0 0 0 0 0 0 0 0 0 0 0 0 0 0 0 0 0 0 0 0 0 0 0 0 0 0 0 0 0 0 0 0 0 0 0 0 0 0 0 0 0 0 0
1.15889e+42 9.98069e+35 4.2744e+34 7.86276e+31 4.68994e+31 1.71309e+26 1.71309e+26 4.07046e+24 8.25745e+23 3.47011e+23 3.11631e+21 1.39264e+21 8.25289e+18 8.25289e+18 3.96112e+17 1.66319e+16 6.05026e+15 4.34906e+15 9.0388e+14 4.18817e+13 5.92277e+11 5.8275e+11 4.65099e+09 1.81581e+09 1.04262e+08 5.2753e+07 6.33616e+06 1.36214e+06 73582 4949 120 120 40 18 6 4 0 0 0 0 0 0 0 0 0 0 0 0 0 0 0 0 0 0 0 0 0 0 0 0 0 0 0 0 0 0 0 0 0 0 0 0 0 0 0 0 0 0 0 0 0 0 0 0 0 0 0 0 0 0 0 0 0 0 0
1.06827e+41 1.06255e+37 2.66107e+35 6.03159e+32 5.46579e+31 5.92968e+27 3.41782e+26 3.41782e+26 1.00259e+25 7.57323e+23 4.58638e+21 8.27045e+20 3.8307e+19 9.40978e+18 9.40978e+18 3.67155e+17 2.56081e+15 2.56081e+15 2.56081e+15 5.2868e+14 4.87025e+13 2.18681e+12 5.95461e+11 1.00369e+11 1.26812e+09 1.26812e+09 5.78202e+07 2.52385e+07 413119 44478 1688 809 37 37 8 5 1 0 0 0 0 0 0 0 0 0 0 0 0 0 0 0 0 0 0 0 0 0 0 0 0 0 0 0 0 0 0 0 0 0 0 0 0 0 0 0 0 0 0 0 0 0 0 0 0 0 0 0 0 0 0 0 0 0 0
4.7375e+41 6.71547e+33 4.30902e+30 1.85977e+30 1.85977e+30 7.20669e+28 3.30145e+26 3.30145e+26 8.18227e+25 3.919e+21 3.919e+21 2.51096e+21 2.51096e+21 2.95776e+20 1.01773e+19 1.08357e+18 5.14348e+17 3.7405e+16 1.41799e+16 7.3605e+14 7.18424e+13 5.22017e+12 1.96121e+12 1.24881e+11 1.26172e+10 1.19638e+09 4.26023e+07 8.69696e+06 1.87561e+06 226134 50374 1911 303 71 11 4 2 0 0 0 0 0 0 0 0 0 0 0 0 0 0 0 0 0 0 0 0 0 0 0 0 0 0 0 0 0 0 0 0 0 0 0 0 0 0 0 0 0 0 0 0 0 0 0 0 0 0 0 0 0 0 0 0 0 0
5.42258e+40 2.34457e+37 1.19869e+34 2.61251e+31 8.8167e+28 1.04994e+28 3.91577e+26 1.68606e+26 4.3638e+22 2.39134e+22 6.27343e+20 2.23553e+19 8.18134e+18 3.08688e+18 6.45612e+17 3.71839e+16 3.71839e+16 9.40026e+15 1.46953e+14 1.46953e+14 1.8459e+12 1.8459e+12 2.66746e+11 1.90224e+10 1.56113e+09 9.14362e+07 2.55073e+07 1.42547e+06 132129 93363 14585 7622 534 69 37 17 7 1 0 0 0 0 0 0 0 0 0 0 0 0 0 0 0 0 0 0 0 0 0 0 0 0 0 0 0 0 0 0 0 0 0 0 0 0 0 0 0 0 0 0 0 0 0 0 0 0 0 0 0 0 0 0 0 0 0
4.39004e+39 7.28271e+36 2.64384e+33 1.18677e+28 1.18677e+28 1.18677e+28 2.18508e+25 2.18508e+25 2.52316e+23 2.52316e+23 5.5782e+21 5.5782e+21 1.14329e+21 4.80017e+19 2.59302e+18 3.99385e+17 5.61144e+16 3.62307e+16 8.60479e+15 1.87136e+15 1.11667e+14 9.56618e+11 6.15087e+11 4.32053e+10 5.80812e+09 4.5663e+08 1.06608e+07 1.33822e+06 282904 55298 13850 5050 3041 624 47 7 4 1 0 0 0 0 0 0 0 0 0 0 0 0 0 0 0 0 0 0 0 0 0 0 0 0 0 0 0 0 0 0 0 0 0 0 0 0 0 0 0 0 0 0 0 0 0 0 0 0 0 0 0 0 0 0 0 0 0
2.58183e+41 5.70736e+37 1.17919e+35 1.90912e+31 5.09047e+30 1.05532e+29 1.94522e+28 2.30583e+24 2.30583e+24 8.54738e+22 2.9127e+21 2.92927e+20 1.77044e+20 9.34252e+18 8.75931e+17 3.74929e+16 3.74929e+16 3.9723e+15 3.57511e+15 2.30714e+13 3.8402e+12 9.88341e+11 3.77515e+10 1.55734e+10 4.7547e+08 9.51225e+06 1.8269e+06 23301 8168 1778 272 73 13 10 2 1 0 0 0 0 0 0 0 0 0 0 0 0 0 0 0 0 0 0 0 0 0 0 0 0 0 0 0 0 0 0 0 0 0 0 0 0 0 0 0 0 0 0 0 0 0 0 0 0 0 0 0 0 0 0 0 0 0 0 0
1.85157e+40 3.01354e+37 1.8026e+32 9.5142e+31 1.38372e+30 3.26605e+26 2.46172e+26 8.05567e+25 3.55152e+24 1.436e+23 1.61293e+21 4.5984e+20 6.4064e+19 1.50208e+19 1.20077e+18 1.50396e+17 5.15815e+16 5.15815e+16 5.51405e+15 1.23049e+15 8.60901e+13 8.18726e+12 2.00664e+12 2.08356e+11 2.47129e+10 3.41238e+09 9.81939e+07 3.32242e+06 1.90812e+06 208189 57177 984 266 138 32 10 4 0 0 0 0 0 0 0 0 0 0 0 0 0 0 0 0 0 0 0 0 0 0 0 0 0 0 0 0 0 0 0 0 0 0 0 0 0 0 0 0 0 0 0 0 0 0 0 0 0 0 0 0 0 0 0 0 0 0
2.54197e+38 2.21157e+38 3.71278e+34 1.85363e+31 1.29519e+29 2.78959e+26 2.78959e+26 2.78959e+26 2.59637e+24 5.12115e+23 8.21384e+21 1.45465e+21 4.48686e+20 2.64494e+20 1.66769e+18 3.23569e+17 3.23569e+17 1.88303e+16 3.86331e+15 4.46248e+14 9.95267e+13 1.98638e+12 1.15784e+12 5.75243e+10 2.06064e+09 7.34351e+08 8.00429e+07 4.179e+07 1.45113e+07 1.52251e+06 142180 4242 3742 594 48 9 5 2 0 0 0 0 0 0 0 0 0 0 0 0 0 0 0 0 0 0 0 0 0 0 0 0 0 0 0 0 0 0 0 0 0 0 0 0 0 0 0 0 0 0 0 0 0 0 0 0 0 0 0 0 0 0 0 0 0
8.2495e+35 8.2495e+35 9.39918e+34 4.12454e+30 2.2034e+29 3.36331e+25 2.91602e+25 1.94514e+25 1.15353e+23 4.77787e+22 9.28286e+20 7.23001e+19 5.10644e+17 5.10644e+17 2.62556e+17 1.00305e+17 5.49668e+15 7.24133e+14 7.24133e+14 9.7391e+13 6.35149e+12 2.01871e+12 2.18097e+11 1.76846e+10 4.7485e+08 5.9217e+06 1.9896e+06 85769 31812 24537 11719 6821 2904 158 19 8 4 1 0 0 0 0 0 0 0 0 0 0 0 0 0 0 0 0 0 0 0 0 0 0 0 0 0 0 0 0 0 0 0 0 0 0 0 0 0 0 0 0 0 0 0 0 0 0 0 0 0 0 0 0 0 0 0 0 0
3.91301e+42 7.26704e+36 5.37559e+34 1.35164e+31 7.18956e+29 4.59827e+28 6.85323e+27 3.88909e+26 1.31263e+25 1.92111e+23 1.9516e+22 1.83713e+21 9.59181e+20 3.76379e+19 4.47272e+17 4.47272e+17 1.02143e+16 1.02143e+16 1.02143e+16 1.92026e+15 1.21099e+14 1.54847e+13 1.63477e+12 3.63819e+11 2.68488e+10 1.44324e+09 5.9206e+08 2.94045e+07 437968 108899 50696 2325 391 35 16 10 3 0 0 0 0 0 0 0 0 0 0 0 0 0 0 0 0 0 0 0 0 0 0 0 0 0 0 0 0 0 0 0 0 0 0 0 0 0 0 0 0 0 0 0 0 0 0 0 0 0 0 0 0 0 0 0 0 0 0
1.00679e+42 4.01231e+37 4.81912e+33 5.30154e+30 8.39622e+26 8.39622e+26 4.29555e+24 3.30342e+24 6.80988e+23 2.20195e+21 2.20195e+21 1.70575e+21 7.26429e+19 6.74369e+18 1.42337e+17 1.02938e+17 1.52889e+15 8.25658e+14 8.25658e+14 1.19583e+14 9.59665e+11 1.10875e+11 1.42397e+10 2.46932e+09 4.6344e+08 1.50967e+07 5.6941e+06 572701 8061 3005 334 20 20 7 3 1 0 0 0 0 0 0 0 0 0 0 0 0 0 0 0 0 0 0 0 0 0 0 0 0 0 0 0 0 0 0 0 0 0 0 0 0 0 0 0 0 0 0 0 0 0 0 0 0 0 0 0 0 0 0 0 0 0 0 0
5.44014e+39 9.91744e+36 2.2349e+34 1.65297e+30 1.34788e+29 1.22086e+28 3.02903e+26 8.05876e+24 6.20913e+23 3.83381e+22 2.05725e+21 1.12998e+20 6.14024e+19 2.63113e+18 2.27846e+17 4.28146e+16 2.41676e+16 4.23812e+15 1.80725e+14 1.80725e+14 1.31165e+13 2.48069e+12 1.35308e+11 1.35308e+11 1.23942e+10 1.16647e+08 2.4897e+07 3.14982e+06 421878 34656 7282 1388 328 33 5 3 2 0 0 0 0 0 0 0 0 0 0 0 0 0 0 0 0 0 0 0 0 0 0 0 0 0 0 0 0 0 0 0 0 0 0 0 0 0 0 0 0 0 0 0 0 0 0 0 0 0 0 0 0 0 0 0 0 0 0
2.96188e+40 3.58439e+37 1.01013e+35 9.05182e+30 1.21926e+29 1.21926e+29 3.5072e+28 7.48817e+25 7.48817e+25 2.49638e+24 2.1899e+22 2.1899e+22 7.19459e+21 2.66272e+20 1.62867e+18 1.62867e+18 2.18754e+17 2.05462e+17 1.98495e+16 1.14043e+15 7.63802e+13 9.17443e+12 7.93779e+11 8.07851e+10 1.06026e+09 3.99949e+08 6.64747e+07 6.47296e+06 924642 122235 20440 6700 6249 2278 241 52 24 7 1 0 0 0 0 0 0 0 0 0 0 0 0 0 0 0 0 0 0 0 0 0 0 0 0 0 0 0 0 0 0 0 0 0 0 0 0 0 0 0 0 0 0 0 0 0 0 0 0 0 0 0 0 0 0 0 0
2.59905e+40 5.55413e+37 8.71426e+34 1.1075e+31 3.67201e+29 5.2997e+27 5.2997e+27 1.10732e+25 1.10732e+25 1.37593e+24 4.92387e+22 7.5055e+21 1.7484e+19 1.7484e+19 4.26296e+18 5.82557e+17 3.1214e+16 3.1214e+16 1.19673e+15 6.00648e+13 5.57337e+13 3.04881e+11 3.04881e+11 3.04881e+11 8.6362e+10 6.54202e+09 6.51763e+07 1.10809e+07 9.09922e+06 1.40943e+06 50611 8109 1945 1011 94 17 7 2 1 0 0 0 0 0 0 0 0 0 0 0 0 0 0 0 0 0 0 0 0 0 0 0 0 0 0 0 0 0 0 0 0 0 0 0 0 0 0 0 0 0 0 0 0 0 0 0 0 0 0 0 0 0 0 0 0
1.34639e+40 2.95065e+35 1.43331e+35 1.11359e+31 9.31763e+30 7.67838e+28 6.3825e+27 6.67864e+25 3.36991e+24 3.36991e+24 1.8802e+23 5.54255e+21 1.54182e+21 1.51672e+20 4.43735e+19 9.22388e+17 2.68297e+17 2.92916e+16 2.92916e+16 9.44859e+14 4.46518e+14 1.47298e+13 2.20636e+12 8.72565e+11 7.06488e+10 1.56088e+10 7.80283e+08 9.5255e+07 7.29488e+06 460626 27579 14353 7463 3242 1052 71 15 5 1 0 0 0 0 0 0 0 0 0 0 0 0 0 0 0 0 0 0 0 0 0 0 0 0 0 0 0 0 0 0 0 0 0 0 0 0 0 0 0 0 0 0 0 0 0 0 0 0 0 0 0 0 0 0 0 0
3.27594e+43 4.45377e+37 3.57206e+34 2.58594e+32 1.01294e+29 1.06344e+27 3.47008e+25 1.53185e+25 2.52231e+24 9.9696e+23 8.09689e+22 3.37577e+20 3.45034e+19 3.6193e+17 3.6193e+17 7.35641e+16 1.45691e+16 1.96429e+15 1.96429e+15 4.37382e+14 5.49671e+12 3.00517e+12 6.43531e+11 2.22388e+10 9.62206e+08 8.20081e+07 4.58113e+06 346730 90385 10046 4356 377 196 25 6 3 1 0 0 0 0 0 0 0 0 0 0 0 0 0 0 0 0 0 0 0 0 0 0 0 0 0 0 0 0 0 0 0 0 0 0 0 0 0 0 0 0 0 0 0 0 0 0 0 0 0 0 0 0 0 0 0 0 0 0
1.82612e+40 9.42229e+34 9.42229e+34 1.31244e+31 6.09788e+29 4.00265e+28 1.52936e+26 1.52936e+26 5.82754e+23 4.48227e+23 1.18943e+21 1.18943e+21 1.2003e+19 9.18255e+18 3.15814e+18 1.55278e+17 1.55278e+17 1.55278e+17 3.18244e+16 1.72495e+15 7.39411e+13 2.25922e+11 5.99004e+10 9.63455e+09 1.0104e+09 7.95254e+07 1.06197e+07 1.26578e+06 78503 15958 1331 623 94 26 5 2 1 0 0 0 0 0 0 0 0 0 0 0 0 0 0 0 0 0 0 0 0 0 0 0 0 0 0 0 0 0 0 0 0 0 0 0 0 0 0 0 0 0 0 0 0 0 0 0 0 0 0 0 0 0 0 0 0 0 0
2.55961e+41 6.65351e+37 7.40246e+34 5.99237e+32 7.56511e+30 8.46663e+29 8.46663e+29 4.81885e+27 1.74105e+25 3.91771e+23 1.39182e+22 3.38092e+19 3.38092e+19 3.86228e+18 2.28155e+18 2.08874e+18 1.14459e+17 2.07276e+16 1.87585e+16 1.20065e+15 1.50753e+13 2.44258e+12 7.69676e+11 1.22266e+11 1.96455e+10 4.01559e+09 5.26123e+07 1.84771e+07 351514 88193 8325 1614 70 70 11 6 3 1 0 0 0 0 0 0 0 0 0 0 0 0 0 0 0 0 0 0 0 0 0 0 0 0 0 0 0 0 0 0 0 0 0 0 0 0 0 0 0 0 0 0 0 0 0 0 0 0 0 0 0 0 0 0 0 0 0
3.05449e+39 5.85557e+36 1.04641e+35 1.37408e+32 4.51998e+30 1.07646e+29 4.1866e+28 1.2837e+27 7.01038e+25 9.93455e+24 2.41454e+23 3.50333e+21 1.52149e+20 1.35187e+20 4.1994e+19 1.79881e+18 1.71288e+18 3.28189e+16 1.58859e+16 3.13311e+15 4.10869e+14 7.12942e+12 1.95509e+12 2.21095e+11 7.77649e+09 7.77649e+09 1.46336e+09 1.03013e+09 1.07516e+07 1.74953e+06 180953 36530 3882 3599 642 21 7 1 1 0 0 0 0 0 0 0 0 0 0 0 0 0 0 0 0 0 0 0 0 0 0 0 0 0 0 0 0 0 0 0 0 0 0 0 0 0 0 0 0 0 0 0 0 0 0 0 0 0 0 0 0 0 0 0 0
1.49103e+38 5.68508e+35 9.97756e+32 2.45534e+30 2.22548e+28 8.73709e+27 2.31417e+26 1.94373e+25 1.52095e+24 2.8111e+22 9.43543e+20 1.70242e+19 1.47417e+19 5.36856e+17 5.36856e+17 4.22828e+17 6.6634e+16 9.01923e+14 1.20354e+14 1.20354e+14 6.30285e+12 3.99806e+12 1.32312e+11 3.25103e+09 1.46512e+09 2.51172e+08 1.4028e+08 1.51922e+07 1.50977e+06 123590 53455 8369 516 502 13 13 3 2 0 0 0 0 0 0 0 0 0 0 0 0 0 0 0 0 0 0 0 0 0 0 0 0 0 0 0 0 0 0 0 0 0 0 0 0 0 0 0 0 0 0 0 0 0 0 0 0 0 0 0 0 0 0 0 0 0
3.42186e+41 5.72407e+37 1.13248e+36 1.02842e+33 4.80744e+30 6.93993e+29 1.95811e+27 8.8039e+25 7.55179e+23 4.41638e+22 8.07724e+21 6.53042e+19 1.50722e+19 7.55861e+17 9.84227e+16 2.79428e+16 2.79428e+16 4.92569e+15 1.33616e+15 7.65757e+13 1.15362e+13 1.60379e+12 2.04369e+11 3.09788e+10 4.18591e+09 7.949e+08 1.98303e+08 1.82194e+06 1.82194e+06 136067 2852 1177 170 107 15 1 1 0 0 0 0 0 0 0 0 0 0 0 0 0 0 0 0 0 0 0 0 0 0 0 0 0 0 0 0 0 0 0 0 0 0 0 0 0 0 0 0 0 0 0 0 0 0 0 0 0 0 0 0 0 0 0 0 0 0
8.92508e+42 8.52409e+38 9.42486e+35 3.24177e+32 1.09609e+31 1.17926e+29 1.48201e+28 9.87905e+26 8.33071e+26 1.97993e+24 1.89989e+22 1.56853e+22 9.54744e+20 1.00195e+20 1.55672e+19 1.42233e+18 1.42233e+18 4.83222e+17 1.25179e+17 1.55775e+16 2.80168e+14 4.06855e+13 1.74597e+12 1.31231e+12 3.22985e+11 5.29103e+10 1.14811e+09 1.89749e+08 2.14087e+07 2.14087e+07 1.91171e+06 65092 4780 1373 190 23 14 6 5 0 0 0 0 0 0 0 0 0 0 0 0 0 0 0 0 0 0 0 0 0 0 0 0 0 0 0 0 0 0 0 0 0 0 0 0 0 0 0 0 0 0 0 0 0 0 0 0 0 0 0 0 0 0 0 0
3.05545e+39 2.21307e+35 1.34376e+34 1.282e+31 1.70481e+30 5.4433e+28 1.64013e+27 2.1212e+25 7.86804e+24 9.97229e+22 4.12697e+22 1.05883e+21 5.3406e+19 3.0094e+19 9.71086e+17 1.87767e+17 5.37597e+16 2.77088e+16 6.17571e+14 1.36441e+14 4.07658e+12 5.17793e+10 1.8679e+10 9.69313e+08 7.38122e+06 7.38122e+06 7.38122e+06 1.26203e+06 153480 45962 45461 10386 1366 26 11 6 1 0 0 0 0 0 0 0 0 0 0 0 0 0 0 0 0 0 0 0 0 0 0 0 0 0 0 0 0 0 0 0 0 0 0 0 0 0 0 0 0 0 0 0 0 0 0 0 0 0 0 0 0 0 0 0 0 0 0
9.67887e+40 3.61184e+36 1.28443e+34 2.12587e+31 9.41755e+30 2.95173e+30 1.28428e+28 1.99296e+27 2.58313e+25 1.61186e+22 1.61186e+22 1.61186e+22 1.33619e+21 3.08449e+19 3.38097e+18 5.32934e+17 4.70135e+16 2.71247e+16 3.16056e+15 3.36892e+14 5.72669e+13 1.93507e+12 1.43485e+12 2.66947e+11 5.83153e+09 1.731e+09 5.25126e+07 3.86822e+06 1.48186e+06 121639 18136 3850 182 61 11 7 2 1 0 0 0 0 0 0 0 0 0 0 0 0 0 0 0 0 0 0 0 0 0 0 0 0 0 0 0 0 0 0 0 0 0 0 0 0 0 0 0 0 0 0 0 0 0 0 0 0 0 0 0 0 0 0 0 0 0
1.21997e+40 1.06862e+39 2.90983e+34 1.92693e+31 2.74051e+29 8.2197e+27 3.41971e+26 3.41971e+26 1.16274e+25 4.90398e+23 2.83902e+22 5.60162e+20 4.82489e+19 4.82489e+19 3.97908e+18 3.4433e+17 1.93505e+17 4.58759e+16 1.33183e+15 1.20983e+14 1.36788e+13 3.51554e+11 1.44909e+11 1.13392e+10 1.92549e+09 2.28607e+08 851978 851978 30179 24316 3572 723 152 37 18 11 5 1 0 0 0 0 0 0 0 0 0 0 0 0 0 0 0 0 0 0 0 0 0 0 0 0 0 0 0 0 0 0 0 0 0 0 0 0 0 0 0 0 0 0 0 0 0 0 0 0 0 0 0 0 0 0 0 0 0
5.61204e+39 7.89285e+37 1.25079e+34 1.12087e+32 1.74445e+28 1.74445e+28 7.52163e+27 1.00596e+25 1.63053e+24 8.96843e+23 3.90513e+22 1.66175e+21 1.15769e+21 3.76659e+18 3.76659e+18 6.02557e+16 6.02557e+16 2.8554e+16 1.40841e+16 1.64795e+15 2.7329e+13 3.09619e+12 5.95155e+11 9.9674e+10 2.2208e+09 5.28686e+07 4.54691e+06 3.4162e+06 1.23908e+06 380475 27472 2803 587 146 13 5 3 1 0 0 0 0 0 0 0 0 0 0 0 0 0 0 0 0 0 0 0 0 0 0 0 0 0 0 0 0 0 0 0 0 0 0 0 0 0 0 0 0 0 0 0 0 0 0 0 0 0 0 0 0 0 0 0 0 0
2.32709e+42 6.17901e+36 1.42643e+32 8.67416e+31 7.62935e+30 3.95576e+29 4.48272e+25 4.48272e+25 3.85892e+24 6.44845e+22 4.61043e+21 3.58583e+20 1.24875e+20 2.55322e+18 9.43009e+16 9.43009e+16 8.82047e+15 8.82047e+15 3.21658e+15 2.45599e+14 2.41407e+13 6.03146e+12 3.95928e+11 1.65225e+11 2.14175e+09 5.0504e+08 2.05974e+06 713213 401728 109606 11720 74 74 34 16 5 1 0 0 0 0 0 0 0 0 0 0 0 0 0 0 0 0 0 0 0 0 0 0 0 0 0 0 0 0 0 0 0 0 0 0 0 0 0 0 0 0 0 0 0 0 0 0 0 0 0 0 0 0 0 0 0 0 0 0
8.0116e+40 8.2188e+36 2.25384e+34 1.9672e+30 5.53872e+28 1.25732e+27 9.83967e+26 2.05878e+25 1.63585e+24 7.19324e+22 2.52069e+22 8.44457e+20 5.10863e+19 5.96899e+18 6.33852e+17 2.04864e+17 7.21485e+16 1.4697e+16 8.51102e+14 1.73001e+14 1.62968e+12 1.02117e+11 3.47135e+10 2.30113e+09 6.95597e+08 2.04513e+08 1.57927e+07 8.48298e+06 792756 26530 8761 339 171 30 17 5 2 2 0 0 0 0 0 0 0 0 0 0 0 0 0 0 0 0 0 0 0 0 0 0 0 0 0 0 0 0 0 0 0 0 0 0 0 0 0 0 0 0 0 0 0 0 0 0 0 0 0 0 0 0 0 0 0 0 0
9.67885e+41 2.32241e+38 1.10609e+35 1.52562e+33 2.14408e+31 4.11185e+29 6.5876e+27 3.39426e+27 1.02614e+25 3.33076e+23 8.5586e+21 3.39649e+19 3.39649e+19 2.92501e+18 4.09624e+16 2.47574e+16 5.96727e+15 1.77458e+15 3.61346e+14 4.76956e+13 1.1082e+13 7.43104e+11 7.43104e+11 1.73317e+11 4.30018e+09 3.06263e+09 7.38093e+08 2.01387e+07 3.31639e+06 226185 40177 13017 1735 158 23 22 14 3 0 0 0 0 0 0 0 0 0 0 0 0 0 0 0 0 0 0 0 0 0 0 0 0 0 0 0 0 0 0 0 0 0 0 0 0 0 0 0 0 0 0 0 0 0 0 0 0 0 0 0 0 0 0 0 0 0
8.38736e+39 6.96669e+35 5.57306e+34 1.03647e+30 7.98951e+27 6.85492e+26 3.80516e+26 1.05319e+23 1.91576e+22 1.91576e+22 1.86462e+22 9.53829e+20 3.30129e+19 1.93334e+19 1.66178e+17 3.48777e+16 3.18021e+16 2.27513e+16 1.38737e+15 1.11799e+13 3.92001e+12 5.90106e+11 6.15282e+10 1.07667e+10 1.80567e+09 1.11815e+08 1.45049e+07 330480 25587 2103 2103 776 46 10 6 4 1 0 0 0 0 0 0 0 0 0 0 0 0 0 0 0 0 0 0 0 0 0 0 0 0 0 0 0 0 0 0 0 0 0 0 0 0 0 0 0 0 0 0 0 0 0 0 0 0 0 0 0 0 0 0 0 0 0 0
9.01534e+37 1.63995e+37 9.19051e+33 1.45423e+29 1.64009e+28 1.14533e+26 4.01115e+25 3.09229e+23 1.20197e+23 9.8245e+20 1.31991e+20 1.31991e+20 1.3185e+18 5.11966e+17 8.72266e+16 5.29172e+16 3.07838e+16 6.41838e+15 3.91077e+14 1.86029e+13 2.16302e+12 2.07133e+11 2.70815e+10 1.33099e+10 1.58312e+09 8.08876e+08 7.26316e+07 8.32714e+06 633212 108931 44769 12642 1769 262 37 6 2 1 0 0 0 0 0 0 0 0 0 0 0 0 0 0 0 0 0 0 0 0 0 0 0 0 0 0 0 0 0 0 0 0 0 0 0 0 0 0 0 0 0 0 0 0 0 0 0 0 0 0 0 0 0 0 0 0 0
5.58102e+35 1.51307e+34 1.51307e+34 3.21302e+31 4.24162e+29 2.01036e+27 1.62908e+27 3.52256e+26 7.75989e+23 9.50972e+22 7.66637e+21 8.50725e+18 6.55563e+18 1.94512e+18 1.72682e+17 7.43158e+16 3.43705e+16 2.78242e+15 4.62678e+14 2.03543e+13 5.53254e+11 1.58785e+11 5.80596e+09 8.72593e+07 1.02026e+07 3.04308e+06 417194 92579 12985 7414 2526 1070 22 11 4 1 0 0 0 0 0 0 0 0 0 0 0 0 0 0 0 0 0 0 0 0 0 0 0 0 0 0 0 0 0 0 0 0 0 0 0 0 0 0 0 0 0 0 0 0 0 0 0 0 0 0 0 0 0 0 0 0 0 0 0
