506.815 350.775 304.244 96.6176 96.6176 56.2173 33.0201 33.0201 22.6478 13.3632 7.92622 6.04338 2.42829 2.14401 2.14401 1.42297 0.537586 0.420933 0.295777 0.200573 0.0701223 0.0579405 0.0149671 0.00724573 0.00332756 0.00153921 0.000425415 0.000105604 2.41472e-05 9.93978e-06 4.72382e-06 1.4445e-06 3.10515e-07 1.428e-07 4.8222e-08 2.20849e-08 0 0 0 0 0 0 0 0 0 0 0 0 0 0 0 0 0 0 0 0 0 0 0 0 0 0 0 0 0 0 0 0 0 0 0 0 0 0 0 0 0 0 0 0 0 0 0 0 0 0 0 0 0 0 0 0 0 0 0 0
669.239 461.001 350.327 150.627 107.947 60.2593 29.7769 23.595 20.1613 12.9483 12.9483 4.44099 3.05557 1.72425 1.72425 1.05338 1.05338 0.579637 0.544958 0.189742 0.112534 0.112534 0.0294276 0.0164082 0.00455229 0.00152978 0.00073139 0.000176752 5.43061e-05 2.00881e-05 2.57495e-06 2.04684e-06 6.24581e-07 1.81887e-07 5.35343e-08 1.91892e-08 0 0 0 0 0 0 0 0 0 0 0 0 0 0 0 0 0 0 0 0 0 0 0 0 0 0 0 0 0 0 0 0 0 0 0 0 0 0 0 0 0 0 0 0 0 0 0 0 0 0 0 0 0 0 0 0 0 0 0 0
1141.24 631.349 445.53 157.294 106.124 36.4579 32.6346 32.6346 15.2886 9.73304 9.6143 3.23231 3.23231 2.5712 1.18418 1.18418 0.6407 0.290765 0.290765 0.23862 0.156178 0.0638307 0.0263763 0.00576273 0.00436914 0.00156897 0.00066367 9.32517e-05 2.89214e-05 5.73143e-06 3.9465e-06 1.20375e-06 7.10603e-07 8.87121e-08 2.00195e-08 1.69089e-08 0 0 0 0 0 0 0 0 0 0 0 0 0 0 0 0 0 0 0 0 0 0 0 0 0 0 0 0 0 0 0 0 0 0 0 0 0 0 0 0 0 0 0 0 0 0 0 0 0 0 0 0 0 0 0 0 0 0 0 0
1093.09 417.688 329.041 108.751 38.7695 38.7695 38.7695 19.7485 13.9816 13.9816 9.06486 6.74562 4.14539 2.95867 2.05825 1.42783 0.65995 0.393638 0.341942 0.28683 0.143336 0.0917366 0.0686519 0.0279482 0.0065049 0.00252713 0.000787601 0.000203408 4.77239e-05 2.66722e-05 3.65868e-06 2.54883e-06 8.58644e-07 2.1269e-07 1.05418e-07 4.10165e-08 1.58536e-08 0 0 0 0 0 0 0 0 0 0 0 0 0 0 0 0 0 0 0 0 0 0 0 0 0 0 0 0 0 0 0 0 0 0 0 0 0 0 0 0 0 0 0 0 0 0 0 0 0 0 0 0 0 0 0 0 0 0 0
1301.53 700.899 442.133 173.513 103.286 76.0649 21.1342 17.1335 16.0171 16.0171 10.754 4.56564 3.70825 2.53641 1.81219 1.10256 0.739176 0.485225 0.270308 0.214981 0.131265 0.0655616 0.030087 0.00695743 0.00300826 0.000467334 0.000411985 8.13687e-05 2.26782e-05 8.17956e-06 2.2758e-06 1.01783e-06 2.06901e-07 3.79872e-08 2.95422e-08 1.1161e-08 0 0 0 0 0 0 0 0 0 0 0 0 0 0 0 0 0 0 0 0 0 0 0 0 0 0 0 0 0 0 0 0 0 0 0 0 0 0 0 0 0 0 0 0 0 0 0 0 0 0 0 0 0 0 0 0 0 0 0 0
968.816 541.487 541.487 154.051 113.754 84.5573 51.1579 50.4339 14.9107 9.69863 6.86722 3.56889 3.56889 2.86521 1.69409 0.852081 0.576194 0.438249 0.386428 0.175121 0.153455 0.0756678 0.0392339 0.0112082 0.00402336 0.00123916 0.000643971 8.64144e-05 2.8323e-05 8.76403e-06 4.35308e-06 9.28393e-07 5.20353e-07 7.4014e-08 3.8411e-08 1.26705e-08 0 0 0 0 0 0 0 0 0 0 0 0 0 0 0 0 0 0 0 0 0 0 0 0 0 0 0 0 0 0 0 0 0 0 0 0 0 0 0 0 0 0 0 0 0 0 0 0 0 0 0 0 0 0 0 0 0 0 0 0
1228.98 390.646 390.646 203.865 178.926 103.371 40.991 25.3799 20.9146 11.4839 10.2086 7.1763 4.99277 2.46218 1.69067 1.37707 1.11132 0.314908 0.314908 0.224324 0.109032 0.0738726 0.0274629 0.0118185 0.00477219 0.00158027 0.00085598 0.000102689 2.86479e-05 1.44875e-05 4.13693e-06 1.60832e-06 4.69261e-07 1.17435e-07 5.70566e-08 0 0 0 0 0 0 0 0 0 0 0 0 0 0 0 0 0 0 0 0 0 0 0 0 0 0 0 0 0 0 0 0 0 0 0 0 0 0 0 0 0 0 0 0 0 0 0 0 0 0 0 0 0 0 0 0 0 0 0 0 0
1011.12 439.98 387.135 120.847 58.8573 41.8802 27.9907 27.9907 22.6885 13.1235 11.855 4.43402 3.54718 1.7849 1.7849 0.569328 0.518523 0.437315 0.286855 0.169958 0.0921995 0.0662855 0.0261244 0.00963291 0.00319691 0.00127699 0.000633924 6.4261e-05 3.624e-05 1.25491e-05 6.29133e-06 1.00607e-06 3.95095e-07 1.27701e-07 5.49356e-08 1.39531e-08 0 0 0 0 0 0 0 0 0 0 0 0 0 0 0 0 0 0 0 0 0 0 0 0 0 0 0 0 0 0 0 0 0 0 0 0 0 0 0 0 0 0 0 0 0 0 0 0 0 0 0 0 0 0 0 0 0 0 0 0
548.752 335.426 265.579 132.97 71.117 65.4473 45.0561 20.2278 20.2278 18.9675 10.6016 4.48429 3.8171 3.3777 2.03515 1.28838 0.95241 0.716027 0.380423 0.306688 0.245264 0.13847 0.0571708 0.0201193 0.00590449 0.00323106 0.00130997 0.000189885 6.18642e-05 1.15672e-05 5.7789e-06 3.14301e-06 6.62959e-07 2.97236e-07 9.43797e-08 3.98487e-08 1.56313e-08 0 0 0 0 0 0 0 0 0 0 0 0 0 0 0 0 0 0 0 0 0 0 0 0 0 0 0 0 0 0 0 0 0 0 0 0 0 0 0 0 0 0 0 0 0 0 0 0 0 0 0 0 0 0 0 0 0 0 0
1243.3 744.922 297.863 170.428 68.2214 68.2214 48.7926 23.7385 15.9439 11.9594 7.88369 6.26394 3.10053 0.973165 0.973165 0.610036 0.35213 0.260434 0.260434 0.0641425 0.0403246 0.0263113 0.00925532 0.00282812 0.000917639 0.000404664 0.000236675 1.53276e-05 9.32993e-06 1.15189e-06 1.15189e-06 3.2748e-07 1.40707e-07 3.79491e-08 0 0 0 0 0 0 0 0 0 0 0 0 0 0 0 0 0 0 0 0 0 0 0 0 0 0 0 0 0 0 0 0 0 0 0 0 0 0 0 0 0 0 0 0 0 0 0 0 0 0 0 0 0 0 0 0 0 0 0 0 0 0
946.268 917.1 240.398 182.904 182.904 117.254 70.7792 53.5326 26.357 21.1434 16.9683 4.95649 3.10699 3.10699 2.09349 2.09349 1.45615 0.648562 0.489864 0.298692 0.149246 0.0743345 0.0389941 0.0201204 0.00716841 0.00294559 0.0010171 0.000184886 5.11654e-05 2.48737e-05 1.01251e-05 2.11891e-06 1.04618e-06 3.55378e-07 8.56609e-08 4.53791e-08 1.01691e-08 0 0 0 0 0 0 0 0 0 0 0 0 0 0 0 0 0 0 0 0 0 0 0 0 0 0 0 0 0 0 0 0 0 0 0 0 0 0 0 0 0 0 0 0 0 0 0 0 0 0 0 0 0 0 0 0 0 0 0
1286.55 512.011 365.272 196.571 128.992 82.7136 60.1684 28.5667 28.5667 17.1361 12.5055 9.7815 4.63486 1.31977 1.31977 0.96078 0.93811 0.57611 0.338894 0.262657 0.179093 0.0933441 0.049105 0.0202358 0.00610955 0.00343477 0.000797547 0.000101283 3.67681e-05 1.92316e-05 4.8674e-06 1.0648e-06 5.50272e-07 1.32581e-07 9.94937e-08 1.65521e-08 0 0 0 0 0 0 0 0 0 0 0 0 0 0 0 0 0 0 0 0 0 0 0 0 0 0 0 0 0 0 0 0 0 0 0 0 0 0 0 0 0 0 0 0 0 0 0 0 0 0 0 0 0 0 0 0 0 0 0 0
803.256 242.149 242.149 111.275 90.1918 90.1918 73.3983 39.9127 36.4379 20.9884 9.76921 9.76921 8.00341 3.60507 3.25169 2.1028 1.34993 0.904063 0.702395 0.232997 0.222897 0.138831 0.0630754 0.0175139 0.0139262 0.00404409 0.00246514 0.000326813 0.000121266 3.07035e-05 1.41316e-05 6.2893e-06 1.19053e-06 5.36585e-07 2.1245e-07 5.15189e-08 1.86584e-08 0 0 0 0 0 0 0 0 0 0 0 0 0 0 0 0 0 0 0 0 0 0 0 0 0 0 0 0 0 0 0 0 0 0 0 0 0 0 0 0 0 0 0 0 0 0 0 0 0 0 0 0 0 0 0 0 0 0 0
1565.36 276.904 276.904 113.804 76.822 59.3514 49.447 24.0252 24.0252 15.9765 8.6547 7.07461 3.35461 2.5961 1.81993 1.11902 0.887379 0.492526 0.345991 0.147398 0.114616 0.0697072 0.0384314 0.011723 0.00497971 0.00148103 0.000642902 9.70762e-05 4.47608e-05 1.1267e-05 5.637e-06 1.22855e-06 5.73604e-07 1.73881e-07 4.99459e-08 1.71112e-08 0 0 0 0 0 0 0 0 0 0 0 0 0 0 0 0 0 0 0 0 0 0 0 0 0 0 0 0 0 0 0 0 0 0 0 0 0 0 0 0 0 0 0 0 0 0 0 0 0 0 0 0 0 0 0 0 0 0 0 0
1009.45 737.136 282.009 78.6027 78.6027 33.7426 14.6836 14.6836 14.6836 12.8523 12.8523 8.52152 6.3527 3.00567 2.70534 1.76607 0.960563 0.447931 0.370011 0.287352 0.16789 0.0877859 0.0412067 0.0107778 0.00572782 0.00331736 0.000982183 0.000115503 3.25076e-05 1.17617e-05 5.96233e-06 2.15278e-06 5.54907e-07 1.45203e-07 6.21808e-08 2.56559e-08 0 0 0 0 0 0 0 0 0 0 0 0 0 0 0 0 0 0 0 0 0 0 0 0 0 0 0 0 0 0 0 0 0 0 0 0 0 0 0 0 0 0 0 0 0 0 0 0 0 0 0 0 0 0 0 0 0 0 0 0
783.575 669.177 301.843 102.71 63.7713 58.0439 49.1213 29.1037 14.7796 14.7796 10.566 8.27031 3.49602 3.06039 2.01329 1.08591 0.392718 0.392718 0.199068 0.186707 0.100162 0.034965 0.0162125 0.0124221 0.00248302 0.00107156 0.000583762 0.000105541 3.77722e-05 1.26012e-05 2.3362e-06 7.44687e-07 3.27399e-07 1.73066e-07 4.38262e-08 2.0547e-08 0 0 0 0 0 0 0 0 0 0 0 0 0 0 0 0 0 0 0 0 0 0 0 0 0 0 0 0 0 0 0 0 0 0 0 0 0 0 0 0 0 0 0 0 0 0 0 0 0 0 0 0 0 0 0 0 0 0 0 0
1218.85 287.512 286.071 207.386 130.92 58.5405 49.3222 33.8167 21.4501 21.4501 15.6565 11.7417 7.811 4.57456 3.42245 1.93339 1.45405 0.665588 0.524676 0.414556 0.208067 0.132665 0.0643614 0.0097547 0.00775757 0.00344363 0.00105774 0.000158733 5.2463e-05 2.26117e-05 4.78015e-06 2.193e-06 1.28475e-06 3.34971e-07 8.87268e-08 2.506e-08 0 0 0 0 0 0 0 0 0 0 0 0 0 0 0 0 0 0 0 0 0 0 0 0 0 0 0 0 0 0 0 0 0 0 0 0 0 0 0 0 0 0 0 0 0 0 0 0 0 0 0 0 0 0 0 0 0 0 0 0
1573.3 724.616 411.853 232.027 144.387 102.468 63.9529 63.9529 41.8589 24.2928 7.82643 7.82643 6.25098 4.54365 2.60294 2.25106 1.51292 1.22713 0.931482 0.213594 0.213594 0.173877 0.0949113 0.0402782 0.0153049 0.00862572 0.00164296 0.000306111 6.25589e-05 2.21185e-05 1.48844e-05 2.46708e-06 9.50723e-07 4.06945e-07 1.24512e-07 3.77657e-08 0 0 0 0 0 0 0 0 0 0 0 0 0 0 0 0 0 0 0 0 0 0 0 0 0 0 0 0 0 0 0 0 0 0 0 0 0 0 0 0 0 0 0 0 0 0 0 0 0 0 0 0 0 0 0 0 0 0 0 0
1124.39 744.801 414.154 125.814 85.4066 34.6101 29.7621 29.7621 19.3345 10.7411 4.77039 3.56596 2.74459 2.74459 0.811119 0.736105 0.454503 0.248308 0.244958 0.164909 0.0663682 0.0537084 0.0123489 0.00333824 0.00333824 0.00113897 0.000335873 6.16649e-05 1.72333e-05 4.57597e-06 1.931e-06 5.69406e-07 1.78934e-07 4.23629e-08 3.13278e-08 0 0 0 0 0 0 0 0 0 0 0 0 0 0 0 0 0 0 0 0 0 0 0 0 0 0 0 0 0 0 0 0 0 0 0 0 0 0 0 0 0 0 0 0 0 0 0 0 0 0 0 0 0 0 0 0 0 0 0 0 0
1221.57 549.907 241.195 85.3664 85.3664 51.9558 38.448 32.7893 13.9296 9.54444 9.54444 7.40231 2.72895 2.15154 1.78354 0.822862 0.586921 0.338187 0.205412 0.196229 0.130445 0.0599471 0.0232249 0.00957182 0.00449086 0.00110817 0.000717056 6.9773e-05 4.01441e-05 1.40393e-05 4.87811e-06 9.15245e-07 5.83851e-07 1.51726e-07 1.99238e-08 1.28807e-08 0 0 0 0 0 0 0 0 0 0 0 0 0 0 0 0 0 0 0 0 0 0 0 0 0 0 0 0 0 0 0 0 0 0 0 0 0 0 0 0 0 0 0 0 0 0 0 0 0 0 0 0 0 0 0 0 0 0 0 0
1387.29 417.853 165.254 120.823 100.934 38.0823 28.6202 25.9017 20.1133 20.0341 4.95315 4.95315 3.69357 3.63445 2.25833 1.79746 0.50951 0.50951 0.46497 0.306027 0.168438 0.118597 0.0383872 0.0137379 0.00810903 0.00198789 0.000836258 8.94988e-05 7.21783e-05 2.06837e-05 7.78571e-06 2.45809e-06 9.83004e-07 2.07708e-07 8.87145e-08 3.17557e-08 1.24652e-08 0 0 0 0 0 0 0 0 0 0 0 0 0 0 0 0 0 0 0 0 0 0 0 0 0 0 0 0 0 0 0 0 0 0 0 0 0 0 0 0 0 0 0 0 0 0 0 0 0 0 0 0 0 0 0 0 0 0 0
1007.01 632.476 407.687 137.643 29.6575 29.6575 29.6575 29.6575 29.6575 29.6575 18.2735 9.67476 4.88098 2.84264 2.69584 1.65744 1.23062 0.452984 0.452984 0.249046 0.130742 0.0759344 0.0498664 0.0182905 0.00753107 0.00225203 0.00124367 8.73393e-05 4.55435e-05 9.36283e-06 4.50969e-06 1.53663e-06 4.0409e-07 1.37907e-07 5.48265e-08 2.56467e-08 0 0 0 0 0 0 0 0 0 0 0 0 0 0 0 0 0 0 0 0 0 0 0 0 0 0 0 0 0 0 0 0 0 0 0 0 0 0 0 0 0 0 0 0 0 0 0 0 0 0 0 0 0 0 0 0 0 0 0 0
1731.58 673.752 215.52 61.2275 61.2275 54.1938 37.9497 29.018 19.7695 10.1016 8.93109 4.61509 3.77428 2.21871 1.1511 0.867235 0.485556 0.328668 0.200504 0.176005 0.136919 0.0643383 0.0231469 0.0107967 0.00408781 0.00141639 0.000433665 6.40376e-05 4.32791e-05 9.10621e-06 3.05258e-06 1.65079e-06 3.66457e-07 1.81095e-07 5.76641e-08 2.13889e-08 0 0 0 0 0 0 0 0 0 0 0 0 0 0 0 0 0 0 0 0 0 0 0 0 0 0 0 0 0 0 0 0 0 0 0 0 0 0 0 0 0 0 0 0 0 0 0 0 0 0 0 0 0 0 0 0 0 0 0 0
1857.85 1056.04 561.868 139.162 95.498 79.5585 39.56 29.3526 8.32698 8.32698 8.32698 8.31399 1.94125 1.94125 1.57638 1.38946 0.784327 0.370435 0.285536 0.195675 0.15266 0.0609927 0.0265743 0.00588084 0.00537254 0.00129085 0.00051439 9.89984e-05 3.81079e-05 1.43942e-05 3.1631e-06 1.27641e-06 2.88973e-07 2.58187e-07 6.32175e-08 2.08241e-08 0 0 0 0 0 0 0 0 0 0 0 0 0 0 0 0 0 0 0 0 0 0 0 0 0 0 0 0 0 0 0 0 0 0 0 0 0 0 0 0 0 0 0 0 0 0 0 0 0 0 0 0 0 0 0 0 0 0 0 0
1396.83 389.385 389.385 153.137 59.906 58.3816 24.8101 24.8101 21.8621 15.2694 7.48792 5.49694 2.33527 2.33527 1.77929 1.07382 0.474809 0.328511 0.26754 0.127119 0.0821711 0.0340879 0.0187978 0.00560803 0.00155825 0.000731455 0.000280801 5.19578e-05 1.84208e-05 7.13578e-06 1.2237e-06 7.09231e-07 3.17939e-07 8.77271e-08 2.54158e-08 0 0 0 0 0 0 0 0 0 0 0 0 0 0 0 0 0 0 0 0 0 0 0 0 0 0 0 0 0 0 0 0 0 0 0 0 0 0 0 0 0 0 0 0 0 0 0 0 0 0 0 0 0 0 0 0 0 0 0 0 0
1293.73 585.475 455.461 182.23 149.397 70.1581 43.0962 17.1971 17.1971 10.7288 5.52902 5.52902 3.44438 2.72296 1.75733 1.75733 0.626076 0.504209 0.313209 0.313209 0.11861 0.0775159 0.0331005 0.0119367 0.00543045 0.00159651 0.000595659 7.8507e-05 4.92738e-05 4.96469e-06 4.84927e-06 1.58641e-06 5.94267e-07 1.83761e-07 7.39467e-08 1.93166e-08 0 0 0 0 0 0 0 0 0 0 0 0 0 0 0 0 0 0 0 0 0 0 0 0 0 0 0 0 0 0 0 0 0 0 0 0 0 0 0 0 0 0 0 0 0 0 0 0 0 0 0 0 0 0 0 0 0 0 0 0
661.347 574.713 223.952 140.057 69.9089 69.9089 34.1738 15.4163 15.4163 15.4163 9.09179 4.54613 3.64901 2.66191 1.20711 0.747773 0.713143 0.456084 0.359515 0.148427 0.148427 0.10457 0.0398601 0.0278994 0.00875983 0.00225583 0.00113589 0.000123935 6.33419e-05 1.61995e-05 7.29923e-06 2.50148e-06 9.53048e-07 4.57888e-07 1.81485e-07 3.5801e-08 1.22304e-08 0 0 0 0 0 0 0 0 0 0 0 0 0 0 0 0 0 0 0 0 0 0 0 0 0 0 0 0 0 0 0 0 0 0 0 0 0 0 0 0 0 0 0 0 0 0 0 0 0 0 0 0 0 0 0 0 0 0 0
893.111 234.086 234.086 174.845 116.092 79.3677 78.6819 30.7306 21.0039 21.0039 10.0391 5.79674 5.54001 3.68015 1.30416 0.651066 0.651066 0.628508 0.340086 0.206067 0.118705 0.0883998 0.0248614 0.011932 0.00394992 0.00213986 0.000517757 8.42695e-05 3.215e-05 6.68682e-06 2.29632e-06 9.05241e-07 3.03948e-07 6.80708e-08 4.8918e-08 1.59257e-08 0 0 0 0 0 0 0 0 0 0 0 0 0 0 0 0 0 0 0 0 0 0 0 0 0 0 0 0 0 0 0 0 0 0 0 0 0 0 0 0 0 0 0 0 0 0 0 0 0 0 0 0 0 0 0 0 0 0 0 0
407.693 407.693 407.693 107.953 76.6977 76.6977 39.8798 29.7616 13.8367 8.3981 4.69802 3.85878 3.85878 1.80929 0.823649 0.823649 0.534314 0.429385 0.287075 0.123487 0.0398075 0.0296346 0.0103409 0.00409043 0.00221871 0.000810614 0.000211701 3.08711e-05 1.45533e-05 5.31308e-06 8.95436e-07 8.93399e-07 1.48221e-07 7.46502e-08 1.79247e-08 0 0 0 0 0 0 0 0 0 0 0 0 0 0 0 0 0 0 0 0 0 0 0 0 0 0 0 0 0 0 0 0 0 0 0 0 0 0 0 0 0 0 0 0 0 0 0 0 0 0 0 0 0 0 0 0 0 0 0 0 0
986.133 496.586 301.055 110.251 110.251 49.3297 49.3297 37.2567 23.5524 11.9239 11.7983 6.94058 2.70686 2.70686 2.26026 1.23852 0.687697 0.537528 0.356416 0.342047 0.211456 0.0938309 0.0258423 0.0174433 0.00939908 0.00263695 0.00128126 5.78684e-05 3.16236e-05 1.98846e-05 6.38869e-06 9.36283e-07 6.42636e-07 1.64618e-07 3.27653e-08 2.60421e-08 1.25207e-08 0 0 0 0 0 0 0 0 0 0 0 0 0 0 0 0 0 0 0 0 0 0 0 0 0 0 0 0 0 0 0 0 0 0 0 0 0 0 0 0 0 0 0 0 0 0 0 0 0 0 0 0 0 0 0 0 0 0 0
988.742 545.34 262.936 114.579 106.783 92.6841 69.7919 41.1198 21.9357 15.7984 8.12226 8.12226 4.12093 1.19491 1.19491 0.906151 0.850094 0.460604 0.333403 0.144917 0.110226 0.0495384 0.0263967 0.00813677 0.00279009 0.00242777 0.000561432 7.64826e-05 2.77918e-05 5.43398e-06 3.87234e-06 4.62522e-07 4.0615e-07 1.70856e-07 3.59648e-08 1.86989e-08 0 0 0 0 0 0 0 0 0 0 0 0 0 0 0 0 0 0 0 0 0 0 0 0 0 0 0 0 0 0 0 0 0 0 0 0 0 0 0 0 0 0 0 0 0 0 0 0 0 0 0 0 0 0 0 0 0 0 0 0
1661.64 487.741 362.974 186.757 93.4341 31.8916 31.8916 29.3258 29.3258 12.5044 7.16932 3.00711 2.90583 2.90583 1.04969 0.944292 0.676029 0.368933 0.276438 0.164264 0.130548 0.0651374 0.0222087 0.011603 0.00439558 0.00164744 0.000354372 8.56841e-05 2.75902e-05 8.52272e-06 3.79296e-06 1.5366e-06 7.23134e-07 1.18546e-07 4.15532e-08 1.26115e-08 0 0 0 0 0 0 0 0 0 0 0 0 0 0 0 0 0 0 0 0 0 0 0 0 0 0 0 0 0 0 0 0 0 0 0 0 0 0 0 0 0 0 0 0 0 0 0 0 0 0 0 0 0 0 0 0 0 0 0 0
1100.47 542.447 188.796 131.833 91.0347 71.5929 58.9193 38.999 20.2408 19.1502 14.2398 5.25802 3.39866 1.92957 1.92957 1.27865 0.903316 0.706984 0.253058 0.160951 0.134239 0.0349805 0.0279216 0.0152583 0.00758931 0.0014276 0.000794229 0.000132219 2.07497e-05 1.75163e-05 6.95673e-06 1.81283e-06 6.06467e-07 2.39355e-07 6.986e-08 1.80715e-08 0 0 0 0 0 0 0 0 0 0 0 0 0 0 0 0 0 0 0 0 0 0 0 0 0 0 0 0 0 0 0 0 0 0 0 0 0 0 0 0 0 0 0 0 0 0 0 0 0 0 0 0 0 0 0 0 0 0 0 0
1070.35 261.603 261.603 116.171 116.171 99.707 43.7922 39.2987 23.5287 7.03739 7.03739 7.03739 3.63419 3.63419 1.49945 1.04462 0.714808 0.315763 0.24467 0.228621 0.142091 0.0508544 0.019652 0.00751829 0.00456047 0.00164652 0.00073812 6.07096e-05 2.77973e-05 1.22945e-05 4.77589e-06 1.67258e-06 4.99108e-07 1.76768e-07 5.19328e-08 2.50267e-08 0 0 0 0 0 0 0 0 0 0 0 0 0 0 0 0 0 0 0 0 0 0 0 0 0 0 0 0 0 0 0 0 0 0 0 0 0 0 0 0 0 0 0 0 0 0 0 0 0 0 0 0 0 0 0 0 0 0 0 0
1140.71 345.591 345.591 164.576 112.012 69.3537 44.9084 27.0278 27.0278 8.18515 8.18515 4.37156 2.74853 2.2557 2.166 1.48967 0.726451 0.726451 0.386505 0.197261 0.190241 0.110263 0.0522022 0.0110328 0.00609633 0.00198787 0.00118537 8.58216e-05 4.32458e-05 2.14323e-05 6.22478e-06 2.23581e-06 7.99409e-07 4.20556e-07 8.49701e-08 2.82969e-08 0 0 0 0 0 0 0 0 0 0 0 0 0 0 0 0 0 0 0 0 0 0 0 0 0 0 0 0 0 0 0 0 0 0 0 0 0 0 0 0 0 0 0 0 0 0 0 0 0 0 0 0 0 0 0 0 0 0 0 0
1128.05 461.333 416.21 145.107 29.6265 29.6265 29.6265 29.6265 27.2583 15.2056 8.45812 4.67019 4.09801 3.98672 1.53207 0.980853 0.869838 0.719384 0.471211 0.342457 0.146287 0.102588 0.0710204 0.0170073 0.00637086 0.00274362 0.00089134 0.000124603 2.2063e-05 1.50367e-05 3.54958e-06 1.56606e-06 4.54316e-07 2.41651e-07 9.33397e-08 1.8795e-08 1.03992e-08 0 0 0 0 0 0 0 0 0 0 0 0 0 0 0 0 0 0 0 0 0 0 0 0 0 0 0 0 0 0 0 0 0 0 0 0 0 0 0 0 0 0 0 0 0 0 0 0 0 0 0 0 0 0 0 0 0 0 0
1440.04 627.13 480.334 183.711 107.902 57.3685 39.9792 33.3824 7.60675 7.42253 4.37876 4.37876 4.37876 2.79532 2.06404 1.82337 1.09689 0.625547 0.458785 0.31753 0.0990333 0.0979377 0.0275055 0.0185694 0.00595002 0.00375898 0.000904923 0.000160797 4.47904e-05 6.83494e-06 6.83494e-06 1.24576e-06 4.87115e-07 2.05955e-07 5.89846e-08 2.33606e-08 0 0 0 0 0 0 0 0 0 0 0 0 0 0 0 0 0 0 0 0 0 0 0 0 0 0 0 0 0 0 0 0 0 0 0 0 0 0 0 0 0 0 0 0 0 0 0 0 0 0 0 0 0 0 0 0 0 0 0 0
1251.91 599.258 328.011 127.782 94.7965 94.7965 53.5669 45.9355 22.0378 13.8978 12.6368 4.07435 3.55227 2.34826 2.34826 0.682831 0.661156 0.362832 0.306903 0.133151 0.094465 0.0714464 0.0213864 0.00556685 0.00285406 0.00146632 0.000537711 4.96803e-05 1.89112e-05 6.21219e-06 1.86918e-06 1.04122e-06 1.96354e-07 8.90751e-08 4.68076e-08 0 0 0 0 0 0 0 0 0 0 0 0 0 0 0 0 0 0 0 0 0 0 0 0 0 0 0 0 0 0 0 0 0 0 0 0 0 0 0 0 0 0 0 0 0 0 0 0 0 0 0 0 0 0 0 0 0 0 0 0 0
1157.1 952.56 348.849 158.952 158.952 125.822 53.7807 47.3986 21.5676 21.5676 11.6535 3.27374 1.65766 1.65766 1.65766 1.1632 1.08626 0.765351 0.387682 0.291623 0.164175 0.105611 0.0323162 0.0217406 0.00507063 0.00338742 0.00130276 0.000125017 6.04821e-05 1.94598e-05 6.38298e-06 2.15861e-06 6.80383e-07 1.34544e-07 7.31461e-08 2.19643e-08 1.01967e-08 0 0 0 0 0 0 0 0 0 0 0 0 0 0 0 0 0 0 0 0 0 0 0 0 0 0 0 0 0 0 0 0 0 0 0 0 0 0 0 0 0 0 0 0 0 0 0 0 0 0 0 0 0 0 0 0 0 0 0
810.275 468.866 463.947 115.246 115.246 106.471 39.6261 26.8853 24.7892 9.85623 9.85623 9.41237 6.70235 3.29349 2.28789 1.61497 1.4494 0.893155 0.563484 0.332065 0.254499 0.0976043 0.0527925 0.030817 0.00945664 0.004001 0.00147494 0.000178999 6.22254e-05 2.01743e-05 9.13398e-06 3.17837e-06 7.3955e-07 4.00397e-07 1.13366e-07 3.93572e-08 1.06658e-08 0 0 0 0 0 0 0 0 0 0 0 0 0 0 0 0 0 0 0 0 0 0 0 0 0 0 0 0 0 0 0 0 0 0 0 0 0 0 0 0 0 0 0 0 0 0 0 0 0 0 0 0 0 0 0 0 0 0 0
635.87 635.87 329.05 63.5885 63.5885 63.5885 31.5373 31.5373 28.6314 8.09519 8.09519 4.03138 4.03138 3.22367 2.51204 2.31368 1.39204 0.903017 0.48657 0.303394 0.22429 0.0774174 0.0568763 0.0150887 0.0106368 0.00440844 0.00136298 0.000107335 7.58326e-05 1.99847e-05 9.98411e-06 2.74285e-06 9.61044e-07 2.1521e-07 8.26981e-08 3.10247e-08 1.42022e-08 0 0 0 0 0 0 0 0 0 0 0 0 0 0 0 0 0 0 0 0 0 0 0 0 0 0 0 0 0 0 0 0 0 0 0 0 0 0 0 0 0 0 0 0 0 0 0 0 0 0 0 0 0 0 0 0 0 0 0
1367.93 325.739 123.129 103.481 103.481 47.5034 37.6224 12.3507 12.3507 5.12799 4.25106 4.11409 2.56824 2.03131 2.01142 0.943544 0.807345 0.424748 0.323596 0.224396 0.143069 0.0438752 0.0333639 0.00916608 0.0036657 0.00177825 0.000427933 7.86017e-05 2.43804e-05 1.01215e-05 1.76116e-06 7.79086e-07 2.27504e-07 1.07078e-07 2.858e-08 1.72695e-08 0 0 0 0 0 0 0 0 0 0 0 0 0 0 0 0 0 0 0 0 0 0 0 0 0 0 0 0 0 0 0 0 0 0 0 0 0 0 0 0 0 0 0 0 0 0 0 0 0 0 0 0 0 0 0 0 0 0 0 0
1005.4 533.467 188.338 86.3803 86.3803 86.3803 57.6181 16.8075 16.8075 15.1518 15.1518 8.46439 4.43689 3.59975 2.58657 1.4597 0.991062 0.587143 0.365299 0.277568 0.127888 0.0666361 0.046288 0.0100174 0.001396 0.001396 0.00093214 0.000135662 3.74288e-05 7.52278e-06 4.47254e-06 2.05383e-06 7.14119e-07 2.12334e-07 8.16264e-08 2.55475e-08 0 0 0 0 0 0 0 0 0 0 0 0 0 0 0 0 0 0 0 0 0 0 0 0 0 0 0 0 0 0 0 0 0 0 0 0 0 0 0 0 0 0 0 0 0 0 0 0 0 0 0 0 0 0 0 0 0 0 0 0
1336.46 656.91 564.8 124.269 86.1089 76.2126 43.4159 34.8194 18.1091 6.8279 6.8279 6.8279 2.70094 2.70094 2.70094 1.13901 0.670464 0.362104 0.362104 0.246617 0.168022 0.063815 0.0213971 0.0122863 0.00439899 0.00144292 0.000562883 6.78425e-05 1.96439e-05 6.04137e-06 1.63499e-06 7.35922e-07 4.57799e-07 6.80554e-08 4.05691e-08 1.81639e-08 0 0 0 0 0 0 0 0 0 0 0 0 0 0 0 0 0 0 0 0 0 0 0 0 0 0 0 0 0 0 0 0 0 0 0 0 0 0 0 0 0 0 0 0 0 0 0 0 0 0 0 0 0 0 0 0 0 0 0 0
640.492 640.492 375.299 249.886 111.665 29.8465 29.8465 27.522 19.2406 9.60219 9.60219 5.91292 5.61591 3.77673 2.82534 1.44801 0.660799 0.660799 0.360579 0.19999 0.144592 0.0600147 0.0487201 0.0181497 0.0038513 0.00192441 0.00167852 0.00016693 3.05286e-05 1.53832e-05 8.13856e-06 2.27221e-06 6.15893e-07 2.14741e-07 4.76106e-08 4.20868e-08 0 0 0 0 0 0 0 0 0 0 0 0 0 0 0 0 0 0 0 0 0 0 0 0 0 0 0 0 0 0 0 0 0 0 0 0 0 0 0 0 0 0 0 0 0 0 0 0 0 0 0 0 0 0 0 0 0 0 0 0
1216.09 277.667 277.667 203.438 78.9283 57.1324 32.1619 25.2799 24.4733 13.2339 8.04801 6.88322 3.64415 1.79552 1.79552 0.759297 0.548169 0.484179 0.282545 0.0767911 0.0767911 0.0463306 0.0187435 0.0040881 0.00189226 0.00143033 0.000528197 4.71991e-05 1.15688e-05 4.85151e-06 2.32873e-06 9.35741e-07 3.01677e-07 6.85727e-08 3.01467e-08 1.03124e-08 0 0 0 0 0 0 0 0 0 0 0 0 0 0 0 0 0 0 0 0 0 0 0 0 0 0 0 0 0 0 0 0 0 0 0 0 0 0 0 0 0 0 0 0 0 0 0 0 0 0 0 0 0 0 0 0 0 0 0 0
1680.9 744.823 336.679 67.7344 67.7344 54.9895 51.8782 41.5578 22.8174 22.8174 16.0081 12.19 6.44489 3.0154 2.65201 1.7148 1.64418 0.451504 0.451504 0.291479 0.217348 0.114392 0.046707 0.0161958 0.00556555 0.000824348 0.000824348 0.000113338 5.26329e-05 2.19947e-05 6.00104e-06 2.62965e-06 7.16017e-07 3.77706e-07 5.51325e-08 2.75331e-08 0 0 0 0 0 0 0 0 0 0 0 0 0 0 0 0 0 0 0 0 0 0 0 0 0 0 0 0 0 0 0 0 0 0 0 0 0 0 0 0 0 0 0 0 0 0 0 0 0 0 0 0 0 0 0 0 0 0 0 0
1408.18 613.391 352.203 126.685 85.0833 71.452 44.9161 37.234 27.6745 10.1142 10.1142 6.31062 1.63134 1.63134 1.3791 0.835603 0.745225 0.306121 0.306121 0.165233 0.137511 0.0412094 0.020223 0.00826328 0.00527551 0.00186872 0.000616351 0.000118053 2.99638e-05 7.73979e-06 2.81048e-06 1.6796e-06 7.38986e-07 2.24828e-07 3.96957e-08 1.01261e-08 0 0 0 0 0 0 0 0 0 0 0 0 0 0 0 0 0 0 0 0 0 0 0 0 0 0 0 0 0 0 0 0 0 0 0 0 0 0 0 0 0 0 0 0 0 0 0 0 0 0 0 0 0 0 0 0 0 0 0 0
1433.25 926.137 439.378 127.543 127.543 68.2669 62.7783 27.9692 23.1369 13.3481 12.2836 6.23664 5.64118 2.34575 2.02073 1.20325 0.874751 0.807487 0.414712 0.195303 0.189463 0.0908477 0.0665274 0.00841498 0.00630805 0.00258469 0.00135281 0.000127406 6.24418e-05 1.68861e-05 5.2956e-06 2.4232e-06 5.76114e-07 2.41367e-07 6.63622e-08 1.27291e-08 0 0 0 0 0 0 0 0 0 0 0 0 0 0 0 0 0 0 0 0 0 0 0 0 0 0 0 0 0 0 0 0 0 0 0 0 0 0 0 0 0 0 0 0 0 0 0 0 0 0 0 0 0 0 0 0 0 0 0 0
711.17 711.17 557.961 189.564 59.3855 40.0335 38.2335 27.8151 16.8164 13.4722 4.71518 2.47085 2.47085 2.45156 1.60224 1.15856 0.863182 0.331408 0.175778 0.175778 0.112571 0.0489462 0.0226177 0.00979571 0.00460888 0.00190309 0.000623533 4.06432e-05 2.12148e-05 9.61329e-06 2.79401e-06 1.20934e-06 5.32919e-07 1.45295e-07 4.39061e-08 1.40639e-08 0 0 0 0 0 0 0 0 0 0 0 0 0 0 0 0 0 0 0 0 0 0 0 0 0 0 0 0 0 0 0 0 0 0 0 0 0 0 0 0 0 0 0 0 0 0 0 0 0 0 0 0 0 0 0 0 0 0 0 0
1512.24 701.054 349.862 176.282 60.8088 60.8088 60.8088 40.4905 29.6973 15.3912 10.613 2.90518 2.90518 2.90518 2.45909 1.16296 0.401969 0.311678 0.311678 0.134954 0.0895504 0.0260056 0.0237817 0.00666576 0.00329427 0.00253609 0.000515042 5.935e-05 4.80453e-05 1.19041e-05 8.00727e-06 1.53567e-06 5.8569e-07 2.26286e-07 5.46819e-08 2.41566e-08 0 0 0 0 0 0 0 0 0 0 0 0 0 0 0 0 0 0 0 0 0 0 0 0 0 0 0 0 0 0 0 0 0 0 0 0 0 0 0 0 0 0 0 0 0 0 0 0 0 0 0 0 0 0 0 0 0 0 0 0
