2670.04 2419.19 1487.88 750.261 738.419 674.575 613.374 575.448 535.85 513.606 481.974 458.619 455.163 439.748 437.561 431.17 426.81 419.698 413.354 408.789 406.337 405.047 403.215 402.193 401.69 401.078 400.739 400.066 398.328 396.646 395.344 394.039 392.78 391.886 391.403 391.093 390.821 390.536 386.606 349.397 321.195 307.615 302.316 300.823 300.353 300.175 300.068 300.025 300.012 300.004 300.001 300.001 300 300 300 300 300 300 300 300 300 300 300 300 300 300 300 300 300 300 300 300 300 300 300 300 300 300 300 300 300 300 300 300 300 300 300 300 300 300 300 300 300 300 300
3701.24 2713.69 1494.83 879.524 729.954 650.32 621.664 584.878 542.805 517.032 501.259 476.371 461.068 452.232 439.472 437.503 433.279 430.154 425.305 418.825 413.737 410.017 405.103 402.389 398.692 396.212 393.71 391.156 387.749 368.422 334.492 317.118 310.057 305.431 302.399 301.681 300.927 300.499 300.309 300.057 300.022 300.011 300.005 300.002 300.001 300 300 300 300 300 300 300 300 300 300 300 300 300 300 300 300 300 300 300 300 300 300 300 300 300 300 300 300 300 300 300 300 300 300 300 300 300 300 300 300 300 300 300 300 300 300 300 300 300 300
3269.39 2097.94 1524.37 803.33 724.834 635.799 610.397 551.589 528.721 498.926 489.377 474.909 461.565 453.274 441.583 437.09 432.297 426.588 417.215 411.292 408.226 406.526 404.919 403.083 402.093 401.209 399.25 396.956 395.29 393.907 392.521 391.333 390.793 388.891 384.222 367.81 335.892 316.755 306.665 301.334 300.553 300.22 300.076 300.036 300.014 300.006 300.003 300.001 300 300 300 300 300 300 300 300 300 300 300 300 300 300 300 300 300 300 300 300 300 300 300 300 300 300 300 300 300 300 300 300 300 300 300 300 300 300 300 300 300 300 300 300 300 300 300
3216.95 1819.36 940.71 845.867 700.836 636.767 615.348 553.571 537.89 518.501 497.976 471.728 459.535 450.69 443.112 435.617 426.664 421.169 416.423 411.418 409.087 404.974 403.074 400.831 398.843 393.598 380.55 346.548 323.718 313.241 306.77 303.136 301.939 301.326 300.69 300.398 300.243 300.147 300.074 300.017 300.009 300.003 300.001 300.001 300 300 300 300 300 300 300 300 300 300 300 300 300 300 300 300 300 300 300 300 300 300 300 300 300 300 300 300 300 300 300 300 300 300 300 300 300 300 300 300 300 300 300 300 300 300 300 300 300 300 300
3609.25 2063.3 1482.56 876.588 728.389 662.385 604.435 562.108 540.27 515.51 493.001 483.862 466.613 457.124 443.121 435.721 427.835 420.92 416.916 414.326 408.939 404.495 399.519 396.957 394.08 392.454 390.324 387.619 376.657 332.174 314.563 309.033 304.737 303.003 301.511 300.939 300.477 300.264 300.199 300.039 300.016 300.007 300.003 300.001 300.001 300 300 300 300 300 300 300 300 300 300 300 300 300 300 300 300 300 300 300 300 300 300 300 300 300 300 300 300 300 300 300 300 300 300 300 300 300 300 300 300 300 300 300 300 300 300 300 300 300 300
4140.57 1839.87 1471.54 867.243 714.361 667.732 619.648 571.11 532.461 521.081 503.066 482.01 462.204 449.844 443.858 432.584 426.181 420.808 413.874 411.343 408.553 404.078 400.492 398.299 395.412 392.965 391.659 391.312 389.777 383.033 341.315 318.727 309.371 305.244 303.085 301.641 300.674 300.518 300.33 300.056 300.03 300.011 300.004 300.002 300.001 300 300 300 300 300 300 300 300 300 300 300 300 300 300 300 300 300 300 300 300 300 300 300 300 300 300 300 300 300 300 300 300 300 300 300 300 300 300 300 300 300 300 300 300 300 300 300 300 300 300
4365.75 1676.62 1386.25 886.716 699.418 653.756 587.027 521.995 521.995 519.305 490.964 464.719 462.345 453.184 443.243 436.047 426.502 421.186 412.143 407.807 403.48 399.87 396.114 393.356 392.287 391.209 385.781 371.601 320.306 312.556 307.801 304.36 301.817 301.419 300.826 300.529 300.284 300.168 300.1 300.02 300.009 300.004 300.002 300.001 300 300 300 300 300 300 300 300 300 300 300 300 300 300 300 300 300 300 300 300 300 300 300 300 300 300 300 300 300 300 300 300 300 300 300 300 300 300 300 300 300 300 300 300 300 300 300 300 300 300 300
3414.84 1834.75 1223.94 859.266 703.034 673.937 627.477 564.598 516.564 503.538 483.378 464.062 456.984 437.077 428.004 422.337 415.336 412.327 407.039 403.588 401.827 399.102 394.774 392.446 389.384 383.075 364.519 327.559 314.118 308.23 304.567 302.82 301.927 300.919 300.51 300.279 300.152 300.104 300.058 300.013 300.006 300.003 300.001 300 300 300 300 300 300 300 300 300 300 300 300 300 300 300 300 300 300 300 300 300 300 300 300 300 300 300 300 300 300 300 300 300 300 300 300 300 300 300 300 300 300 300 300 300 300 300 300 300 300 300 300
3416.98 2016.98 1345.13 888.603 754.617 627.351 589.803 570.812 537.853 511.476 492.292 471.312 464.472 447.593 443.848 433.437 423.913 418.691 414.75 410.165 403.585 399.808 395.294 391.67 389.023 366.277 333.842 315.939 309.67 305.354 302.808 301.497 300.954 300.602 300.316 300.2 300.118 300.063 300.039 300.007 300.005 300.002 300.001 300 300 300 300 300 300 300 300 300 300 300 300 300 300 300 300 300 300 300 300 300 300 300 300 300 300 300 300 300 300 300 300 300 300 300 300 300 300 300 300 300 300 300 300 300 300 300 300 300 300 300 300
2666.85 2264.07 1464.13 814.192 698.216 657.704 581.262 552.663 546.932 504.259 504.259 486.812 469.059 457.564 442.443 428.077 421.598 413.958 409.911 405.827 401.642 398.588 396.574 394.542 391.372 389.336 381.277 351.795 323.672 310.885 306.147 303.88 302.346 301.093 300.662 300.404 300.249 300.15 300.07 300.018 300.008 300.003 300.002 300.001 300 300 300 300 300 300 300 300 300 300 300 300 300 300 300 300 300 300 300 300 300 300 300 300 300 300 300 300 300 300 300 300 300 300 300 300 300 300 300 300 300 300 300 300 300 300 300 300 300 300 300
2946.15 2289.57 1597.11 923.322 790.33 649.403 636.625 590.993 562.988 526.012 506.949 487.035 469.37 446.154 427.447 423.83 415.743 410.431 408.765 403.555 400.521 398.585 396.458 392.839 390.411 387.423 372.924 331.802 315.761 306.79 305.108 302.711 301.809 301.044 300.604 300.291 300.197 300.13 300.072 300.016 300.007 300.003 300.001 300.001 300 300 300 300 300 300 300 300 300 300 300 300 300 300 300 300 300 300 300 300 300 300 300 300 300 300 300 300 300 300 300 300 300 300 300 300 300 300 300 300 300 300 300 300 300 300 300 300 300 300 300
3756.8 2652.14 1409.54 839.86 798.605 627.819 599.129 560.064 513.414 510.224 494.672 471.629 462.663 452.296 442.949 439.873 433.615 430.071 427.429 423.074 422.014 420.418 418.989 417 407.901 404.833 401.97 400.235 388.73 359.773 349.315 339.639 324.822 315.592 307.046 304.022 301.991 301.293 300.676 300.128 300.062 300.025 300.01 300.005 300.002 300.001 300 300 300 300 300 300 300 300 300 300 300 300 300 300 300 300 300 300 300 300 300 300 300 300 300 300 300 300 300 300 300 300 300 300 300 300 300 300 300 300 300 300 300 300 300 300 300 300 300
3706.07 1982.11 1207.08 875.629 706.238 653.333 567.775 558.648 530.841 490.889 481.449 475.429 461.39 439.865 439.865 432.848 427.268 424.6 422.048 419.682 418.356 410.753 407.037 404.311 402.969 401.982 401.286 400.085 397.882 396.337 395.005 393.115 391.869 391.125 390.737 389.192 380.59 355.013 320.507 303.179 301.301 300.544 300.204 300.101 300.04 300.017 300.008 300.003 300.001 300.001 300 300 300 300 300 300 300 300 300 300 300 300 300 300 300 300 300 300 300 300 300 300 300 300 300 300 300 300 300 300 300 300 300 300 300 300 300 300 300 300 300 300 300 300 300
4277.29 2220.52 1546.19 777.34 777.34 690.571 626.056 578.459 550.794 511.479 493.578 471.777 462.195 450.502 442.658 438.708 431.653 426.389 423.198 415.885 411.458 408.922 407.1 404.094 400.099 396.755 394.916 393.47 392.356 391.497 390.876 388.96 383.624 365.672 329.39 314.025 308.016 304.364 302.168 300.425 300.162 300.068 300.034 300.014 300.006 300.003 300.001 300 300 300 300 300 300 300 300 300 300 300 300 300 300 300 300 300 300 300 300 300 300 300 300 300 300 300 300 300 300 300 300 300 300 300 300 300 300 300 300 300 300 300 300 300 300 300 300
3026.65 2122.15 1661.4 818.503 727.068 691.97 611.339 579.503 507.748 507.748 476.326 463.947 457.632 444.361 439.198 433.288 428.926 421.172 417.294 411.413 410.346 408.516 406.356 404.904 403.33 401.381 399.675 397.752 396.038 394.548 392.949 391.855 391.183 390.79 390.62 388.95 384.135 356.714 324.875 305.57 301.945 300.668 300.354 300.126 300.049 300.023 300.009 300.003 300.001 300.001 300 300 300 300 300 300 300 300 300 300 300 300 300 300 300 300 300 300 300 300 300 300 300 300 300 300 300 300 300 300 300 300 300 300 300 300 300 300 300 300 300 300 300 300 300
3504.96 2047.72 1721.57 894.558 751.005 637.508 611.901 568.286 543.954 528.243 506.22 472.47 454.65 449.271 437.192 428.784 422.151 415.744 411.901 408.16 406.063 402.819 398.882 396.599 394.135 392.825 391.861 391.134 390.789 390.123 385.035 374.204 330.257 313.214 307.512 304.516 302.54 301.501 300.568 300.132 300.055 300.024 300.011 300.005 300.002 300.001 300 300 300 300 300 300 300 300 300 300 300 300 300 300 300 300 300 300 300 300 300 300 300 300 300 300 300 300 300 300 300 300 300 300 300 300 300 300 300 300 300 300 300 300 300 300 300 300 300
4012.79 2519.29 1542.8 867.412 680.67 653.724 607.662 584.519 528.986 509.92 467.841 462.626 439.653 433.498 420.266 416.926 411.142 405.248 400.847 398.113 396.244 393.536 390.791 386.817 361.626 328.099 316.847 308.426 305.006 302.539 301.793 300.948 300.58 300.332 300.198 300.132 300.088 300.044 300.03 300.007 300.003 300.001 300.001 300 300 300 300 300 300 300 300 300 300 300 300 300 300 300 300 300 300 300 300 300 300 300 300 300 300 300 300 300 300 300 300 300 300 300 300 300 300 300 300 300 300 300 300 300 300 300 300 300 300 300 300
3313.34 2086.75 1565.13 810.349 794.991 651.889 614.729 579.109 547.45 524.485 504.437 477.654 471.33 456.41 449.964 441.494 435.981 430.29 427.405 423.452 421.616 420.072 418.254 411.761 405.747 403.87 401.964 399.078 369.687 354.058 344.794 335.341 324.178 314.979 306.659 303.459 301.816 300.984 300.568 300.086 300.048 300.017 300.008 300.003 300.001 300.001 300 300 300 300 300 300 300 300 300 300 300 300 300 300 300 300 300 300 300 300 300 300 300 300 300 300 300 300 300 300 300 300 300 300 300 300 300 300 300 300 300 300 300 300 300 300 300 300 300
3733.7 1912.16 1372.18 829.998 731.93 640.499 578.563 561.24 526.944 499.775 480.323 465.345 452.872 436.927 428.996 421.854 415.507 414.238 408.596 404.635 401.779 398.597 396.75 395.214 393.564 392.672 391.442 387.568 381.127 336.751 316.548 308.712 305.362 302.758 301.6 300.778 300.573 300.292 300.194 300.039 300.018 300.009 300.004 300.002 300.001 300 300 300 300 300 300 300 300 300 300 300 300 300 300 300 300 300 300 300 300 300 300 300 300 300 300 300 300 300 300 300 300 300 300 300 300 300 300 300 300 300 300 300 300 300 300 300 300 300 300
4035.67 1743.57 1435.18 819.817 753.832 650.794 606.268 559.58 526.901 510.544 477.941 448.69 438.423 425.769 419.28 415.287 410.5 407.196 402.954 400.88 397.88 394.813 391.164 387.67 381.184 351.259 320.576 310.58 305.655 303.969 302.419 301.262 300.833 300.506 300.27 300.183 300.11 300.056 300.041 300.008 300.004 300.002 300.001 300 300 300 300 300 300 300 300 300 300 300 300 300 300 300 300 300 300 300 300 300 300 300 300 300 300 300 300 300 300 300 300 300 300 300 300 300 300 300 300 300 300 300 300 300 300 300 300 300 300 300 300
3388.48 1665.97 1456.94 884.188 741.787 642.661 608.019 567.812 529.434 516.338 498.484 476.882 463.93 451.216 441.729 436.379 429.994 426.468 417.674 412.812 409.41 407.615 405.966 402.41 401.646 399.492 382.603 356.508 342.163 329.314 320.369 310.15 305.742 303.156 301.701 300.993 300.49 300.252 300.159 300.036 300.015 300.007 300.003 300.001 300.001 300 300 300 300 300 300 300 300 300 300 300 300 300 300 300 300 300 300 300 300 300 300 300 300 300 300 300 300 300 300 300 300 300 300 300 300 300 300 300 300 300 300 300 300 300 300 300 300 300 300
4210.41 2384.37 1466.36 856.192 731.406 650.434 636.305 564.791 535.646 530.645 505.52 482.558 462.62 448.682 431.359 422.873 419.231 414.739 412.641 405.377 400.687 397.033 395.011 391.185 388.897 385.664 358.75 326.76 312.435 306.573 305 302.548 301.553 300.849 300.562 300.293 300.191 300.128 300.069 300.016 300.007 300.003 300.001 300.001 300 300 300 300 300 300 300 300 300 300 300 300 300 300 300 300 300 300 300 300 300 300 300 300 300 300 300 300 300 300 300 300 300 300 300 300 300 300 300 300 300 300 300 300 300 300 300 300 300 300 300
3511.16 2251.02 1361.63 891.577 708.128 633.159 617.161 541.115 524.695 495.836 477.933 467.047 450.818 443.675 433.021 432.271 422.414 413.964 410.652 407.992 405.074 403.781 401.251 397.633 376.107 344.88 334.461 325.271 317.357 307.769 303.721 302.163 301.388 300.89 300.392 300.294 300.157 300.112 300.067 300.01 300.006 300.003 300.001 300 300 300 300 300 300 300 300 300 300 300 300 300 300 300 300 300 300 300 300 300 300 300 300 300 300 300 300 300 300 300 300 300 300 300 300 300 300 300 300 300 300 300 300 300 300 300 300 300 300 300 300
3026.94 2365.27 1336.98 846.653 738.372 676.134 617.948 571.717 541.385 519.661 506.634 483.934 462.582 445.786 438.37 429.385 424.002 418.235 412.694 409.374 406.198 402.536 398.277 395.011 392.423 390.165 382.535 348.171 317.634 310.615 305.106 303.278 302.114 301.163 300.583 300.395 300.225 300.127 300.085 300.019 300.006 300.004 300.001 300.001 300 300 300 300 300 300 300 300 300 300 300 300 300 300 300 300 300 300 300 300 300 300 300 300 300 300 300 300 300 300 300 300 300 300 300 300 300 300 300 300 300 300 300 300 300 300 300 300 300 300 300
3669.94 2215.92 1393.39 855.438 717.782 661.156 611.402 556.93 523.899 503.207 492.462 462.245 449.016 446.105 435.261 425.898 423.57 419.975 418.205 415.479 413.848 412.2 411.047 410.005 408.784 408.372 407.792 407.386 407.013 406.598 406.337 406.013 405.418 404.528 403.903 403.545 403.414 403.343 403.32 403.288 403.286 403.286 403.286 403.286 403.286 403.286 403.286 403.286 403.286 403.286 403.286 403.286 403.286 403.286 403.286 403.286 403.286 403.286 403.286 403.286 403.286 403.286 403.286 403.286 403.286 403.286 403.286 403.286 403.286 403.286 403.286 403.286 403.286 403.286 403.286 403.286 403.286 403.286 403.286 403.286 403.286 403.286 403.286 403.286 403.286 403.286 403.286 403.286 403.286 403.286 403.286 403.286 403.286 403.286 403.286
2753.08 2268.59 1363.15 847.275 778.753 678.924 624.345 577.23 555.666 526.789 506.934 497.952 472.147 450.927 437.612 427.971 420.572 418.313 414.557 408.41 405.272 403.306 400.067 396.894 394.155 391.848 386.17 368.665 325.073 312.867 306.883 303.575 302.18 301.462 300.865 300.472 300.247 300.158 300.094 300.021 300.009 300.004 300.002 300.001 300 300 300 300 300 300 300 300 300 300 300 300 300 300 300 300 300 300 300 300 300 300 300 300 300 300 300 300 300 300 300 300 300 300 300 300 300 300 300 300 300 300 300 300 300 300 300 300 300 300 300
3912.67 1953.45 1428 784.071 702.778 632.912 588.33 568.974 540.841 507.528 471.003 463.837 447.625 435.233 425.38 421.932 417.111 412.871 408.575 404.108 400.565 398.659 394.958 390.805 386.606 365.125 326.196 312.529 306.782 304.478 302.744 301.584 300.827 300.567 300.286 300.214 300.112 300.071 300.039 300.008 300.004 300.002 300.001 300 300 300 300 300 300 300 300 300 300 300 300 300 300 300 300 300 300 300 300 300 300 300 300 300 300 300 300 300 300 300 300 300 300 300 300 300 300 300 300 300 300 300 300 300 300 300 300 300 300 300 300
3874.01 2350.33 1448.74 865.952 744.782 659.68 610.522 563.732 533.399 506.15 495.882 478.584 469.408 450.239 444.352 436.575 432.265 428.111 424.238 422.322 420.958 419.556 418.652 417.564 414.827 408.789 399.373 377.742 360.529 353.557 345.697 333.653 322.815 309.862 305.705 302.757 301.877 301.004 300.456 300.101 300.048 300.022 300.008 300.004 300.002 300.001 300 300 300 300 300 300 300 300 300 300 300 300 300 300 300 300 300 300 300 300 300 300 300 300 300 300 300 300 300 300 300 300 300 300 300 300 300 300 300 300 300 300 300 300 300 300 300 300 300
3492.19 2088.78 1473.68 873.698 726.079 632.361 615.94 577.368 542.803 520.49 484.601 484.601 464.538 446.438 435.236 427.791 420.355 416.358 409.915 404.283 400.804 399.262 395.166 392.431 389.188 378.604 348.147 318.345 310.971 305.157 303.48 302.176 300.862 300.53 300.398 300.224 300.138 300.084 300.05 300.011 300.005 300.002 300.001 300 300 300 300 300 300 300 300 300 300 300 300 300 300 300 300 300 300 300 300 300 300 300 300 300 300 300 300 300 300 300 300 300 300 300 300 300 300 300 300 300 300 300 300 300 300 300 300 300 300 300 300
3656.2 2512.35 1528.84 818.585 768.645 673.994 614.238 581.114 532.46 498.722 479.979 464.359 444.847 436.933 429.433 422.245 416.217 413.872 409.101 406.325 404.306 402.449 399.568 396.164 392.946 390.094 380.339 352.363 323.543 310.043 306.688 303.834 302.282 300.798 300.798 300.38 300.237 300.168 300.084 300.017 300.009 300.004 300.001 300.001 300 300 300 300 300 300 300 300 300 300 300 300 300 300 300 300 300 300 300 300 300 300 300 300 300 300 300 300 300 300 300 300 300 300 300 300 300 300 300 300 300 300 300 300 300 300 300 300 300 300 300
3356.29 2228.44 1298.2 861.374 761.711 612.782 582.361 552.118 527.252 522.595 503.981 469.471 455.181 442.174 441.026 430.343 424.618 422.483 418.38 416.156 413.55 411.911 410.505 409.377 408.675 407.879 407.44 407.104 406.768 406.517 406.124 405.647 405.113 404.6 403.804 403.549 403.41 403.335 403.317 403.288 403.286 403.286 403.286 403.286 403.286 403.286 403.286 403.286 403.286 403.286 403.286 403.286 403.286 403.286 403.286 403.286 403.286 403.286 403.286 403.286 403.286 403.286 403.286 403.286 403.286 403.286 403.286 403.286 403.286 403.286 403.286 403.286 403.286 403.286 403.286 403.286 403.286 403.286 403.286 403.286 403.286 403.286 403.286 403.286 403.286 403.286 403.286 403.286 403.286 403.286 403.286 403.286 403.286 403.286 403.286
3745.75 2389.34 1496.82 895.482 708.593 653.546 607.387 546.554 539.533 516.621 475.724 475.724 465.103 451.983 447.571 435.019 430.568 427.857 424.426 421.302 421.258 420.095 419.391 418.732 417.564 416.247 410.219 402.567 400.133 393.04 360.343 339.517 332.286 323.814 313.271 306.877 303.916 302.078 301.077 300.217 300.095 300.039 300.014 300.006 300.003 300.001 300.001 300 300 300 300 300 300 300 300 300 300 300 300 300 300 300 300 300 300 300 300 300 300 300 300 300 300 300 300 300 300 300 300 300 300 300 300 300 300 300 300 300 300 300 300 300 300 300 300
3951.02 1689.82 1547.08 908.725 750.634 646.303 598.842 570.458 559.152 527.995 508.343 490.141 470.83 447.113 432.94 427.566 420.148 411.953 408.125 404.962 403.533 401.431 397.322 393.487 391.26 378.518 337.506 317.026 312.308 305.382 303.585 301.927 301.021 300.571 300.364 300.246 300.15 300.088 300.053 300.011 300.005 300.002 300.001 300 300 300 300 300 300 300 300 300 300 300 300 300 300 300 300 300 300 300 300 300 300 300 300 300 300 300 300 300 300 300 300 300 300 300 300 300 300 300 300 300 300 300 300 300 300 300 300 300 300 300 300
3072.36 1820.05 1449.71 874.043 721.979 679.806 603.146 578.573 534.45 515.137 479.885 471.978 444.113 438.021 423.007 419.906 414.074 409.15 405.323 403.117 400.129 397.129 391.756 388.37 374.317 341.822 320.092 310.264 306.224 302.381 301.635 301.155 300.685 300.417 300.255 300.163 300.096 300.059 300.033 300.007 300.003 300.001 300.001 300 300 300 300 300 300 300 300 300 300 300 300 300 300 300 300 300 300 300 300 300 300 300 300 300 300 300 300 300 300 300 300 300 300 300 300 300 300 300 300 300 300 300 300 300 300 300 300 300 300 300 300
3765.27 1658.57 1145.32 829.466 706.997 626.132 580.234 540.975 528.924 508.006 478.197 466.895 452.287 442.104 434.382 423.169 417.699 412.242 409.034 406.201 403.986 400.666 397.929 395.803 394.412 393 391.87 391.116 390.054 386.535 380.278 349.717 326.974 310.616 306.904 303.982 302.244 301.272 300.738 300.112 300.052 300.022 300.01 300.004 300.002 300.001 300 300 300 300 300 300 300 300 300 300 300 300 300 300 300 300 300 300 300 300 300 300 300 300 300 300 300 300 300 300 300 300 300 300 300 300 300 300 300 300 300 300 300 300 300 300 300 300 300
4280.91 1873.35 1194.11 891.362 785.122 598.485 598.485 540.218 529.204 520.97 502.661 484.294 463.329 455.462 444.106 435.151 434.52 427.538 419.514 414.939 409.606 408.511 406.211 404.528 402.837 401.301 398.852 397.119 395.528 394.373 393.122 391.846 391.12 390.6 389.954 384.387 368.211 323.008 312.208 302 300.788 300.338 300.135 300.059 300.024 300.011 300.004 300.002 300.001 300 300 300 300 300 300 300 300 300 300 300 300 300 300 300 300 300 300 300 300 300 300 300 300 300 300 300 300 300 300 300 300 300 300 300 300 300 300 300 300 300 300 300 300 300 300
2840.41 1770.4 1540.99 917.128 752.05 608.178 608.178 569.391 550.851 521.015 508.644 486.33 463.777 454.567 444.673 437.49 433.494 427.843 420.426 412.639 409.2 406.655 405.042 402.989 400.84 397.856 395.603 394.277 392.959 391.55 390.965 390.597 389.86 384.534 362.55 328.326 316.337 306.686 304.114 300.631 300.283 300.119 300.052 300.021 300.009 300.003 300.002 300.001 300 300 300 300 300 300 300 300 300 300 300 300 300 300 300 300 300 300 300 300 300 300 300 300 300 300 300 300 300 300 300 300 300 300 300 300 300 300 300 300 300 300 300 300 300 300 300
3948 2333.29 1538.26 820.313 745.38 583.769 583.769 568.979 525.782 509.232 491.962 470.647 455.665 445.894 438.221 433.527 427.929 422.397 412.877 409.277 406.398 403.916 402.203 400.188 397.49 395.445 393.619 392.765 391.487 390.897 390.551 387.229 382.42 356.028 322.458 312.481 306.408 303.665 301.986 300.311 300.125 300.055 300.026 300.011 300.005 300.002 300.001 300 300 300 300 300 300 300 300 300 300 300 300 300 300 300 300 300 300 300 300 300 300 300 300 300 300 300 300 300 300 300 300 300 300 300 300 300 300 300 300 300 300 300 300 300 300 300 300
4426.96 2175.47 1373.94 827.906 741.875 673.937 605.934 559.999 540.698 511.525 498.095 469.837 460.522 444.861 435.556 422.913 420.682 412.494 403.908 403.908 399.494 396.943 393.534 388.465 384.277 341.272 320.651 308.981 306.192 302.956 302.045 301.17 300.692 300.36 300.253 300.112 300.083 300.051 300.031 300.007 300.003 300.001 300.001 300 300 300 300 300 300 300 300 300 300 300 300 300 300 300 300 300 300 300 300 300 300 300 300 300 300 300 300 300 300 300 300 300 300 300 300 300 300 300 300 300 300 300 300 300 300 300 300 300 300 300 300
3997.26 2644.4 1646.11 902.777 767.22 693.131 638.267 567.725 535.062 510.457 488.751 467.205 453.095 443.618 428.008 421.917 415.266 412.049 403.964 401.24 398.963 398.033 395.072 391.745 388.303 382.056 356.035 319.907 312.594 305.838 304.096 302.439 301.211 300.768 300.425 300.265 300.139 300.097 300.058 300.012 300.006 300.003 300.001 300 300 300 300 300 300 300 300 300 300 300 300 300 300 300 300 300 300 300 300 300 300 300 300 300 300 300 300 300 300 300 300 300 300 300 300 300 300 300 300 300 300 300 300 300 300 300 300 300 300 300 300
3997.09 2398.04 1370.74 765.62 704.53 629.211 594.688 528.582 528.582 504.944 489.264 474.598 451.233 449.602 440.33 437.109 431.561 427.596 424.291 422.866 416.439 410.966 408.021 405.579 404.077 402.922 402.235 401.647 401.142 400.774 399.801 397.017 395.845 394.622 392.842 392.041 391.316 390.943 390.769 382.343 352.882 319.785 306.563 302.572 301.208 300.416 300.177 300.071 300.027 300.01 300.003 300.001 300.001 300 300 300 300 300 300 300 300 300 300 300 300 300 300 300 300 300 300 300 300 300 300 300 300 300 300 300 300 300 300 300 300 300 300 300 300 300 300 300 300 300 300
3956.3 1858.23 1537.94 877.133 679.714 664.473 589.723 542.108 529.802 494.241 482.426 465.824 448.721 443.793 436.634 430.638 425.41 423.963 421.917 420.376 417.806 410.188 405.467 403.528 401.981 401.129 397.91 371.865 354.356 352.107 349.598 345.108 332.063 325.858 314.421 306.242 303.182 301.946 301.089 300.181 300.088 300.04 300.016 300.006 300.003 300.001 300 300 300 300 300 300 300 300 300 300 300 300 300 300 300 300 300 300 300 300 300 300 300 300 300 300 300 300 300 300 300 300 300 300 300 300 300 300 300 300 300 300 300 300 300 300 300 300 300
3507.31 1839.64 1506.39 857.197 737.346 674.659 595.228 569.791 550.576 525.895 494.88 481.12 461.444 441.887 424.424 419.155 412.388 411.586 406.052 404.389 403.058 400.004 395.944 393.775 392.275 388.208 373.318 333.303 315.075 308.867 305.765 303.262 301.723 300.94 300.591 300.336 300.212 300.129 300.072 300.015 300.006 300.003 300.001 300.001 300 300 300 300 300 300 300 300 300 300 300 300 300 300 300 300 300 300 300 300 300 300 300 300 300 300 300 300 300 300 300 300 300 300 300 300 300 300 300 300 300 300 300 300 300 300 300 300 300 300 300
3464.65 2079.15 1312.26 876.718 690.178 667.334 617.521 597.157 535.299 519.163 505.817 478.667 461.094 449.304 439.502 433.306 428.579 426.323 423.378 419.177 412.714 406.246 404.644 403.338 402.827 401.964 400.79 398.72 382.095 353.38 338.645 329.63 321.052 310.199 305.322 302.884 301.317 300.981 300.571 300.114 300.052 300.02 300.01 300.004 300.002 300.001 300 300 300 300 300 300 300 300 300 300 300 300 300 300 300 300 300 300 300 300 300 300 300 300 300 300 300 300 300 300 300 300 300 300 300 300 300 300 300 300 300 300 300 300 300 300 300 300 300
3417.72 1987.68 1656.97 876.744 714.845 641.696 607.807 554.905 522.259 493.664 484.451 455.383 435.152 423.507 421.774 412.682 409.214 407.101 405.312 403.311 401.911 398.916 396.504 394.653 392.104 387.086 372.9 338.444 320.537 310.372 306.79 303.562 301.733 301.171 300.666 300.342 300.158 300.13 300.065 300.018 300.007 300.004 300.001 300.001 300 300 300 300 300 300 300 300 300 300 300 300 300 300 300 300 300 300 300 300 300 300 300 300 300 300 300 300 300 300 300 300 300 300 300 300 300 300 300 300 300 300 300 300 300 300 300 300 300 300 300
3680.47 2078.75 1556.18 876.474 697.832 619.466 572.76 548.179 530.185 494.88 493.864 474.28 458.996 451.243 445.409 438.025 432.213 431.558 426.885 422.133 417.362 413.904 411.24 409.355 407.043 403.9 399.942 397.403 394.893 392.837 391.531 391.117 390.687 389.085 379.48 345.219 320.624 308.218 303.754 300.691 300.279 300.127 300.053 300.02 300.007 300.003 300.001 300 300 300 300 300 300 300 300 300 300 300 300 300 300 300 300 300 300 300 300 300 300 300 300 300 300 300 300 300 300 300 300 300 300 300 300 300 300 300 300 300 300 300 300 300 300 300 300
3249.51 2068.65 1256.2 897.496 769.991 667.901 612.569 585.81 539.75 523.664 498.034 478.175 464.154 452.544 443.509 436.673 429.013 426.451 425.2 422.887 420.956 419.872 418.275 412.016 405.426 403.252 402.211 401.209 400.313 398.295 396.069 393.343 388.079 349.158 324.535 309.406 306.167 303.29 301.818 300.36 300.163 300.062 300.025 300.011 300.005 300.002 300.001 300 300 300 300 300 300 300 300 300 300 300 300 300 300 300 300 300 300 300 300 300 300 300 300 300 300 300 300 300 300 300 300 300 300 300 300 300 300 300 300 300 300 300 300 300 300 300 300
4416.89 2464.96 1433.27 936.9 710.128 663.16 596.247 555.897 553.288 508.687 495.063 458.639 441.874 427.825 422.057 414.237 407.873 405.945 402.048 398.685 395.618 392.231 389.876 386.735 367.304 328.736 312.332 308.224 305.217 302.915 301.52 301.118 300.637 300.369 300.199 300.129 300.081 300.047 300.032 300.006 300.003 300.001 300.001 300 300 300 300 300 300 300 300 300 300 300 300 300 300 300 300 300 300 300 300 300 300 300 300 300 300 300 300 300 300 300 300 300 300 300 300 300 300 300 300 300 300 300 300 300 300 300 300 300 300 300 300
3917.29 2076.02 1341.36 890.249 704.934 680.027 614.114 559.753 543.141 513.709 485.659 469.11 453.97 436.873 430.66 422.722 414.724 410.488 406.286 403.469 401.126 398.732 395.413 393.314 389.374 376.247 334.969 316.207 309.508 305.934 303.138 302.144 301.117 300.697 300.375 300.26 300.145 300.094 300.053 300.009 300.005 300.002 300.001 300 300 300 300 300 300 300 300 300 300 300 300 300 300 300 300 300 300 300 300 300 300 300 300 300 300 300 300 300 300 300 300 300 300 300 300 300 300 300 300 300 300 300 300 300 300 300 300 300 300 300 300
3475.07 2379.9 1617.11 894.403 689.936 655.205 604.553 576.083 539.378 519.699 486.517 464.42 460.831 450.529 444.002 438.198 428.095 426.293 421.715 414.453 408.742 405.912 403.957 402.78 402.265 401.241 400.203 397.895 395.904 394.197 392.985 391.897 391.212 391.005 390.704 390.099 385.873 366.943 331.217 305.629 302.14 300.839 300.337 300.15 300.064 300.025 300.01 300.004 300.001 300.001 300 300 300 300 300 300 300 300 300 300 300 300 300 300 300 300 300 300 300 300 300 300 300 300 300 300 300 300 300 300 300 300 300 300 300 300 300 300 300 300 300 300 300 300 300
3156.79 2234.64 1337.19 868.918 774.791 686.705 591.585 549.821 529.386 514.909 486.916 468.782 454.973 442.93 438.927 432.566 423.827 417.322 414.624 411.598 407.287 404.469 401.592 398.053 396.313 394.377 393.122 392.272 391.452 391.066 390.512 386.73 378.425 347.841 323.496 310.42 305.355 303.979 301.786 300.274 300.137 300.051 300.019 300.01 300.005 300.002 300.001 300 300 300 300 300 300 300 300 300 300 300 300 300 300 300 300 300 300 300 300 300 300 300 300 300 300 300 300 300 300 300 300 300 300 300 300 300 300 300 300 300 300 300 300 300 300 300 300
