115.047 85.1595 31.5289 17.2172 10.7124 10.7124 7.61807 7.11177 6.42135 5.73982 5.63267 5.36561 4.84581 4.31728 3.87622 3.53988 3.03352 2.66854 2.41127 1.7782 1.42039 1.16625 0.837274 0.562648 0.351159 0.205588 0.114282 0.0218941 0.00715323 0.00271968 0.00131862 0.000404682 0.00026977 8.51277e-05 4.13752e-05 1.65518e-05 7.39321e-06 2.6966e-06 4.22149e-07 2.62145e-07 5.66819e-08 2.09573e-08 0 0 0 0 0 0 0 0 0 0 0 0 0 0 0 0 0 0 0 0 0 0 0 0 0 0 0 0 0 0 0 0 0 0 0 0 0 0 0 0 0 0 0 0 0 0 0 0 0 0 0 0 0 0
240.712 143.817 78.861 20.7746 12.9271 9.47942 8.83521 7.03973 6.56054 5.72677 5.04398 4.72196 4.31867 4.05596 3.50565 3.02451 2.56892 2.20137 1.7264 1.32986 0.922443 0.577599 0.403322 0.253821 0.131157 0.0629278 0.0184588 0.00247427 0.00203096 0.000670675 0.000205062 0.000102161 5.85878e-05 2.40419e-05 1.12034e-05 4.95209e-06 1.61464e-06 4.8052e-07 2.46784e-07 5.16036e-08 1.94019e-08 0 0 0 0 0 0 0 0 0 0 0 0 0 0 0 0 0 0 0 0 0 0 0 0 0 0 0 0 0 0 0 0 0 0 0 0 0 0 0 0 0 0 0 0 0 0 0 0 0 0 0 0 0 0 0
196.862 121.986 58.9427 17.1665 11.594 8.96483 7.78534 7.24937 6.77204 6.08919 5.51861 5.28659 4.63922 4.28053 3.74516 3.36491 2.81689 2.44086 1.86418 1.52112 1.12542 0.814769 0.537655 0.352846 0.210592 0.053261 0.0407584 0.0070545 0.00186742 0.00100503 0.000556132 5.82112e-05 5.82112e-05 3.28581e-05 1.08072e-05 4.3681e-06 1.74405e-06 5.24664e-07 3.0007e-07 6.62408e-08 1.78056e-08 0 0 0 0 0 0 0 0 0 0 0 0 0 0 0 0 0 0 0 0 0 0 0 0 0 0 0 0 0 0 0 0 0 0 0 0 0 0 0 0 0 0 0 0 0 0 0 0 0 0 0 0 0 0 0
350.243 85.9173 40.1549 21.9042 16.173 10.6636 8.47909 7.83867 7.03306 6.86478 6.1637 5.85738 5.49155 5.04563 4.62054 4.08739 3.54618 3.14724 2.73202 2.1672 1.59474 1.21305 0.831885 0.566808 0.311114 0.201776 0.0890543 0.0179653 0.00841862 0.00225994 0.000963204 0.00024416 0.000222452 3.08157e-05 3.08157e-05 6.62317e-06 5.72744e-06 1.20936e-06 8.22455e-07 1.77701e-07 3.85724e-08 0 0 0 0 0 0 0 0 0 0 0 0 0 0 0 0 0 0 0 0 0 0 0 0 0 0 0 0 0 0 0 0 0 0 0 0 0 0 0 0 0 0 0 0 0 0 0 0 0 0 0 0 0 0 0
125.702 85.9588 45.88 17.7761 13.6924 10.3738 7.5833 7.19882 7.08829 6.37927 5.90954 5.37285 4.90343 4.33956 3.96591 3.5113 3.09854 2.6898 2.17059 1.77835 1.38715 1.12695 0.747559 0.426603 0.283686 0.151613 0.0926829 0.0158711 0.00642989 0.00171568 0.000621419 0.000219908 0.000123395 3.80618e-05 2.70686e-05 8.14786e-06 2.58328e-06 7.99164e-07 3.40545e-07 7.03618e-08 2.79868e-08 0 0 0 0 0 0 0 0 0 0 0 0 0 0 0 0 0 0 0 0 0 0 0 0 0 0 0 0 0 0 0 0 0 0 0 0 0 0 0 0 0 0 0 0 0 0 0 0 0 0 0 0 0 0 0
232.254 91.5277 46.0465 22.5107 11.7896 10.3774 8.83413 6.97485 6.52625 5.88569 5.19161 4.85936 4.35549 4.04704 3.64922 3.35245 2.7775 2.18143 1.86087 1.42858 0.932865 0.691248 0.478249 0.321396 0.200736 0.103469 0.0439465 0.00521634 0.00261207 0.000685223 0.000452534 0.000150996 9.16278e-05 4.70528e-05 2.26717e-05 7.14439e-06 2.44905e-06 1.28279e-06 3.33895e-07 7.17275e-08 1.45581e-08 0 0 0 0 0 0 0 0 0 0 0 0 0 0 0 0 0 0 0 0 0 0 0 0 0 0 0 0 0 0 0 0 0 0 0 0 0 0 0 0 0 0 0 0 0 0 0 0 0 0 0 0 0 0 0
410.663 98.2652 41.005 20.1715 12.2408 6.84575 6.84575 6.36831 5.49528 5.21431 4.64516 4.40714 3.98273 3.54903 3.03585 2.53433 2.05138 1.83034 1.41354 0.899789 0.565304 0.387149 0.330366 0.172619 0.0732823 0.0485393 0.0202764 0.00300472 0.00137956 0.000467392 0.000146495 0.000112462 3.25883e-05 1.67925e-05 6.80911e-06 2.19692e-06 1.0907e-06 3.5103e-07 6.93123e-08 2.01416e-08 0 0 0 0 0 0 0 0 0 0 0 0 0 0 0 0 0 0 0 0 0 0 0 0 0 0 0 0 0 0 0 0 0 0 0 0 0 0 0 0 0 0 0 0 0 0 0 0 0 0 0 0 0 0 0 0
345.035 127.899 41.2977 24.1685 14.1838 10.36 8.75918 7.34967 6.57253 6.35022 5.7788 5.28682 5.02745 4.58785 4.25001 3.86398 3.246 2.90075 2.56036 2.1222 1.55034 1.17246 0.785669 0.573206 0.358237 0.222277 0.135468 0.0430649 0.012757 0.00420804 0.00141562 0.000660671 0.000289724 0.000174296 7.01356e-05 2.30269e-05 7.9254e-06 4.64302e-06 9.61723e-07 3.12201e-07 1.05727e-07 1.01149e-08 0 0 0 0 0 0 0 0 0 0 0 0 0 0 0 0 0 0 0 0 0 0 0 0 0 0 0 0 0 0 0 0 0 0 0 0 0 0 0 0 0 0 0 0 0 0 0 0 0 0 0 0 0 0
152.546 129.791 33.1709 13.7111 11.2351 8.93649 7.70642 7.31706 6.58948 5.66094 5.2018 4.50434 4.27211 3.88548 3.64347 3.17854 2.7577 2.35043 1.88285 1.47719 1.16749 0.816021 0.446983 0.356332 0.204808 0.109373 0.0640222 0.00903799 0.00480934 0.000798569 0.000622233 0.000273647 8.9079e-05 3.22224e-05 1.61776e-05 2.94544e-06 2.94544e-06 7.17709e-07 3.03426e-07 9.09919e-08 1.90311e-08 0 0 0 0 0 0 0 0 0 0 0 0 0 0 0 0 0 0 0 0 0 0 0 0 0 0 0 0 0 0 0 0 0 0 0 0 0 0 0 0 0 0 0 0 0 0 0 0 0 0 0 0 0 0 0
275.335 137.704 25.8269 20.2462 13.3827 12.4036 8.76023 7.74159 6.97493 6.28677 5.97844 5.29301 5.10097 4.6718 4.28895 3.85035 3.19145 2.76203 2.30105 1.85846 1.49426 1.11282 0.762564 0.423349 0.27233 0.176314 0.0867686 0.018793 0.00410016 0.00265189 0.00172226 0.000234845 0.000234845 0.000102752 4.30578e-05 1.12399e-05 6.91657e-06 2.04952e-06 8.36393e-07 3.38703e-07 9.26568e-08 2.02067e-08 0 0 0 0 0 0 0 0 0 0 0 0 0 0 0 0 0 0 0 0 0 0 0 0 0 0 0 0 0 0 0 0 0 0 0 0 0 0 0 0 0 0 0 0 0 0 0 0 0 0 0 0 0 0
277.085 115.763 46.8681 19.166 11.6872 10.2007 8.28135 6.36508 5.80263 5.49867 5.1234 4.58537 4.18115 3.66919 3.44285 3.09842 2.68062 2.25937 1.88167 1.52144 1.20891 0.879699 0.571188 0.378211 0.261938 0.131352 0.0377085 0.00794188 0.00301232 0.00167659 0.000710761 0.000185242 9.33762e-05 3.98392e-05 1.89982e-05 8.09043e-06 3.4757e-06 1.2045e-06 2.00637e-07 6.88214e-08 3.74853e-08 1.2671e-08 0 0 0 0 0 0 0 0 0 0 0 0 0 0 0 0 0 0 0 0 0 0 0 0 0 0 0 0 0 0 0 0 0 0 0 0 0 0 0 0 0 0 0 0 0 0 0 0 0 0 0 0 0 0
699.497 115.194 71.3139 23.195 12.283 10.0279 8.67143 8.67143 6.72447 6.17222 5.67442 5.21463 4.79659 4.49349 3.90271 3.60303 3.18176 2.78908 2.40776 2.04153 1.51375 1.02113 0.747418 0.537545 0.316516 0.231818 0.102029 0.0314231 0.0114734 0.00284129 0.000963467 0.000716676 0.00029843 8.72165e-05 2.80635e-05 1.61442e-05 7.14861e-06 2.62235e-06 6.59422e-07 2.76331e-07 3.44626e-08 1.50591e-08 0 0 0 0 0 0 0 0 0 0 0 0 0 0 0 0 0 0 0 0 0 0 0 0 0 0 0 0 0 0 0 0 0 0 0 0 0 0 0 0 0 0 0 0 0 0 0 0 0 0 0 0 0 0
489.959 149.714 62.3615 14.1604 12.0282 8.33744 8.33744 7.32843 7.02157 6.29918 5.56336 5.35932 5.05059 4.64909 4.32632 3.81907 3.43404 3.13078 2.64162 2.17307 1.59728 1.23606 0.840655 0.580093 0.338078 0.190694 0.124568 0.0398098 0.0123857 0.00501946 0.00217641 0.000940596 0.000343156 0.000266285 6.62425e-05 1.93311e-05 1.38164e-05 8.20621e-07 8.20621e-07 3.11692e-07 7.04564e-08 1.78571e-08 0 0 0 0 0 0 0 0 0 0 0 0 0 0 0 0 0 0 0 0 0 0 0 0 0 0 0 0 0 0 0 0 0 0 0 0 0 0 0 0 0 0 0 0 0 0 0 0 0 0 0 0 0 0
111.367 99.8804 93.9533 23.731 13.4151 12.2039 9.48239 7.14445 6.5088 5.60386 5.30005 4.91714 4.57311 4.22248 3.78568 3.09651 2.67631 2.28743 1.87887 1.40056 1.14054 0.801159 0.498723 0.308538 0.190893 0.0795173 0.0373532 0.00280746 0.00188485 0.000749431 0.000396047 8.20037e-05 4.9003e-05 2.56175e-05 3.45066e-06 3.45066e-06 6.95834e-07 2.87085e-07 1.32995e-07 2.64941e-08 0 0 0 0 0 0 0 0 0 0 0 0 0 0 0 0 0 0 0 0 0 0 0 0 0 0 0 0 0 0 0 0 0 0 0 0 0 0 0 0 0 0 0 0 0 0 0 0 0 0 0 0 0 0 0 0
281.488 125.279 64.2271 26.7608 11.0593 11.0593 8.5145 6.93854 5.70908 5.41807 5.19191 4.71856 4.37723 3.63715 3.38974 3.04664 2.57595 2.12556 1.72155 1.26858 0.934634 0.579193 0.403149 0.270875 0.172798 0.0915599 0.0532709 0.0112535 0.00379523 0.000786599 0.000294127 0.000202323 4.66321e-05 2.28711e-05 1.42779e-05 6.15095e-06 2.78286e-06 7.30689e-07 3.12614e-07 1.15522e-07 2.67206e-08 0 0 0 0 0 0 0 0 0 0 0 0 0 0 0 0 0 0 0 0 0 0 0 0 0 0 0 0 0 0 0 0 0 0 0 0 0 0 0 0 0 0 0 0 0 0 0 0 0 0 0 0 0 0 0
295.607 103.71 69.0881 20.7038 13.3728 9.1954 6.97653 6.43441 6.18693 5.50556 5.34859 4.42661 4.11904 3.78869 3.42224 3.08722 2.62438 2.14286 1.70809 1.17382 0.707674 0.565939 0.364318 0.163193 0.100498 0.0397861 0.0160991 0.00126085 0.00126085 0.000470523 0.000210148 6.80244e-05 2.83832e-05 1.33703e-05 5.72157e-06 2.25854e-06 7.82472e-07 1.3987e-07 3.39919e-08 2.8972e-08 0 0 0 0 0 0 0 0 0 0 0 0 0 0 0 0 0 0 0 0 0 0 0 0 0 0 0 0 0 0 0 0 0 0 0 0 0 0 0 0 0 0 0 0 0 0 0 0 0 0 0 0 0 0 0 0
210.5 94.9701 30.9654 14.6307 10.7369 10.4376 8.644 6.74438 6.28215 5.84053 5.2218 4.91161 4.43915 4.08757 3.74595 3.31946 2.93235 2.46286 2.16213 1.68923 1.36152 1.12034 0.731435 0.441389 0.329912 0.193825 0.106785 0.0239714 0.00973224 0.00312242 0.000922016 0.000295625 0.000295625 5.40998e-05 1.45756e-05 1.08612e-05 5.53361e-06 3.74625e-06 1.08333e-06 1.15657e-07 3.47441e-08 0 0 0 0 0 0 0 0 0 0 0 0 0 0 0 0 0 0 0 0 0 0 0 0 0 0 0 0 0 0 0 0 0 0 0 0 0 0 0 0 0 0 0 0 0 0 0 0 0 0 0 0 0 0 0
585.973 114.745 57.8555 18.9067 13.3282 11.7678 9.02125 7.41058 6.9766 6.00972 5.13741 4.90531 4.41885 4.13 3.82533 3.54372 2.99974 2.66339 2.0123 1.74058 1.29144 0.922897 0.676958 0.466004 0.273276 0.135292 0.0841452 0.0217528 0.00622589 0.00197529 0.000829999 0.000473188 0.000215473 5.10369e-05 3.07294e-05 9.38065e-06 2.99701e-06 2.4932e-06 4.3473e-07 1.04606e-07 4.66706e-08 0 0 0 0 0 0 0 0 0 0 0 0 0 0 0 0 0 0 0 0 0 0 0 0 0 0 0 0 0 0 0 0 0 0 0 0 0 0 0 0 0 0 0 0 0 0 0 0 0 0 0 0 0 0 0
299.645 98.116 36.4861 19.9255 16.1987 10.4983 9.06932 6.56704 6.56704 5.83957 5.31805 5.00334 4.62289 4.16773 3.96893 3.49686 3.16204 2.67401 2.02631 1.69511 1.25819 0.905044 0.714909 0.390059 0.245397 0.156221 0.0726144 0.00695957 0.0031118 0.00145508 0.000651104 0.000255882 8.08229e-05 1.35825e-05 9.99077e-06 5.58673e-06 3.20811e-06 4.87403e-07 1.395e-07 4.44322e-08 1.56426e-08 0 0 0 0 0 0 0 0 0 0 0 0 0 0 0 0 0 0 0 0 0 0 0 0 0 0 0 0 0 0 0 0 0 0 0 0 0 0 0 0 0 0 0 0 0 0 0 0 0 0 0 0 0 0 0
254.548 82.1348 21.8972 18.8199 12.2007 10.1988 8.57573 7.2921 6.43039 5.26455 4.95668 4.25606 4.07526 3.69413 3.15822 2.80641 2.28845 1.85135 1.491 1.08948 0.8094 0.449881 0.310221 0.165139 0.0616422 0.0390698 0.0135053 0.00187584 0.000641877 0.000463284 0.000161225 2.02199e-05 2.02199e-05 5.95477e-06 3.98485e-06 1.85778e-06 6.38906e-07 2.67584e-07 8.61609e-08 3.38691e-08 0 0 0 0 0 0 0 0 0 0 0 0 0 0 0 0 0 0 0 0 0 0 0 0 0 0 0 0 0 0 0 0 0 0 0 0 0 0 0 0 0 0 0 0 0 0 0 0 0 0 0 0 0 0 0 0
414.163 85.5512 70.1657 12.7473 12.7473 9.6277 8.87537 7.66793 7.1818 6.53017 5.82709 5.32475 4.9622 4.55825 4.05747 3.76536 3.09053 2.66515 2.24099 1.88666 1.48198 1.13798 0.781359 0.547497 0.293315 0.133053 0.0654385 0.0126866 0.00474698 0.00175357 0.000530072 0.000205012 0.000112231 6.32318e-05 2.80747e-05 7.40793e-06 2.30204e-06 8.18508e-07 2.97416e-07 1.82416e-07 3.78042e-08 0 0 0 0 0 0 0 0 0 0 0 0 0 0 0 0 0 0 0 0 0 0 0 0 0 0 0 0 0 0 0 0 0 0 0 0 0 0 0 0 0 0 0 0 0 0 0 0 0 0 0 0 0 0 0
310.658 83.2168 52.7676 16.7172 15.9251 8.55842 8.55842 6.07334 6.07334 5.88525 5.32202 5.02047 4.72633 4.3136 3.92114 3.56979 3.11038 2.5237 2.30523 1.80653 1.47242 1.1473 0.798548 0.554815 0.330256 0.207076 0.107166 0.0189047 0.00661208 0.00212499 0.000899137 0.000401195 0.000197536 7.28477e-05 2.51441e-05 1.13121e-05 4.1443e-06 1.07148e-06 5.90687e-07 2.184e-07 2.18262e-08 0 0 0 0 0 0 0 0 0 0 0 0 0 0 0 0 0 0 0 0 0 0 0 0 0 0 0 0 0 0 0 0 0 0 0 0 0 0 0 0 0 0 0 0 0 0 0 0 0 0 0 0 0 0 0
288.266 80.2967 75.1012 14.8437 14.5273 8.74726 8.36991 7.03244 5.82286 5.49315 5.39332 4.85042 4.47407 4.05033 3.5814 3.1455 2.84399 2.26799 1.87785 1.51711 1.01679 0.759149 0.571468 0.406016 0.260655 0.146466 0.0590932 0.0103137 0.00417211 0.000666888 0.000322835 0.000271198 6.54924e-05 3.15748e-05 1.38709e-05 6.54625e-06 2.18364e-06 8.00518e-07 2.18674e-07 9.66268e-08 3.59679e-08 0 0 0 0 0 0 0 0 0 0 0 0 0 0 0 0 0 0 0 0 0 0 0 0 0 0 0 0 0 0 0 0 0 0 0 0 0 0 0 0 0 0 0 0 0 0 0 0 0 0 0 0 0 0 0
139.726 102.457 62.1564 14.0497 10.8985 10.8985 7.86611 7.25791 6.14331 5.21414 4.93013 4.72699 4.11473 3.76608 3.48526 3.12383 2.51351 2.07646 1.60475 1.26739 0.799997 0.497186 0.364523 0.174118 0.119742 0.0423794 0.019478 0.0032894 0.00198917 0.00031322 0.000310635 8.32438e-05 4.15825e-05 1.37336e-05 4.83446e-06 2.69901e-06 9.54129e-07 3.64737e-07 1.29486e-07 2.96999e-08 1.61438e-08 0 0 0 0 0 0 0 0 0 0 0 0 0 0 0 0 0 0 0 0 0 0 0 0 0 0 0 0 0 0 0 0 0 0 0 0 0 0 0 0 0 0 0 0 0 0 0 0 0 0 0 0 0 0 0
173.677 125.936 44.84 15.8056 15.2069 9.38379 8.5532 7.84194 6.67744 6.16504 5.48735 4.87976 4.57893 4.24987 3.73539 3.16966 2.74066 2.43817 2.03426 1.56118 1.20797 0.88978 0.600604 0.432217 0.234138 0.145754 0.0826555 0.00928582 0.00270545 0.000841435 0.000770082 0.000309254 9.49464e-05 3.2131e-05 1.89186e-05 7.75522e-06 2.1452e-06 8.97816e-07 1.81077e-07 6.96477e-08 3.65707e-08 0 0 0 0 0 0 0 0 0 0 0 0 0 0 0 0 0 0 0 0 0 0 0 0 0 0 0 0 0 0 0 0 0 0 0 0 0 0 0 0 0 0 0 0 0 0 0 0 0 0 0 0 0 0 0
418.063 119.567 46.4869 16.2453 11.555 10.9233 7.81838 7.69051 6.57325 6.04363 5.66592 5.34914 4.96828 4.4943 3.92 3.64478 3.22316 2.82111 2.29612 1.82862 1.40287 1.04926 0.731728 0.480651 0.245318 0.157004 0.102014 0.0109911 0.00215544 0.00150323 0.00054596 0.000264033 4.44264e-05 3.41087e-05 1.78971e-05 6.34004e-06 3.60835e-06 1.55365e-06 2.61039e-07 1.04178e-07 1.5133e-08 0 0 0 0 0 0 0 0 0 0 0 0 0 0 0 0 0 0 0 0 0 0 0 0 0 0 0 0 0 0 0 0 0 0 0 0 0 0 0 0 0 0 0 0 0 0 0 0 0 0 0 0 0 0 0
186.908 103.93 70.3556 15.33 13.407 9.55667 9.00191 7.01612 6.43584 6.07857 5.92591 5.39139 4.80065 4.39621 4.00336 3.29574 3.02408 2.59576 2.12831 1.83093 1.34783 1.03744 0.720292 0.444115 0.302957 0.146663 0.0759352 0.0196561 0.0062546 0.00308876 0.000955078 0.000356823 5.34057e-05 5.34057e-05 3.77811e-05 9.99009e-06 6.95809e-06 1.35734e-06 7.54133e-07 2.62633e-07 4.60366e-08 1.10943e-08 0 0 0 0 0 0 0 0 0 0 0 0 0 0 0 0 0 0 0 0 0 0 0 0 0 0 0 0 0 0 0 0 0 0 0 0 0 0 0 0 0 0 0 0 0 0 0 0 0 0 0 0 0 0
296.377 91.9701 58.4799 21.4639 10.0816 9.71498 7.94033 7.27497 6.6058 6.02029 5.61037 5.12197 4.702 4.3668 3.87169 3.52213 3.04508 2.52083 2.19138 1.71333 1.45848 1.05083 0.64919 0.391155 0.227289 0.137106 0.057306 0.00642581 0.00326785 0.00157862 0.000534829 0.000213161 0.000104748 5.42102e-05 2.16851e-05 4.87082e-06 2.57176e-06 3.70606e-07 3.70606e-07 8.05218e-08 2.51681e-08 0 0 0 0 0 0 0 0 0 0 0 0 0 0 0 0 0 0 0 0 0 0 0 0 0 0 0 0 0 0 0 0 0 0 0 0 0 0 0 0 0 0 0 0 0 0 0 0 0 0 0 0 0 0 0
233.167 130.508 51.0024 15.3225 11.2783 9.98207 8.90688 6.56062 6.56062 6.20546 5.71002 5.31021 4.90198 4.30429 3.87352 3.34037 2.90535 2.60386 2.14526 1.6817 1.2069 0.7872 0.599986 0.441631 0.273393 0.149655 0.0665204 0.018657 0.00569687 0.00257789 0.00112161 0.000249722 9.4452e-05 5.92848e-05 2.31803e-05 7.85563e-06 4.30515e-06 1.56326e-06 4.42826e-07 1.34839e-07 2.25465e-08 1.22504e-08 0 0 0 0 0 0 0 0 0 0 0 0 0 0 0 0 0 0 0 0 0 0 0 0 0 0 0 0 0 0 0 0 0 0 0 0 0 0 0 0 0 0 0 0 0 0 0 0 0 0 0 0 0 0
237.618 59.6978 59.6978 20.8007 12.5656 10.3569 8.59275 6.89731 6.4427 6.02647 5.52393 4.88453 4.50635 4.18855 3.90119 3.52129 3.02938 2.57869 2.11133 1.58284 1.0969 0.893557 0.641901 0.411113 0.204109 0.105005 0.0495121 0.010526 0.00398833 0.00139885 0.000498655 0.00027598 8.44506e-05 5.71058e-05 1.25875e-05 9.1894e-06 1.75937e-06 8.41871e-07 2.08799e-07 1.35354e-07 1.80146e-08 0 0 0 0 0 0 0 0 0 0 0 0 0 0 0 0 0 0 0 0 0 0 0 0 0 0 0 0 0 0 0 0 0 0 0 0 0 0 0 0 0 0 0 0 0 0 0 0 0 0 0 0 0 0 0
225.561 78.5801 64.5086 22.131 15.56 9.61139 8.34482 7.74315 6.7146 5.75599 5.57305 5.30593 4.64888 4.35292 3.93688 3.43161 3.10789 2.54932 2.15274 1.64509 1.20576 0.849046 0.6093 0.411983 0.181552 0.132323 0.0709897 0.00730579 0.00403204 0.000957422 0.000795791 0.000262561 0.000138763 2.25082e-05 1.33967e-05 4.68359e-06 2.34047e-06 1.0566e-06 2.0855e-07 1.033e-07 3.29957e-08 0 0 0 0 0 0 0 0 0 0 0 0 0 0 0 0 0 0 0 0 0 0 0 0 0 0 0 0 0 0 0 0 0 0 0 0 0 0 0 0 0 0 0 0 0 0 0 0 0 0 0 0 0 0 0
230.062 109.097 43.2971 17.2731 12.5562 11.0808 8.93504 7.60822 6.28403 5.87626 5.46685 5.07807 4.60388 4.33216 3.86177 3.41503 3.0877 2.59177 2.10742 1.72085 1.47628 1.05662 0.684836 0.503952 0.29872 0.187137 0.107193 0.0161466 0.00741124 0.00253985 0.00115521 0.00049332 0.000332855 7.57238e-05 2.49646e-05 1.52303e-05 3.1071e-06 1.42728e-06 4.96757e-07 1.44965e-07 5.11282e-08 0 0 0 0 0 0 0 0 0 0 0 0 0 0 0 0 0 0 0 0 0 0 0 0 0 0 0 0 0 0 0 0 0 0 0 0 0 0 0 0 0 0 0 0 0 0 0 0 0 0 0 0 0 0 0
224.339 135.095 42.7878 20.4462 12.7933 9.07491 8.44516 7.60952 6.8792 6.22957 5.6265 5.13104 4.77193 4.34563 3.98704 3.64658 3.35332 3.00915 2.45547 2.0141 1.49546 1.06693 0.778436 0.513645 0.349371 0.187458 0.0800166 0.0237531 0.0060718 0.00247029 0.00124217 0.000382153 9.78956e-05 7.58373e-05 3.79316e-05 7.87458e-06 6.40691e-06 1.67062e-06 5.15031e-07 2.04643e-07 3.15451e-08 1.56521e-08 0 0 0 0 0 0 0 0 0 0 0 0 0 0 0 0 0 0 0 0 0 0 0 0 0 0 0 0 0 0 0 0 0 0 0 0 0 0 0 0 0 0 0 0 0 0 0 0 0 0 0 0 0 0
363.832 156.871 28.0514 23.925 14.81 9.89029 7.09986 7.09986 6.7215 6.35856 5.52514 5.15422 4.72958 4.43092 3.91529 3.56852 2.74589 2.38178 2.02431 1.60357 1.2865 0.890512 0.568708 0.373877 0.197647 0.127599 0.0610672 0.011841 0.00333304 0.0018688 0.000564936 0.000222464 8.00231e-05 5.19926e-05 1.60175e-05 5.17386e-06 3.83806e-06 1.83339e-06 2.34707e-07 8.01398e-08 1.54744e-08 0 0 0 0 0 0 0 0 0 0 0 0 0 0 0 0 0 0 0 0 0 0 0 0 0 0 0 0 0 0 0 0 0 0 0 0 0 0 0 0 0 0 0 0 0 0 0 0 0 0 0 0 0 0 0
268.962 75.1952 45.2743 12.285 12.285 9.96371 8.24472 6.79148 6.54601 5.91723 5.6043 4.85443 4.6239 4.36002 3.86748 3.54218 3.02101 2.54587 2.27737 1.86579 1.4516 1.0932 0.744854 0.485799 0.284935 0.170451 0.0919 0.0163489 0.00514929 0.00185026 0.000491001 0.000387215 0.000119429 3.38874e-05 3.10912e-05 1.38888e-05 4.43999e-06 1.83937e-06 3.89414e-07 9.02195e-08 3.28599e-08 0 0 0 0 0 0 0 0 0 0 0 0 0 0 0 0 0 0 0 0 0 0 0 0 0 0 0 0 0 0 0 0 0 0 0 0 0 0 0 0 0 0 0 0 0 0 0 0 0 0 0 0 0 0 0
291.194 132.152 19.2615 19.2615 9.86898 9.86898 8.5492 6.84338 6.11258 5.67549 5.6356 4.84885 4.67861 4.28767 3.77146 3.37441 2.62627 2.32858 1.89609 1.46533 1.02097 0.697086 0.511767 0.307066 0.199473 0.113434 0.0502727 0.00436293 0.00248374 0.000960321 0.000360387 0.000130038 7.13391e-05 2.38393e-05 1.66564e-05 2.74685e-06 1.2185e-06 5.57084e-07 1.11105e-07 2.32668e-08 0 0 0 0 0 0 0 0 0 0 0 0 0 0 0 0 0 0 0 0 0 0 0 0 0 0 0 0 0 0 0 0 0 0 0 0 0 0 0 0 0 0 0 0 0 0 0 0 0 0 0 0 0 0 0 0
618.561 147.165 61.7454 25.4172 15.8594 10.8568 7.26871 7.14802 6.4117 5.89595 5.2874 4.9131 4.36938 3.91154 3.62193 3.07395 2.60285 2.41544 2.04134 1.59542 1.2097 0.906726 0.576143 0.37025 0.229644 0.111309 0.0615024 0.00546637 0.00199029 0.000539626 0.000539626 0.000222165 8.75517e-05 2.60162e-05 9.31061e-06 4.86106e-06 1.56081e-06 9.3736e-07 2.26355e-07 7.09986e-08 1.65374e-08 0 0 0 0 0 0 0 0 0 0 0 0 0 0 0 0 0 0 0 0 0 0 0 0 0 0 0 0 0 0 0 0 0 0 0 0 0 0 0 0 0 0 0 0 0 0 0 0 0 0 0 0 0 0 0
295.988 80.8112 61.7647 18.2439 10.4177 7.57745 7.57745 7.08062 6.25475 5.73715 5.2826 4.80591 4.49281 4.0985 3.63875 3.32482 2.79186 2.29642 1.71014 1.32181 0.985593 0.654127 0.497466 0.319651 0.215318 0.124612 0.0547782 0.00795823 0.0017285 0.000924638 0.000696466 0.000113385 8.56876e-05 2.73022e-05 9.633e-06 2.69016e-06 1.30003e-06 6.54513e-07 1.66758e-07 2.23207e-08 0 0 0 0 0 0 0 0 0 0 0 0 0 0 0 0 0 0 0 0 0 0 0 0 0 0 0 0 0 0 0 0 0 0 0 0 0 0 0 0 0 0 0 0 0 0 0 0 0 0 0 0 0 0 0 0
195.451 106.189 61.3223 16.5636 13.3666 8.70924 8.07508 7.08299 6.17364 5.80626 5.19862 4.40662 4.37208 4.06538 3.58812 3.11426 2.58239 2.15726 1.75225 1.365 0.958426 0.616003 0.406236 0.240508 0.156189 0.0802694 0.0340366 0.00639331 0.00167156 0.00025048 0.000236145 9.57465e-05 5.91784e-05 2.10092e-05 7.41076e-06 3.21018e-06 6.45774e-07 3.43695e-07 8.74952e-08 3.09959e-08 1.00731e-08 0 0 0 0 0 0 0 0 0 0 0 0 0 0 0 0 0 0 0 0 0 0 0 0 0 0 0 0 0 0 0 0 0 0 0 0 0 0 0 0 0 0 0 0 0 0 0 0 0 0 0 0 0 0 0
378.896 102.124 42.2512 23.7084 14.323 10.8943 8.53644 7.93065 6.92937 6.84708 6.26507 5.62942 5.19278 4.7713 4.33792 3.97643 3.63971 3.3118 2.81342 2.49293 1.96433 1.52852 1.10335 0.923761 0.560711 0.345402 0.18691 0.028008 0.0124804 0.00406915 0.00220681 0.000476076 0.000323134 0.000107735 5.52343e-05 2.14726e-05 3.98019e-06 2.96334e-06 1.04288e-06 1.97235e-07 4.77587e-08 0 0 0 0 0 0 0 0 0 0 0 0 0 0 0 0 0 0 0 0 0 0 0 0 0 0 0 0 0 0 0 0 0 0 0 0 0 0 0 0 0 0 0 0 0 0 0 0 0 0 0 0 0 0 0
218.388 102.409 53.7317 25.1223 11.6553 9.95758 8.09097 6.82633 6.54256 6.14622 5.67874 5.27801 4.82452 4.3738 3.9032 3.58407 3.10236 2.77258 2.37954 1.98732 1.6421 1.22088 0.85617 0.550615 0.426988 0.209852 0.105519 0.0194932 0.00851988 0.00242835 0.00144387 0.000348792 0.000304938 4.82317e-05 2.14941e-05 1.31307e-05 6.92073e-06 2.01767e-06 3.2582e-07 1.88708e-07 7.31001e-08 1.70511e-08 0 0 0 0 0 0 0 0 0 0 0 0 0 0 0 0 0 0 0 0 0 0 0 0 0 0 0 0 0 0 0 0 0 0 0 0 0 0 0 0 0 0 0 0 0 0 0 0 0 0 0 0 0 0
189.91 139.982 53.2143 20.4201 13.834 8.56132 7.8061 6.86063 6.11666 5.73501 4.96641 4.64263 4.48154 4.07243 3.61807 3.33384 2.92336 2.41542 1.98444 1.6587 1.15273 0.884889 0.554422 0.323189 0.189784 0.12308 0.0397191 0.00580919 0.00147484 0.00139209 0.000416256 0.000186785 9.62831e-05 4.93119e-05 1.61639e-05 5.21262e-06 2.63144e-06 6.83719e-07 2.17594e-07 8.80779e-08 2.59637e-08 0 0 0 0 0 0 0 0 0 0 0 0 0 0 0 0 0 0 0 0 0 0 0 0 0 0 0 0 0 0 0 0 0 0 0 0 0 0 0 0 0 0 0 0 0 0 0 0 0 0 0 0 0 0 0
186.516 98.8254 32.1664 15.8817 13.6897 9.25789 8.07542 6.24972 6.10934 5.6601 5.24405 4.59622 4.14228 3.73012 3.37601 2.8143 2.16241 1.72899 1.36987 1.05614 0.738285 0.497205 0.279447 0.12104 0.0648894 0.0307233 0.0124344 0.00153768 0.000626457 0.00027947 9.2396e-05 4.06269e-05 8.70366e-06 4.92371e-06 1.73722e-06 6.83041e-07 3.44798e-07 7.29956e-08 1.81325e-08 0 0 0 0 0 0 0 0 0 0 0 0 0 0 0 0 0 0 0 0 0 0 0 0 0 0 0 0 0 0 0 0 0 0 0 0 0 0 0 0 0 0 0 0 0 0 0 0 0 0 0 0 0 0 0 0 0
262.717 120.793 29.2116 14.3886 12.7316 10.1345 6.68943 6.45892 6.23047 5.69609 5.21238 4.87353 4.5571 4.11238 3.66617 3.18891 2.80978 2.40466 1.93228 1.49813 1.07757 0.683013 0.54729 0.328094 0.147866 0.0920387 0.0596059 0.00325609 0.00325609 0.000922681 0.000478529 0.000129545 6.62227e-05 3.4328e-05 1.57237e-05 5.22058e-06 1.44745e-06 5.9661e-07 1.86415e-07 3.84279e-08 0 0 0 0 0 0 0 0 0 0 0 0 0 0 0 0 0 0 0 0 0 0 0 0 0 0 0 0 0 0 0 0 0 0 0 0 0 0 0 0 0 0 0 0 0 0 0 0 0 0 0 0 0 0 0 0
418.738 137.994 42.1755 12.622 9.17222 9.17222 8.62372 6.88212 6.31339 5.66674 5.48305 5.11192 4.61034 4.34621 3.93594 3.41258 2.95836 2.54506 2.02222 1.53076 1.13527 0.873079 0.539454 0.414982 0.24589 0.136908 0.0636976 0.0132383 0.00553012 0.00174056 0.000609501 0.000217729 0.0001426 5.36751e-05 2.3556e-05 5.39601e-06 2.35003e-06 1.05526e-06 3.14882e-07 5.23863e-08 1.43663e-08 0 0 0 0 0 0 0 0 0 0 0 0 0 0 0 0 0 0 0 0 0 0 0 0 0 0 0 0 0 0 0 0 0 0 0 0 0 0 0 0 0 0 0 0 0 0 0 0 0 0 0 0 0 0 0
518.187 95.4747 28.903 17.3517 14.1028 9.37478 8.44215 7.19091 6.7011 5.926 5.47581 5.29637 4.82368 4.43915 4.04111 3.69953 3.32211 2.8558 2.37665 2.06004 1.52909 1.059 0.811396 0.513282 0.315628 0.148182 0.104462 0.0249315 0.0113865 0.00299345 0.00123413 0.000458801 0.000166724 7.25537e-05 4.22742e-05 1.36877e-05 4.285e-06 1.32314e-06 5.64786e-07 1.20611e-07 3.55989e-08 0 0 0 0 0 0 0 0 0 0 0 0 0 0 0 0 0 0 0 0 0 0 0 0 0 0 0 0 0 0 0 0 0 0 0 0 0 0 0 0 0 0 0 0 0 0 0 0 0 0 0 0 0 0 0
207.203 121.736 43.7093 17.3045 11.8784 8.0598 7.66261 6.60817 5.89865 5.35586 4.75831 4.46335 4.05035 3.63144 3.10485 2.74911 2.31481 1.92399 1.33912 1.05094 0.856454 0.46547 0.349071 0.23334 0.133707 0.0731728 0.0423542 0.00354826 0.00149057 0.000567716 0.000381809 7.14744e-05 3.01181e-05 1.53137e-05 8.29094e-06 4.30656e-06 1.60314e-06 5.06455e-07 5.8562e-08 3.91319e-08 0 0 0 0 0 0 0 0 0 0 0 0 0 0 0 0 0 0 0 0 0 0 0 0 0 0 0 0 0 0 0 0 0 0 0 0 0 0 0 0 0 0 0 0 0 0 0 0 0 0 0 0 0 0 0 0
419.158 94.6248 70.9083 17.6426 14.9155 11.8291 7.26989 7.26989 6.80173 6.45327 5.78473 5.36997 5.23407 4.80839 4.28831 3.79392 3.38599 2.96542 2.5566 2.09209 1.69132 1.26236 0.928977 0.573699 0.381346 0.219441 0.130358 0.0241175 0.00465251 0.00380111 0.00138353 0.000248969 0.000248969 7.7739e-05 4.97207e-05 1.5186e-05 2.5986e-06 1.75716e-06 7.78917e-07 3.07858e-07 8.83592e-08 1.73425e-08 0 0 0 0 0 0 0 0 0 0 0 0 0 0 0 0 0 0 0 0 0 0 0 0 0 0 0 0 0 0 0 0 0 0 0 0 0 0 0 0 0 0 0 0 0 0 0 0 0 0 0 0 0 0
187.111 127.55 57.4287 19.6023 15.86 10.8621 8.26016 7.10488 6.81354 5.52219 5.52219 5.19455 4.73321 4.36094 3.96385 3.46489 3.00442 2.5786 2.27985 1.81492 1.39042 0.813643 0.712466 0.490911 0.299848 0.192316 0.125743 0.0109682 0.00404995 0.00134384 0.00040053 0.000240893 9.71098e-05 4.69106e-05 2.10771e-05 9.65152e-06 3.96901e-06 1.04848e-06 3.88286e-07 1.43227e-07 1.93957e-08 0 0 0 0 0 0 0 0 0 0 0 0 0 0 0 0 0 0 0 0 0 0 0 0 0 0 0 0 0 0 0 0 0 0 0 0 0 0 0 0 0 0 0 0 0 0 0 0 0 0 0 0 0 0 0
223.528 142.554 28.4525 18.1813 14.5683 8.73039 8.30956 6.7995 6.5378 5.46269 5.31789 4.70643 4.29325 4.01361 3.64638 3.10886 2.59289 2.24476 2.00686 1.53899 1.18989 0.877374 0.649421 0.428039 0.292316 0.176844 0.0835728 0.0117463 0.00382176 0.001686 0.000622107 0.000379084 0.00016647 7.79837e-05 1.96669e-05 1.21392e-05 4.04328e-06 1.41639e-06 5.25272e-07 1.52871e-07 3.22449e-08 0 0 0 0 0 0 0 0 0 0 0 0 0 0 0 0 0 0 0 0 0 0 0 0 0 0 0 0 0 0 0 0 0 0 0 0 0 0 0 0 0 0 0 0 0 0 0 0 0 0 0 0 0 0 0
205.297 122.698 61.3481 13.5867 10.5007 8.62776 8.12227 7.56629 6.37096 5.82891 5.27209 4.63112 4.4298 4.12477 3.54879 3.07705 2.55803 2.08892 1.67956 1.36753 1.04162 0.690678 0.438395 0.258274 0.149948 0.055862 0.0434993 0.00296281 0.00120724 0.000632067 0.000214164 0.00014552 4.19388e-05 1.48415e-05 4.49364e-06 3.08814e-06 1.63261e-06 4.69356e-07 1.23911e-07 4.31002e-08 1.13976e-08 0 0 0 0 0 0 0 0 0 0 0 0 0 0 0 0 0 0 0 0 0 0 0 0 0 0 0 0 0 0 0 0 0 0 0 0 0 0 0 0 0 0 0 0 0 0 0 0 0 0 0 0 0 0 0
