7770.58 4401.02 2767.34 1404.11 857.447 747.988 564.138 415.544 316.759 237.867 200.665 172.087 157.371 143.808 134.85 127.057 123.55 119.981 116.65 114.652 112.29 108.527 105.839 103.374 102.185 101.125 100.628 100.336 100.235 100.126 100.077 100.049 100.029 100.02 100.012 100.008 100.005 100.003 100.002 100 100 100 100 100 100 100 100 100 100 100 100 100 100 100 100 100 100 100 100 100 100 100 100 100 100 100 100 100 100 100 100 100 100 100 100 100 100 100 100 100 100 100 100 100 100 100 100 100 100 100 100 100 100 100 100
7843.46 5480.53 3511.83 1513.29 1057.6 648.405 645.878 440.41 309.496 293.684 224.847 191.648 164.846 152.387 138.359 129.042 125.108 120.24 118.289 115.022 113.092 109.307 105.382 102.89 102.06 101.181 100.691 100.381 100.217 100.132 100.086 100.043 100.034 100.022 100.014 100.009 100.005 100.003 100.002 100 100 100 100 100 100 100 100 100 100 100 100 100 100 100 100 100 100 100 100 100 100 100 100 100 100 100 100 100 100 100 100 100 100 100 100 100 100 100 100 100 100 100 100 100 100 100 100 100 100 100 100 100 100 100 100
7252.17 4164.01 2944.39 1646.05 1055.15 691.086 570.024 353.321 319.545 262.317 215.325 188.179 165.512 145.355 135.564 128.539 122.009 120.113 118.161 115.051 109.364 109.364 105.579 102.536 101.641 101.07 100.511 100.321 100.222 100.116 100.078 100.041 100.023 100.018 100.01 100.006 100.004 100.003 100.002 100 100 100 100 100 100 100 100 100 100 100 100 100 100 100 100 100 100 100 100 100 100 100 100 100 100 100 100 100 100 100 100 100 100 100 100 100 100 100 100 100 100 100 100 100 100 100 100 100 100 100 100 100 100 100 100
7208.88 3773.83 3332.18 1589.32 874.335 627.186 553.968 384.139 300.525 225.938 206.091 179.2 152.191 141.135 132.6 126.942 122.876 119.348 116.679 114.42 112.949 109.505 105.662 102.429 101.462 100.79 100.454 100.317 100.212 100.127 100.073 100.045 100.03 100.019 100.011 100.007 100.004 100.002 100.001 100 100 100 100 100 100 100 100 100 100 100 100 100 100 100 100 100 100 100 100 100 100 100 100 100 100 100 100 100 100 100 100 100 100 100 100 100 100 100 100 100 100 100 100 100 100 100 100 100 100 100 100 100 100 100 100
7315.28 5803.08 3639.63 1857.08 1377.13 951.143 476.875 476.875 380.873 322.05 236.348 176.482 176.482 148.839 142.791 131.333 125.369 120.336 118.674 116.151 112.971 111.587 107.559 104.064 102.783 101.197 100.746 100.378 100.229 100.128 100.094 100.059 100.038 100.022 100.015 100.009 100.005 100.003 100.002 100 100 100 100 100 100 100 100 100 100 100 100 100 100 100 100 100 100 100 100 100 100 100 100 100 100 100 100 100 100 100 100 100 100 100 100 100 100 100 100 100 100 100 100 100 100 100 100 100 100 100 100 100 100 100 100
6691.23 6262.69 4946.16 1999.08 1425.72 981.921 648.7 419.275 392.37 297.336 238.573 209.777 163.715 147.523 136.599 134.158 125.824 121.213 118.676 115.124 112.492 110.09 106.483 103.872 101.551 101.141 100.658 100.399 100.208 100.114 100.08 100.049 100.034 100.02 100.013 100.007 100.005 100.003 100.002 100 100 100 100 100 100 100 100 100 100 100 100 100 100 100 100 100 100 100 100 100 100 100 100 100 100 100 100 100 100 100 100 100 100 100 100 100 100 100 100 100 100 100 100 100 100 100 100 100 100 100 100 100 100 100 100
7416.97 5577.68 2640.7 1887.2 1219.67 968.938 767.849 523.974 368.33 306.687 240.155 207.222 174.572 154.815 143.473 132.209 126.585 121.537 118.832 114.84 114.283 109.604 106.358 104.507 102.111 101.35 100.664 100.465 100.31 100.148 100.084 100.076 100.043 100.026 100.016 100.01 100.007 100.004 100.003 100.001 100 100 100 100 100 100 100 100 100 100 100 100 100 100 100 100 100 100 100 100 100 100 100 100 100 100 100 100 100 100 100 100 100 100 100 100 100 100 100 100 100 100 100 100 100 100 100 100 100 100 100 100 100 100 100
6073.5 4886.7 2899.54 1375.78 958.316 614.644 551.297 448.536 329.115 261.828 209.952 167.707 167.261 144.423 135.292 126.633 124.054 119.99 116.99 114.42 112.506 109.477 105.536 103.372 102.071 101.129 100.638 100.379 100.195 100.12 100.083 100.051 100.031 100.017 100.011 100.007 100.004 100.002 100.002 100 100 100 100 100 100 100 100 100 100 100 100 100 100 100 100 100 100 100 100 100 100 100 100 100 100 100 100 100 100 100 100 100 100 100 100 100 100 100 100 100 100 100 100 100 100 100 100 100 100 100 100 100 100 100 100
7081.67 3572.48 1693.7 1146.88 983.972 639.133 506.144 332.36 299.54 225.16 200.636 169.859 153.393 137.558 132.45 124.018 120.575 118.979 116.167 114.136 112.077 108.276 105.271 102.598 101.683 100.979 100.498 100.296 100.164 100.111 100.07 100.04 100.027 100.016 100.01 100.005 100.004 100.002 100.002 100 100 100 100 100 100 100 100 100 100 100 100 100 100 100 100 100 100 100 100 100 100 100 100 100 100 100 100 100 100 100 100 100 100 100 100 100 100 100 100 100 100 100 100 100 100 100 100 100 100 100 100 100 100 100 100
7744.2 6469.51 4797.37 1296.9 1238.16 828.06 635.906 465.915 270.267 249.13 234.04 193.709 159.915 147.099 136.093 131.44 124.253 121.082 117.027 115.642 112.055 110.605 105.838 104.202 102.238 101.286 100.5 100.46 100.246 100.16 100.097 100.056 100.038 100.023 100.015 100.01 100.006 100.003 100.002 100 100 100 100 100 100 100 100 100 100 100 100 100 100 100 100 100 100 100 100 100 100 100 100 100 100 100 100 100 100 100 100 100 100 100 100 100 100 100 100 100 100 100 100 100 100 100 100 100 100 100 100 100 100 100 100
7047.33 4569.53 2797.58 1464.49 1016.18 668.378 516.371 318.445 294.487 239.839 201.99 175.963 159.596 145.225 134.205 126.828 121.787 118.819 116.643 114.42 112.254 108.734 105.515 103.429 101.623 101.063 100.613 100.282 100.17 100.121 100.073 100.042 100.031 100.017 100.011 100.007 100.004 100.003 100.002 100 100 100 100 100 100 100 100 100 100 100 100 100 100 100 100 100 100 100 100 100 100 100 100 100 100 100 100 100 100 100 100 100 100 100 100 100 100 100 100 100 100 100 100 100 100 100 100 100 100 100 100 100 100 100 100
6607.53 6230.06 3029.66 1479.63 1181.68 743.585 647.46 431.713 339.444 256.893 221.754 178.535 153.199 147.28 136.755 130.356 123.817 119.544 117.551 115.269 113.471 108.963 105.883 103.762 101.888 101.197 100.673 100.444 100.252 100.134 100.089 100.052 100.032 100.019 100.014 100.008 100.005 100.003 100.002 100 100 100 100 100 100 100 100 100 100 100 100 100 100 100 100 100 100 100 100 100 100 100 100 100 100 100 100 100 100 100 100 100 100 100 100 100 100 100 100 100 100 100 100 100 100 100 100 100 100 100 100 100 100 100 100
6680.31 5020.82 3065.63 1343.14 1139.75 741.373 501.864 401.185 358.078 264.989 225.075 182.398 157.49 149.237 136.308 127.876 124.368 119.459 117.469 115.368 113.44 106.441 105.984 103.911 101.946 101.032 100.666 100.375 100.213 100.169 100.076 100.052 100.033 100.02 100.011 100.008 100.005 100.003 100.002 100 100 100 100 100 100 100 100 100 100 100 100 100 100 100 100 100 100 100 100 100 100 100 100 100 100 100 100 100 100 100 100 100 100 100 100 100 100 100 100 100 100 100 100 100 100 100 100 100 100 100 100 100 100 100 100
8456.21 6226.9 3741.06 1795.78 1004.36 733.66 597.006 459.868 324.428 287.545 219.814 191.034 158.96 148.527 136.998 129.937 123.044 120.085 115.696 114.498 112.317 108.64 104.728 103.298 102.183 100.945 100.608 100.323 100.242 100.136 100.077 100.043 100.032 100.02 100.012 100.007 100.005 100.003 100.002 100 100 100 100 100 100 100 100 100 100 100 100 100 100 100 100 100 100 100 100 100 100 100 100 100 100 100 100 100 100 100 100 100 100 100 100 100 100 100 100 100 100 100 100 100 100 100 100 100 100 100 100 100 100 100 100
8034.73 4646.6 4059.86 1631.49 1091.68 766.88 559.049 502.592 335.911 280.549 236.003 191.535 169.908 143.248 137.223 130.845 124.257 119.95 117.612 116.005 114.11 110.185 107.411 105 102.56 101.584 100.884 100.52 100.266 100.172 100.099 100.066 100.043 100.024 100.015 100.009 100.006 100.004 100.002 100.001 100 100 100 100 100 100 100 100 100 100 100 100 100 100 100 100 100 100 100 100 100 100 100 100 100 100 100 100 100 100 100 100 100 100 100 100 100 100 100 100 100 100 100 100 100 100 100 100 100 100 100 100 100 100 100
5033.2 3549.53 2495.33 1392.04 566.671 533.251 533.251 375.854 260.321 237.87 211.659 170.687 149.861 142.63 134.796 125.804 123.149 118.049 115.483 113.814 111.41 106.388 103.441 102.017 101.337 100.818 100.55 100.291 100.206 100.112 100.072 100.047 100.02 100.018 100.011 100.006 100.004 100.002 100.002 100 100 100 100 100 100 100 100 100 100 100 100 100 100 100 100 100 100 100 100 100 100 100 100 100 100 100 100 100 100 100 100 100 100 100 100 100 100 100 100 100 100 100 100 100 100 100 100 100 100 100 100 100 100 100 100
6631.39 5163.17 3368.25 1300.49 1067.75 690.828 476.247 463.655 354.701 245.85 225.591 183.783 156.792 147.285 139.018 128.463 122.517 119.751 117.133 114.115 112.939 108.691 105.811 102.859 101.83 100.889 100.481 100.321 100.217 100.137 100.073 100.053 100.031 100.019 100.011 100.007 100.004 100.003 100.002 100 100 100 100 100 100 100 100 100 100 100 100 100 100 100 100 100 100 100 100 100 100 100 100 100 100 100 100 100 100 100 100 100 100 100 100 100 100 100 100 100 100 100 100 100 100 100 100 100 100 100 100 100 100 100 100
7748.4 4655.02 3486.57 1233.82 1054.7 628.449 515.554 430.104 307.135 271.267 212.448 183.329 153.142 144.003 136.147 126.281 122.263 118.729 117.306 114.587 112.755 108.942 104.412 103.474 101.565 100.937 100.542 100.371 100.186 100.117 100.063 100.044 100.026 100.017 100.01 100.007 100.004 100.003 100.002 100 100 100 100 100 100 100 100 100 100 100 100 100 100 100 100 100 100 100 100 100 100 100 100 100 100 100 100 100 100 100 100 100 100 100 100 100 100 100 100 100 100 100 100 100 100 100 100 100 100 100 100 100 100 100 100
6319.03 4916.89 2938.15 1296.32 725.498 725.498 488.21 388.678 306.577 235.053 199.765 169.388 150.537 141.868 134.419 124.571 122.584 118.571 116.323 114.552 109.273 107.206 104.435 102.463 101.644 100.883 100.472 100.319 100.18 100.116 100.054 100.047 100.029 100.016 100.01 100.006 100.004 100.002 100.001 100 100 100 100 100 100 100 100 100 100 100 100 100 100 100 100 100 100 100 100 100 100 100 100 100 100 100 100 100 100 100 100 100 100 100 100 100 100 100 100 100 100 100 100 100 100 100 100 100 100 100 100 100 100 100 100
6410.3 4872.47 3256.68 1533.32 1182.4 632.391 589.935 436.978 352.45 254.398 221.266 188.608 156.546 147.089 134.367 129.313 121.755 119.584 116.346 113.894 112.242 109.298 105.515 102.681 101.71 100.977 100.519 100.318 100.183 100.13 100.073 100.039 100.03 100.015 100.011 100.006 100.004 100.003 100.002 100 100 100 100 100 100 100 100 100 100 100 100 100 100 100 100 100 100 100 100 100 100 100 100 100 100 100 100 100 100 100 100 100 100 100 100 100 100 100 100 100 100 100 100 100 100 100 100 100 100 100 100 100 100 100 100
7567.21 5568.55 3870.31 1637.56 1043.62 800.559 547.076 510.516 368.31 272.076 228.065 194.286 165.969 151.927 140.409 127.715 125.001 120.789 117.918 115.86 111.663 109.497 104.865 103.269 101.451 101.175 100.676 100.335 100.222 100.149 100.087 100.046 100.037 100.025 100.014 100.009 100.006 100.003 100.002 100.001 100 100 100 100 100 100 100 100 100 100 100 100 100 100 100 100 100 100 100 100 100 100 100 100 100 100 100 100 100 100 100 100 100 100 100 100 100 100 100 100 100 100 100 100 100 100 100 100 100 100 100 100 100 100 100
7557.86 3635.86 3106.87 1695.21 963.519 713.276 437.205 400.701 339.383 252.293 195.68 171.971 156.01 136.773 134.748 128.65 123.018 119.824 117.093 114.291 112.144 108.76 104.682 103.002 101.556 100.95 100.539 100.375 100.225 100.129 100.081 100.048 100.028 100.02 100.011 100.007 100.003 100.003 100.002 100 100 100 100 100 100 100 100 100 100 100 100 100 100 100 100 100 100 100 100 100 100 100 100 100 100 100 100 100 100 100 100 100 100 100 100 100 100 100 100 100 100 100 100 100 100 100 100 100 100 100 100 100 100 100 100
6762.67 4589.22 2480.5 1380.13 797.586 721.093 463.698 338.977 312.631 266.059 210.656 183.455 152.813 142.844 137.157 128.244 122.338 120.391 116.015 115.064 113.038 108.924 105.947 103.421 101.999 101.093 100.632 100.35 100.21 100.139 100.079 100.052 100.03 100.02 100.012 100.007 100.004 100.003 100.002 100 100 100 100 100 100 100 100 100 100 100 100 100 100 100 100 100 100 100 100 100 100 100 100 100 100 100 100 100 100 100 100 100 100 100 100 100 100 100 100 100 100 100 100 100 100 100 100 100 100 100 100 100 100 100 100
7962.65 4518.78 3527.04 1566.87 1107.13 734.109 564.38 385.155 277.977 244.476 206.086 179.464 158.843 146.394 138.138 128.436 124.23 119.652 117.553 115.253 112.857 109.991 105.029 103.789 101.415 101.016 100.679 100.392 100.253 100.145 100.069 100.043 100.029 100.021 100.012 100.008 100.004 100.002 100.002 100 100 100 100 100 100 100 100 100 100 100 100 100 100 100 100 100 100 100 100 100 100 100 100 100 100 100 100 100 100 100 100 100 100 100 100 100 100 100 100 100 100 100 100 100 100 100 100 100 100 100 100 100 100 100 100
6527.57 4832.25 3935.33 1759.59 1129.43 813.604 660.373 447.886 365.382 277.824 244.943 198.792 171.207 150.368 139.516 131.764 124.312 120.829 117.314 114.859 112.684 109.9 106.846 103.83 102.055 101.074 100.692 100.474 100.258 100.128 100.094 100.053 100.038 100.022 100.013 100.009 100.005 100.003 100.002 100 100 100 100 100 100 100 100 100 100 100 100 100 100 100 100 100 100 100 100 100 100 100 100 100 100 100 100 100 100 100 100 100 100 100 100 100 100 100 100 100 100 100 100 100 100 100 100 100 100 100 100 100 100 100 100
7305.09 5545.76 4338.4 1886.54 1204.94 916.458 617.183 491.332 364.468 284.495 237.031 199.593 179.302 159.153 140.004 135.736 126.377 121.22 117.266 116.17 113.449 110.784 107.45 103.782 102.144 101.154 100.668 100.468 100.166 100.139 100.102 100.062 100.035 100.021 100.014 100.009 100.005 100.003 100.002 100 100 100 100 100 100 100 100 100 100 100 100 100 100 100 100 100 100 100 100 100 100 100 100 100 100 100 100 100 100 100 100 100 100 100 100 100 100 100 100 100 100 100 100 100 100 100 100 100 100 100 100 100 100 100 100
6470.47 3396.37 2434.6 948.78 791.134 575.921 463.251 359.194 276.743 236.834 196.271 168.454 150.208 136.722 130.921 123.31 120.584 118.077 115.687 111.108 111.108 106.831 103.682 102.505 101.296 100.866 100.452 100.28 100.17 100.104 100.06 100.038 100.024 100.014 100.01 100.006 100.004 100.002 100.001 100 100 100 100 100 100 100 100 100 100 100 100 100 100 100 100 100 100 100 100 100 100 100 100 100 100 100 100 100 100 100 100 100 100 100 100 100 100 100 100 100 100 100 100 100 100 100 100 100 100 100 100 100 100 100 100
6360.38 4876.26 2512.46 1450.69 1123.67 661.413 487.487 352.057 321.769 262.811 211.886 189.117 163.569 142.753 134.115 129.533 121.434 119.512 117.282 114.67 112.507 109.647 105.165 103.017 101.906 100.986 100.65 100.328 100.216 100.123 100.082 100.043 100.03 100.019 100.011 100.007 100.004 100.003 100.002 100 100 100 100 100 100 100 100 100 100 100 100 100 100 100 100 100 100 100 100 100 100 100 100 100 100 100 100 100 100 100 100 100 100 100 100 100 100 100 100 100 100 100 100 100 100 100 100 100 100 100 100 100 100 100 100
7621.32 4479.15 3060.63 1224.71 1003.06 705.29 487.798 382.678 309.594 254.904 202.526 174.222 157.486 140.556 131.652 127.752 122.706 119.637 116.777 114.339 112.099 108.798 105.158 102.858 101.683 101.044 100.58 100.338 100.188 100.126 100.086 100.046 100.033 100.018 100.012 100.007 100.005 100.003 100.002 100 100 100 100 100 100 100 100 100 100 100 100 100 100 100 100 100 100 100 100 100 100 100 100 100 100 100 100 100 100 100 100 100 100 100 100 100 100 100 100 100 100 100 100 100 100 100 100 100 100 100 100 100 100 100 100
7406.35 2823.63 2074.84 1412.72 905.076 659.992 468.807 362.064 306.7 244.84 184.713 171.237 156.866 141.952 132.515 127.838 121.651 119.269 116.305 114.184 112.464 107.614 104.542 103.18 101.631 100.746 100.572 100.352 100.219 100.13 100.073 100.043 100.028 100.018 100.012 100.006 100.005 100.003 100.001 100 100 100 100 100 100 100 100 100 100 100 100 100 100 100 100 100 100 100 100 100 100 100 100 100 100 100 100 100 100 100 100 100 100 100 100 100 100 100 100 100 100 100 100 100 100 100 100 100 100 100 100 100 100 100 100
7431.13 6213.95 3811.01 1719.33 1265.32 1014.58 560.026 463.957 341.712 295.839 245.044 198.573 166.069 156.136 144.875 134.905 126.813 123.134 117.706 116.337 113.641 112.033 108.404 104.785 102.656 101.251 100.785 100.578 100.306 100.172 100.097 100.074 100.046 100.028 100.016 100.01 100.006 100.004 100.002 100.001 100 100 100 100 100 100 100 100 100 100 100 100 100 100 100 100 100 100 100 100 100 100 100 100 100 100 100 100 100 100 100 100 100 100 100 100 100 100 100 100 100 100 100 100 100 100 100 100 100 100 100 100 100 100 100
7284.31 4469.93 2248.9 1276.83 944.746 664.283 465.242 353.53 278.419 245.521 203.788 172.818 155.33 141.5 132.137 125.677 121.818 118.2 115.516 114.122 111.224 108.044 105.01 102.383 101.467 100.905 100.54 100.326 100.201 100.109 100.075 100.047 100.028 100.018 100.01 100.007 100.004 100.002 100.001 100 100 100 100 100 100 100 100 100 100 100 100 100 100 100 100 100 100 100 100 100 100 100 100 100 100 100 100 100 100 100 100 100 100 100 100 100 100 100 100 100 100 100 100 100 100 100 100 100 100 100 100 100 100 100 100
6767.72 5641.71 3074.91 1298.87 843.496 597.763 570.74 364.31 329.056 277.231 203.47 176.207 155.653 136.789 134.977 129.214 122.307 119.109 117.195 114.213 111.503 108.412 105.034 104.107 101.879 101.098 100.703 100.358 100.203 100.135 100.081 100.054 100.033 100.021 100.012 100.006 100.005 100.003 100.002 100 100 100 100 100 100 100 100 100 100 100 100 100 100 100 100 100 100 100 100 100 100 100 100 100 100 100 100 100 100 100 100 100 100 100 100 100 100 100 100 100 100 100 100 100 100 100 100 100 100 100 100 100 100 100 100
8271.18 5713.18 3154.99 1493.19 944.614 880.017 505.592 381.994 336.528 244.703 204.006 173.169 155.696 142.082 132.402 125.301 121.463 118.639 116.613 114.746 113.225 109.168 105.498 102.666 101.778 101.084 100.536 100.361 100.172 100.144 100.088 100.05 100.033 100.016 100.012 100.007 100.005 100.003 100.002 100 100 100 100 100 100 100 100 100 100 100 100 100 100 100 100 100 100 100 100 100 100 100 100 100 100 100 100 100 100 100 100 100 100 100 100 100 100 100 100 100 100 100 100 100 100 100 100 100 100 100 100 100 100 100 100
4459.46 4029.7 2496.89 1186.24 769.933 528.6 461.848 354.074 247.41 228.742 186.465 150.359 149.406 136.13 130.569 124.096 119.454 117.285 114.673 112.972 108.668 106.923 103.8 101.818 101.144 100.573 100.357 100.199 100.136 100.089 100.058 100.036 100.023 100.014 100.009 100.005 100.004 100.002 100.001 100 100 100 100 100 100 100 100 100 100 100 100 100 100 100 100 100 100 100 100 100 100 100 100 100 100 100 100 100 100 100 100 100 100 100 100 100 100 100 100 100 100 100 100 100 100 100 100 100 100 100 100 100 100 100 100
6232.48 4106.55 2635.26 1235.04 861.167 689.793 465.91 319.424 283.108 232.171 171.212 170.799 154.304 141.269 132.462 126.29 121.793 118.941 115.722 113.692 112.217 108.021 105.492 102.723 101.861 100.845 100.511 100.3 100.171 100.124 100.08 100.04 100.03 100.016 100.011 100.006 100.004 100.003 100.001 100 100 100 100 100 100 100 100 100 100 100 100 100 100 100 100 100 100 100 100 100 100 100 100 100 100 100 100 100 100 100 100 100 100 100 100 100 100 100 100 100 100 100 100 100 100 100 100 100 100 100 100 100 100 100 100
7387.17 5244.2 3005.33 1269.33 947.264 777.501 480.838 405.047 280.375 265.836 197.486 175.911 160.974 144.206 133.058 129.951 122.14 120.665 117.28 114.551 112.829 108.803 105.081 103.426 101.621 100.83 100.598 100.391 100.221 100.12 100.085 100.048 100.032 100.016 100.011 100.007 100.004 100.003 100.002 100 100 100 100 100 100 100 100 100 100 100 100 100 100 100 100 100 100 100 100 100 100 100 100 100 100 100 100 100 100 100 100 100 100 100 100 100 100 100 100 100 100 100 100 100 100 100 100 100 100 100 100 100 100 100 100
5204.79 4770.03 1956.69 1351.82 863.739 733.415 484.405 385.266 291.584 234.208 200.673 177.158 147.953 141.936 130.121 126.031 121.173 118.618 116.616 114.306 112.491 108.405 104.965 102.952 101.359 101.003 100.573 100.313 100.223 100.125 100.067 100.048 100.028 100.019 100.011 100.007 100.005 100.003 100.002 100 100 100 100 100 100 100 100 100 100 100 100 100 100 100 100 100 100 100 100 100 100 100 100 100 100 100 100 100 100 100 100 100 100 100 100 100 100 100 100 100 100 100 100 100 100 100 100 100 100 100 100 100 100 100 100
7025.6 3132.62 2888.25 1255.82 1031.13 755.067 519.02 387.831 281.583 250.974 178.861 178.861 156.426 142.043 135.211 127.159 123.681 119.913 116.361 114.794 112.934 109.769 105.981 103.3 101.535 101.263 100.659 100.382 100.236 100.144 100.087 100.057 100.032 100.021 100.013 100.007 100.005 100.003 100.002 100 100 100 100 100 100 100 100 100 100 100 100 100 100 100 100 100 100 100 100 100 100 100 100 100 100 100 100 100 100 100 100 100 100 100 100 100 100 100 100 100 100 100 100 100 100 100 100 100 100 100 100 100 100 100 100
5645.62 3940.07 2831.31 1177.18 869.974 734.315 491.833 385.715 274.625 261.107 202.92 175.556 142.697 142.697 133.073 128.137 123.144 118.092 116.614 114.77 111.25 107.449 105.511 103.199 101.649 100.992 100.539 100.361 100.188 100.116 100.067 100.036 100.027 100.016 100.011 100.006 100.004 100.003 100.001 100 100 100 100 100 100 100 100 100 100 100 100 100 100 100 100 100 100 100 100 100 100 100 100 100 100 100 100 100 100 100 100 100 100 100 100 100 100 100 100 100 100 100 100 100 100 100 100 100 100 100 100 100 100 100 100
7830.42 6071.94 4049.33 1594.17 1066.76 886.049 471.619 471.619 329.687 277.824 227.004 189.65 167.404 147.887 139.666 128.083 124.554 118.924 116.976 114.698 112.024 108.352 105.488 102.984 101.782 100.906 100.486 100.294 100.149 100.135 100.078 100.044 100.029 100.016 100.011 100.007 100.004 100.003 100.002 100 100 100 100 100 100 100 100 100 100 100 100 100 100 100 100 100 100 100 100 100 100 100 100 100 100 100 100 100 100 100 100 100 100 100 100 100 100 100 100 100 100 100 100 100 100 100 100 100 100 100 100 100 100 100 100
6200.22 5248.86 2805.51 1330.77 736.632 592.288 494.479 349.637 248.832 236.52 193.105 176.067 157.412 144.772 134.931 126.264 122.138 118.07 116.26 114.537 112.142 108.082 105.75 103.301 101.96 100.871 100.58 100.234 100.189 100.1 100.069 100.05 100.028 100.017 100.009 100.006 100.004 100.003 100.002 100 100 100 100 100 100 100 100 100 100 100 100 100 100 100 100 100 100 100 100 100 100 100 100 100 100 100 100 100 100 100 100 100 100 100 100 100 100 100 100 100 100 100 100 100 100 100 100 100 100 100 100 100 100 100 100
6829.19 5251.28 3759.66 1639.99 970.331 707.739 602.958 414.885 340.628 251.816 200.269 181.523 169.076 143.483 134.923 128.294 125.509 118.43 117.103 114.657 112.382 110.171 104.808 103.496 101.811 101.158 100.584 100.353 100.225 100.104 100.075 100.04 100.026 100.014 100.01 100.007 100.004 100.003 100.001 100 100 100 100 100 100 100 100 100 100 100 100 100 100 100 100 100 100 100 100 100 100 100 100 100 100 100 100 100 100 100 100 100 100 100 100 100 100 100 100 100 100 100 100 100 100 100 100 100 100 100 100 100 100 100 100
8058.23 5120.65 3406.72 1522.28 1169.71 800.649 638.329 476.789 327.788 243.12 229.379 189.391 162.722 147.178 137.345 130.362 123.174 119.723 117.84 115.119 111.366 110.064 105.767 103.617 101.796 101.164 100.645 100.433 100.236 100.131 100.088 100.055 100.034 100.023 100.015 100.009 100.005 100.003 100.002 100 100 100 100 100 100 100 100 100 100 100 100 100 100 100 100 100 100 100 100 100 100 100 100 100 100 100 100 100 100 100 100 100 100 100 100 100 100 100 100 100 100 100 100 100 100 100 100 100 100 100 100 100 100 100 100
7464.13 5108.29 3160.37 1477.59 1079.34 747.566 561.188 453.322 315.985 246.688 223.774 180.504 164.671 153.584 138.162 129.065 124.829 121.252 116.787 114.998 113.167 109.995 105.164 103.686 101.692 101.037 100.677 100.331 100.187 100.14 100.081 100.05 100.032 100.019 100.012 100.007 100.004 100.003 100.001 100 100 100 100 100 100 100 100 100 100 100 100 100 100 100 100 100 100 100 100 100 100 100 100 100 100 100 100 100 100 100 100 100 100 100 100 100 100 100 100 100 100 100 100 100 100 100 100 100 100 100 100 100 100 100 100
8297.53 5388.26 3127.55 1562.86 1005.86 769.741 544.875 441.408 351.789 268.831 222.179 188.583 168.478 151.45 135.826 127.779 123.897 119.252 117.578 115.29 112.361 108.783 106.537 103.208 101.969 101.138 100.679 100.415 100.24 100.14 100.085 100.052 100.032 100.018 100.011 100.007 100.005 100.003 100.001 100 100 100 100 100 100 100 100 100 100 100 100 100 100 100 100 100 100 100 100 100 100 100 100 100 100 100 100 100 100 100 100 100 100 100 100 100 100 100 100 100 100 100 100 100 100 100 100 100 100 100 100 100 100 100 100
6838.8 4558.04 3262.1 1503.26 1085.13 571.068 473.746 395.218 307.833 262.462 218.316 173.627 161.247 139.876 136.287 128.417 121.619 117.76 115.426 114.585 111.783 108.97 105.775 103.027 102.121 101.098 100.567 100.345 100.212 100.11 100.074 100.046 100.027 100.019 100.011 100.006 100.004 100.002 100.002 100 100 100 100 100 100 100 100 100 100 100 100 100 100 100 100 100 100 100 100 100 100 100 100 100 100 100 100 100 100 100 100 100 100 100 100 100 100 100 100 100 100 100 100 100 100 100 100 100 100 100 100 100 100 100 100
6155.89 4193.32 2901.44 1005.3 966.743 634.68 479.023 381.572 272.121 236.269 211.725 179.155 154.071 139.083 129.995 125.821 121.315 118.39 115.507 113.789 110.453 107.026 104.832 102.342 101.478 100.973 100.439 100.305 100.207 100.107 100.064 100.042 100.027 100.016 100.009 100.006 100.004 100.002 100.001 100 100 100 100 100 100 100 100 100 100 100 100 100 100 100 100 100 100 100 100 100 100 100 100 100 100 100 100 100 100 100 100 100 100 100 100 100 100 100 100 100 100 100 100 100 100 100 100 100 100 100 100 100 100 100 100
4989.01 3914.85 2367.33 1171.23 814.963 679.138 449.386 392.127 281.831 241.874 183.036 171.709 147.187 140.944 130.915 124.796 122.86 118.565 115.423 113.958 110.813 108.284 104.102 102.758 101.461 100.835 100.546 100.343 100.191 100.122 100.066 100.043 100.029 100.016 100.009 100.007 100.004 100.002 100.001 100 100 100 100 100 100 100 100 100 100 100 100 100 100 100 100 100 100 100 100 100 100 100 100 100 100 100 100 100 100 100 100 100 100 100 100 100 100 100 100 100 100 100 100 100 100 100 100 100 100 100 100 100 100 100 100
7236.24 6663.8 3079.14 1651.06 1104.05 894.561 673.884 383.477 360.735 299.357 224.494 200.564 170.698 155.351 140.032 132.75 124.985 121.839 117.93 115.401 112.694 110.878 106.38 104.913 102.396 101.72 100.771 100.397 100.323 100.186 100.115 100.07 100.046 100.028 100.017 100.012 100.007 100.004 100.003 100.001 100 100 100 100 100 100 100 100 100 100 100 100 100 100 100 100 100 100 100 100 100 100 100 100 100 100 100 100 100 100 100 100 100 100 100 100 100 100 100 100 100 100 100 100 100 100 100 100 100 100 100 100 100 100 100
7100.94 5664.39 3317.42 1363.8 1109.03 795.739 552.703 426.446 287.869 253.781 212.555 167.142 157.669 144.565 129.658 126.514 120.967 119.597 117.496 114.58 112.082 108.885 105.622 103.869 101.319 100.88 100.692 100.407 100.259 100.126 100.084 100.06 100.034 100.021 100.013 100.008 100.005 100.003 100.002 100 100 100 100 100 100 100 100 100 100 100 100 100 100 100 100 100 100 100 100 100 100 100 100 100 100 100 100 100 100 100 100 100 100 100 100 100 100 100 100 100 100 100 100 100 100 100 100 100 100 100 100 100 100 100 100
