374.975 374.975 210.479 165.725 87.193 78.8833 67.2362 18.9981 18.9981 13.7889 5.56619 5.56619 3.9244 2.4429 1.76282 0.80519 0.51636 0.382726 0.319172 0.161136 0.115871 0.0472958 0.0132905 0.00779145 0.00173053 0.00118204 0.00047192 3.21065e-05 2.92542e-05 8.21233e-06 3.09076e-06 1.05847e-06 3.33832e-07 1.43739e-07 3.69423e-08 1.3534e-08 0 0 0 0 0 0 0 0 0 0 0 0 0 0 0 0 0 0 0 0 0 0 0 0 0 0 0 0 0 0 0 0 0 0 0 0 0 0 0 0 0 0 0 0 0 0 0 0 0 0 0 0 0 0 0 0 0 0 0 0
1155.99 551.981 312.95 114.795 114.795 87.2468 52.0127 20.7773 20.7773 12.1562 12.1562 8.92705 3.78469 2.54018 0.724922 0.724922 0.724922 0.6572 0.339245 0.264122 0.195344 0.0808379 0.0505224 0.0103978 0.00888744 0.00456908 0.00136588 0.000186862 9.84945e-05 2.78222e-05 8.83815e-06 1.85554e-06 9.86734e-07 4.66186e-07 1.41212e-07 2.75061e-08 1.15011e-08 0 0 0 0 0 0 0 0 0 0 0 0 0 0 0 0 0 0 0 0 0 0 0 0 0 0 0 0 0 0 0 0 0 0 0 0 0 0 0 0 0 0 0 0 0 0 0 0 0 0 0 0 0 0 0 0 0 0 0
837.913 837.913 528.309 220.412 123.609 33.6202 33.6202 33.6202 22.0483 22.0483 8.11339 6.34883 2.5757 2.5757 1.79934 0.888876 0.348667 0.333205 0.133993 0.133993 0.0688676 0.0196983 0.0141144 0.00856824 0.00198001 0.000865113 0.000416753 5.85506e-05 1.93054e-05 7.28383e-06 2.458e-06 6.7031e-07 2.77257e-07 8.66655e-08 2.37204e-08 0 0 0 0 0 0 0 0 0 0 0 0 0 0 0 0 0 0 0 0 0 0 0 0 0 0 0 0 0 0 0 0 0 0 0 0 0 0 0 0 0 0 0 0 0 0 0 0 0 0 0 0 0 0 0 0 0 0 0 0 0
1898.98 878.301 404.771 303.65 96.3335 61.5255 61.5255 52.7693 31.604 13.9608 13.9608 5.15785 5.15785 4.93181 1.69257 1.69257 0.897567 0.752605 0.419821 0.3182 0.144627 0.102346 0.0551584 0.0186379 0.00894341 0.00276523 0.000925979 0.000140593 3.90032e-05 8.00425e-06 5.33761e-06 2.11377e-06 8.15829e-07 6.8866e-08 4.27926e-08 2.14001e-08 0 0 0 0 0 0 0 0 0 0 0 0 0 0 0 0 0 0 0 0 0 0 0 0 0 0 0 0 0 0 0 0 0 0 0 0 0 0 0 0 0 0 0 0 0 0 0 0 0 0 0 0 0 0 0 0 0 0 0 0
1353.09 453.95 453.95 190.517 108.629 69.382 53.5284 51.37 47.9039 26.5955 19.1532 13.2403 5.57167 4.74646 3.63085 1.96652 1.96652 0.641217 0.449382 0.150093 0.150093 0.132778 0.0554868 0.0206852 0.0116379 0.00269601 0.00156566 0.000281297 5.72375e-05 3.47229e-05 1.04092e-05 3.8423e-06 9.4098e-07 5.09588e-07 2.46692e-07 6.2417e-08 1.02667e-08 0 0 0 0 0 0 0 0 0 0 0 0 0 0 0 0 0 0 0 0 0 0 0 0 0 0 0 0 0 0 0 0 0 0 0 0 0 0 0 0 0 0 0 0 0 0 0 0 0 0 0 0 0 0 0 0 0 0 0
928.826 540.883 447.786 248.596 173.4 57.2873 50.5566 35.1449 28.4507 23.2166 5.29021 5.29021 4.08046 3.2906 2.58046 1.23034 1.12818 0.388242 0.279045 0.22259 0.10404 0.0597556 0.0325082 0.013917 0.00325289 0.00109734 0.000617319 6.15483e-05 3.44699e-05 1.57639e-05 3.51814e-06 7.39664e-07 3.84959e-07 1.02102e-07 4.41794e-08 1.30444e-08 0 0 0 0 0 0 0 0 0 0 0 0 0 0 0 0 0 0 0 0 0 0 0 0 0 0 0 0 0 0 0 0 0 0 0 0 0 0 0 0 0 0 0 0 0 0 0 0 0 0 0 0 0 0 0 0 0 0 0 0
1035.88 440.164 440.164 184.154 102.612 69.7483 31.7205 31.7205 17.4579 17.4579 6.89798 6.89798 6.89798 4.11802 3.11283 1.91875 1.32495 0.79549 0.387382 0.212906 0.212906 0.0841474 0.0625317 0.00929822 0.00323545 0.00273372 0.00111204 0.000134287 5.92767e-05 1.27239e-05 5.31592e-06 2.69461e-06 1.00278e-06 3.74349e-07 1.5915e-07 5.64735e-08 1.41905e-08 0 0 0 0 0 0 0 0 0 0 0 0 0 0 0 0 0 0 0 0 0 0 0 0 0 0 0 0 0 0 0 0 0 0 0 0 0 0 0 0 0 0 0 0 0 0 0 0 0 0 0 0 0 0 0 0 0 0 0
1320.94 290.576 290.576 288.041 61.981 61.981 49.4439 24.6415 24.6415 21.2631 5.42277 5.42277 2.06958 2.06958 2.01182 0.886069 0.625542 0.594895 0.315665 0.293806 0.106415 0.063792 0.0212147 0.0133049 0.00549887 0.00166342 0.000663193 6.63413e-05 1.08622e-05 9.82462e-06 4.02603e-06 8.18857e-07 4.55631e-07 1.63405e-07 5.42096e-08 1.73949e-08 0 0 0 0 0 0 0 0 0 0 0 0 0 0 0 0 0 0 0 0 0 0 0 0 0 0 0 0 0 0 0 0 0 0 0 0 0 0 0 0 0 0 0 0 0 0 0 0 0 0 0 0 0 0 0 0 0 0 0 0
1759.62 805.55 478.59 99.0011 99.0011 80.8692 33.0139 33.0139 23.3849 10.6541 10.1687 3.08161 2.24085 2.16981 1.16056 0.971681 0.94974 0.515597 0.280415 0.258774 0.116161 0.0666071 0.0262257 0.0176455 0.00438369 0.00164897 0.000316701 0.000123824 3.29174e-05 9.6534e-06 4.33304e-06 1.03783e-06 3.51734e-07 1.64433e-07 4.6302e-08 1.79703e-08 0 0 0 0 0 0 0 0 0 0 0 0 0 0 0 0 0 0 0 0 0 0 0 0 0 0 0 0 0 0 0 0 0 0 0 0 0 0 0 0 0 0 0 0 0 0 0 0 0 0 0 0 0 0 0 0 0 0 0 0
1621.59 584.684 559.601 179.386 148.984 131.504 70.0911 49.0711 29.6899 11.9582 6.83385 6.83385 4.03492 3.32646 2.90832 1.96361 0.952556 0.832348 0.482319 0.388666 0.270332 0.144885 0.0971877 0.0269511 0.00862265 0.00360318 0.00175995 0.000293888 0.000109975 2.89311e-05 1.16449e-05 5.34716e-06 8.08949e-07 4.51723e-07 1.3173e-07 3.12157e-08 1.12299e-08 0 0 0 0 0 0 0 0 0 0 0 0 0 0 0 0 0 0 0 0 0 0 0 0 0 0 0 0 0 0 0 0 0 0 0 0 0 0 0 0 0 0 0 0 0 0 0 0 0 0 0 0 0 0 0 0 0 0 0
1634.04 805.448 241.462 179.035 97.6991 72.2048 72.2048 30.3197 29.5892 20.9581 20.3522 10.5336 4.17667 4.17667 1.96316 1.54124 0.879294 0.812977 0.388819 0.316934 0.223397 0.101091 0.0607949 0.0174151 0.00601003 0.00279751 0.0011075 0.000168725 6.78801e-05 1.99063e-05 8.06594e-06 2.60705e-06 1.03374e-06 3.67286e-07 1.1095e-07 3.57878e-08 1.19034e-08 0 0 0 0 0 0 0 0 0 0 0 0 0 0 0 0 0 0 0 0 0 0 0 0 0 0 0 0 0 0 0 0 0 0 0 0 0 0 0 0 0 0 0 0 0 0 0 0 0 0 0 0 0 0 0 0 0 0 0
1062.44 845.357 535.171 109.515 109.515 71.0499 71.0499 36.5056 17.1105 17.1105 15.008 3.2112 3.2112 2.4432 2.41217 0.797799 0.797799 0.522593 0.371143 0.261215 0.156126 0.0947871 0.0298614 0.00867176 0.00672857 0.00249504 0.000966099 0.000162149 4.8497e-05 1.59398e-05 4.77739e-06 1.27003e-06 7.26207e-07 2.74357e-07 7.1765e-08 3.30384e-08 0 0 0 0 0 0 0 0 0 0 0 0 0 0 0 0 0 0 0 0 0 0 0 0 0 0 0 0 0 0 0 0 0 0 0 0 0 0 0 0 0 0 0 0 0 0 0 0 0 0 0 0 0 0 0 0 0 0 0 0
1086.24 434.489 434.489 192.318 140.811 131.892 47.3358 34.5054 26.4146 8.39635 8.39635 8.39635 5.05505 4.74412 1.81623 0.927743 0.618204 0.560322 0.247056 0.203058 0.155168 0.0607281 0.028507 0.00877948 0.00432876 0.00142174 0.000497155 9.70831e-05 3.79601e-05 1.01074e-05 5.21454e-06 1.70221e-06 1.20304e-06 3.00527e-07 4.71356e-08 3.15243e-08 0 0 0 0 0 0 0 0 0 0 0 0 0 0 0 0 0 0 0 0 0 0 0 0 0 0 0 0 0 0 0 0 0 0 0 0 0 0 0 0 0 0 0 0 0 0 0 0 0 0 0 0 0 0 0 0 0 0 0 0
816.329 743.887 502.841 159.91 81.8271 62.1505 47.9404 47.9404 27.1878 10.6421 9.78353 7.97758 3.66048 3.40677 1.67596 0.624599 0.624599 0.51324 0.288124 0.159233 0.105194 0.105194 0.0547565 0.0175912 0.00593453 0.00270853 0.00108382 0.000116315 4.86239e-05 2.03545e-05 5.75311e-06 2.75845e-06 7.06679e-07 2.67514e-07 8.91439e-08 3.10562e-08 0 0 0 0 0 0 0 0 0 0 0 0 0 0 0 0 0 0 0 0 0 0 0 0 0 0 0 0 0 0 0 0 0 0 0 0 0 0 0 0 0 0 0 0 0 0 0 0 0 0 0 0 0 0 0 0 0 0 0 0
1530.63 667.78 367.179 169.02 115.58 75.26 49.5627 49.5627 7.7667 7.7667 4.99248 4.99248 2.79269 2.12009 1.33904 1.20311 0.670863 0.395337 0.3163 0.270485 0.118591 0.0586058 0.0118857 0.0118857 0.00642621 0.00158529 0.000694662 8.29291e-05 3.56387e-05 1.47569e-05 4.03495e-06 1.88327e-06 7.61109e-07 1.49977e-07 5.06301e-08 2.76593e-08 0 0 0 0 0 0 0 0 0 0 0 0 0 0 0 0 0 0 0 0 0 0 0 0 0 0 0 0 0 0 0 0 0 0 0 0 0 0 0 0 0 0 0 0 0 0 0 0 0 0 0 0 0 0 0 0 0 0 0 0
912.324 439.272 355.418 73.659 73.659 51.1664 51.1664 28.6388 21.9375 12.5836 6.50845 5.72546 2.95611 1.90843 0.624182 0.624182 0.624182 0.2884 0.277665 0.199155 0.122438 0.0446929 0.0214842 0.00601354 0.00381833 0.00103623 0.000586239 7.27114e-05 2.74335e-05 8.38775e-06 4.13693e-06 1.52175e-06 4.59216e-07 1.77794e-07 7.53681e-08 1.4753e-08 0 0 0 0 0 0 0 0 0 0 0 0 0 0 0 0 0 0 0 0 0 0 0 0 0 0 0 0 0 0 0 0 0 0 0 0 0 0 0 0 0 0 0 0 0 0 0 0 0 0 0 0 0 0 0 0 0 0 0 0
1357.52 612.748 528.502 165.166 35.5274 35.5274 35.5274 32.4135 32.4135 23.0462 12.4589 8.28619 4.59084 4.59084 1.87807 1.60027 0.998202 0.723087 0.380926 0.295199 0.149197 0.0862592 0.0348225 0.0147558 0.00685043 0.00110785 0.000829521 5.92312e-05 2.40364e-05 7.94169e-06 3.76947e-06 8.59661e-07 4.24957e-07 1.67122e-07 4.90406e-08 1.65704e-08 0 0 0 0 0 0 0 0 0 0 0 0 0 0 0 0 0 0 0 0 0 0 0 0 0 0 0 0 0 0 0 0 0 0 0 0 0 0 0 0 0 0 0 0 0 0 0 0 0 0 0 0 0 0 0 0 0 0 0 0
634.187 634.187 436.529 100.147 90.8563 71.4911 42.0932 20.0232 20.0232 12.2827 12.2827 5.69415 5.34217 2.61787 1.5522 1.5522 0.985292 0.708304 0.36296 0.309372 0.176305 0.143605 0.0449159 0.0262173 0.00389435 0.00274071 0.00167899 0.000172961 6.78629e-05 2.34969e-05 8.97085e-06 5.19052e-06 7.95706e-07 3.92482e-07 1.01805e-07 4.42424e-08 1.66608e-08 0 0 0 0 0 0 0 0 0 0 0 0 0 0 0 0 0 0 0 0 0 0 0 0 0 0 0 0 0 0 0 0 0 0 0 0 0 0 0 0 0 0 0 0 0 0 0 0 0 0 0 0 0 0 0 0 0 0 0
1132.77 638.879 385.166 203.919 201.184 88.7981 77.2078 24.6581 6.29355 6.29355 6.29355 5.975 4.15951 3.13641 1.0453 1.00523 1.00523 0.584735 0.55329 0.285927 0.205522 0.0796014 0.0382037 0.0137027 0.00386279 0.00241728 0.00107489 0.000101622 2.90381e-05 1.42018e-05 6.28396e-06 2.17063e-06 5.69614e-07 2.16398e-07 4.06178e-08 2.00225e-08 0 0 0 0 0 0 0 0 0 0 0 0 0 0 0 0 0 0 0 0 0 0 0 0 0 0 0 0 0 0 0 0 0 0 0 0 0 0 0 0 0 0 0 0 0 0 0 0 0 0 0 0 0 0 0 0 0 0 0 0
1561.43 446.366 296.421 182.302 90.4788 81.9579 80.6912 39.3751 35.9601 30.0552 11.9067 7.22157 6.27197 1.30898 1.30898 1.21319 0.928533 0.530602 0.448231 0.223183 0.100437 0.0479138 0.0333656 0.0120011 0.0045662 0.00203562 0.000348396 0.000121801 3.36896e-05 8.40984e-06 3.92325e-06 1.69072e-06 5.06002e-07 1.53978e-07 5.67642e-08 0 0 0 0 0 0 0 0 0 0 0 0 0 0 0 0 0 0 0 0 0 0 0 0 0 0 0 0 0 0 0 0 0 0 0 0 0 0 0 0 0 0 0 0 0 0 0 0 0 0 0 0 0 0 0 0 0 0 0 0 0
1724.24 574.074 278.063 154.068 111.597 96.2117 46.7507 39.6468 19.8113 15.3762 11.581 5.59178 3.04351 2.44194 2.25522 1.16847 0.844375 0.441929 0.337927 0.202334 0.123441 0.0311705 0.019293 0.00804911 0.00345588 0.00121674 0.00058159 6.741e-05 3.53874e-05 1.2498e-05 3.76289e-06 1.27194e-06 4.21601e-07 1.4684e-07 6.23174e-08 2.42138e-08 0 0 0 0 0 0 0 0 0 0 0 0 0 0 0 0 0 0 0 0 0 0 0 0 0 0 0 0 0 0 0 0 0 0 0 0 0 0 0 0 0 0 0 0 0 0 0 0 0 0 0 0 0 0 0 0 0 0 0 0
745.328 424.324 424.324 152.455 152.455 93.1326 69.293 36.5002 32.7749 22.1076 12.8446 8.93577 5.40652 4.60201 2.40268 1.8203 1.30373 0.901178 0.436652 0.322707 0.19462 0.143353 0.0478949 0.0291717 0.0180585 0.00373361 0.00127808 0.00019294 0.000122239 2.65337e-05 9.85674e-06 3.39941e-06 1.28213e-06 4.34346e-07 1.25319e-07 4.9575e-08 1.47895e-08 0 0 0 0 0 0 0 0 0 0 0 0 0 0 0 0 0 0 0 0 0 0 0 0 0 0 0 0 0 0 0 0 0 0 0 0 0 0 0 0 0 0 0 0 0 0 0 0 0 0 0 0 0 0 0 0 0 0 0
602.04 299.007 277.056 67.1859 67.1859 67.1859 67.1859 27.228 27.228 25.2568 9.25601 6.5469 3.29777 2.34561 1.93356 1.48178 0.872701 0.485471 0.390276 0.22227 0.197085 0.0589377 0.0196877 0.0133663 0.00758449 0.00255744 0.0010218 9.10336e-05 4.1533e-05 9.1405e-06 4.79645e-06 2.17045e-06 5.73733e-07 1.68662e-07 6.42926e-08 1.67051e-08 0 0 0 0 0 0 0 0 0 0 0 0 0 0 0 0 0 0 0 0 0 0 0 0 0 0 0 0 0 0 0 0 0 0 0 0 0 0 0 0 0 0 0 0 0 0 0 0 0 0 0 0 0 0 0 0 0 0 0 0
872.708 594.959 408.053 191.809 129.392 99.8341 54.5445 38.7107 24.175 15.181 12.1531 7.54377 3.07465 3.07465 0.738728 0.738728 0.738728 0.530456 0.27059 0.241179 0.145561 0.0738118 0.0382861 0.0101829 0.00271398 0.0023067 0.000743926 9.38392e-05 5.41011e-05 1.39587e-05 3.96344e-06 9.9267e-07 5.00394e-07 1.80152e-07 5.32556e-08 2.05572e-08 0 0 0 0 0 0 0 0 0 0 0 0 0 0 0 0 0 0 0 0 0 0 0 0 0 0 0 0 0 0 0 0 0 0 0 0 0 0 0 0 0 0 0 0 0 0 0 0 0 0 0 0 0 0 0 0 0 0 0 0
1267.1 831.508 517.862 171.092 85.4883 85.4883 49.8226 31.7836 28.8414 6.51932 6.51932 5.77801 4.1973 1.19013 1.19013 1.19013 0.297623 0.297623 0.261756 0.171893 0.0722934 0.0479011 0.0120344 0.00246808 0.00191196 0.00104331 0.000352866 3.99237e-05 2.88245e-05 6.39197e-06 2.66066e-06 7.19382e-07 3.05254e-07 9.45654e-08 2.36754e-08 0 0 0 0 0 0 0 0 0 0 0 0 0 0 0 0 0 0 0 0 0 0 0 0 0 0 0 0 0 0 0 0 0 0 0 0 0 0 0 0 0 0 0 0 0 0 0 0 0 0 0 0 0 0 0 0 0 0 0 0 0
1665.35 715.363 371.62 193.571 96.2488 91.9064 55.1992 43.8712 24.3516 21.9753 11.4142 6.81114 5.13811 3.15614 3.15614 1.43699 1.03096 0.771384 0.51542 0.195174 0.142264 0.122759 0.0422356 0.0208811 0.00359615 0.00288001 0.000979061 0.000101937 4.21711e-05 1.6217e-05 4.58619e-06 3.08394e-06 3.75192e-07 1.73324e-07 7.60652e-08 3.49465e-08 1.09912e-08 0 0 0 0 0 0 0 0 0 0 0 0 0 0 0 0 0 0 0 0 0 0 0 0 0 0 0 0 0 0 0 0 0 0 0 0 0 0 0 0 0 0 0 0 0 0 0 0 0 0 0 0 0 0 0 0 0 0 0
1488.49 402.344 324.424 250.624 106.5 106.5 77.5028 43.7938 26.6099 18.841 12.7847 7.2916 5.51964 4.35032 2.25563 2.11502 1.07641 0.822142 0.468355 0.255982 0.153637 0.101206 0.0560754 0.0220748 0.00781021 0.00206834 0.00129513 0.00013319 4.56934e-05 1.62378e-05 7.83094e-06 1.67149e-06 7.30327e-07 1.88903e-07 5.42719e-08 1.70139e-08 0 0 0 0 0 0 0 0 0 0 0 0 0 0 0 0 0 0 0 0 0 0 0 0 0 0 0 0 0 0 0 0 0 0 0 0 0 0 0 0 0 0 0 0 0 0 0 0 0 0 0 0 0 0 0 0 0 0 0 0
792.622 685.252 585.512 242.318 157.966 92.6511 88.0289 52.05 32.8734 20.0839 12.3653 10.9546 4.77119 4.77119 2.61206 1.70936 0.399983 0.399983 0.30882 0.30882 0.190762 0.073729 0.0592799 0.0207232 0.00549252 0.00251087 0.00134979 0.000135058 6.5735e-05 1.86039e-05 5.54084e-06 2.55201e-06 8.77522e-07 2.70704e-07 6.59733e-08 1.49499e-08 0 0 0 0 0 0 0 0 0 0 0 0 0 0 0 0 0 0 0 0 0 0 0 0 0 0 0 0 0 0 0 0 0 0 0 0 0 0 0 0 0 0 0 0 0 0 0 0 0 0 0 0 0 0 0 0 0 0 0 0
1489.05 417.851 290.003 141.626 85.9226 52.8795 47.5851 19.3775 11.6528 11.6528 7.76035 4.99043 1.70742 1.70742 1.70742 1.45014 0.468727 0.424172 0.288962 0.151405 0.0821862 0.0400191 0.0228023 0.00659836 0.00318941 0.000970948 0.000330874 5.53595e-05 1.65166e-05 6.14669e-06 3.23913e-06 1.11392e-06 5.47333e-07 4.92547e-08 3.74972e-08 1.70094e-08 0 0 0 0 0 0 0 0 0 0 0 0 0 0 0 0 0 0 0 0 0 0 0 0 0 0 0 0 0 0 0 0 0 0 0 0 0 0 0 0 0 0 0 0 0 0 0 0 0 0 0 0 0 0 0 0 0 0 0 0
1515.46 850.712 422.675 151.582 151.582 127.566 68.5861 49.3739 25.9236 20.7518 18.0244 8.9144 7.53403 4.42791 2.84103 2.84103 1.60295 1.12923 0.446822 0.373277 0.270399 0.132032 0.0687541 0.0170883 0.00960584 0.0061538 0.0017318 0.000150908 0.000103915 2.45331e-05 1.00934e-05 4.40721e-06 1.30266e-06 2.54335e-07 1.08537e-07 3.0061e-08 1.48674e-08 0 0 0 0 0 0 0 0 0 0 0 0 0 0 0 0 0 0 0 0 0 0 0 0 0 0 0 0 0 0 0 0 0 0 0 0 0 0 0 0 0 0 0 0 0 0 0 0 0 0 0 0 0 0 0 0 0 0 0
1188.81 538.878 240.791 69.2054 68.2467 68.2467 38.7611 27.4455 20.874 12.9078 4.35427 4.35427 2.28658 1.01782 0.824523 0.598257 0.404051 0.352546 0.226235 0.129259 0.0774114 0.0239163 0.00870302 0.00404701 0.000727745 0.000438162 0.000312613 3.05186e-05 1.07176e-05 3.22264e-06 1.43542e-06 6.02173e-07 1.38882e-07 5.06653e-08 1.04191e-08 0 0 0 0 0 0 0 0 0 0 0 0 0 0 0 0 0 0 0 0 0 0 0 0 0 0 0 0 0 0 0 0 0 0 0 0 0 0 0 0 0 0 0 0 0 0 0 0 0 0 0 0 0 0 0 0 0 0 0 0 0
1951.62 721.679 223.723 155.569 121.97 112.987 91.7614 42.0671 25.2143 18.8823 15.2299 6.63841 5.16559 3.12448 3.00371 1.28673 0.832913 0.611507 0.321741 0.193571 0.109014 0.0811623 0.0279489 0.0139303 0.00585491 0.00166128 0.000826615 3.55764e-05 1.9801e-05 1.40237e-05 7.05755e-06 1.28517e-06 5.67269e-07 2.19317e-07 5.44981e-08 2.19836e-08 0 0 0 0 0 0 0 0 0 0 0 0 0 0 0 0 0 0 0 0 0 0 0 0 0 0 0 0 0 0 0 0 0 0 0 0 0 0 0 0 0 0 0 0 0 0 0 0 0 0 0 0 0 0 0 0 0 0 0 0
1528.91 647.783 249.718 124.55 98.9684 98.9684 61.87 59.1381 30.6169 15.2605 10.3016 10.3016 4.20965 1.98248 1.98248 0.718537 0.395474 0.395474 0.360513 0.240688 0.103768 0.0571404 0.0331394 0.0115396 0.00251158 0.00146368 0.000604281 4.59748e-05 2.98914e-05 8.47278e-06 3.1693e-06 1.22666e-06 4.0777e-07 1.06547e-07 6.26004e-08 1.5374e-08 0 0 0 0 0 0 0 0 0 0 0 0 0 0 0 0 0 0 0 0 0 0 0 0 0 0 0 0 0 0 0 0 0 0 0 0 0 0 0 0 0 0 0 0 0 0 0 0 0 0 0 0 0 0 0 0 0 0 0 0
1022.13 725.408 416.336 162.591 91.7602 64.4538 38.3574 38.3574 17.7711 14.8908 5.58144 5.48882 4.50424 2.25133 1.25231 1.22515 0.707381 0.464002 0.366035 0.162108 0.0764061 0.0586493 0.021367 0.00505122 0.00303023 0.00111412 0.000382404 6.02839e-05 1.72989e-05 8.99594e-06 1.88364e-06 1.11617e-06 2.74559e-07 1.26745e-07 2.78829e-08 1.12999e-08 0 0 0 0 0 0 0 0 0 0 0 0 0 0 0 0 0 0 0 0 0 0 0 0 0 0 0 0 0 0 0 0 0 0 0 0 0 0 0 0 0 0 0 0 0 0 0 0 0 0 0 0 0 0 0 0 0 0 0 0
1379.74 1063.22 441.172 119.688 75.7239 47.9757 33.035 33.035 30.7012 15.0116 11.8885 6.54492 4.7357 2.48808 1.72947 1.72947 1.25075 0.447621 0.385012 0.230601 0.153726 0.0674836 0.0230151 0.00388058 0.00385936 0.00172112 0.00101132 9.57743e-05 3.8158e-05 1.38451e-05 3.9384e-06 1.8827e-06 3.58586e-07 1.84915e-07 4.08269e-08 1.74792e-08 0 0 0 0 0 0 0 0 0 0 0 0 0 0 0 0 0 0 0 0 0 0 0 0 0 0 0 0 0 0 0 0 0 0 0 0 0 0 0 0 0 0 0 0 0 0 0 0 0 0 0 0 0 0 0 0 0 0 0 0
714.074 706.796 293.977 128.956 86.9489 75.0488 29.5536 29.0334 22.7346 8.70627 4.74447 4.74447 3.56855 2.1331 0.89657 0.832993 0.58486 0.324309 0.241662 0.138524 0.0401913 0.0278698 0.015818 0.00440361 0.00171397 0.000570621 0.00020365 3.70291e-05 9.43634e-06 6.0633e-06 1.2416e-06 4.66898e-07 1.2276e-07 1.55502e-08 1.52497e-08 0 0 0 0 0 0 0 0 0 0 0 0 0 0 0 0 0 0 0 0 0 0 0 0 0 0 0 0 0 0 0 0 0 0 0 0 0 0 0 0 0 0 0 0 0 0 0 0 0 0 0 0 0 0 0 0 0 0 0 0 0
1301.19 542.38 295.589 166.444 156.318 82.944 65.1519 53.3583 31.9269 22.3548 5.59874 5.59874 4.17043 4.17043 3.33341 1.0194 0.765362 0.765362 0.371603 0.317934 0.183148 0.0667813 0.0450813 0.0194379 0.00764512 0.00195971 0.00112062 0.000186151 5.89454e-05 1.26647e-05 3.11994e-06 1.83357e-06 7.09472e-07 3.4718e-07 9.92518e-08 3.88793e-08 1.12556e-08 0 0 0 0 0 0 0 0 0 0 0 0 0 0 0 0 0 0 0 0 0 0 0 0 0 0 0 0 0 0 0 0 0 0 0 0 0 0 0 0 0 0 0 0 0 0 0 0 0 0 0 0 0 0 0 0 0 0 0
966.878 740.325 344.96 194.604 116.122 81.1212 57.1367 31.7255 16.6588 16.6588 10.1199 8.93971 6.0848 4.74583 2.87538 1.8136 1.01191 0.765239 0.555592 0.332848 0.273466 0.156572 0.0513978 0.0295578 0.00789783 0.00640346 0.00144558 0.000156678 0.000156678 1.99227e-05 1.44169e-05 4.47432e-06 1.22394e-06 6.06088e-07 2.19674e-07 6.80162e-08 3.56109e-08 0 0 0 0 0 0 0 0 0 0 0 0 0 0 0 0 0 0 0 0 0 0 0 0 0 0 0 0 0 0 0 0 0 0 0 0 0 0 0 0 0 0 0 0 0 0 0 0 0 0 0 0 0 0 0 0 0 0 0
1738.69 679.833 640.69 206.335 88.7095 70.9005 17.3675 17.3675 16.0228 13.8842 8.81946 7.49872 4.16195 1.21639 1.21639 0.937753 0.497847 0.436747 0.289709 0.188488 0.0923698 0.0561211 0.0230678 0.00540932 0.00269936 0.000885465 0.000362941 3.60319e-05 1.52986e-05 7.4246e-06 3.48688e-06 6.88615e-07 2.73741e-07 1.25711e-07 3.86543e-08 1.22191e-08 0 0 0 0 0 0 0 0 0 0 0 0 0 0 0 0 0 0 0 0 0 0 0 0 0 0 0 0 0 0 0 0 0 0 0 0 0 0 0 0 0 0 0 0 0 0 0 0 0 0 0 0 0 0 0 0 0 0 0 0
1862.27 448.912 399.934 84.3358 72.4959 53.7727 22.7917 22.7917 16.414 11.7381 5.78677 5.78677 5.66906 4.55876 1.93322 1.53127 1.2406 0.656566 0.304912 0.304912 0.171817 0.105711 0.0362656 0.0121593 0.00672176 0.00122248 0.000624635 8.06772e-05 4.11332e-05 1.02331e-05 4.07124e-06 2.25123e-06 5.93479e-07 2.07429e-07 9.99117e-08 2.02185e-08 1.02833e-08 0 0 0 0 0 0 0 0 0 0 0 0 0 0 0 0 0 0 0 0 0 0 0 0 0 0 0 0 0 0 0 0 0 0 0 0 0 0 0 0 0 0 0 0 0 0 0 0 0 0 0 0 0 0 0 0 0 0 0
913.432 663.853 449.522 54.6834 54.6834 54.6834 42.8798 11.4018 11.4018 11.4018 9.97184 5.25831 2.58039 1.7254 1.7254 0.996734 0.551814 0.409382 0.293702 0.190085 0.0904692 0.03444 0.0126094 0.00945336 0.00358149 0.00104815 0.000435287 5.56459e-05 2.82154e-05 6.0103e-06 1.83778e-06 6.16173e-07 2.90118e-07 1.33104e-07 2.02371e-08 1.26296e-08 0 0 0 0 0 0 0 0 0 0 0 0 0 0 0 0 0 0 0 0 0 0 0 0 0 0 0 0 0 0 0 0 0 0 0 0 0 0 0 0 0 0 0 0 0 0 0 0 0 0 0 0 0 0 0 0 0 0 0 0
1984.38 770.849 268.524 246.283 126.94 80.4361 55.2092 55.2092 27.4633 19.4162 19.4162 8.73506 4.05312 3.05075 3.04974 0.996711 0.996711 0.675056 0.418312 0.29845 0.214207 0.0867926 0.0575924 0.01548 0.00668705 0.00215787 0.000549894 0.000143046 5.36831e-05 1.03999e-05 6.49258e-06 2.8775e-06 7.89253e-07 3.1701e-07 8.30963e-08 3.65802e-08 1.28805e-08 0 0 0 0 0 0 0 0 0 0 0 0 0 0 0 0 0 0 0 0 0 0 0 0 0 0 0 0 0 0 0 0 0 0 0 0 0 0 0 0 0 0 0 0 0 0 0 0 0 0 0 0 0 0 0 0 0 0 0
1582.61 686.424 561.988 196.067 135.168 93.2114 72.4771 34.8074 24.7017 16.3769 12.3448 8.96913 7.47671 3.10476 3.10476 2.11087 1.20508 0.408674 0.408674 0.283971 0.176618 0.124057 0.064415 0.017981 0.0117946 0.00340583 0.00108056 0.000195803 5.27438e-05 3.28384e-05 7.63961e-06 4.00801e-06 1.25508e-06 5.54519e-07 1.85021e-07 4.33542e-08 1.43368e-08 0 0 0 0 0 0 0 0 0 0 0 0 0 0 0 0 0 0 0 0 0 0 0 0 0 0 0 0 0 0 0 0 0 0 0 0 0 0 0 0 0 0 0 0 0 0 0 0 0 0 0 0 0 0 0 0 0 0 0
1299.56 316.574 316.574 114.783 100.23 83.9261 61.5313 36.413 32.1177 19.0752 17.6528 3.19693 3.19693 3.16654 2.22972 0.67131 0.67131 0.552485 0.39711 0.271149 0.163904 0.0926071 0.0371364 0.0175656 0.00759944 0.00281232 0.00103022 0.000118549 3.77503e-05 2.31743e-05 9.26549e-06 8.71127e-07 5.41228e-07 2.0391e-07 9.2121e-08 2.57934e-08 0 0 0 0 0 0 0 0 0 0 0 0 0 0 0 0 0 0 0 0 0 0 0 0 0 0 0 0 0 0 0 0 0 0 0 0 0 0 0 0 0 0 0 0 0 0 0 0 0 0 0 0 0 0 0 0 0 0 0 0
1441.89 340.732 144.41 69.3069 23.2231 23.2231 23.2231 23.2231 6.36442 6.36442 6.36442 5.41359 3.49687 3.2235 2.04121 1.30445 0.626728 0.446231 0.332 0.23363 0.0874636 0.0493838 0.012664 0.0105944 0.00401494 0.00120848 0.000402067 7.1108e-05 3.31008e-05 7.88069e-06 3.29302e-06 5.37465e-07 2.92145e-07 1.17294e-07 3.92612e-08 1.31408e-08 0 0 0 0 0 0 0 0 0 0 0 0 0 0 0 0 0 0 0 0 0 0 0 0 0 0 0 0 0 0 0 0 0 0 0 0 0 0 0 0 0 0 0 0 0 0 0 0 0 0 0 0 0 0 0 0 0 0 0 0
1732.37 521.981 369.106 107.443 97.0213 92.8655 36.1255 36.1255 17.7816 12.7618 5.19093 5.19093 5.19093 2.50018 2.50018 1.78205 0.792089 0.540171 0.266128 0.168543 0.076258 0.0189873 0.0189873 0.0125891 0.00239664 0.00103716 0.000398772 6.42309e-05 3.03929e-05 8.27692e-06 2.00538e-06 1.55194e-06 2.99568e-07 1.83207e-07 4.02684e-08 1.34089e-08 0 0 0 0 0 0 0 0 0 0 0 0 0 0 0 0 0 0 0 0 0 0 0 0 0 0 0 0 0 0 0 0 0 0 0 0 0 0 0 0 0 0 0 0 0 0 0 0 0 0 0 0 0 0 0 0 0 0 0 0
1648.34 705.032 425.743 111.408 82.7938 82.7938 60.9714 39.1267 11.7141 11.7141 11.7141 9.35446 5.31259 1.15581 1.15581 1.04987 1.04987 0.768643 0.371444 0.321293 0.175349 0.167514 0.0507346 0.0182754 0.00543993 0.00205094 0.000444369 0.000129781 5.54064e-05 1.80288e-05 6.44139e-06 2.83901e-06 7.27171e-07 3.45134e-07 1.12715e-07 3.73221e-08 1.60032e-08 0 0 0 0 0 0 0 0 0 0 0 0 0 0 0 0 0 0 0 0 0 0 0 0 0 0 0 0 0 0 0 0 0 0 0 0 0 0 0 0 0 0 0 0 0 0 0 0 0 0 0 0 0 0 0 0 0 0 0
1259.23 439.239 439.239 174.163 112.913 53.8689 53.8689 53.8689 23.1152 17.497 12.3702 7.8133 3.08762 2.67112 2.14235 0.470342 0.452909 0.400148 0.364487 0.12378 0.0789136 0.0789136 0.0199385 0.0112803 0.00457658 0.00140415 0.000587454 6.27656e-05 1.94804e-05 1.01923e-05 4.83776e-06 8.53802e-07 3.18105e-07 6.5437e-08 5.06407e-08 0 0 0 0 0 0 0 0 0 0 0 0 0 0 0 0 0 0 0 0 0 0 0 0 0 0 0 0 0 0 0 0 0 0 0 0 0 0 0 0 0 0 0 0 0 0 0 0 0 0 0 0 0 0 0 0 0 0 0 0 0
1132.95 786.573 324.656 245.437 85.144 79.2893 48.1835 33.3429 28.0512 9.37254 9.37254 9.37254 3.70117 2.71079 2.71079 2.07262 1.21565 0.580906 0.447624 0.243578 0.175596 0.0439171 0.0354108 0.0147408 0.00318421 0.00173799 0.000408846 8.80898e-05 3.08807e-05 1.35937e-05 3.61783e-06 1.39304e-06 7.81272e-07 2.03856e-07 5.81363e-08 2.33182e-08 0 0 0 0 0 0 0 0 0 0 0 0 0 0 0 0 0 0 0 0 0 0 0 0 0 0 0 0 0 0 0 0 0 0 0 0 0 0 0 0 0 0 0 0 0 0 0 0 0 0 0 0 0 0 0 0 0 0 0 0
1280.19 839.99 309.609 218.568 114.584 114.584 50.1155 41.945 19.5051 19.5051 10.2874 9.29106 2.86954 2.83098 0.980053 0.750945 0.744606 0.412313 0.197877 0.197877 0.138468 0.040405 0.0387107 0.0138903 0.00234228 0.00223508 0.000834264 8.67391e-05 1.74134e-05 7.97037e-06 4.08623e-06 1.26985e-06 6.49656e-07 1.72365e-07 5.54371e-08 1.9284e-08 0 0 0 0 0 0 0 0 0 0 0 0 0 0 0 0 0 0 0 0 0 0 0 0 0 0 0 0 0 0 0 0 0 0 0 0 0 0 0 0 0 0 0 0 0 0 0 0 0 0 0 0 0 0 0 0 0 0 0 0
1359.72 971.313 578.793 193.172 120.802 94.0282 42.9568 42.9568 33.5797 26.535 16.4509 7.45853 5.75684 3.18916 1.87171 1.03464 1.03464 0.567067 0.376929 0.150196 0.138246 0.0583136 0.0156489 0.0114365 0.00385112 0.00145101 0.00038431 0.000114549 3.09791e-05 8.97792e-06 3.36741e-06 1.07039e-06 3.91324e-07 1.256e-07 3.79313e-08 1.56354e-08 0 0 0 0 0 0 0 0 0 0 0 0 0 0 0 0 0 0 0 0 0 0 0 0 0 0 0 0 0 0 0 0 0 0 0 0 0 0 0 0 0 0 0 0 0 0 0 0 0 0 0 0 0 0 0 0 0 0 0 0
