3.20613e+41 2.85432e+36 3.45595e+33 1.80546e+30 1.31253e+29 1.0014e+28 7.24587e+27 1.75117e+26 9.30589e+24 9.53537e+22 1.28371e+21 1.28371e+21 7.89797e+20 2.36464e+18 2.36464e+18 6.84605e+17 1.82548e+17 7.16342e+16 7.74199e+15 3.29153e+14 2.4495e+14 1.84559e+12 8.26379e+11 1.34815e+11 1.47475e+10 3.96581e+09 4.5019e+08 4.51572e+06 2.05172e+06 835327 112228 5889 323 323 19 12 7 2 0 0 0 0 0 0 0 0 0 0 0 0 0 0 0 0 0 0 0 0 0 0 0 0 0 0 0 0 0 0 0 0 0 0 0 0 0 0 0 0 0 0 0 0 0 0 0 0 0 0 0 0 0 0 0 0 0
1.12619e+41 2.09007e+36 7.37172e+31 2.07174e+30 3.97975e+27 1.03347e+26 1.39824e+25 1.24208e+25 7.54971e+22 5.82418e+22 2.48681e+22 5.36099e+20 4.71737e+19 2.2074e+18 1.1465e+17 9.43379e+16 2.55639e+15 2.29539e+14 6.34671e+13 1.16468e+13 2.24756e+12 7.54561e+11 1.81571e+11 2.58076e+10 6.34045e+09 2.65461e+09 2.12451e+08 5.43221e+07 1.6653e+07 326446 38282 10375 2399 483 98 15 5 3 1 0 0 0 0 0 0 0 0 0 0 0 0 0 0 0 0 0 0 0 0 0 0 0 0 0 0 0 0 0 0 0 0 0 0 0 0 0 0 0 0 0 0 0 0 0 0 0 0 0 0 0 0 0 0 0 0
4.77658e+38 3.686e+35 6.92358e+33 6.69902e+30 3.96501e+28 2.18258e+28 5.57857e+27 2.65006e+25 1.34827e+25 8.34267e+22 9.97559e+21 2.62935e+21 7.68492e+20 1.05218e+20 1.30093e+19 7.02528e+17 7.02528e+17 4.75015e+16 3.99466e+16 4.56239e+15 1.01421e+15 5.14196e+13 8.17419e+12 1.79384e+11 3.79577e+10 6.02356e+09 5.64201e+07 2.75414e+07 3.27108e+06 20691 14264 12977 1950 879 200 28 6 2 0 0 0 0 0 0 0 0 0 0 0 0 0 0 0 0 0 0 0 0 0 0 0 0 0 0 0 0 0 0 0 0 0 0 0 0 0 0 0 0 0 0 0 0 0 0 0 0 0 0 0 0 0 0 0 0 0
3.19435e+39 1.30875e+36 5.0199e+35 1.61946e+32 1.71385e+29 7.7363e+28 1.42632e+28 4.41533e+24 4.41533e+24 6.55976e+23 1.89825e+21 9.80164e+20 5.53218e+19 1.54478e+19 2.6884e+16 2.6884e+16 2.37354e+16 8.83312e+15 5.53525e+14 2.5621e+14 3.69909e+13 1.57152e+13 2.31079e+12 3.22979e+11 5.31929e+10 2.22719e+09 3.39617e+08 5.81222e+07 1.93146e+07 8.55261e+06 1.67202e+06 89490 113 113 35 13 1 1 1 0 0 0 0 0 0 0 0 0 0 0 0 0 0 0 0 0 0 0 0 0 0 0 0 0 0 0 0 0 0 0 0 0 0 0 0 0 0 0 0 0 0 0 0 0 0 0 0 0 0 0 0 0 0 0 0
8.21648e+41 3.51917e+36 2.89144e+33 3.07628e+31 4.03247e+30 6.79885e+28 1.57837e+27 4.33091e+25 1.22874e+25 3.95305e+24 1.71485e+22 1.71485e+22 4.37495e+21 1.55261e+19 8.24972e+18 2.63736e+18 4.70363e+16 4.70363e+16 4.23529e+15 2.47547e+14 1.34357e+14 3.74221e+12 7.15424e+11 2.94388e+11 9.73602e+10 6.57696e+09 6.50567e+08 1.87427e+07 6.2513e+06 479893 82443 16300 2186 1132 238 44 12 5 1 0 0 0 0 0 0 0 0 0 0 0 0 0 0 0 0 0 0 0 0 0 0 0 0 0 0 0 0 0 0 0 0 0 0 0 0 0 0 0 0 0 0 0 0 0 0 0 0 0 0 0 0 0 0 0 0
6.18658e+41 2.05202e+37 2.11441e+35 5.72519e+31 2.43148e+31 1.22076e+29 2.88132e+28 1.78784e+25 5.1785e+23 4.61936e+22 4.61936e+22 1.40914e+22 8.7482e+20 8.3396e+20 9.48476e+19 6.17979e+17 1.55113e+16 1.55113e+16 5.7024e+15 2.53261e+14 2.54203e+13 3.62792e+12 3.31368e+12 3.27875e+11 9.81007e+09 2.03658e+09 7.13414e+07 8.7039e+06 3.17253e+06 624195 195068 5612 625 473 54 19 5 3 0 0 0 0 0 0 0 0 0 0 0 0 0 0 0 0 0 0 0 0 0 0 0 0 0 0 0 0 0 0 0 0 0 0 0 0 0 0 0 0 0 0 0 0 0 0 0 0 0 0 0 0 0 0 0 0 0
1.30437e+40 1.66336e+35 1.44466e+35 1.88722e+32 6.30983e+28 3.07746e+27 3.44239e+26 1.76698e+24 5.10578e+23 5.10578e+23 4.16939e+22 5.38577e+20 8.02869e+19 1.38205e+19 1.75124e+18 5.89024e+17 8.53426e+16 2.39269e+16 2.45373e+15 1.73494e+15 2.64397e+13 2.062e+13 8.94735e+12 2.30111e+12 1.31628e+11 1.41257e+10 4.00633e+08 9.03341e+07 1.11771e+07 1.11771e+07 679163 25076 326 227 59 34 6 4 1 0 0 0 0 0 0 0 0 0 0 0 0 0 0 0 0 0 0 0 0 0 0 0 0 0 0 0 0 0 0 0 0 0 0 0 0 0 0 0 0 0 0 0 0 0 0 0 0 0 0 0 0 0 0 0 0
9.67604e+39 1.42777e+36 2.20137e+34 7.57475e+31 1.29599e+29 2.42662e+25 2.42662e+25 2.42662e+25 6.80807e+24 1.39961e+24 9.64135e+22 1.08221e+21 3.7564e+20 3.7564e+20 2.95727e+18 2.95727e+18 4.4695e+17 2.53931e+17 3.89555e+16 2.07678e+16 3.93185e+15 1.00087e+14 2.36591e+12 2.78549e+11 5.9896e+10 4.12282e+09 2.80075e+08 7.84454e+07 2.19826e+07 3.4758e+06 1.08127e+06 96849 3634 459 104 46 12 4 1 0 0 0 0 0 0 0 0 0 0 0 0 0 0 0 0 0 0 0 0 0 0 0 0 0 0 0 0 0 0 0 0 0 0 0 0 0 0 0 0 0 0 0 0 0 0 0 0 0 0 0 0 0 0 0 0
1.8522e+40 5.67432e+35 1.63392e+34 1.97111e+31 1.96186e+29 6.58734e+27 1.15913e+27 4.23703e+26 1.24789e+24 6.08976e+23 1.06227e+23 3.36603e+21 2.95167e+19 2.95167e+19 1.89225e+18 5.76235e+17 8.45987e+16 3.44363e+14 3.44363e+14 1.5557e+14 1.33849e+13 5.91645e+11 9.48733e+10 9.48733e+10 9.08651e+09 5.26486e+08 4.23689e+07 3.22349e+06 527707 110306 55635 13935 2413 159 56 25 13 3 0 0 0 0 0 0 0 0 0 0 0 0 0 0 0 0 0 0 0 0 0 0 0 0 0 0 0 0 0 0 0 0 0 0 0 0 0 0 0 0 0 0 0 0 0 0 0 0 0 0 0 0 0 0 0 0 0
2.4589e+41 8.28986e+36 1.72225e+34 2.44522e+31 1.0002e+30 9.08228e+28 1.01916e+25 1.01916e+25 1.01916e+25 1.89162e+23 4.79245e+22 4.56456e+20 6.00556e+19 1.40163e+19 8.61835e+17 5.26553e+17 2.23847e+17 3.58356e+16 1.23203e+16 3.37206e+14 5.88491e+12 1.4969e+12 4.46774e+11 1.1287e+11 1.02344e+10 1.76601e+09 6.65251e+07 5.43855e+06 35300 26492 10137 963 741 123 10 7 3 0 0 0 0 0 0 0 0 0 0 0 0 0 0 0 0 0 0 0 0 0 0 0 0 0 0 0 0 0 0 0 0 0 0 0 0 0 0 0 0 0 0 0 0 0 0 0 0 0 0 0 0 0 0 0 0 0 0
2.33175e+41 1.26819e+37 4.4571e+34 8.36464e+28 8.16686e+27 2.95781e+27 3.29722e+26 1.29788e+26 7.48809e+25 5.03839e+23 3.97243e+20 3.97243e+20 3.41746e+19 9.17649e+17 1.07223e+17 1.07223e+17 1.07223e+17 1.71889e+16 6.68596e+15 3.4059e+14 2.66073e+13 3.88933e+12 1.653e+11 6.58147e+09 1.15869e+09 4.6796e+08 7.98128e+06 1.04478e+06 71442 15862 8883 2493 1436 130 46 9 4 1 0 0 0 0 0 0 0 0 0 0 0 0 0 0 0 0 0 0 0 0 0 0 0 0 0 0 0 0 0 0 0 0 0 0 0 0 0 0 0 0 0 0 0 0 0 0 0 0 0 0 0 0 0 0 0 0 0
1.83737e+40 6.171e+37 1.23899e+33 4.8412e+29 4.8412e+29 3.19545e+29 7.74855e+27 3.78235e+27 4.99824e+24 4.99824e+24 4.66719e+24 3.71305e+22 4.77282e+20 6.64724e+18 1.2407e+18 5.23316e+17 5.4796e+16 4.24571e+16 4.24571e+16 2.44185e+15 6.07839e+13 3.09675e+12 6.66372e+11 5.71823e+11 6.36826e+10 6.59208e+09 2.52954e+08 2.61194e+07 6.03193e+06 909372 17569 8329 5084 802 246 12 7 1 0 0 0 0 0 0 0 0 0 0 0 0 0 0 0 0 0 0 0 0 0 0 0 0 0 0 0 0 0 0 0 0 0 0 0 0 0 0 0 0 0 0 0 0 0 0 0 0 0 0 0 0 0 0 0 0 0
4.45779e+40 1.81331e+37 2.23693e+35 2.74303e+30 9.12619e+29 1.19613e+28 1.11909e+26 4.23821e+25 2.78469e+22 1.90228e+22 4.86266e+21 8.16587e+19 1.75422e+18 1.75422e+18 4.08878e+17 7.38675e+14 7.38675e+14 7.38675e+14 1.79055e+14 1.8938e+13 3.72231e+12 9.7367e+10 5.47608e+10 1.53819e+09 1.53819e+09 1.72249e+08 7.49932e+07 7.89358e+06 882359 12770 3027 1333 31 7 5 2 1 0 0 0 0 0 0 0 0 0 0 0 0 0 0 0 0 0 0 0 0 0 0 0 0 0 0 0 0 0 0 0 0 0 0 0 0 0 0 0 0 0 0 0 0 0 0 0 0 0 0 0 0 0 0 0 0 0 0
1.06228e+37 1.3447e+35 3.24422e+32 1.13198e+30 1.13198e+30 1.3514e+28 1.80638e+27 7.55516e+25 1.65937e+23 2.71371e+21 6.75684e+20 6.75684e+20 8.48278e+18 2.90364e+18 6.86148e+17 8.15647e+16 2.10584e+15 2.10584e+15 4.80899e+14 8.35044e+12 4.0942e+12 4.94434e+11 3.06242e+10 2.63162e+09 3.0298e+08 1.10766e+08 2.7143e+07 3.30706e+06 135650 16107 16107 480 57 11 6 3 1 0 0 0 0 0 0 0 0 0 0 0 0 0 0 0 0 0 0 0 0 0 0 0 0 0 0 0 0 0 0 0 0 0 0 0 0 0 0 0 0 0 0 0 0 0 0 0 0 0 0 0 0 0 0 0 0 0 0
2.6307e+40 2.43789e+34 1.77531e+34 2.27047e+31 1.05321e+30 1.91652e+27 6.85257e+25 3.28334e+24 1.1199e+24 5.28478e+21 5.28478e+21 3.92996e+19 3.92996e+19 7.08502e+18 1.24279e+17 1.24279e+17 2.09699e+16 3.34623e+14 2.14833e+14 8.4268e+13 2.64264e+13 4.94234e+12 1.03303e+12 2.39425e+11 6.81992e+09 1.73797e+09 1.12846e+08 1.86877e+07 308071 72775 17493 4507 159 45 39 24 10 2 0 0 0 0 0 0 0 0 0 0 0 0 0 0 0 0 0 0 0 0 0 0 0 0 0 0 0 0 0 0 0 0 0 0 0 0 0 0 0 0 0 0 0 0 0 0 0 0 0 0 0 0 0 0 0 0 0
1.69e+40 2.69654e+36 5.65545e+33 2.15289e+32 5.25907e+28 1.28993e+28 2.80398e+23 2.80398e+23 2.80398e+23 2.80398e+23 1.73173e+22 2.74028e+21 1.13134e+20 2.81387e+18 2.26034e+18 7.32555e+17 1.76044e+17 9.3407e+16 9.5907e+15 6.23587e+14 8.5714e+13 2.8492e+13 4.85234e+12 7.51887e+11 3.909e+10 5.53981e+09 4.83617e+07 4.72811e+06 2.77738e+06 36753 22158 7961 1243 80 25 13 7 2 0 0 0 0 0 0 0 0 0 0 0 0 0 0 0 0 0 0 0 0 0 0 0 0 0 0 0 0 0 0 0 0 0 0 0 0 0 0 0 0 0 0 0 0 0 0 0 0 0 0 0 0 0 0 0 0 0
4.32533e+40 4.39247e+35 2.30222e+32 2.1793e+29 1.22475e+28 1.25937e+27 5.05906e+23 5.05906e+23 1.31548e+22 4.78972e+19 4.78972e+19 4.78972e+19 1.1295e+19 4.13782e+18 1.08913e+18 1.89253e+17 6.01482e+16 2.14834e+16 1.75827e+15 3.87824e+13 3.68977e+13 2.23525e+12 1.53162e+12 1.34484e+11 5.82458e+09 1.9945e+07 3.33474e+06 159838 5718 3773 2314 632 95 14 6 4 1 0 0 0 0 0 0 0 0 0 0 0 0 0 0 0 0 0 0 0 0 0 0 0 0 0 0 0 0 0 0 0 0 0 0 0 0 0 0 0 0 0 0 0 0 0 0 0 0 0 0 0 0 0 0 0 0 0 0
5.03067e+38 6.5635e+37 2.67226e+35 1.01412e+32 1.65643e+30 2.94522e+27 9.73658e+26 1.415e+25 9.00114e+22 5.85837e+22 2.25075e+21 2.25075e+21 2.23842e+20 9.42054e+19 1.00856e+19 2.17782e+18 4.47912e+15 4.17358e+15 2.47884e+15 3.98449e+14 4.13865e+13 3.69126e+11 2.204e+11 4.02588e+09 4.84737e+07 4.25351e+07 856245 695144 113610 41648 2104 369 10 10 7 3 1 0 0 0 0 0 0 0 0 0 0 0 0 0 0 0 0 0 0 0 0 0 0 0 0 0 0 0 0 0 0 0 0 0 0 0 0 0 0 0 0 0 0 0 0 0 0 0 0 0 0 0 0 0 0 0 0 0 0
9.4882e+41 3.2162e+36 1.12104e+34 2.21667e+31 2.06059e+29 5.75062e+28 1.18848e+27 2.11808e+25 1.11765e+25 1.32827e+23 1.03005e+22 1.52396e+21 3.10524e+19 9.39285e+18 1.47262e+18 9.06151e+17 2.11174e+16 1.02949e+16 1.21355e+15 5.1074e+14 6.34534e+13 1.93773e+13 1.70371e+12 1.87272e+11 4.00953e+10 1.64812e+09 2.95084e+08 1.29415e+08 1.16439e+07 1.07941e+06 94350 36999 8321 2912 209 42 34 15 2 0 0 0 0 0 0 0 0 0 0 0 0 0 0 0 0 0 0 0 0 0 0 0 0 0 0 0 0 0 0 0 0 0 0 0 0 0 0 0 0 0 0 0 0 0 0 0 0 0 0 0 0 0 0 0 0
3.23258e+41 1.25914e+35 2.06869e+34 3.43805e+30 1.68587e+29 1.81259e+28 9.99216e+25 6.12126e+23 4.41348e+23 8.25405e+22 3.58314e+21 1.54713e+21 4.29443e+19 1.02878e+18 8.64157e+17 3.61575e+17 5.06589e+16 1.20497e+15 8.3082e+14 2.66939e+14 2.77679e+13 5.8063e+12 1.26455e+12 8.66119e+10 3.07151e+09 7.16914e+08 724234 724234 51696 11480 4591 771 130 14 7 3 2 0 0 0 0 0 0 0 0 0 0 0 0 0 0 0 0 0 0 0 0 0 0 0 0 0 0 0 0 0 0 0 0 0 0 0 0 0 0 0 0 0 0 0 0 0 0 0 0 0 0 0 0 0 0 0 0 0 0
3.36873e+38 5.39521e+34 4.10557e+32 3.68237e+29 3.83356e+28 6.86054e+26 2.07503e+26 1.20043e+25 8.36376e+22 2.2798e+22 3.44929e+21 4.28196e+20 6.31313e+18 1.47762e+18 3.04105e+17 2.19349e+17 2.05086e+16 1.99463e+16 9.54128e+14 1.18401e+14 1.34913e+12 6.30754e+11 1.17047e+11 1.68556e+09 1.78541e+08 1.81239e+07 325013 325013 160811 35343 3137 455 99 21 5 4 0 0 0 0 0 0 0 0 0 0 0 0 0 0 0 0 0 0 0 0 0 0 0 0 0 0 0 0 0 0 0 0 0 0 0 0 0 0 0 0 0 0 0 0 0 0 0 0 0 0 0 0 0 0 0 0 0 0 0
9.10346e+41 2.51095e+35 4.22387e+33 1.17761e+31 8.18304e+30 2.98553e+26 2.98553e+26 4.69434e+25 3.1562e+24 1.39807e+22 1.39807e+22 8.31389e+20 5.05574e+20 1.48068e+18 1.48068e+18 6.12168e+17 1.45038e+17 3.82341e+15 3.82341e+15 2.42835e+14 2.10498e+13 3.75788e+12 6.28428e+11 7.42767e+10 8.90529e+09 1.52855e+09 1.32069e+08 3.55334e+07 7.30068e+06 1.16671e+06 10814 10138 1580 324 16 6 3 1 0 0 0 0 0 0 0 0 0 0 0 0 0 0 0 0 0 0 0 0 0 0 0 0 0 0 0 0 0 0 0 0 0 0 0 0 0 0 0 0 0 0 0 0 0 0 0 0 0 0 0 0 0 0 0 0 0
2.39526e+41 9.69834e+36 6.17902e+33 2.04669e+30 2.40941e+28 2.40941e+28 6.15621e+25 2.98355e+25 1.65059e+24 5.5254e+23 1.17446e+22 1.67417e+21 2.19795e+20 7.91155e+18 7.91155e+18 6.84379e+17 5.92286e+17 2.21516e+17 2.76623e+16 3.41499e+15 2.03008e+13 9.53037e+12 2.16007e+12 7.58637e+10 5.95198e+09 2.97354e+09 8.63387e+08 1.33722e+08 1.93776e+07 188139 32544 9611 8864 1918 227 8 5 1 0 0 0 0 0 0 0 0 0 0 0 0 0 0 0 0 0 0 0 0 0 0 0 0 0 0 0 0 0 0 0 0 0 0 0 0 0 0 0 0 0 0 0 0 0 0 0 0 0 0 0 0 0 0 0 0 0
5.99932e+40 2.11719e+35 2.26078e+32 7.38934e+30 2.10827e+29 5.23051e+26 3.6378e+26 4.17105e+24 4.17105e+24 1.12165e+23 3.4497e+21 3.4497e+21 1.0521e+20 1.0257e+19 1.0257e+19 7.16996e+18 9.68554e+17 1.22206e+17 4.16387e+15 2.98081e+14 7.05976e+13 1.16e+13 8.48985e+11 2.59864e+11 1.66155e+10 1.24914e+09 8.04762e+07 1.00087e+07 4.26422e+06 559919 1967 1967 1150 91 31 10 4 1 0 0 0 0 0 0 0 0 0 0 0 0 0 0 0 0 0 0 0 0 0 0 0 0 0 0 0 0 0 0 0 0 0 0 0 0 0 0 0 0 0 0 0 0 0 0 0 0 0 0 0 0 0 0 0 0 0
5.3083e+39 9.76753e+35 1.116e+34 2.86021e+29 5.54825e+26 5.54825e+26 5.70102e+24 9.66264e+23 2.80463e+22 1.53366e+20 1.44107e+20 1.44107e+20 9.89907e+19 2.28516e+19 1.42199e+17 1.18493e+17 2.32541e+16 6.94838e+15 2.96269e+15 3.48186e+13 1.85376e+13 4.19839e+11 4.55594e+10 1.00327e+10 1.6411e+09 3.8429e+08 5.39199e+06 1.7083e+06 76546 5667 5667 3232 2860 361 50 29 7 2 1 0 0 0 0 0 0 0 0 0 0 0 0 0 0 0 0 0 0 0 0 0 0 0 0 0 0 0 0 0 0 0 0 0 0 0 0 0 0 0 0 0 0 0 0 0 0 0 0 0 0 0 0 0 0 0 0
1.41228e+41 6.77985e+36 4.2559e+31 2.63168e+29 2.68606e+28 1.20582e+27 6.58032e+26 8.22907e+24 5.04405e+22 5.81247e+21 1.79047e+21 1.15798e+19 9.09677e+18 4.1073e+18 8.97428e+17 9.77738e+16 3.91882e+16 1.55597e+15 1.54568e+15 2.17226e+13 1.17672e+12 9.14275e+11 6.9635e+09 1.54153e+09 2.85469e+08 5.5717e+07 6.43225e+06 2.53076e+06 108057 23835 1252 1145 228 58 15 8 3 0 0 0 0 0 0 0 0 0 0 0 0 0 0 0 0 0 0 0 0 0 0 0 0 0 0 0 0 0 0 0 0 0 0 0 0 0 0 0 0 0 0 0 0 0 0 0 0 0 0 0 0 0 0 0 0 0 0
2.24059e+41 1.37716e+37 2.74401e+33 1.03565e+31 2.77473e+30 7.13597e+27 3.67563e+27 1.7917e+25 5.45255e+24 1.5248e+24 2.58949e+23 4.84009e+21 8.56628e+19 1.38393e+19 2.31525e+18 4.00719e+17 1.88203e+17 7.26285e+15 6.52285e+15 1.15315e+15 4.33003e+13 3.73874e+12 4.73825e+10 4.73825e+10 9.43506e+09 3.33265e+09 2.78876e+08 920342 680500 58395 14111 1798 112 45 19 3 2 0 0 0 0 0 0 0 0 0 0 0 0 0 0 0 0 0 0 0 0 0 0 0 0 0 0 0 0 0 0 0 0 0 0 0 0 0 0 0 0 0 0 0 0 0 0 0 0 0 0 0 0 0 0 0 0 0 0
1.12667e+41 1.5578e+36 1.59926e+35 5.92645e+31 8.51316e+30 1.44839e+29 4.56598e+27 1.66703e+26 3.51236e+23 3.51236e+23 1.45032e+22 1.03889e+22 2.97349e+20 3.28892e+19 9.43706e+18 7.08335e+17 8.24716e+16 6.62758e+14 4.01524e+14 5.18483e+13 1.94875e+13 8.19251e+12 6.87872e+11 2.57028e+11 6.1225e+10 3.3721e+08 2.76093e+06 1.78505e+06 584938 87749 4719 4318 3277 571 133 14 3 1 0 0 0 0 0 0 0 0 0 0 0 0 0 0 0 0 0 0 0 0 0 0 0 0 0 0 0 0 0 0 0 0 0 0 0 0 0 0 0 0 0 0 0 0 0 0 0 0 0 0 0 0 0 0 0 0 0
3.14586e+39 4.59902e+35 5.08935e+33 3.62264e+30 3.88269e+28 3.88269e+28 1.68647e+28 1.90263e+25 1.23511e+24 2.86796e+23 2.35474e+22 1.31431e+20 1.31431e+20 5.51858e+18 4.51813e+18 5.9593e+17 8.60077e+16 4.33466e+16 5.17956e+15 1.17187e+15 9.15869e+13 1.64483e+13 7.25987e+11 2.45292e+11 1.00908e+11 1.59472e+09 3.10602e+08 1.43046e+08 3.74933e+07 4.84284e+06 1.92839e+06 101090 6186 4189 1701 762 11 6 3 0 0 0 0 0 0 0 0 0 0 0 0 0 0 0 0 0 0 0 0 0 0 0 0 0 0 0 0 0 0 0 0 0 0 0 0 0 0 0 0 0 0 0 0 0 0 0 0 0 0 0 0 0 0 0 0
9.60568e+38 8.83962e+35 4.56885e+33 2.07135e+30 1.21958e+29 1.21958e+29 6.43411e+26 9.98544e+24 1.91474e+22 4.83289e+20 4.83289e+20 4.83289e+20 2.45674e+18 2.45674e+18 1.39153e+17 1.39153e+17 5.15305e+16 1.57183e+16 4.68829e+15 1.08258e+14 1.98499e+13 1.31545e+12 8.54856e+11 7.34859e+10 3.9514e+09 1.4854e+09 1.32114e+07 2.55606e+06 95675 42992 2127 247 107 19 5 3 1 0 0 0 0 0 0 0 0 0 0 0 0 0 0 0 0 0 0 0 0 0 0 0 0 0 0 0 0 0 0 0 0 0 0 0 0 0 0 0 0 0 0 0 0 0 0 0 0 0 0 0 0 0 0 0 0 0 0
2.507e+41 1.17606e+38 5.96558e+33 5.35367e+30 1.69226e+29 3.16233e+27 2.2084e+26 2.81149e+24 2.20689e+23 1.2895e+23 1.06109e+21 7.47324e+20 4.26775e+19 1.04757e+19 3.4549e+18 2.68585e+17 6.81024e+16 1.9529e+16 5.84531e+15 1.12866e+14 4.08556e+13 3.28392e+12 1.53324e+10 1.21018e+10 1.9137e+09 3.84145e+08 1.11297e+07 1.87729e+06 559612 24946 7427 449 108 48 21 5 4 0 0 0 0 0 0 0 0 0 0 0 0 0 0 0 0 0 0 0 0 0 0 0 0 0 0 0 0 0 0 0 0 0 0 0 0 0 0 0 0 0 0 0 0 0 0 0 0 0 0 0 0 0 0 0 0 0 0
9.40733e+40 4.43416e+38 9.35132e+33 2.47399e+30 1.27644e+30 1.30199e+29 8.08359e+26 9.40299e+25 5.2901e+24 5.2901e+24 2.39501e+22 3.05776e+21 4.39892e+20 4.39892e+20 3.26078e+19 3.05243e+17 1.2169e+17 1.21652e+16 9.07255e+15 4.36926e+15 4.48853e+14 4.27004e+13 7.56759e+12 1.15154e+12 1.30947e+11 6.92954e+09 1.82996e+08 3.83405e+07 1.29155e+07 5.21773e+06 685362 24498 21249 4257 3077 606 73 52 32 2 0 0 0 0 0 0 0 0 0 0 0 0 0 0 0 0 0 0 0 0 0 0 0 0 0 0 0 0 0 0 0 0 0 0 0 0 0 0 0 0 0 0 0 0 0 0 0 0 0 0 0 0 0 0 0
2.98659e+40 6.83615e+35 1.1022e+34 2.67541e+31 1.32486e+29 1.8495e+28 2.42849e+25 1.39305e+24 8.86779e+23 1.05182e+21 1.14307e+20 1.06117e+20 4.23252e+19 2.34994e+19 1.76498e+18 2.89722e+17 3.32868e+16 1.11326e+16 1.87566e+15 2.42357e+14 8.21252e+12 3.16857e+12 2.14189e+11 4.83927e+09 2.81476e+08 2.81476e+08 5.52868e+06 771837 312055 81654 31620 5259 476 92 22 4 0 0 0 0 0 0 0 0 0 0 0 0 0 0 0 0 0 0 0 0 0 0 0 0 0 0 0 0 0 0 0 0 0 0 0 0 0 0 0 0 0 0 0 0 0 0 0 0 0 0 0 0 0 0 0 0 0 0 0
7.17481e+38 1.8155e+36 6.02149e+33 3.60044e+29 2.02822e+29 3.702e+27 1.07325e+26 2.17816e+22 2.17816e+22 2.00872e+21 3.01997e+19 8.38801e+18 7.00996e+17 6.21136e+17 3.09074e+16 3.09074e+16 2.67496e+16 1.75078e+15 9.15109e+13 1.47965e+13 6.52461e+12 4.42911e+11 5.08453e+10 5.10576e+09 1.1646e+07 1.1646e+07 3.42504e+06 294632 162312 2992 130 108 16 4 2 0 0 0 0 0 0 0 0 0 0 0 0 0 0 0 0 0 0 0 0 0 0 0 0 0 0 0 0 0 0 0 0 0 0 0 0 0 0 0 0 0 0 0 0 0 0 0 0 0 0 0 0 0 0 0 0 0 0 0 0
2.70542e+40 9.0367e+34 5.91867e+33 1.9293e+31 1.0303e+29 1.38482e+28 2.41112e+26 2.8615e+25 2.4934e+24 3.2743e+21 3.2743e+21 2.35746e+20 6.02734e+19 1.56223e+18 7.27652e+17 5.22206e+16 4.82812e+15 3.7359e+14 2.24749e+14 4.03986e+13 4.55144e+12 2.9039e+11 2.9036e+11 5.01606e+09 3.30705e+08 6.21431e+07 2.70219e+06 2.70219e+06 132030 29975 14645 2283 413 17 9 8 3 1 0 0 0 0 0 0 0 0 0 0 0 0 0 0 0 0 0 0 0 0 0 0 0 0 0 0 0 0 0 0 0 0 0 0 0 0 0 0 0 0 0 0 0 0 0 0 0 0 0 0 0 0 0 0 0 0 0
1.98479e+38 2.39019e+37 1.92075e+33 4.10597e+29 4.10597e+29 5.0613e+28 2.34475e+25 4.93628e+24 4.93628e+24 8.23184e+22 1.08763e+22 4.26063e+20 3.99553e+19 9.45278e+18 6.2688e+17 1.63109e+17 2.5217e+16 7.74895e+15 6.81271e+14 1.26345e+14 8.28657e+12 9.44961e+11 6.59757e+10 1.70685e+10 1.9682e+08 1.92881e+07 3.28128e+06 976460 11021 2691 689 199 37 10 3 0 0 0 0 0 0 0 0 0 0 0 0 0 0 0 0 0 0 0 0 0 0 0 0 0 0 0 0 0 0 0 0 0 0 0 0 0 0 0 0 0 0 0 0 0 0 0 0 0 0 0 0 0 0 0 0 0 0 0 0
1.36073e+41 1.46924e+35 8.7012e+32 5.30297e+28 5.30297e+28 1.86503e+27 1.02596e+26 5.81591e+25 1.26252e+24 1.15813e+23 2.56507e+21 2.56507e+21 4.83952e+20 1.86354e+19 2.40773e+18 7.3506e+16 7.3506e+16 5.47339e+15 2.95585e+15 3.10436e+14 1.08233e+13 5.02063e+11 2.23701e+10 1.35997e+09 1.35997e+09 1.43061e+08 2.05349e+07 3.74445e+06 120293 114497 25223 203 119 42 6 5 0 0 0 0 0 0 0 0 0 0 0 0 0 0 0 0 0 0 0 0 0 0 0 0 0 0 0 0 0 0 0 0 0 0 0 0 0 0 0 0 0 0 0 0 0 0 0 0 0 0 0 0 0 0 0 0 0 0 0
8.51566e+39 4.10384e+36 4.16648e+33 1.29952e+29 3.69116e+27 3.69116e+27 6.96282e+24 6.96282e+24 6.4204e+23 3.20355e+23 1.78454e+21 1.32146e+21 7.25653e+18 7.06056e+18 6.17841e+17 2.53391e+17 2.06592e+16 1.40119e+16 4.10856e+14 1.67505e+14 6.7613e+13 2.6422e+12 9.82064e+10 7.90046e+09 9.48576e+08 2.1615e+08 6.34744e+07 1.21935e+07 1.38393e+06 43197 11069 793 360 28 16 5 4 1 0 0 0 0 0 0 0 0 0 0 0 0 0 0 0 0 0 0 0 0 0 0 0 0 0 0 0 0 0 0 0 0 0 0 0 0 0 0 0 0 0 0 0 0 0 0 0 0 0 0 0 0 0 0 0 0 0
5.34729e+41 1.45439e+36 1.11294e+34 8.63769e+30 1.21175e+30 7.69254e+26 7.55399e+25 3.2964e+24 3.2964e+24 1.20828e+23 6.35701e+21 2.09344e+21 8.87983e+20 1.37809e+19 8.27371e+18 1.36412e+18 2.92533e+17 1.63972e+17 8.41569e+16 4.14455e+15 5.34146e+13 1.50061e+13 4.16222e+12 2.91916e+11 5.99371e+10 6.19009e+09 1.97475e+08 8.82264e+07 3.13005e+06 441612 30285 2685 2186 216 27 18 4 0 0 0 0 0 0 0 0 0 0 0 0 0 0 0 0 0 0 0 0 0 0 0 0 0 0 0 0 0 0 0 0 0 0 0 0 0 0 0 0 0 0 0 0 0 0 0 0 0 0 0 0 0 0 0 0 0 0
9.12185e+37 2.43164e+36 1.84933e+32 9.80671e+30 8.18846e+28 1.03112e+27 1.03112e+27 3.08774e+26 1.33937e+24 9.55693e+22 9.79302e+21 2.10284e+19 2.10284e+19 1.21335e+17 1.21335e+17 7.96759e+15 7.96759e+15 2.45143e+15 8.68749e+14 2.38293e+14 5.17628e+13 1.87631e+13 5.37339e+12 6.20867e+11 1.31976e+11 2.96887e+09 6.17695e+07 1.00018e+06 948838 274796 39021 3817 3817 1682 137 67 8 5 3 0 0 0 0 0 0 0 0 0 0 0 0 0 0 0 0 0 0 0 0 0 0 0 0 0 0 0 0 0 0 0 0 0 0 0 0 0 0 0 0 0 0 0 0 0 0 0 0 0 0 0 0 0 0 0 0
3.36847e+39 1.08839e+37 9.12525e+34 5.97641e+29 1.85776e+29 1.02995e+28 4.03058e+26 2.43438e+26 8.27167e+25 1.87639e+24 2.31306e+22 1.21912e+22 9.6591e+20 6.7463e+18 6.11411e+17 6.11411e+17 3.44812e+17 1.42769e+17 8.53849e+15 2.36744e+15 3.64758e+14 9.25578e+13 2.8871e+12 8.87388e+11 7.03343e+10 8.09058e+09 4.32758e+09 8.36034e+08 1.47586e+07 6.56258e+06 166240 34085 916 383 91 59 52 27 6 0 0 0 0 0 0 0 0 0 0 0 0 0 0 0 0 0 0 0 0 0 0 0 0 0 0 0 0 0 0 0 0 0 0 0 0 0 0 0 0 0 0 0 0 0 0 0 0 0 0 0 0 0 0 0 0
5.54971e+38 1.14003e+37 3.67146e+34 7.78379e+30 8.88125e+28 8.77626e+27 4.0786e+26 6.072e+25 5.61441e+24 8.65736e+23 4.27256e+21 2.43484e+20 4.2309e+19 5.84288e+18 1.10148e+18 6.94702e+17 2.02672e+17 1.9149e+16 1.75367e+16 1.40402e+15 1.0711e+13 2.68641e+12 3.21977e+11 1.96367e+10 9.55144e+08 2.121e+08 1.19699e+08 4.39968e+07 7.97555e+06 2.46382e+06 184514 7551 588 128 34 20 6 3 0 0 0 0 0 0 0 0 0 0 0 0 0 0 0 0 0 0 0 0 0 0 0 0 0 0 0 0 0 0 0 0 0 0 0 0 0 0 0 0 0 0 0 0 0 0 0 0 0 0 0 0 0 0 0 0 0
8.69676e+41 2.69341e+36 4.94605e+35 1.54275e+32 1.48355e+28 1.48355e+28 7.56254e+27 1.23479e+26 7.60447e+25 9.39688e+23 8.6638e+22 1.91448e+22 3.7606e+20 2.74479e+20 7.14986e+18 1.92433e+17 1.92433e+17 3.29174e+16 2.47956e+16 1.59857e+15 2.1661e+14 8.9106e+12 9.57237e+11 1.87293e+11 2.42092e+09 1.18696e+08 7.56277e+07 4.37576e+06 2.37997e+06 225976 97503 17270 5159 553 51 7 2 1 0 0 0 0 0 0 0 0 0 0 0 0 0 0 0 0 0 0 0 0 0 0 0 0 0 0 0 0 0 0 0 0 0 0 0 0 0 0 0 0 0 0 0 0 0 0 0 0 0 0 0 0 0 0 0 0 0
8.71874e+39 3.61825e+37 5.24789e+33 3.70488e+30 4.56034e+25 4.56034e+25 4.56034e+25 1.23015e+24 8.45344e+23 8.45344e+23 2.20805e+22 2.60466e+20 1.93724e+19 5.91875e+18 1.80296e+18 1.25556e+16 1.25556e+16 5.84507e+15 3.54529e+13 3.54529e+13 8.72845e+12 3.00941e+12 5.01218e+11 1.01174e+11 3.45837e+09 1.73918e+09 8.67222e+07 2.70885e+06 95777 14989 243 243 58 58 14 6 4 0 0 0 0 0 0 0 0 0 0 0 0 0 0 0 0 0 0 0 0 0 0 0 0 0 0 0 0 0 0 0 0 0 0 0 0 0 0 0 0 0 0 0 0 0 0 0 0 0 0 0 0 0 0 0 0 0 0
2.03426e+40 1.93239e+37 2.44942e+34 8.50799e+31 7.78667e+30 3.64579e+28 1.60979e+27 5.59046e+25 1.48279e+24 5.32943e+22 1.05602e+22 2.50601e+19 2.50601e+19 9.81658e+18 3.44065e+17 3.44065e+17 1.80387e+16 8.60285e+15 3.33986e+14 3.33986e+14 2.38301e+13 3.59822e+12 1.92648e+12 2.36853e+11 1.35061e+10 1.36269e+09 9.01198e+07 4.87441e+06 163607 53336 10919 6040 2821 1394 140 21 20 1 1 0 0 0 0 0 0 0 0 0 0 0 0 0 0 0 0 0 0 0 0 0 0 0 0 0 0 0 0 0 0 0 0 0 0 0 0 0 0 0 0 0 0 0 0 0 0 0 0 0 0 0 0 0 0 0 0
7.27301e+38 1.25214e+35 8.68994e+34 2.55748e+30 3.95244e+27 1.90162e+27 2.40727e+25 3.32423e+24 8.30894e+22 8.30894e+22 5.72246e+22 7.41964e+19 7.41964e+19 5.55711e+18 2.82356e+18 5.05763e+17 1.80752e+17 8.19718e+16 8.19718e+16 2.18156e+16 3.21398e+14 2.51938e+13 3.70597e+12 1.28241e+12 8.97772e+11 7.67407e+10 5.42338e+09 8.45367e+08 4.82487e+07 2.31661e+06 82622 42904 4555 3092 1333 426 44 23 6 0 0 0 0 0 0 0 0 0 0 0 0 0 0 0 0 0 0 0 0 0 0 0 0 0 0 0 0 0 0 0 0 0 0 0 0 0 0 0 0 0 0 0 0 0 0 0 0 0 0 0 0 0 0 0 0
1.91831e+39 6.87594e+35 2.70949e+34 1.15189e+31 5.49174e+29 2.00772e+28 4.32071e+25 4.32071e+25 4.368e+24 4.70443e+22 6.7517e+21 6.7517e+21 1.14068e+21 7.50148e+19 3.54411e+19 3.01041e+18 3.80438e+17 1.30473e+17 3.85199e+16 9.05269e+14 1.1729e+13 1.24997e+12 3.92663e+11 7.94293e+10 5.04398e+09 8.39119e+07 3.00927e+07 2.89181e+06 523979 16078 1670 106 44 19 7 4 1 0 0 0 0 0 0 0 0 0 0 0 0 0 0 0 0 0 0 0 0 0 0 0 0 0 0 0 0 0 0 0 0 0 0 0 0 0 0 0 0 0 0 0 0 0 0 0 0 0 0 0 0 0 0 0 0 0 0
3.68506e+40 6.24825e+37 1.36881e+34 2.32313e+30 3.02026e+29 2.86427e+27 1.23796e+27 1.01003e+26 5.57386e+24 4.08355e+23 6.58024e+21 8.16409e+20 2.0732e+20 8.71e+18 7.25421e+18 1.00798e+18 3.36961e+17 9.7588e+16 7.00746e+15 1.22816e+15 6.79387e+13 5.36382e+12 1.5303e+12 1.66188e+11 8.36151e+09 8.05239e+08 2.70972e+07 596082 152797 15020 12583 1115 529 77 6 2 2 0 0 0 0 0 0 0 0 0 0 0 0 0 0 0 0 0 0 0 0 0 0 0 0 0 0 0 0 0 0 0 0 0 0 0 0 0 0 0 0 0 0 0 0 0 0 0 0 0 0 0 0 0 0 0 0 0 0
5.01311e+41 6.49287e+37 5.6169e+33 8.87995e+29 1.02363e+29 8.32267e+27 5.7254e+25 5.11244e+23 5.11244e+23 2.61853e+21 2.03981e+20 4.56828e+19 1.00462e+18 5.20161e+17 4.00609e+16 1.57697e+16 9.4136e+15 1.45875e+14 1.08558e+14 3.97655e+12 4.01778e+11 7.18763e+10 2.39718e+09 4.00335e+08 7.87995e+07 1.02273e+07 986349 69349 35189 2498 1446 47 18 13 7 2 0 0 0 0 0 0 0 0 0 0 0 0 0 0 0 0 0 0 0 0 0 0 0 0 0 0 0 0 0 0 0 0 0 0 0 0 0 0 0 0 0 0 0 0 0 0 0 0 0 0 0 0 0 0 0 0 0 0 0
1.40393e+39 6.14377e+36 5.35334e+31 1.42222e+29 3.98835e+27 3.3992e+26 4.03725e+25 2.59511e+22 2.59511e+22 2.59511e+22 8.2015e+19 2.29717e+18 2.29717e+18 2.29717e+18 5.63821e+16 5.63821e+16 1.74967e+16 3.45859e+15 3.19374e+15 1.43403e+14 7.89171e+12 2.10117e+12 4.55542e+10 1.45139e+10 3.19578e+08 2.19978e+07 7.3346e+06 212209 56664 25409 2124 377 178 14 5 3 0 0 0 0 0 0 0 0 0 0 0 0 0 0 0 0 0 0 0 0 0 0 0 0 0 0 0 0 0 0 0 0 0 0 0 0 0 0 0 0 0 0 0 0 0 0 0 0 0 0 0 0 0 0 0 0 0 0 0
1.71324e+41 3.52452e+36 2.06226e+32 5.47395e+28 5.47395e+28 1.08191e+28 1.08191e+28 1.84689e+27 8.67812e+24 1.37006e+24 5.8511e+23 3.20938e+21 1.56439e+21 1.73335e+19 3.03033e+18 2.68889e+18 1.01524e+18 5.15276e+16 2.05885e+16 4.36181e+15 2.78119e+14 1.4922e+13 1.17571e+12 5.72848e+11 4.85428e+10 4.75037e+09 4.54478e+08 6.47194e+07 2.37802e+07 2.54141e+06 116841 11482 4545 2964 1693 1228 119 9 8 0 0 0 0 0 0 0 0 0 0 0 0 0 0 0 0 0 0 0 0 0 0 0 0 0 0 0 0 0 0 0 0 0 0 0 0 0 0 0 0 0 0 0 0 0 0 0 0 0 0 0 0 0 0 0 0
