19.2078 9.4182 8.35836 4.1396 4.1396 3.71956 1.34043 1.34043 0.822764 0.822764 0.648578 0.398794 0.277079 0.19234 0.139045 0.0937506 0.0696271 0.0562097 0.0289337 0.0233011 0.0157179 0.00990593 0.00701638 0.00553035 0.00284028 0.00117904 0.000871313 0.000275155 0.000212047 0.000104946 8.07147e-05 2.49857e-05 1.16537e-05 1.16537e-05 4.85767e-06 4.52394e-06 2.72095e-06 1.72125e-06 5.20003e-07 3.05454e-07 1.20584e-07 3.42199e-08 1.40303e-08 0 0 0 0 0 0 0 0 0 0 0 0 0 0 0 0 0 0 0 0 0 0 0 0 0 0 0 0 0 0 0 0 0 0 0 0 0 0 0 0 0 0 0 0 0 0 0 0 0 0 0 0 0
24.3709 11.2229 4.77803 2.73236 2.44102 2.44102 2.44102 1.43827 1.3129 0.797396 0.433474 0.433474 0.277887 0.130807 0.130807 0.0872933 0.0460305 0.0398713 0.0265733 0.0220248 0.0112216 0.00734392 0.00440515 0.00415801 0.00190825 0.00157987 0.000982692 0.000353693 0.000213918 0.0001193 8.07426e-05 4.68091e-05 2.87248e-05 1.39811e-05 6.47501e-06 3.59234e-06 1.95304e-06 1.49493e-06 5.97304e-07 2.32458e-07 7.73202e-08 5.20263e-08 2.1572e-08 1.00523e-08 0 0 0 0 0 0 0 0 0 0 0 0 0 0 0 0 0 0 0 0 0 0 0 0 0 0 0 0 0 0 0 0 0 0 0 0 0 0 0 0 0 0 0 0 0 0 0 0 0 0 0 0
16.0856 16.0856 10.7979 5.50294 4.94869 2.6528 2.07435 1.69537 0.926814 0.926814 0.412142 0.412142 0.300418 0.172874 0.167293 0.113471 0.0536976 0.0473417 0.0307431 0.0273461 0.0118609 0.00954608 0.00363699 0.00337146 0.0020066 0.00137049 0.000760771 0.000221484 0.000129273 7.24993e-05 3.13301e-05 3.02568e-05 1.9441e-05 1.01e-05 5.59983e-06 2.05498e-06 1.26902e-06 6.00343e-07 3.19285e-07 1.39408e-07 5.60933e-08 4.06624e-08 1.35458e-08 0 0 0 0 0 0 0 0 0 0 0 0 0 0 0 0 0 0 0 0 0 0 0 0 0 0 0 0 0 0 0 0 0 0 0 0 0 0 0 0 0 0 0 0 0 0 0 0 0 0 0 0 0
11.1629 9.92557 8.31844 5.61436 3.69916 3.0769 2.63059 2.02237 1.5107 0.926512 0.71264 0.223553 0.223553 0.144488 0.144488 0.0894123 0.0851219 0.0566828 0.0399878 0.0309606 0.0137384 0.0105358 0.00700533 0.0031936 0.00136517 0.00081914 0.000532665 0.000365023 0.000222931 0.000146581 9.37938e-05 4.18476e-05 1.53707e-05 7.64483e-06 7.64483e-06 5.74612e-06 1.68011e-06 1.6674e-06 1.13606e-06 2.84694e-07 2.84694e-07 1.07511e-07 5.61884e-08 2.20627e-08 0 0 0 0 0 0 0 0 0 0 0 0 0 0 0 0 0 0 0 0 0 0 0 0 0 0 0 0 0 0 0 0 0 0 0 0 0 0 0 0 0 0 0 0 0 0 0 0 0 0 0 0
19.6712 17.8365 10.3195 7.38317 4.87546 4.37293 2.24163 1.28433 1.04262 1.04262 0.735159 0.561136 0.318181 0.233967 0.120473 0.0745763 0.0505924 0.045007 0.0218516 0.0160849 0.0134054 0.0075094 0.00491505 0.00413577 0.00180541 0.00109842 0.000761211 0.00011071 0.00011071 5.27931e-05 4.41448e-05 2.29277e-05 2.01253e-05 1.08483e-05 6.4472e-06 2.93884e-06 2.16019e-06 1.02348e-06 4.22213e-07 1.75777e-07 7.78447e-08 3.03761e-08 1.77909e-08 0 0 0 0 0 0 0 0 0 0 0 0 0 0 0 0 0 0 0 0 0 0 0 0 0 0 0 0 0 0 0 0 0 0 0 0 0 0 0 0 0 0 0 0 0 0 0 0 0 0 0 0 0
13.1228 11.6413 8.74276 6.49779 4.04887 2.32871 1.44349 1.34864 0.610266 0.610266 0.508476 0.405623 0.349584 0.276377 0.175546 0.0782516 0.0782516 0.0327109 0.0327109 0.0249736 0.0168709 0.00745924 0.00543076 0.00303789 0.00208997 0.0012241 0.000740514 0.000351337 0.000214433 0.000139307 6.81634e-05 4.97526e-05 2.61835e-05 1.68131e-05 1.00107e-05 6.3999e-06 3.64392e-06 1.76907e-06 6.83967e-07 3.79516e-07 1.40723e-07 6.25082e-08 4.41843e-08 1.33777e-08 0 0 0 0 0 0 0 0 0 0 0 0 0 0 0 0 0 0 0 0 0 0 0 0 0 0 0 0 0 0 0 0 0 0 0 0 0 0 0 0 0 0 0 0 0 0 0 0 0 0 0 0
22.057 10.5699 10.5699 4.92073 3.67173 2.95829 2.34209 1.78895 0.854089 0.491556 0.402994 0.368206 0.206396 0.168801 0.0903841 0.0903841 0.0471718 0.0252987 0.024013 0.0196894 0.0115829 0.00864519 0.00497258 0.00284043 0.00101141 0.000921089 0.000407989 0.000227094 6.83809e-05 6.7231e-05 3.38686e-05 1.01383e-05 1.01383e-05 9.85555e-06 6.52617e-06 3.63707e-06 1.77664e-06 9.07503e-07 4.9554e-07 2.6764e-07 1.1285e-07 5.79883e-08 2.38595e-08 0 0 0 0 0 0 0 0 0 0 0 0 0 0 0 0 0 0 0 0 0 0 0 0 0 0 0 0 0 0 0 0 0 0 0 0 0 0 0 0 0 0 0 0 0 0 0 0 0 0 0 0 0
14.3224 12.3327 10.7189 8.13029 4.22206 4.19882 3.00807 1.95649 1.62689 0.942242 0.749032 0.399289 0.285583 0.232024 0.202551 0.156812 0.0888816 0.0546596 0.0329892 0.020503 0.011755 0.011755 0.00710649 0.00497643 0.00194862 0.00106073 0.00106073 0.000279558 0.000240332 0.000141964 8.36987e-05 5.43628e-05 3.05712e-05 1.58495e-05 1.11503e-05 3.88983e-06 2.27898e-06 1.5196e-06 9.30907e-07 3.17181e-07 2.36216e-07 7.53423e-08 3.87554e-08 1.39785e-08 0 0 0 0 0 0 0 0 0 0 0 0 0 0 0 0 0 0 0 0 0 0 0 0 0 0 0 0 0 0 0 0 0 0 0 0 0 0 0 0 0 0 0 0 0 0 0 0 0 0 0 0
17.9272 10.1033 10.1033 5.73902 4.99359 2.41205 1.91623 1.58493 1.50802 0.585954 0.585954 0.398383 0.239162 0.239162 0.185308 0.125755 0.0579146 0.0579146 0.023141 0.0134509 0.0134509 0.00974383 0.00308366 0.00198351 0.00155256 0.00132664 0.000617339 0.000241856 0.000106247 0.000106247 8.75287e-05 6.24415e-05 2.43807e-05 1.26408e-05 9.49169e-06 7.02612e-06 2.08291e-06 1.63886e-06 9.33806e-07 4.21204e-07 1.31113e-07 9.39807e-08 3.2239e-08 1.3118e-08 0 0 0 0 0 0 0 0 0 0 0 0 0 0 0 0 0 0 0 0 0 0 0 0 0 0 0 0 0 0 0 0 0 0 0 0 0 0 0 0 0 0 0 0 0 0 0 0 0 0 0 0
19.8647 14.0535 10.4193 4.37586 4.02328 3.48555 2.27753 1.46025 1.11374 0.814833 0.79869 0.412939 0.412939 0.199322 0.138443 0.0795201 0.0717425 0.0582146 0.0251848 0.0164801 0.0110876 0.00735255 0.00527941 0.00373084 0.00218876 0.00123037 0.000503987 0.000203962 0.000174922 0.000103213 5.02245e-05 2.3325e-05 2.16902e-05 1.43283e-05 6.58162e-06 3.92384e-06 1.6531e-06 3.16998e-07 3.16998e-07 1.75754e-07 9.99072e-08 4.46179e-08 1.94567e-08 0 0 0 0 0 0 0 0 0 0 0 0 0 0 0 0 0 0 0 0 0 0 0 0 0 0 0 0 0 0 0 0 0 0 0 0 0 0 0 0 0 0 0 0 0 0 0 0 0 0 0 0 0
22.714 14.1912 7.64394 4.27758 3.83918 2.82383 1.03731 1.03731 1.02125 0.562573 0.55016 0.361163 0.244908 0.107055 0.107055 0.0653346 0.0505934 0.038334 0.0272559 0.0132174 0.00865916 0.00865916 0.00554671 0.00348762 0.00223626 0.00139584 0.000604756 0.000413192 0.000188525 0.000118548 7.59911e-05 6.50293e-05 2.11433e-05 1.79557e-05 9.52799e-06 5.12281e-06 2.38947e-06 1.03473e-06 5.73672e-07 4.72625e-07 1.20929e-07 6.6392e-08 3.52483e-08 0 0 0 0 0 0 0 0 0 0 0 0 0 0 0 0 0 0 0 0 0 0 0 0 0 0 0 0 0 0 0 0 0 0 0 0 0 0 0 0 0 0 0 0 0 0 0 0 0 0 0 0 0
20.6032 10.8627 10.8627 5.09889 2.97484 2.8118 2.00793 1.43627 1.21029 0.953033 0.433058 0.394875 0.151794 0.151794 0.151794 0.123712 0.0673732 0.0458339 0.0382428 0.0312338 0.0206521 0.0169061 0.0104703 0.00725007 0.00408345 0.00297249 0.000824145 0.000290668 0.000261862 0.000172227 8.60738e-05 5.31174e-05 2.58491e-05 1.81236e-05 8.99623e-06 3.12082e-06 2.22828e-06 1.65958e-06 5.61303e-07 3.77195e-07 1.55496e-07 5.88489e-08 3.01139e-08 1.46577e-08 0 0 0 0 0 0 0 0 0 0 0 0 0 0 0 0 0 0 0 0 0 0 0 0 0 0 0 0 0 0 0 0 0 0 0 0 0 0 0 0 0 0 0 0 0 0 0 0 0 0 0 0
19.9718 11.7187 10.0541 6.62012 3.20953 1.91884 1.88157 1.80458 1.13426 0.808389 0.464208 0.310473 0.231163 0.168004 0.108593 0.0537477 0.0537477 0.0360822 0.0245455 0.0170002 0.00827202 0.00638179 0.00469362 0.00348719 0.00139667 0.001072 0.000675807 0.000192014 0.000135765 5.598e-05 4.24082e-05 2.25016e-05 1.45785e-05 9.35491e-06 3.86877e-06 2.3792e-06 1.36402e-06 7.10875e-07 3.96693e-07 1.42005e-07 6.32247e-08 2.80295e-08 1.40812e-08 0 0 0 0 0 0 0 0 0 0 0 0 0 0 0 0 0 0 0 0 0 0 0 0 0 0 0 0 0 0 0 0 0 0 0 0 0 0 0 0 0 0 0 0 0 0 0 0 0 0 0 0 0
18.0531 9.68915 9.68915 4.99118 3.79103 2.38728 1.6605 1.4405 0.955989 0.828553 0.587513 0.343142 0.22876 0.154025 0.116035 0.0880827 0.063349 0.0404855 0.0285582 0.0173555 0.00808603 0.00808603 0.00320116 0.00261763 0.00107019 0.00107019 0.000543386 0.000234775 0.000115359 5.6948e-05 3.148e-05 2.38887e-05 8.11381e-06 6.88615e-06 4.95728e-06 2.40324e-06 1.63798e-06 1.13079e-06 5.20138e-07 1.84992e-07 8.34119e-08 2.07663e-08 1.58768e-08 0 0 0 0 0 0 0 0 0 0 0 0 0 0 0 0 0 0 0 0 0 0 0 0 0 0 0 0 0 0 0 0 0 0 0 0 0 0 0 0 0 0 0 0 0 0 0 0 0 0 0 0 0
15.272 13.3155 8.24902 4.39278 3.54176 3.54176 2.30461 1.62208 1.12499 0.433282 0.287911 0.261288 0.189962 0.161406 0.0895432 0.0722964 0.0499849 0.0371082 0.0271907 0.0176424 0.0139599 0.00677113 0.00520485 0.00164457 0.00151971 0.00116595 0.000471002 0.000221449 0.00010388 0.00010388 6.48071e-05 3.03475e-05 1.61121e-05 1.18349e-05 5.96248e-06 3.30933e-06 2.20099e-06 6.68786e-07 2.58593e-07 1.66825e-07 7.0068e-08 3.4179e-08 1.37927e-08 0 0 0 0 0 0 0 0 0 0 0 0 0 0 0 0 0 0 0 0 0 0 0 0 0 0 0 0 0 0 0 0 0 0 0 0 0 0 0 0 0 0 0 0 0 0 0 0 0 0 0 0 0
10.0843 10.0843 7.67212 5.05077 4.5654 2.96413 2.27091 1.74384 0.849206 0.736701 0.663868 0.363821 0.266416 0.175897 0.164463 0.0691566 0.0654079 0.0424807 0.0345098 0.0233142 0.0151205 0.00566678 0.00445581 0.00442815 0.00142045 0.000747508 0.000639454 0.000167955 0.000164129 8.69297e-05 5.74019e-05 3.72066e-05 1.64466e-05 8.06074e-06 6.17195e-06 4.53091e-06 1.80668e-06 8.24703e-07 3.97905e-07 2.3315e-07 1.12525e-07 3.15417e-08 1.48716e-08 0 0 0 0 0 0 0 0 0 0 0 0 0 0 0 0 0 0 0 0 0 0 0 0 0 0 0 0 0 0 0 0 0 0 0 0 0 0 0 0 0 0 0 0 0 0 0 0 0 0 0 0 0
14.6657 9.60453 7.5087 4.87921 4.07057 2.97183 2.14776 1.62536 1.1185 0.647008 0.480778 0.352327 0.176853 0.0586476 0.0586476 0.0586476 0.0586476 0.0472282 0.0252524 0.0167455 0.0109132 0.00746382 0.00504619 0.00230111 0.00116423 0.00116423 0.000681812 0.000222904 0.000112885 0.000112885 5.60599e-05 3.53914e-05 1.95813e-05 1.28942e-05 6.22163e-06 4.71754e-06 1.91713e-06 9.83353e-07 6.67993e-07 5.51897e-07 1.65292e-07 6.82709e-08 3.50437e-08 1.593e-08 0 0 0 0 0 0 0 0 0 0 0 0 0 0 0 0 0 0 0 0 0 0 0 0 0 0 0 0 0 0 0 0 0 0 0 0 0 0 0 0 0 0 0 0 0 0 0 0 0 0 0 0
10.5765 10.5765 9.5219 5.18527 2.79749 1.61448 0.880884 0.880884 0.880884 0.838045 0.491055 0.444673 0.241572 0.144389 0.110007 0.0948602 0.0600348 0.0449981 0.0326498 0.0250184 0.0120573 0.00594039 0.00510811 0.00181758 0.0015591 0.000717089 0.000615202 0.000326886 9.45402e-05 9.45402e-05 5.16179e-05 2.61589e-05 1.29757e-05 1.21474e-05 4.91207e-06 4.45181e-06 2.26893e-06 1.18858e-06 7.41281e-07 3.60178e-07 1.78321e-07 6.68965e-08 3.41613e-08 1.01044e-08 0 0 0 0 0 0 0 0 0 0 0 0 0 0 0 0 0 0 0 0 0 0 0 0 0 0 0 0 0 0 0 0 0 0 0 0 0 0 0 0 0 0 0 0 0 0 0 0 0 0 0 0
16.7427 12.6289 9.26335 5.21775 4.66578 4.12001 2.18326 1.14837 1.14837 0.607353 0.484025 0.393782 0.324718 0.178964 0.166616 0.0399047 0.0399047 0.0392335 0.0271167 0.0223295 0.0130592 0.00823551 0.00347355 0.0019999 0.00153469 0.000862046 0.000706576 0.000342042 0.00021846 0.000106814 8.40247e-05 4.55236e-05 2.46333e-05 1.85472e-05 9.54009e-06 3.85087e-06 3.29824e-06 1.36476e-06 7.52199e-07 3.1938e-07 1.48716e-07 8.17649e-08 2.72421e-08 1.00804e-08 0 0 0 0 0 0 0 0 0 0 0 0 0 0 0 0 0 0 0 0 0 0 0 0 0 0 0 0 0 0 0 0 0 0 0 0 0 0 0 0 0 0 0 0 0 0 0 0 0 0 0 0
19.3524 14.7062 12.141 5.88552 3.51014 2.80383 2.4539 1.26826 1.17593 0.719577 0.530943 0.3899 0.275478 0.172402 0.152628 0.0457501 0.0427856 0.0243986 0.023965 0.0122213 0.00776233 0.00621499 0.00381451 0.0025267 0.0013055 0.000823053 0.000452265 0.000213251 0.000136292 8.20134e-05 5.41622e-05 1.70095e-05 1.06857e-05 8.60339e-06 3.93402e-06 2.48862e-06 1.36518e-06 1.03513e-06 4.01204e-07 2.04315e-07 9.17133e-08 3.29232e-08 1.56182e-08 0 0 0 0 0 0 0 0 0 0 0 0 0 0 0 0 0 0 0 0 0 0 0 0 0 0 0 0 0 0 0 0 0 0 0 0 0 0 0 0 0 0 0 0 0 0 0 0 0 0 0 0 0
11.0616 11.0616 5.36978 5.36978 4.5062 2.73605 1.80874 1.34755 1.04207 0.941062 0.577231 0.293797 0.261435 0.224945 0.160976 0.110493 0.063669 0.0438713 0.0326397 0.0154972 0.0106568 0.00483823 0.00483823 0.00394619 0.00256808 0.00113966 0.000792261 0.000329461 0.000201757 0.000110653 6.11403e-05 3.62908e-05 2.36416e-05 1.43579e-05 9.83254e-06 4.42628e-06 2.45843e-06 1.63961e-06 7.93153e-07 3.54037e-07 1.15068e-07 3.3023e-08 1.94499e-08 0 0 0 0 0 0 0 0 0 0 0 0 0 0 0 0 0 0 0 0 0 0 0 0 0 0 0 0 0 0 0 0 0 0 0 0 0 0 0 0 0 0 0 0 0 0 0 0 0 0 0 0 0
17.3648 15.6039 10.2181 5.31905 2.44563 2.44563 1.16216 1.16216 1.16216 0.848335 0.562856 0.445419 0.347737 0.167901 0.127893 0.0873152 0.0648777 0.0215615 0.0215615 0.00935317 0.00935317 0.00648087 0.0046854 0.00349212 0.00156233 0.000899513 0.000499017 7.08408e-05 7.08408e-05 4.18452e-05 4.18452e-05 2.39906e-05 1.16843e-05 1.01651e-05 4.34346e-06 2.79972e-06 1.42839e-06 8.48933e-07 6.02549e-07 1.13919e-07 1.07302e-07 2.39619e-08 2.0051e-08 0 0 0 0 0 0 0 0 0 0 0 0 0 0 0 0 0 0 0 0 0 0 0 0 0 0 0 0 0 0 0 0 0 0 0 0 0 0 0 0 0 0 0 0 0 0 0 0 0 0 0 0 0
9.89871 9.45237 9.29089 6.3489 4.86065 3.94151 2.45559 2.15863 1.67069 0.929921 0.618658 0.31316 0.23165 0.167302 0.164045 0.115725 0.0696174 0.0537672 0.0264876 0.0177414 0.0119499 0.00928704 0.00567847 0.00361401 0.00245084 0.00180051 0.000816173 0.00049027 0.000201889 0.000124242 7.50437e-05 4.62032e-05 2.7532e-05 2.26352e-05 8.82059e-06 7.01466e-06 5.85062e-06 2.23998e-06 1.20763e-06 7.03203e-07 2.52243e-07 1.22487e-07 4.75242e-08 2.19831e-08 0 0 0 0 0 0 0 0 0 0 0 0 0 0 0 0 0 0 0 0 0 0 0 0 0 0 0 0 0 0 0 0 0 0 0 0 0 0 0 0 0 0 0 0 0 0 0 0 0 0 0 0
22.0849 13.5019 10.9898 6.83871 3.81333 3.07448 1.55131 1.38499 0.475904 0.445862 0.445862 0.20412 0.20412 0.152481 0.0782939 0.0732876 0.0684317 0.0481586 0.0336882 0.0190317 0.0150518 0.00832766 0.00639009 0.00331106 0.00134688 0.00132556 0.000384202 0.000242288 0.000142522 8.102e-05 3.56391e-05 2.51118e-05 8.84251e-06 5.47037e-06 4.13971e-06 2.80505e-06 1.42344e-06 7.18462e-07 3.69292e-07 1.78498e-07 9.10246e-08 3.72267e-08 0 0 0 0 0 0 0 0 0 0 0 0 0 0 0 0 0 0 0 0 0 0 0 0 0 0 0 0 0 0 0 0 0 0 0 0 0 0 0 0 0 0 0 0 0 0 0 0 0 0 0 0 0 0
16.5248 15.4228 12.5723 5.21751 4.69708 2.43089 1.33972 1.02815 1.00183 0.697469 0.430622 0.331856 0.233912 0.205806 0.149636 0.100567 0.0652174 0.0335181 0.0263374 0.0146142 0.0103409 0.00795485 0.00391005 0.0021825 0.00121042 0.000727988 0.000311063 0.000148939 0.00011346 5.18943e-05 2.8921e-05 2.36491e-05 1.43572e-05 4.51667e-06 3.64842e-06 2.19105e-06 1.18109e-06 6.30516e-07 3.15226e-07 1.88412e-07 7.42064e-08 3.03958e-08 1.22627e-08 0 0 0 0 0 0 0 0 0 0 0 0 0 0 0 0 0 0 0 0 0 0 0 0 0 0 0 0 0 0 0 0 0 0 0 0 0 0 0 0 0 0 0 0 0 0 0 0 0 0 0 0 0
24.9641 14.094 11.2597 5.29005 4.67057 2.75649 2.31638 1.59979 1.00068 0.440132 0.300346 0.300346 0.27402 0.199217 0.085696 0.085696 0.0381869 0.0381869 0.0228255 0.0174546 0.012542 0.00566929 0.00566929 0.002528 0.00149184 0.0011619 0.000585014 0.000329195 9.81868e-05 5.12092e-05 5.12092e-05 2.79011e-05 1.79247e-05 9.31014e-06 4.77046e-06 3.20788e-06 1.44162e-06 7.69037e-07 7.11667e-07 2.58531e-07 1.09699e-07 3.08384e-08 1.4321e-08 0 0 0 0 0 0 0 0 0 0 0 0 0 0 0 0 0 0 0 0 0 0 0 0 0 0 0 0 0 0 0 0 0 0 0 0 0 0 0 0 0 0 0 0 0 0 0 0 0 0 0 0 0
8.66232 8.66232 8.66232 3.01104 2.97119 2.17382 1.9233 1.16655 0.770453 0.672007 0.443226 0.257931 0.240612 0.161658 0.086233 0.0839627 0.0663984 0.036748 0.0255354 0.0148861 0.00869063 0.0056423 0.00275344 0.00275344 0.00214538 0.00139972 0.000674747 0.000269045 0.000157368 0.000109789 6.85019e-05 4.90675e-05 3.83946e-05 1.94128e-05 1.44943e-05 7.55076e-06 4.5939e-06 1.5166e-06 1.01625e-06 5.2085e-07 2.28896e-07 1.03481e-07 4.22865e-08 2.05637e-08 0 0 0 0 0 0 0 0 0 0 0 0 0 0 0 0 0 0 0 0 0 0 0 0 0 0 0 0 0 0 0 0 0 0 0 0 0 0 0 0 0 0 0 0 0 0 0 0 0 0 0 0
22.8027 10.4205 9.22074 4.73536 3.50629 2.01817 2.01817 1.73845 1.11737 0.757711 0.656102 0.522132 0.193939 0.193939 0.17275 0.0936428 0.0660657 0.0496003 0.0417437 0.0209924 0.0183825 0.011092 0.00796817 0.00425023 0.00177221 0.00144036 0.000952528 0.000334977 0.000163239 9.37025e-05 4.63172e-05 4.63172e-05 3.8543e-05 1.87278e-05 1.42798e-05 5.25522e-06 4.20989e-06 2.62406e-06 1.47105e-06 3.58039e-07 1.90647e-07 8.82885e-08 4.60752e-08 1.62956e-08 0 0 0 0 0 0 0 0 0 0 0 0 0 0 0 0 0 0 0 0 0 0 0 0 0 0 0 0 0 0 0 0 0 0 0 0 0 0 0 0 0 0 0 0 0 0 0 0 0 0 0 0
15.377 14.5049 8.2368 5.94415 3.21534 2.50786 1.59495 1.5118 0.754595 0.364087 0.355204 0.25157 0.221935 0.149939 0.0742991 0.0674718 0.0573796 0.0371015 0.0260736 0.0161551 0.008117 0.00586526 0.00432276 0.00206188 0.00175599 0.00146711 0.000702893 0.000219097 0.000121465 0.000110303 6.32719e-05 5.05703e-05 1.87781e-05 1.43443e-05 1.19439e-05 6.2505e-06 3.71892e-06 1.83247e-06 1.03541e-06 5.16818e-07 2.58743e-07 7.96234e-08 3.44863e-08 1.67627e-08 0 0 0 0 0 0 0 0 0 0 0 0 0 0 0 0 0 0 0 0 0 0 0 0 0 0 0 0 0 0 0 0 0 0 0 0 0 0 0 0 0 0 0 0 0 0 0 0 0 0 0 0
13.7261 10.9538 8.18851 5.19712 4.03464 3.06518 2.73489 1.16432 0.933053 0.803943 0.639995 0.414531 0.339822 0.214012 0.164879 0.155365 0.0912358 0.0623576 0.0382075 0.0307935 0.0186998 0.0106499 0.00729387 0.00338447 0.00229433 0.00137624 0.00125805 0.000498602 0.000210246 0.000114871 7.23495e-05 5.33915e-05 2.24266e-05 1.79445e-05 8.24241e-06 5.94605e-06 3.31849e-06 1.2666e-06 8.07756e-07 5.85333e-07 2.29087e-07 8.47644e-08 4.83925e-08 1.47746e-08 0 0 0 0 0 0 0 0 0 0 0 0 0 0 0 0 0 0 0 0 0 0 0 0 0 0 0 0 0 0 0 0 0 0 0 0 0 0 0 0 0 0 0 0 0 0 0 0 0 0 0 0
20.9352 12.8851 11.2785 6.82075 5.02932 3.50123 1.8808 1.8808 1.24614 0.793268 0.659202 0.458343 0.353084 0.221342 0.141479 0.0969942 0.0375836 0.0375836 0.0326698 0.0201185 0.00807933 0.00648054 0.00648054 0.00412585 0.00272423 0.00114485 0.000601081 0.000547785 0.000291366 0.000155467 8.84526e-05 4.19092e-05 2.93261e-05 1.60202e-05 8.87501e-06 4.98481e-06 2.82495e-06 1.98955e-06 8.98357e-07 5.97427e-07 1.62386e-07 1.05344e-07 4.04972e-08 1.91616e-08 0 0 0 0 0 0 0 0 0 0 0 0 0 0 0 0 0 0 0 0 0 0 0 0 0 0 0 0 0 0 0 0 0 0 0 0 0 0 0 0 0 0 0 0 0 0 0 0 0 0 0 0
15.0173 12.0228 10.26 3.36774 2.67551 2.67551 1.11077 0.855811 0.855811 0.40264 0.40264 0.335462 0.197385 0.140089 0.140089 0.080043 0.0541805 0.04146 0.0374909 0.0312899 0.0118598 0.00996795 0.00671216 0.00671216 0.00284848 0.00179869 0.00117534 0.000240464 0.000206737 0.000141466 8.01726e-05 5.64645e-05 1.74147e-05 1.33772e-05 4.56862e-06 4.56862e-06 2.54652e-06 1.44134e-06 4.60287e-07 2.1943e-07 1.40899e-07 7.03391e-08 2.74015e-08 1.14381e-08 0 0 0 0 0 0 0 0 0 0 0 0 0 0 0 0 0 0 0 0 0 0 0 0 0 0 0 0 0 0 0 0 0 0 0 0 0 0 0 0 0 0 0 0 0 0 0 0 0 0 0 0
18.8889 16.5976 9.34618 3.24936 3.24936 1.90078 1.18295 0.944724 0.555187 0.469618 0.427199 0.268092 0.201733 0.0726908 0.0671617 0.0671617 0.0551707 0.0519952 0.0369481 0.0247013 0.0126633 0.00745721 0.00402374 0.00293344 0.0016031 0.00122444 0.000796632 0.000217017 8.85105e-05 7.3098e-05 5.05482e-05 4.33002e-05 2.10383e-05 1.21945e-05 7.06558e-06 2.45427e-06 2.45427e-06 1.48661e-06 5.844e-07 1.78713e-07 1.32094e-07 6.14309e-08 3.5596e-08 1.44757e-08 0 0 0 0 0 0 0 0 0 0 0 0 0 0 0 0 0 0 0 0 0 0 0 0 0 0 0 0 0 0 0 0 0 0 0 0 0 0 0 0 0 0 0 0 0 0 0 0 0 0 0 0
8.15325 6.36705 6.36705 6.36705 3.89429 3.31012 2.67741 2.12947 1.30468 0.736014 0.605727 0.369018 0.196918 0.178977 0.132201 0.0995768 0.0738513 0.0540385 0.0441646 0.0243571 0.0148314 0.00863234 0.00507737 0.00309171 0.00257501 0.00145885 0.000838808 0.000371707 0.00017038 0.000109551 9.19262e-05 4.26689e-05 4.07156e-05 2.22357e-05 7.77652e-06 5.11842e-06 3.55544e-06 2.11137e-06 1.42342e-06 6.72419e-07 3.17261e-07 1.09585e-07 4.58298e-08 1.99595e-08 0 0 0 0 0 0 0 0 0 0 0 0 0 0 0 0 0 0 0 0 0 0 0 0 0 0 0 0 0 0 0 0 0 0 0 0 0 0 0 0 0 0 0 0 0 0 0 0 0 0 0 0
13.2178 11.902 8.91088 4.44651 4.44651 3.74556 2.62947 1.51161 0.964315 0.942599 0.546822 0.360355 0.213691 0.123839 0.123839 0.117623 0.0750261 0.0421483 0.0306057 0.0126934 0.00967848 0.00794773 0.00442106 0.00120867 0.00120867 0.000585896 0.000569843 0.000258875 0.00014898 0.000113631 6.54778e-05 3.88889e-05 1.86913e-05 6.85288e-06 6.37755e-06 3.23398e-06 1.75902e-06 1.63511e-06 4.24735e-07 2.87986e-07 1.10203e-07 3.57448e-08 2.13774e-08 0 0 0 0 0 0 0 0 0 0 0 0 0 0 0 0 0 0 0 0 0 0 0 0 0 0 0 0 0 0 0 0 0 0 0 0 0 0 0 0 0 0 0 0 0 0 0 0 0 0 0 0 0
16.6023 12.1146 8.21538 4.01268 4.01268 1.71504 1.56701 1.28442 0.930545 0.744886 0.51844 0.274027 0.273284 0.169269 0.146125 0.100273 0.0373145 0.0299819 0.0267909 0.017726 0.0152731 0.00759777 0.00513724 0.00220623 0.00220623 0.00139739 0.00116101 0.000267337 0.000215665 0.000129058 9.37297e-05 5.53737e-05 2.23074e-05 2.02102e-05 6.30512e-06 5.41988e-06 2.71052e-06 1.68886e-06 6.51717e-07 3.3819e-07 1.4488e-07 8.55365e-08 1.53116e-08 1.4433e-08 0 0 0 0 0 0 0 0 0 0 0 0 0 0 0 0 0 0 0 0 0 0 0 0 0 0 0 0 0 0 0 0 0 0 0 0 0 0 0 0 0 0 0 0 0 0 0 0 0 0 0 0
22.1586 9.64163 9.64163 5.30249 4.57753 2.56324 2.28734 1.6763 1.3512 0.877673 0.366042 0.339 0.290241 0.126457 0.126457 0.126457 0.0573848 0.0460375 0.0308819 0.0175228 0.0136849 0.0102486 0.00582355 0.00318381 0.00230719 0.00139497 0.000742169 0.000344747 0.000126534 0.00012272 4.6289e-05 3.86442e-05 2.2498e-05 8.54968e-06 6.43714e-06 2.90769e-06 1.95847e-06 1.12526e-06 3.96099e-07 2.12839e-07 1.41384e-07 4.12002e-08 2.26805e-08 0 0 0 0 0 0 0 0 0 0 0 0 0 0 0 0 0 0 0 0 0 0 0 0 0 0 0 0 0 0 0 0 0 0 0 0 0 0 0 0 0 0 0 0 0 0 0 0 0 0 0 0 0
15.7992 11.7326 8.04451 4.88882 4.4815 2.58808 2.00919 1.50532 1.06679 0.814588 0.498571 0.425896 0.307416 0.295253 0.178351 0.110048 0.0507081 0.0428535 0.0428535 0.0293394 0.0205801 0.0155137 0.00793249 0.00654492 0.00258295 0.00196088 0.00111783 0.000385166 0.000166692 0.000151643 9.47431e-05 5.84798e-05 2.18505e-05 1.86344e-05 7.09687e-06 5.94283e-06 3.69506e-06 2.34445e-06 1.33889e-06 3.12683e-07 1.49656e-07 6.4386e-08 3.61066e-08 1.2163e-08 0 0 0 0 0 0 0 0 0 0 0 0 0 0 0 0 0 0 0 0 0 0 0 0 0 0 0 0 0 0 0 0 0 0 0 0 0 0 0 0 0 0 0 0 0 0 0 0 0 0 0 0
18.4335 14.0057 6.76033 5.67898 4.88576 2.12787 1.34912 1.34912 0.777259 0.429899 0.429899 0.252282 0.208408 0.118595 0.118595 0.0915424 0.059698 0.0199228 0.0199228 0.0199228 0.0104902 0.00703527 0.00473911 0.00267108 0.00145563 0.000898381 0.00055372 0.00023998 0.000159428 9.31171e-05 4.60048e-05 3.88289e-05 2.11338e-05 1.02831e-05 4.37502e-06 4.37502e-06 2.9782e-06 1.58676e-06 4.82674e-07 3.41088e-07 9.45704e-08 5.4844e-08 2.33554e-08 1.44062e-08 0 0 0 0 0 0 0 0 0 0 0 0 0 0 0 0 0 0 0 0 0 0 0 0 0 0 0 0 0 0 0 0 0 0 0 0 0 0 0 0 0 0 0 0 0 0 0 0 0 0 0 0
17.4055 4.63384 4.63384 4.63384 4.16113 3.57522 2.06456 1.98886 1.27136 0.969081 0.751693 0.410342 0.353507 0.196698 0.153478 0.0638463 0.0638463 0.0374288 0.0245094 0.0184643 0.0129986 0.0107374 0.00509718 0.00323008 0.00272458 0.00149794 0.000774005 0.000352491 0.000231314 0.000131674 6.0188e-05 4.44627e-05 2.17426e-05 1.1227e-05 6.43586e-06 5.47083e-06 1.95852e-06 1.48672e-06 6.7878e-07 3.15304e-07 1.39855e-07 6.00362e-08 2.33236e-08 1.14966e-08 0 0 0 0 0 0 0 0 0 0 0 0 0 0 0 0 0 0 0 0 0 0 0 0 0 0 0 0 0 0 0 0 0 0 0 0 0 0 0 0 0 0 0 0 0 0 0 0 0 0 0 0
14.1858 14.1858 9.11392 5.06594 4.20078 1.90789 1.90789 1.34001 1.08252 0.780729 0.30512 0.30512 0.198996 0.198996 0.147019 0.0814299 0.0632426 0.0441222 0.0391928 0.0192943 0.0192943 0.00832063 0.00832063 0.00665099 0.00313934 0.00249797 0.00172785 0.000622744 0.000442697 0.000272322 0.000126984 8.81463e-05 3.59705e-05 1.86853e-05 1.0005e-05 4.5309e-06 2.77328e-06 1.8947e-06 6.62833e-07 3.45904e-07 1.36406e-07 1.14848e-07 2.21731e-08 1.03048e-08 0 0 0 0 0 0 0 0 0 0 0 0 0 0 0 0 0 0 0 0 0 0 0 0 0 0 0 0 0 0 0 0 0 0 0 0 0 0 0 0 0 0 0 0 0 0 0 0 0 0 0 0
17.6373 14.3484 10.3575 3.69063 3.20424 2.31492 2.26942 1.37284 0.852743 0.674325 0.674325 0.399933 0.244763 0.175264 0.136012 0.0825869 0.0825869 0.0391933 0.0295743 0.0243021 0.0131881 0.00895381 0.00487772 0.00327639 0.00214162 0.000880442 0.000860066 0.000444162 0.000151431 9.13591e-05 7.14111e-05 5.39281e-05 3.47105e-05 1.62727e-05 6.33421e-06 4.52017e-06 2.48469e-06 1.48236e-06 1.04595e-06 5.01243e-07 2.41805e-07 7.15408e-08 5.03769e-08 1.5332e-08 0 0 0 0 0 0 0 0 0 0 0 0 0 0 0 0 0 0 0 0 0 0 0 0 0 0 0 0 0 0 0 0 0 0 0 0 0 0 0 0 0 0 0 0 0 0 0 0 0 0 0 0
18.0894 14.3968 7.51843 5.63692 4.63975 3.63349 1.53749 1.17668 1.01815 0.549897 0.232614 0.232614 0.190384 0.190384 0.10392 0.0637336 0.0637336 0.0431824 0.0227371 0.0195944 0.0112058 0.00703421 0.00351224 0.00243357 0.00134558 0.00134558 0.000791331 0.000291316 0.000163497 0.000116574 2.74828e-05 1.993e-05 1.8568e-05 1.37775e-05 6.14956e-06 4.7973e-06 2.02991e-06 9.99332e-07 7.19512e-07 3.05098e-07 1.60485e-07 3.97175e-08 1.98831e-08 0 0 0 0 0 0 0 0 0 0 0 0 0 0 0 0 0 0 0 0 0 0 0 0 0 0 0 0 0 0 0 0 0 0 0 0 0 0 0 0 0 0 0 0 0 0 0 0 0 0 0 0 0
11.93 11.93 3.60911 3.60911 3.60911 3.14846 2.80369 2.21013 1.29556 1.03855 0.769313 0.468119 0.36155 0.256454 0.164089 0.117444 0.094489 0.0468117 0.0297281 0.0212544 0.0169807 0.010115 0.00696533 0.00406568 0.00240087 0.000505742 0.000505742 0.000402905 0.00019161 0.000113236 8.5854e-05 3.56747e-05 3.56747e-05 1.71446e-05 9.35806e-06 5.42612e-06 1.74341e-06 1.71966e-06 5.17091e-07 3.24437e-07 2.11088e-07 5.88902e-08 2.85782e-08 1.47223e-08 0 0 0 0 0 0 0 0 0 0 0 0 0 0 0 0 0 0 0 0 0 0 0 0 0 0 0 0 0 0 0 0 0 0 0 0 0 0 0 0 0 0 0 0 0 0 0 0 0 0 0 0
19.1361 12.9778 10.4853 5.82841 4.5047 3.64601 2.60622 1.3592 1.09772 0.604028 0.330858 0.289511 0.256267 0.125786 0.108121 0.0819648 0.0471226 0.035112 0.0224956 0.0130972 0.00712239 0.00554235 0.00437831 0.00198092 0.00145703 0.00108821 0.000793675 0.000192041 0.000122905 6.83804e-05 2.70095e-05 2.70095e-05 1.74075e-05 1.19429e-05 8.69166e-06 2.05159e-06 2.05159e-06 1.02979e-06 2.91975e-07 2.19253e-07 1.22957e-07 6.34444e-08 2.01364e-08 1.07162e-08 0 0 0 0 0 0 0 0 0 0 0 0 0 0 0 0 0 0 0 0 0 0 0 0 0 0 0 0 0 0 0 0 0 0 0 0 0 0 0 0 0 0 0 0 0 0 0 0 0 0 0 0
19.1647 14.9137 10.5964 4.88505 4.88505 3.74835 3.21046 1.79779 0.955434 0.894992 0.589375 0.487449 0.281326 0.140856 0.113247 0.091297 0.0618568 0.0459879 0.0333696 0.0163872 0.0110373 0.0100229 0.00610622 0.00329157 0.00211367 0.00120794 0.000357604 0.000297925 0.000115481 0.000115481 9.01503e-05 3.26421e-05 2.72891e-05 1.22278e-05 5.90075e-06 5.33287e-06 2.58502e-06 1.84871e-06 4.73584e-07 3.7671e-07 1.41204e-07 7.12456e-08 2.64648e-08 1.0438e-08 0 0 0 0 0 0 0 0 0 0 0 0 0 0 0 0 0 0 0 0 0 0 0 0 0 0 0 0 0 0 0 0 0 0 0 0 0 0 0 0 0 0 0 0 0 0 0 0 0 0 0 0
21.8281 14.6951 6.69594 5.07137 3.58084 3.56061 1.78009 1.5953 0.912028 0.635582 0.542331 0.20991 0.20991 0.164069 0.144889 0.0904237 0.0475964 0.0430614 0.028199 0.0146446 0.0146446 0.0126227 0.00793671 0.00660699 0.00346773 0.00127839 0.00127839 0.000487434 0.000397987 0.000189689 0.00015544 7.33593e-05 5.65295e-05 3.06795e-05 1.56176e-05 9.64625e-06 4.99677e-06 3.74431e-06 1.20969e-06 8.89209e-07 4.84704e-07 2.37394e-07 8.0862e-08 5.76904e-08 1.34964e-08 0 0 0 0 0 0 0 0 0 0 0 0 0 0 0 0 0 0 0 0 0 0 0 0 0 0 0 0 0 0 0 0 0 0 0 0 0 0 0 0 0 0 0 0 0 0 0 0 0 0 0
15.5889 15.5889 9.82958 4.17601 4.17601 2.92848 2.13817 0.93536 0.705866 0.482528 0.345855 0.256246 0.237952 0.11756 0.0674076 0.0674076 0.0654281 0.0315512 0.0260667 0.022862 0.017476 0.00767895 0.00293514 0.00293514 0.00154688 0.00116008 0.000809415 0.000160449 0.000114579 9.15474e-05 4.86216e-05 2.50754e-05 9.00213e-06 6.54106e-06 4.14092e-06 2.09616e-06 1.18448e-06 4.4687e-07 3.55824e-07 1.52839e-07 4.76183e-08 4.10438e-08 1.11832e-08 0 0 0 0 0 0 0 0 0 0 0 0 0 0 0 0 0 0 0 0 0 0 0 0 0 0 0 0 0 0 0 0 0 0 0 0 0 0 0 0 0 0 0 0 0 0 0 0 0 0 0 0 0
23.0925 10.033 8.52748 4.82476 4.82476 4.09811 2.80574 2.14822 1.02827 0.729008 0.440051 0.440051 0.289562 0.177095 0.120282 0.0883072 0.0591464 0.030969 0.0217353 0.015231 0.0101672 0.0101672 0.00531345 0.00340586 0.00183374 0.00155694 0.000995433 0.000423149 0.000148338 4.34784e-05 4.34784e-05 2.60344e-05 1.4165e-05 9.69843e-06 3.46298e-06 3.00566e-06 1.36844e-06 8.39358e-07 3.92924e-07 1.78361e-07 4.33853e-08 2.73779e-08 0 0 0 0 0 0 0 0 0 0 0 0 0 0 0 0 0 0 0 0 0 0 0 0 0 0 0 0 0 0 0 0 0 0 0 0 0 0 0 0 0 0 0 0 0 0 0 0 0 0 0 0 0 0
23.7521 13.9344 6.65003 4.86416 3.38998 2.68794 2.49369 1.07449 0.994678 0.712812 0.366769 0.257201 0.100807 0.100807 0.100807 0.100807 0.0873517 0.0605654 0.0392568 0.0180902 0.0132055 0.00963692 0.00383004 0.00383004 0.00253465 0.00123008 0.000682376 0.000317044 0.000222461 7.10098e-05 6.35346e-05 3.67429e-05 1.72852e-05 1.72852e-05 6.55913e-06 4.6095e-06 2.56629e-06 1.73103e-06 6.16956e-07 3.59117e-07 1.10166e-07 5.80545e-08 1.53033e-08 1.00785e-08 0 0 0 0 0 0 0 0 0 0 0 0 0 0 0 0 0 0 0 0 0 0 0 0 0 0 0 0 0 0 0 0 0 0 0 0 0 0 0 0 0 0 0 0 0 0 0 0 0 0 0 0
9.58756 9.58756 6.96783 5.56799 3.41056 2.28621 1.76909 1.54199 0.949013 0.51102 0.447523 0.305839 0.187878 0.187878 0.134984 0.0597871 0.0461422 0.0348961 0.0275069 0.0143646 0.0143646 0.00801616 0.00405067 0.00320908 0.00227921 0.0014448 0.00089844 0.000259058 0.00021842 9.38548e-05 7.89461e-05 3.62831e-05 1.29378e-05 1.29378e-05 8.20885e-06 5.24484e-06 3.48033e-06 1.4101e-06 7.86196e-07 4.40577e-07 1.85121e-07 9.15381e-08 3.64426e-08 1.79566e-08 0 0 0 0 0 0 0 0 0 0 0 0 0 0 0 0 0 0 0 0 0 0 0 0 0 0 0 0 0 0 0 0 0 0 0 0 0 0 0 0 0 0 0 0 0 0 0 0 0 0 0 0
