20.5182 11.0378 7.27283 4.95523 4.23304 2.44125 2.44125 1.53973 1.44812 0.993017 0.430168 0.430168 0.350159 0.224785 0.108217 0.0531824 0.0531824 0.0411745 0.0239244 0.0105993 0.00691198 0.00316895 0.00139636 7.71942e-05 7.71942e-05 1.98998e-07 0 0 0 0 0 0 0 0 0 0 0 0 0 0 0 0 0 0 0 0 0 0 0 0 0 0 0 0 0 0 0 0 0 0 0 0 0 0 0 0 0 0 0 0 0 0 0 0 0 0 0 0 0 0 0 0 0 0 0 0 0 0 0 0 0 0 0 0 0 0
13.8493 13.8493 8.16569 5.0015 4.34371 2.71488 1.53411 1.33583 1.14601 0.905931 0.665771 0.421367 0.2956 0.228023 0.120727 0.0901907 0.077833 0.0232018 0.0232018 0.0125576 0.00577864 0.00402885 0.00168771 0.000919885 0.000128707 6.98069e-06 2.1123e-07 0 0 0 0 0 0 0 0 0 0 0 0 0 0 0 0 0 0 0 0 0 0 0 0 0 0 0 0 0 0 0 0 0 0 0 0 0 0 0 0 0 0 0 0 0 0 0 0 0 0 0 0 0 0 0 0 0 0 0 0 0 0 0 0 0 0 0 0 0
12.9578 8.66574 6.24172 4.4563 3.01219 2.55324 2.00697 0.831901 0.689722 0.68639 0.415306 0.339911 0.153759 0.0868654 0.0868654 0.0521036 0.0228528 0.021063 0.0138422 0.0101758 0.0046493 0.0014762 0.00071789 0.000242479 0 0 0 0 0 0 0 0 0 0 0 0 0 0 0 0 0 0 0 0 0 0 0 0 0 0 0 0 0 0 0 0 0 0 0 0 0 0 0 0 0 0 0 0 0 0 0 0 0 0 0 0 0 0 0 0 0 0 0 0 0 0 0 0 0 0 0 0 0 0 0 0
10.6025 10.6025 10.6025 7.13214 4.93292 3.06958 2.03392 1.46052 0.994334 0.660998 0.488956 0.321804 0.239517 0.171242 0.111405 0.0596629 0.0290968 0.00942245 0.00942245 0.00649186 0.0045034 0.00277555 0.000749312 2.92984e-06 9.91617e-07 1.96993e-07 0 0 0 0 0 0 0 0 0 0 0 0 0 0 0 0 0 0 0 0 0 0 0 0 0 0 0 0 0 0 0 0 0 0 0 0 0 0 0 0 0 0 0 0 0 0 0 0 0 0 0 0 0 0 0 0 0 0 0 0 0 0 0 0 0 0 0 0 0 0
27.1717 16.1265 13.2016 7.62094 4.48911 1.5923 1.26903 1.02768 1.02768 0.765129 0.456674 0.229658 0.204829 0.164007 0.0981547 0.0565531 0.0470385 0.029278 0.0156215 0.0101992 0.00652797 0.0026294 0.00100863 0.000337108 2.81332e-05 4.26243e-07 0 0 0 0 0 0 0 0 0 0 0 0 0 0 0 0 0 0 0 0 0 0 0 0 0 0 0 0 0 0 0 0 0 0 0 0 0 0 0 0 0 0 0 0 0 0 0 0 0 0 0 0 0 0 0 0 0 0 0 0 0 0 0 0 0 0 0 0 0 0
20.8354 10.8409 10.0662 6.10268 5.2355 3.7285 2.93397 1.9731 1.58099 1.05668 0.733481 0.35027 0.159504 0.124347 0.115259 0.100286 0.0616252 0.0370314 0.0187867 0.0128898 0.00890068 0.00433312 0.00238705 0.000923476 0.000255098 9.01961e-05 1.05597e-06 0 0 0 0 0 0 0 0 0 0 0 0 0 0 0 0 0 0 0 0 0 0 0 0 0 0 0 0 0 0 0 0 0 0 0 0 0 0 0 0 0 0 0 0 0 0 0 0 0 0 0 0 0 0 0 0 0 0 0 0 0 0 0 0 0 0 0 0 0
9.08453 9.04413 9.04413 4.0491 3.58225 2.97888 1.42813 1.23842 0.937198 0.529356 0.460911 0.272006 0.248115 0.135954 0.0837914 0.0779903 0.0569092 0.0248158 0.0248158 0.0122391 0.00678116 0.00309689 0.00118898 0.000272588 5.25961e-06 5.25961e-06 5.54477e-08 0 0 0 0 0 0 0 0 0 0 0 0 0 0 0 0 0 0 0 0 0 0 0 0 0 0 0 0 0 0 0 0 0 0 0 0 0 0 0 0 0 0 0 0 0 0 0 0 0 0 0 0 0 0 0 0 0 0 0 0 0 0 0 0 0 0 0 0 0
15.8203 14.8721 7.28471 3.72148 3.72148 3.44374 1.31187 0.858005 0.779496 0.760009 0.438003 0.25181 0.25181 0.177919 0.124993 0.0934429 0.0803108 0.0423265 0.0309464 0.0123556 0.00971721 0.00434719 0.0023664 0.00101255 0.000399964 2.66254e-05 3.39778e-08 0 0 0 0 0 0 0 0 0 0 0 0 0 0 0 0 0 0 0 0 0 0 0 0 0 0 0 0 0 0 0 0 0 0 0 0 0 0 0 0 0 0 0 0 0 0 0 0 0 0 0 0 0 0 0 0 0 0 0 0 0 0 0 0 0 0 0 0 0
3.5896 3.5896 3.5896 3.5896 3.5896 2.40704 1.29478 1.0282 0.721571 0.702717 0.247917 0.221281 0.178977 0.178977 0.159353 0.0823327 0.0432646 0.0386668 0.0256729 0.013172 0.00853351 0.0025963 0.00213405 0.000569269 0.000480998 8.66699e-05 8.25338e-07 0 0 0 0 0 0 0 0 0 0 0 0 0 0 0 0 0 0 0 0 0 0 0 0 0 0 0 0 0 0 0 0 0 0 0 0 0 0 0 0 0 0 0 0 0 0 0 0 0 0 0 0 0 0 0 0 0 0 0 0 0 0 0 0 0 0 0 0 0
16.5442 12.3869 10.5983 4.35817 3.2823 1.20943 1.20943 0.632363 0.390066 0.277319 0.267336 0.187706 0.13992 0.0600267 0.0480993 0.0272135 0.0208195 0.0148619 0.00855632 0.00410169 0.00227427 0.000800641 4.08038e-06 4.08038e-06 4.08038e-06 0 0 0 0 0 0 0 0 0 0 0 0 0 0 0 0 0 0 0 0 0 0 0 0 0 0 0 0 0 0 0 0 0 0 0 0 0 0 0 0 0 0 0 0 0 0 0 0 0 0 0 0 0 0 0 0 0 0 0 0 0 0 0 0 0 0 0 0 0 0 0
16.1479 8.78458 8.78458 5.95476 5.02574 2.65495 2.53523 1.54665 0.721622 0.721622 0.721622 0.336661 0.336661 0.249733 0.133346 0.113823 0.0511876 0.0472094 0.0306892 0.00987575 0.00987575 0.00897022 0.00410109 0.00199845 0.000424345 6.56257e-05 4.16534e-05 0 0 0 0 0 0 0 0 0 0 0 0 0 0 0 0 0 0 0 0 0 0 0 0 0 0 0 0 0 0 0 0 0 0 0 0 0 0 0 0 0 0 0 0 0 0 0 0 0 0 0 0 0 0 0 0 0 0 0 0 0 0 0 0 0 0 0 0 0
16.0987 14.2456 5.76261 5.76261 4.06041 2.89769 1.13177 1.13177 1.13177 0.458057 0.421017 0.259107 0.205655 0.119346 0.108839 0.0576928 0.0490574 0.0287808 0.0111685 0.00949447 0.00598546 0.00178787 0.00146 0.000215208 5.86881e-05 9.26942e-07 0 0 0 0 0 0 0 0 0 0 0 0 0 0 0 0 0 0 0 0 0 0 0 0 0 0 0 0 0 0 0 0 0 0 0 0 0 0 0 0 0 0 0 0 0 0 0 0 0 0 0 0 0 0 0 0 0 0 0 0 0 0 0 0 0 0 0 0 0 0
18.6147 8.06238 8.06238 6.88131 3.73042 2.82109 1.66907 1.29082 1.02589 0.837511 0.471171 0.36425 0.247378 0.141697 0.103095 0.0735961 0.0539212 0.0233911 0.0160883 0.0059011 0.00312676 0.00298581 0.00132639 0.000505011 0.000194148 2.16845e-06 2.25061e-07 0 0 0 0 0 0 0 0 0 0 0 0 0 0 0 0 0 0 0 0 0 0 0 0 0 0 0 0 0 0 0 0 0 0 0 0 0 0 0 0 0 0 0 0 0 0 0 0 0 0 0 0 0 0 0 0 0 0 0 0 0 0 0 0 0 0 0 0 0
19.0539 16.1766 14.0784 4.41419 3.36987 3.36782 1.93268 1.71924 0.59635 0.555548 0.453435 0.404451 0.294063 0.160056 0.104616 0.0631406 0.059687 0.0355763 0.0340423 0.0179381 0.0106372 0.00389393 0.00167918 0.000232188 0.000232188 1.84884e-05 6.3043e-08 0 0 0 0 0 0 0 0 0 0 0 0 0 0 0 0 0 0 0 0 0 0 0 0 0 0 0 0 0 0 0 0 0 0 0 0 0 0 0 0 0 0 0 0 0 0 0 0 0 0 0 0 0 0 0 0 0 0 0 0 0 0 0 0 0 0 0 0 0
19.0963 15.6574 12.8121 6.60904 4.52346 3.32916 2.49809 1.60472 1.18439 0.958017 0.593989 0.293469 0.254091 0.111473 0.111473 0.0969061 0.0667076 0.0373917 0.0206783 0.0141194 0.00997151 0.00337216 0.00210483 2.05491e-05 2.05491e-05 6.81881e-06 5.27918e-08 0 0 0 0 0 0 0 0 0 0 0 0 0 0 0 0 0 0 0 0 0 0 0 0 0 0 0 0 0 0 0 0 0 0 0 0 0 0 0 0 0 0 0 0 0 0 0 0 0 0 0 0 0 0 0 0 0 0 0 0 0 0 0 0 0 0 0 0 0
13.0098 13.0098 11.891 5.15498 3.2931 2.69604 2.32332 1.77853 1.47961 0.767277 0.656676 0.468067 0.346839 0.231833 0.149082 0.0946198 0.0435826 0.0407172 0.0208594 0.0156414 0.0073344 0.00396993 0.00274551 0.00122609 0.000574578 0.000115586 5.52041e-05 1.7211e-08 0 0 0 0 0 0 0 0 0 0 0 0 0 0 0 0 0 0 0 0 0 0 0 0 0 0 0 0 0 0 0 0 0 0 0 0 0 0 0 0 0 0 0 0 0 0 0 0 0 0 0 0 0 0 0 0 0 0 0 0 0 0 0 0 0 0 0 0
23.5102 13.0742 11.3174 5.41413 4.69354 2.66899 2.31389 1.82961 1.15429 0.822863 0.638177 0.449073 0.320208 0.208565 0.116199 0.0700514 0.0373584 0.0312765 0.0132199 0.00954802 0.00569072 0.00344151 0.000444327 0.00038225 0.000104526 4.64794e-06 3.60306e-08 0 0 0 0 0 0 0 0 0 0 0 0 0 0 0 0 0 0 0 0 0 0 0 0 0 0 0 0 0 0 0 0 0 0 0 0 0 0 0 0 0 0 0 0 0 0 0 0 0 0 0 0 0 0 0 0 0 0 0 0 0 0 0 0 0 0 0 0 0
13.021 12.0629 10.4375 3.88114 3.10203 2.63659 1.90768 1.43131 0.940229 0.585994 0.453995 0.306794 0.166787 0.119715 0.0624686 0.0571977 0.0335727 0.0210983 0.0118114 0.0107049 0.00407576 0.00232009 0.000977169 0.000187716 0.000129123 5.51646e-06 0 0 0 0 0 0 0 0 0 0 0 0 0 0 0 0 0 0 0 0 0 0 0 0 0 0 0 0 0 0 0 0 0 0 0 0 0 0 0 0 0 0 0 0 0 0 0 0 0 0 0 0 0 0 0 0 0 0 0 0 0 0 0 0 0 0 0 0 0 0
15.4238 14.3732 7.75697 4.72113 4.44014 2.7383 1.77264 1.02324 0.979542 0.765566 0.666526 0.324134 0.221402 0.104533 0.0813057 0.0538272 0.0273708 0.0173308 0.0109519 0.00477605 0.00397007 0.00109626 0.00107559 0.000467029 1.80581e-05 0 0 0 0 0 0 0 0 0 0 0 0 0 0 0 0 0 0 0 0 0 0 0 0 0 0 0 0 0 0 0 0 0 0 0 0 0 0 0 0 0 0 0 0 0 0 0 0 0 0 0 0 0 0 0 0 0 0 0 0 0 0 0 0 0 0 0 0 0 0 0
10.196 10.196 9.67468 3.22308 3.22308 1.5976 1.5976 1.56443 0.836924 0.836924 0.541502 0.208026 0.169121 0.134688 0.107116 0.067582 0.0373644 0.0373644 0.0120336 0.0100564 0.00720099 0.00438094 0.00191728 0.000818671 0.00020236 3.25057e-05 1.19223e-06 0 0 0 0 0 0 0 0 0 0 0 0 0 0 0 0 0 0 0 0 0 0 0 0 0 0 0 0 0 0 0 0 0 0 0 0 0 0 0 0 0 0 0 0 0 0 0 0 0 0 0 0 0 0 0 0 0 0 0 0 0 0 0 0 0 0 0 0 0
12.1693 12.1693 9.69996 4.61827 4.4174 3.84996 2.83648 1.92561 1.87213 1.0087 0.724887 0.48521 0.375592 0.218042 0.130949 0.0979569 0.0524831 0.0184294 0.0184294 0.0125151 0.00742384 0.0039519 0.00191493 0.00102852 0.000167778 7.22344e-06 1.82061e-07 0 0 0 0 0 0 0 0 0 0 0 0 0 0 0 0 0 0 0 0 0 0 0 0 0 0 0 0 0 0 0 0 0 0 0 0 0 0 0 0 0 0 0 0 0 0 0 0 0 0 0 0 0 0 0 0 0 0 0 0 0 0 0 0 0 0 0 0 0
24.6802 16.0984 9.81896 6.4283 4.84322 2.19745 2.1302 1.28057 1.05879 0.738892 0.553116 0.402413 0.0955317 0.0955317 0.0824897 0.0824897 0.040006 0.0181532 0.0181532 0.0124006 0.00644625 0.00333081 0.00117268 0.000461597 7.56531e-05 8.03731e-08 0 0 0 0 0 0 0 0 0 0 0 0 0 0 0 0 0 0 0 0 0 0 0 0 0 0 0 0 0 0 0 0 0 0 0 0 0 0 0 0 0 0 0 0 0 0 0 0 0 0 0 0 0 0 0 0 0 0 0 0 0 0 0 0 0 0 0 0 0 0
16.1091 10.2141 8.74627 5.73703 3.85403 3.52366 2.18555 1.48666 0.894057 0.531394 0.531394 0.30235 0.22702 0.152772 0.0709552 0.0593497 0.0359942 0.0287085 0.0156526 0.00732039 0.00358109 0.00298014 0.00234398 0.000682754 0.000248055 6.78163e-06 0 0 0 0 0 0 0 0 0 0 0 0 0 0 0 0 0 0 0 0 0 0 0 0 0 0 0 0 0 0 0 0 0 0 0 0 0 0 0 0 0 0 0 0 0 0 0 0 0 0 0 0 0 0 0 0 0 0 0 0 0 0 0 0 0 0 0 0 0 0
22.2201 9.61691 9.61691 4.79963 4.43604 2.10095 1.45566 1.15965 0.621283 0.610538 0.592143 0.299586 0.274401 0.123283 0.117624 0.100587 0.0450812 0.0379945 0.0134048 0.0134048 0.00658528 0.00309471 0.00157143 0.000743291 0.000207111 9.17436e-06 0 0 0 0 0 0 0 0 0 0 0 0 0 0 0 0 0 0 0 0 0 0 0 0 0 0 0 0 0 0 0 0 0 0 0 0 0 0 0 0 0 0 0 0 0 0 0 0 0 0 0 0 0 0 0 0 0 0 0 0 0 0 0 0 0 0 0 0 0 0
13.7301 12.9815 6.85521 5.1914 5.1914 2.86529 2.02646 1.3917 1.27258 0.723516 0.63451 0.494717 0.299429 0.210985 0.104976 0.0769805 0.04747 0.04747 0.0219814 0.0131875 0.0112383 0.00607366 0.00345471 0.00196469 0.000538437 0.000153081 1.28559e-05 0 0 0 0 0 0 0 0 0 0 0 0 0 0 0 0 0 0 0 0 0 0 0 0 0 0 0 0 0 0 0 0 0 0 0 0 0 0 0 0 0 0 0 0 0 0 0 0 0 0 0 0 0 0 0 0 0 0 0 0 0 0 0 0 0 0 0 0 0
16.6295 14.4989 7.98852 5.57252 3.31502 3.21688 1.86951 1.24038 0.884623 0.809029 0.501166 0.409315 0.174847 0.174847 0.118886 0.0985493 0.0682675 0.037647 0.0310968 0.0251153 0.0174924 0.00503821 0.00395164 0.000849731 0.000387823 7.08108e-05 1.42454e-06 2.06826e-08 0 0 0 0 0 0 0 0 0 0 0 0 0 0 0 0 0 0 0 0 0 0 0 0 0 0 0 0 0 0 0 0 0 0 0 0 0 0 0 0 0 0 0 0 0 0 0 0 0 0 0 0 0 0 0 0 0 0 0 0 0 0 0 0 0 0 0 0
9.68542 9.68542 6.84101 3.13188 3.13188 2.97364 2.01232 1.34718 1.08396 0.622003 0.454905 0.361035 0.221728 0.0889338 0.0683735 0.0634165 0.0567575 0.0290464 0.0185979 0.00926757 0.00844829 0.00524555 0.0013783 0.000816417 2.91136e-05 2.91136e-05 0 0 0 0 0 0 0 0 0 0 0 0 0 0 0 0 0 0 0 0 0 0 0 0 0 0 0 0 0 0 0 0 0 0 0 0 0 0 0 0 0 0 0 0 0 0 0 0 0 0 0 0 0 0 0 0 0 0 0 0 0 0 0 0 0 0 0 0 0 0
22.2488 9.56126 8.55178 5.44816 3.74237 2.95294 2.53984 1.47159 0.930621 0.742285 0.663038 0.419263 0.32231 0.205632 0.158396 0.0796761 0.0345198 0.0283222 0.0135315 0.00925019 0.00705273 0.00164624 0.00164624 0.000481051 0.000332293 4.22054e-05 3.57215e-06 0 0 0 0 0 0 0 0 0 0 0 0 0 0 0 0 0 0 0 0 0 0 0 0 0 0 0 0 0 0 0 0 0 0 0 0 0 0 0 0 0 0 0 0 0 0 0 0 0 0 0 0 0 0 0 0 0 0 0 0 0 0 0 0 0 0 0 0 0
17.8409 14.7641 7.81962 2.12153 2.12153 1.6432 1.51028 0.943933 0.669608 0.422577 0.281634 0.281634 0.198421 0.117598 0.0842868 0.055948 0.0393616 0.0233899 0.0166818 0.0104191 0.00518132 0.00371477 0.000262095 0.000262095 5.4384e-05 1.17922e-07 0 0 0 0 0 0 0 0 0 0 0 0 0 0 0 0 0 0 0 0 0 0 0 0 0 0 0 0 0 0 0 0 0 0 0 0 0 0 0 0 0 0 0 0 0 0 0 0 0 0 0 0 0 0 0 0 0 0 0 0 0 0 0 0 0 0 0 0 0 0
15.1157 15.1157 10.2428 6.71994 4.80724 3.154 2.47774 1.60472 1.37114 0.884753 0.627659 0.429378 0.343017 0.112063 0.112063 0.071021 0.071021 0.026186 0.0261514 0.0145239 0.0124962 0.00340177 0.00103616 0.000998608 0.000366323 2.7365e-05 1.01792e-06 0 0 0 0 0 0 0 0 0 0 0 0 0 0 0 0 0 0 0 0 0 0 0 0 0 0 0 0 0 0 0 0 0 0 0 0 0 0 0 0 0 0 0 0 0 0 0 0 0 0 0 0 0 0 0 0 0 0 0 0 0 0 0 0 0 0 0 0 0
17.3349 13.8331 10.1941 3.72535 3.72535 3.67541 2.14271 1.43592 0.972667 0.461582 0.461582 0.415026 0.158952 0.158952 0.122333 0.0983258 0.0400787 0.0400787 0.0256591 0.0166837 0.0110862 0.00675388 0.00306398 0.00105415 0.00074402 0.000393878 3.10794e-06 0 0 0 0 0 0 0 0 0 0 0 0 0 0 0 0 0 0 0 0 0 0 0 0 0 0 0 0 0 0 0 0 0 0 0 0 0 0 0 0 0 0 0 0 0 0 0 0 0 0 0 0 0 0 0 0 0 0 0 0 0 0 0 0 0 0 0 0 0
26.1726 17.3745 9.14615 4.71427 4.71427 2.78571 2.3041 1.83246 0.958662 0.426544 0.409263 0.180801 0.180801 0.136517 0.0877179 0.0678894 0.0389555 0.033458 0.00534212 0.00534212 0.0042555 0.00160759 0.00160759 0.000307357 9.04515e-05 7.23113e-07 4.09512e-07 0 0 0 0 0 0 0 0 0 0 0 0 0 0 0 0 0 0 0 0 0 0 0 0 0 0 0 0 0 0 0 0 0 0 0 0 0 0 0 0 0 0 0 0 0 0 0 0 0 0 0 0 0 0 0 0 0 0 0 0 0 0 0 0 0 0 0 0 0
15.1076 11.3485 5.82725 4.13969 3.7772 2.77836 2.29109 1.08421 0.741471 0.723644 0.618646 0.344589 0.202016 0.13164 0.0785076 0.0554993 0.0405373 0.019331 0.0152458 0.0117653 0.00500805 0.00374635 0.00207613 0.000809016 0.000170651 2.85299e-08 0 0 0 0 0 0 0 0 0 0 0 0 0 0 0 0 0 0 0 0 0 0 0 0 0 0 0 0 0 0 0 0 0 0 0 0 0 0 0 0 0 0 0 0 0 0 0 0 0 0 0 0 0 0 0 0 0 0 0 0 0 0 0 0 0 0 0 0 0 0
12.9723 12.3851 5.47205 4.59339 3.32893 2.71341 1.53373 0.979252 0.581508 0.581508 0.359935 0.29024 0.149968 0.108111 0.0821116 0.0463399 0.0238389 0.0238389 0.0165631 0.0114012 0.00482029 0.0021708 0.000735977 0.000553252 0.000122813 3.25254e-06 1.16528e-07 0 0 0 0 0 0 0 0 0 0 0 0 0 0 0 0 0 0 0 0 0 0 0 0 0 0 0 0 0 0 0 0 0 0 0 0 0 0 0 0 0 0 0 0 0 0 0 0 0 0 0 0 0 0 0 0 0 0 0 0 0 0 0 0 0 0 0 0 0
14.8167 10.7833 7.76707 5.19225 2.99335 2.99335 1.9509 1.39071 0.905956 0.526975 0.526975 0.245766 0.245766 0.159942 0.125414 0.0992831 0.051432 0.0413234 0.0222147 0.0135587 0.00836726 0.00466373 0.000756145 0.000756145 0.000570814 0.000182589 9.58297e-08 0 0 0 0 0 0 0 0 0 0 0 0 0 0 0 0 0 0 0 0 0 0 0 0 0 0 0 0 0 0 0 0 0 0 0 0 0 0 0 0 0 0 0 0 0 0 0 0 0 0 0 0 0 0 0 0 0 0 0 0 0 0 0 0 0 0 0 0 0
27.4623 14.4137 8.60797 5.45716 3.30044 2.25955 1.86849 1.2432 1.2432 0.520331 0.520331 0.409435 0.273053 0.151176 0.151176 0.0787971 0.0659794 0.0243447 0.010823 0.010823 0.00388029 0.00388029 0.00240381 0.00130734 0.000664621 1.66667e-05 5.90168e-07 0 0 0 0 0 0 0 0 0 0 0 0 0 0 0 0 0 0 0 0 0 0 0 0 0 0 0 0 0 0 0 0 0 0 0 0 0 0 0 0 0 0 0 0 0 0 0 0 0 0 0 0 0 0 0 0 0 0 0 0 0 0 0 0 0 0 0 0 0
19.8856 10.7084 8.8888 4.95007 3.95897 2.3925 1.89616 1.36768 1.13452 0.618427 0.618427 0.369852 0.2438 0.0643871 0.0643871 0.0643871 0.0511362 0.0271828 0.0271828 0.0128579 0.00675223 0.00301153 0.0028907 0.00134908 0.000318752 0.000286991 8.17356e-07 0 0 0 0 0 0 0 0 0 0 0 0 0 0 0 0 0 0 0 0 0 0 0 0 0 0 0 0 0 0 0 0 0 0 0 0 0 0 0 0 0 0 0 0 0 0 0 0 0 0 0 0 0 0 0 0 0 0 0 0 0 0 0 0 0 0 0 0 0
18.9813 12.8533 5.98971 5.2994 4.68949 2.34326 0.663282 0.663282 0.663282 0.663282 0.477939 0.362804 0.218144 0.135957 0.122596 0.0785614 0.0511751 0.0297763 0.0253956 0.0112481 0.0111231 0.00590522 0.00299488 0.000514502 0.000514502 1.49665e-05 1.85674e-06 3.85999e-08 0 0 0 0 0 0 0 0 0 0 0 0 0 0 0 0 0 0 0 0 0 0 0 0 0 0 0 0 0 0 0 0 0 0 0 0 0 0 0 0 0 0 0 0 0 0 0 0 0 0 0 0 0 0 0 0 0 0 0 0 0 0 0 0 0 0 0 0
22.2883 11.8525 11.0952 5.58532 4.85702 2.58729 2.18362 1.13475 0.811379 0.590198 0.464857 0.287992 0.115701 0.115701 0.0469275 0.0469275 0.032611 0.0249658 0.0220866 0.0157414 0.00742643 0.00342343 0.00108375 0.00108375 2.7732e-06 1.38468e-06 0 0 0 0 0 0 0 0 0 0 0 0 0 0 0 0 0 0 0 0 0 0 0 0 0 0 0 0 0 0 0 0 0 0 0 0 0 0 0 0 0 0 0 0 0 0 0 0 0 0 0 0 0 0 0 0 0 0 0 0 0 0 0 0 0 0 0 0 0 0
25.0861 15.3604 9.71161 5.19496 3.87842 2.33406 1.84166 0.810401 0.810401 0.444514 0.38281 0.245512 0.245512 0.130372 0.0973867 0.0973867 0.0389523 0.0307857 0.0149376 0.0119429 0.00738673 0.00352875 0.00143219 0.00113612 0.000792776 9.01529e-05 6.65774e-07 0 0 0 0 0 0 0 0 0 0 0 0 0 0 0 0 0 0 0 0 0 0 0 0 0 0 0 0 0 0 0 0 0 0 0 0 0 0 0 0 0 0 0 0 0 0 0 0 0 0 0 0 0 0 0 0 0 0 0 0 0 0 0 0 0 0 0 0 0
15.8465 14.4541 10.1129 5.2598 3.34016 2.48491 2.16475 1.27929 0.743631 0.620881 0.550778 0.373111 0.236431 0.160546 0.0706646 0.060235 0.0292109 0.0292109 0.020097 0.0153177 0.00878661 0.00474348 0.00186568 0.000974198 6.94307e-07 6.94307e-07 5.5148e-08 0 0 0 0 0 0 0 0 0 0 0 0 0 0 0 0 0 0 0 0 0 0 0 0 0 0 0 0 0 0 0 0 0 0 0 0 0 0 0 0 0 0 0 0 0 0 0 0 0 0 0 0 0 0 0 0 0 0 0 0 0 0 0 0 0 0 0 0 0
13.9102 13.9102 7.92508 4.99109 3.97956 2.31923 1.43817 0.633961 0.633961 0.553606 0.492762 0.244296 0.244296 0.181497 0.107863 0.0879766 0.0528547 0.0336796 0.0244286 0.00902036 0.00689917 0.00298856 0.00111411 0.000287773 0.000287773 7.804e-05 1.21441e-06 0 0 0 0 0 0 0 0 0 0 0 0 0 0 0 0 0 0 0 0 0 0 0 0 0 0 0 0 0 0 0 0 0 0 0 0 0 0 0 0 0 0 0 0 0 0 0 0 0 0 0 0 0 0 0 0 0 0 0 0 0 0 0 0 0 0 0 0 0
11.138 11.138 10.0955 3.86774 3.86774 2.73473 1.37525 1.37525 1.37525 0.645436 0.593716 0.55504 0.312815 0.204496 0.130615 0.0466094 0.0466094 0.0433871 0.0318745 0.0143742 0.0105233 0.00616802 0.00315828 0.00229674 0.000879705 0.000196969 2.36715e-06 0 0 0 0 0 0 0 0 0 0 0 0 0 0 0 0 0 0 0 0 0 0 0 0 0 0 0 0 0 0 0 0 0 0 0 0 0 0 0 0 0 0 0 0 0 0 0 0 0 0 0 0 0 0 0 0 0 0 0 0 0 0 0 0 0 0 0 0 0
12.6324 12.5316 9.25225 4.72305 3.65176 3.02856 1.85205 1.37628 0.829025 0.767656 0.579688 0.379938 0.280608 0.189886 0.144956 0.0842713 0.0682313 0.0427397 0.0192773 0.00629334 0.00629334 0.00234917 0.00123059 0.000963096 8.83435e-05 8.83435e-05 1.67241e-05 0 0 0 0 0 0 0 0 0 0 0 0 0 0 0 0 0 0 0 0 0 0 0 0 0 0 0 0 0 0 0 0 0 0 0 0 0 0 0 0 0 0 0 0 0 0 0 0 0 0 0 0 0 0 0 0 0 0 0 0 0 0 0 0 0 0 0 0 0
19.4075 12.2474 7.30216 3.79049 1.20657 1.20657 1.20657 1.20657 1.01207 0.502406 0.320825 0.280603 0.188947 0.175117 0.116615 0.0819835 0.0371 0.0191721 0.0191721 0.0105679 0.0063602 0.00591227 0.00202363 0.000643138 0.000220648 9.88749e-06 0 0 0 0 0 0 0 0 0 0 0 0 0 0 0 0 0 0 0 0 0 0 0 0 0 0 0 0 0 0 0 0 0 0 0 0 0 0 0 0 0 0 0 0 0 0 0 0 0 0 0 0 0 0 0 0 0 0 0 0 0 0 0 0 0 0 0 0 0 0
15.2776 8.80925 8.80925 4.7388 3.8395 2.4802 1.62221 1.06548 1.06548 0.805493 0.561504 0.442277 0.318723 0.19293 0.122637 0.103827 0.0771819 0.0509274 0.0243871 0.0191275 0.00990377 0.00461547 0.00371666 0.00123259 0.000484891 0.000138892 7.79877e-06 0 0 0 0 0 0 0 0 0 0 0 0 0 0 0 0 0 0 0 0 0 0 0 0 0 0 0 0 0 0 0 0 0 0 0 0 0 0 0 0 0 0 0 0 0 0 0 0 0 0 0 0 0 0 0 0 0 0 0 0 0 0 0 0 0 0 0 0 0
15.183 12.5362 9.87649 7.4144 3.66575 2.6076 1.81248 1.14996 0.646206 0.646206 0.481162 0.251337 0.251337 0.226217 0.1132 0.079787 0.0547624 0.0189726 0.0160769 0.0160769 0.01124 0.00468729 0.00186234 0.000611482 0.000254717 2.32574e-06 2.62491e-08 0 0 0 0 0 0 0 0 0 0 0 0 0 0 0 0 0 0 0 0 0 0 0 0 0 0 0 0 0 0 0 0 0 0 0 0 0 0 0 0 0 0 0 0 0 0 0 0 0 0 0 0 0 0 0 0 0 0 0 0 0 0 0 0 0 0 0 0 0
12.4584 12.4584 7.54464 5.5957 4.45708 2.24773 0.746478 0.746478 0.746478 0.384188 0.384188 0.303132 0.19639 0.179374 0.12454 0.0793822 0.0463202 0.0205699 0.0160473 0.00988465 0.00611027 0.0019859 0.00124875 0.00037689 0.000156056 1.44475e-05 4.23704e-07 0 0 0 0 0 0 0 0 0 0 0 0 0 0 0 0 0 0 0 0 0 0 0 0 0 0 0 0 0 0 0 0 0 0 0 0 0 0 0 0 0 0 0 0 0 0 0 0 0 0 0 0 0 0 0 0 0 0 0 0 0 0 0 0 0 0 0 0 0
19.397 12.9312 7.08407 4.72763 3.00974 2.37401 1.502 1.49634 0.996082 0.458587 0.337245 0.244632 0.241942 0.147373 0.0898697 0.052457 0.0410956 0.022167 0.0145373 0.0113889 0.00465678 0.00287705 0.00170652 0.00048172 4.19631e-05 2.73873e-05 5.2466e-08 0 0 0 0 0 0 0 0 0 0 0 0 0 0 0 0 0 0 0 0 0 0 0 0 0 0 0 0 0 0 0 0 0 0 0 0 0 0 0 0 0 0 0 0 0 0 0 0 0 0 0 0 0 0 0 0 0 0 0 0 0 0 0 0 0 0 0 0 0
16.5029 12.8932 11.1615 4.35441 4.2941 2.67893 1.57534 1.12682 0.897744 0.619261 0.502606 0.290226 0.131823 0.131823 0.101964 0.0748327 0.0452379 0.03169 0.0146903 0.00776143 0.00381525 0.000971184 0.000971184 8.17336e-05 5.46671e-07 1.56852e-07 0 0 0 0 0 0 0 0 0 0 0 0 0 0 0 0 0 0 0 0 0 0 0 0 0 0 0 0 0 0 0 0 0 0 0 0 0 0 0 0 0 0 0 0 0 0 0 0 0 0 0 0 0 0 0 0 0 0 0 0 0 0 0 0 0 0 0 0 0 0
24.2489 11.6116 10.8874 5.14104 3.65635 2.80944 1.70896 1.58089 1.24236 0.63632 0.634675 0.35774 0.254721 0.183015 0.051507 0.051507 0.0505626 0.0370219 0.0111332 0.00647522 0.00556993 0.00281187 0.000978796 0.000167794 6.43539e-05 3.18324e-05 2.22934e-07 0 0 0 0 0 0 0 0 0 0 0 0 0 0 0 0 0 0 0 0 0 0 0 0 0 0 0 0 0 0 0 0 0 0 0 0 0 0 0 0 0 0 0 0 0 0 0 0 0 0 0 0 0 0 0 0 0 0 0 0 0 0 0 0 0 0 0 0 0
