14.1792 12.6581 10.6861 4.96187 3.9288 3.46453 2.08477 1.23997 0.980573 0.804543 0.476366 0.317391 0.107704 0.107704 0.0918586 0.0463906 0.0354219 0.017389 0.00945513 0.000207596 1.18611e-05 4.83629e-07 0 0 0 0 0 0 0 0 0 0 0 0 0 0 0 0 0 0 0 0 0 0 0 0 0 0 0 0 0 0 0 0 0 0 0 0 0 0 0 0 0 0 0 0 0 0 0 0 0 0 0 0 0 0 0 0 0 0 0 0 0 0 0 0 0 0 0 0 0 0 0 0 0 0
13.2476 7.84096 7.84096 2.74028 2.74028 2.74028 1.74216 1.53095 0.634458 0.386418 0.382525 0.261004 0.14319 0.0919438 0.0474008 0.0339037 0.00894638 0.00486448 0.0012681 0.000206651 3.00528e-08 0 0 0 0 0 0 0 0 0 0 0 0 0 0 0 0 0 0 0 0 0 0 0 0 0 0 0 0 0 0 0 0 0 0 0 0 0 0 0 0 0 0 0 0 0 0 0 0 0 0 0 0 0 0 0 0 0 0 0 0 0 0 0 0 0 0 0 0 0 0 0 0 0 0 0
16.6433 10.4658 6.52362 2.22839 2.22839 1.38613 1.07778 0.871072 0.545091 0.439924 0.264639 0.207963 0.141609 0.0630488 0.0499682 0.0225606 0.00169554 0.000317721 9.5495e-06 9.5495e-06 1.14563e-07 7.20528e-08 0 0 0 0 0 0 0 0 0 0 0 0 0 0 0 0 0 0 0 0 0 0 0 0 0 0 0 0 0 0 0 0 0 0 0 0 0 0 0 0 0 0 0 0 0 0 0 0 0 0 0 0 0 0 0 0 0 0 0 0 0 0 0 0 0 0 0 0 0 0 0 0 0 0
14.5474 9.84931 6.38097 4.58343 1.54917 1.54917 1.15508 1.15508 0.83378 0.477248 0.322085 0.224461 0.0439127 0.0439127 0.0418812 0.0223949 0.0112202 0.00438264 0.000605629 1.40758e-05 5.9361e-07 0 0 0 0 0 0 0 0 0 0 0 0 0 0 0 0 0 0 0 0 0 0 0 0 0 0 0 0 0 0 0 0 0 0 0 0 0 0 0 0 0 0 0 0 0 0 0 0 0 0 0 0 0 0 0 0 0 0 0 0 0 0 0 0 0 0 0 0 0 0 0 0 0 0 0
17.5731 6.20384 6.20384 4.83294 3.68668 2.64428 1.91634 0.6955 0.581615 0.324117 0.317404 0.242449 0.140449 0.140449 0.0712727 0.0323271 0.0211221 0.005153 0.00122334 5.90773e-06 6.88211e-07 0 0 0 0 0 0 0 0 0 0 0 0 0 0 0 0 0 0 0 0 0 0 0 0 0 0 0 0 0 0 0 0 0 0 0 0 0 0 0 0 0 0 0 0 0 0 0 0 0 0 0 0 0 0 0 0 0 0 0 0 0 0 0 0 0 0 0 0 0 0 0 0 0 0 0
19.9024 11.5281 4.20894 3.96513 3.52205 2.32549 1.86718 1.37062 0.771885 0.423083 0.261025 0.261025 0.172254 0.098528 0.0582237 0.0473178 0.0344199 0.0210096 0.0100239 0.00364266 0.000158267 6.1306e-06 3.31352e-07 0 0 0 0 0 0 0 0 0 0 0 0 0 0 0 0 0 0 0 0 0 0 0 0 0 0 0 0 0 0 0 0 0 0 0 0 0 0 0 0 0 0 0 0 0 0 0 0 0 0 0 0 0 0 0 0 0 0 0 0 0 0 0 0 0 0 0 0 0 0 0 0 0
23.346 15.2949 12.1582 4.31397 2.96034 1.48304 1.46175 0.864667 0.864667 0.764989 0.440694 0.306727 0.13902 0.0390109 0.0390109 0.0263909 0.0162584 0.00353409 0.00306636 0.000820797 6.77165e-07 4.10864e-08 0 0 0 0 0 0 0 0 0 0 0 0 0 0 0 0 0 0 0 0 0 0 0 0 0 0 0 0 0 0 0 0 0 0 0 0 0 0 0 0 0 0 0 0 0 0 0 0 0 0 0 0 0 0 0 0 0 0 0 0 0 0 0 0 0 0 0 0 0 0 0 0 0 0
18.8844 14.3572 12.2757 4.77666 3.51574 2.03397 1.86608 1.21518 0.794241 0.636101 0.282996 0.282996 0.185279 0.117565 0.0517749 0.023311 0.0192837 0.00773506 0.00206921 1.11638e-05 9.29314e-08 1.93425e-08 0 0 0 0 0 0 0 0 0 0 0 0 0 0 0 0 0 0 0 0 0 0 0 0 0 0 0 0 0 0 0 0 0 0 0 0 0 0 0 0 0 0 0 0 0 0 0 0 0 0 0 0 0 0 0 0 0 0 0 0 0 0 0 0 0 0 0 0 0 0 0 0 0 0
14.9648 11.166 5.85156 4.03413 2.70705 1.84141 1.39831 0.815082 0.66043 0.489056 0.351699 0.23995 0.118154 0.0440743 0.0440743 0.0251097 0.0143504 0.0038801 0.00285607 0.000150164 3.15914e-08 1.10147e-08 0 0 0 0 0 0 0 0 0 0 0 0 0 0 0 0 0 0 0 0 0 0 0 0 0 0 0 0 0 0 0 0 0 0 0 0 0 0 0 0 0 0 0 0 0 0 0 0 0 0 0 0 0 0 0 0 0 0 0 0 0 0 0 0 0 0 0 0 0 0 0 0 0 0
20.1867 13.4721 9.46198 4.00093 3.52681 2.94958 1.55032 1.30382 1.0507 0.579173 0.466308 0.252886 0.167599 0.0659711 0.0484086 0.0255194 0.00870752 0.00167956 0.00167956 1.20939e-07 1.20939e-07 0 0 0 0 0 0 0 0 0 0 0 0 0 0 0 0 0 0 0 0 0 0 0 0 0 0 0 0 0 0 0 0 0 0 0 0 0 0 0 0 0 0 0 0 0 0 0 0 0 0 0 0 0 0 0 0 0 0 0 0 0 0 0 0 0 0 0 0 0 0 0 0 0 0 0
23.5557 11.9362 7.2969 5.3502 3.85919 1.42056 1.42056 1.03565 0.978989 0.553688 0.383098 0.228672 0.164434 0.138959 0.0622843 0.0187598 0.0123239 0.00558971 0.00193106 0.000170192 4.13672e-07 1.61413e-08 0 0 0 0 0 0 0 0 0 0 0 0 0 0 0 0 0 0 0 0 0 0 0 0 0 0 0 0 0 0 0 0 0 0 0 0 0 0 0 0 0 0 0 0 0 0 0 0 0 0 0 0 0 0 0 0 0 0 0 0 0 0 0 0 0 0 0 0 0 0 0 0 0 0
18.3518 14.8408 8.38174 5.86241 3.74888 2.53449 1.06085 0.534939 0.525358 0.491545 0.40774 0.240049 0.193557 0.131664 0.0426352 0.0149823 0.0112061 7.47512e-05 7.47512e-05 7.47512e-05 3.89114e-06 1.50039e-07 2.54798e-08 0 0 0 0 0 0 0 0 0 0 0 0 0 0 0 0 0 0 0 0 0 0 0 0 0 0 0 0 0 0 0 0 0 0 0 0 0 0 0 0 0 0 0 0 0 0 0 0 0 0 0 0 0 0 0 0 0 0 0 0 0 0 0 0 0 0 0 0 0 0 0 0 0
16.8581 6.79426 6.11492 3.58569 3.58569 2.21674 1.47667 1.05478 0.849139 0.493441 0.465618 0.262818 0.139384 0.103439 0.0417204 0.0225291 0.0174936 0.00774961 0.00499169 0.000853498 6.41707e-08 0 0 0 0 0 0 0 0 0 0 0 0 0 0 0 0 0 0 0 0 0 0 0 0 0 0 0 0 0 0 0 0 0 0 0 0 0 0 0 0 0 0 0 0 0 0 0 0 0 0 0 0 0 0 0 0 0 0 0 0 0 0 0 0 0 0 0 0 0 0 0 0 0 0 0
16.6508 11.5895 8.07078 3.60602 3.37222 2.04718 1.21356 0.797798 0.520392 0.421854 0.139671 0.139671 0.115638 0.051861 0.0265631 0.0148718 0.00392322 0.00286618 0.000240923 3.58406e-05 1.78363e-08 0 0 0 0 0 0 0 0 0 0 0 0 0 0 0 0 0 0 0 0 0 0 0 0 0 0 0 0 0 0 0 0 0 0 0 0 0 0 0 0 0 0 0 0 0 0 0 0 0 0 0 0 0 0 0 0 0 0 0 0 0 0 0 0 0 0 0 0 0 0 0 0 0 0 0
15.9 9.72175 7.52324 3.33481 3.33481 2.24379 1.60781 0.785686 0.72304 0.387037 0.177187 0.129891 0.113189 0.078201 0.02516 0.0113613 0.00595412 0.00166388 1.65804e-06 1.65804e-06 5.1396e-08 2.0421e-08 0 0 0 0 0 0 0 0 0 0 0 0 0 0 0 0 0 0 0 0 0 0 0 0 0 0 0 0 0 0 0 0 0 0 0 0 0 0 0 0 0 0 0 0 0 0 0 0 0 0 0 0 0 0 0 0 0 0 0 0 0 0 0 0 0 0 0 0 0 0 0 0 0 0
16.5774 11.2361 6.74867 3.72762 3.38713 2.49389 1.49783 1.09106 0.951677 0.709703 0.397453 0.226794 0.141431 0.0787784 0.0495335 0.028969 0.0211648 0.00329347 0.00329347 0.000376257 3.47221e-05 1.7971e-07 0 0 0 0 0 0 0 0 0 0 0 0 0 0 0 0 0 0 0 0 0 0 0 0 0 0 0 0 0 0 0 0 0 0 0 0 0 0 0 0 0 0 0 0 0 0 0 0 0 0 0 0 0 0 0 0 0 0 0 0 0 0 0 0 0 0 0 0 0 0 0 0 0 0
11.0746 8.36709 5.99539 4.42146 3.01434 2.00347 1.36747 0.982057 0.583905 0.380589 0.25141 0.180728 0.0983406 0.0589574 0.0253333 0.0141049 0.00483975 2.09751e-06 2.09751e-06 2.09751e-06 2.98815e-07 0 0 0 0 0 0 0 0 0 0 0 0 0 0 0 0 0 0 0 0 0 0 0 0 0 0 0 0 0 0 0 0 0 0 0 0 0 0 0 0 0 0 0 0 0 0 0 0 0 0 0 0 0 0 0 0 0 0 0 0 0 0 0 0 0 0 0 0 0 0 0 0 0 0 0
13.443 11.0676 11.0676 2.76508 2.76508 2.43367 2.02205 1.01337 0.404273 0.235782 0.235782 0.21854 0.150909 0.0797666 0.0708878 0.0298848 0.0168048 0.00599535 0.00573674 0.00192243 2.08074e-05 2.35918e-06 0 0 0 0 0 0 0 0 0 0 0 0 0 0 0 0 0 0 0 0 0 0 0 0 0 0 0 0 0 0 0 0 0 0 0 0 0 0 0 0 0 0 0 0 0 0 0 0 0 0 0 0 0 0 0 0 0 0 0 0 0 0 0 0 0 0 0 0 0 0 0 0 0 0
15.5943 11.0697 9.27486 5.5121 3.40233 2.51887 1.90894 1.5256 0.917151 0.573862 0.448635 0.290795 0.134397 0.0911774 0.0551436 0.042186 0.0171059 0.00300336 0.000522084 4.65002e-05 3.55402e-07 3.53599e-08 0 0 0 0 0 0 0 0 0 0 0 0 0 0 0 0 0 0 0 0 0 0 0 0 0 0 0 0 0 0 0 0 0 0 0 0 0 0 0 0 0 0 0 0 0 0 0 0 0 0 0 0 0 0 0 0 0 0 0 0 0 0 0 0 0 0 0 0 0 0 0 0 0 0
19.1218 12.6953 4.67402 4.26323 4.26323 2.78198 2.46436 1.29952 1.17503 0.508676 0.410637 0.232979 0.0906896 0.0906896 0.0505333 0.0294754 0.0204727 0.0018801 3.45225e-05 5.89696e-07 5.89696e-07 5.34322e-08 0 0 0 0 0 0 0 0 0 0 0 0 0 0 0 0 0 0 0 0 0 0 0 0 0 0 0 0 0 0 0 0 0 0 0 0 0 0 0 0 0 0 0 0 0 0 0 0 0 0 0 0 0 0 0 0 0 0 0 0 0 0 0 0 0 0 0 0 0 0 0 0 0 0
17.0971 13.9984 8.41724 5.38534 2.55006 2.55006 0.897127 0.490308 0.490308 0.209756 0.209756 0.209756 0.121078 0.121078 0.0519461 0.040281 0.00728017 0.00614816 0.00108041 1.17657e-06 1.17657e-06 3.23984e-07 1.21565e-08 0 0 0 0 0 0 0 0 0 0 0 0 0 0 0 0 0 0 0 0 0 0 0 0 0 0 0 0 0 0 0 0 0 0 0 0 0 0 0 0 0 0 0 0 0 0 0 0 0 0 0 0 0 0 0 0 0 0 0 0 0 0 0 0 0 0 0 0 0 0 0 0 0
14.7124 11.7798 8.09017 4.8135 4.10784 2.09125 1.68105 1.01197 1.01197 0.496734 0.367052 0.185201 0.147085 0.0833675 0.0744963 0.0215363 0.0215363 0.00343199 0.00171328 0.000610292 2.70244e-07 1.50689e-07 0 0 0 0 0 0 0 0 0 0 0 0 0 0 0 0 0 0 0 0 0 0 0 0 0 0 0 0 0 0 0 0 0 0 0 0 0 0 0 0 0 0 0 0 0 0 0 0 0 0 0 0 0 0 0 0 0 0 0 0 0 0 0 0 0 0 0 0 0 0 0 0 0 0
21.1749 10.8001 10.1206 4.1924 2.22503 2.02419 1.17279 0.959919 0.754086 0.515924 0.343427 0.0910183 0.0910183 0.0257148 0.0257148 0.0175914 0.00720801 0.00148127 0.00148127 0.00018845 8.60659e-07 8.04398e-08 0 0 0 0 0 0 0 0 0 0 0 0 0 0 0 0 0 0 0 0 0 0 0 0 0 0 0 0 0 0 0 0 0 0 0 0 0 0 0 0 0 0 0 0 0 0 0 0 0 0 0 0 0 0 0 0 0 0 0 0 0 0 0 0 0 0 0 0 0 0 0 0 0 0
12.6845 10.025 6.79139 3.15103 3.15103 2.96845 1.11736 0.724044 0.545114 0.333275 0.333275 0.183774 0.112701 0.112701 0.06107 0.0398239 0.00873365 0.00607281 0.00108771 3.64846e-05 6.25582e-07 3.46101e-08 0 0 0 0 0 0 0 0 0 0 0 0 0 0 0 0 0 0 0 0 0 0 0 0 0 0 0 0 0 0 0 0 0 0 0 0 0 0 0 0 0 0 0 0 0 0 0 0 0 0 0 0 0 0 0 0 0 0 0 0 0 0 0 0 0 0 0 0 0 0 0 0 0 0
14.2508 11.5039 5.6905 5.4822 3.8195 3.02315 1.01531 1.01531 0.458678 0.458678 0.426817 0.160652 0.149512 0.0850794 0.0385723 0.0385723 0.0174756 0.00365174 0.00172983 1.54932e-06 7.77162e-07 0 0 0 0 0 0 0 0 0 0 0 0 0 0 0 0 0 0 0 0 0 0 0 0 0 0 0 0 0 0 0 0 0 0 0 0 0 0 0 0 0 0 0 0 0 0 0 0 0 0 0 0 0 0 0 0 0 0 0 0 0 0 0 0 0 0 0 0 0 0 0 0 0 0 0
16.928 14.6169 10.5628 4.91496 3.73632 1.8503 1.8503 1.08987 0.509756 0.195756 0.195756 0.0820945 0.0820945 0.0820945 0.0463918 0.0328055 0.0118048 0.00170164 0.00169756 0.000108646 1.17134e-08 0 0 0 0 0 0 0 0 0 0 0 0 0 0 0 0 0 0 0 0 0 0 0 0 0 0 0 0 0 0 0 0 0 0 0 0 0 0 0 0 0 0 0 0 0 0 0 0 0 0 0 0 0 0 0 0 0 0 0 0 0 0 0 0 0 0 0 0 0 0 0 0 0 0 0
19.3898 13.3534 7.73932 4.31047 3.31075 1.57853 1.2545 0.977153 0.581873 0.485046 0.227323 0.227323 0.151541 0.0473354 0.0442621 0.036469 0.0125527 0.00093015 0.000652274 7.03552e-05 2.81004e-07 0 0 0 0 0 0 0 0 0 0 0 0 0 0 0 0 0 0 0 0 0 0 0 0 0 0 0 0 0 0 0 0 0 0 0 0 0 0 0 0 0 0 0 0 0 0 0 0 0 0 0 0 0 0 0 0 0 0 0 0 0 0 0 0 0 0 0 0 0 0 0 0 0 0 0
14.0094 13.965 8.3691 4.48592 2.69995 2.32461 2.15159 1.16611 1.1292 0.249951 0.249951 0.242187 0.173994 0.121339 0.0628071 0.035281 0.0279656 0.014986 0.00151437 0.000215942 8.89745e-06 4.74203e-06 0 0 0 0 0 0 0 0 0 0 0 0 0 0 0 0 0 0 0 0 0 0 0 0 0 0 0 0 0 0 0 0 0 0 0 0 0 0 0 0 0 0 0 0 0 0 0 0 0 0 0 0 0 0 0 0 0 0 0 0 0 0 0 0 0 0 0 0 0 0 0 0 0 0
11.0834 11.0834 7.85031 5.68091 2.36237 1.37516 1.37516 0.801631 0.74253 0.249768 0.249768 0.176429 0.138001 0.0415431 0.0415431 0.033116 0.0129732 0.0106837 0.00431043 4.78294e-05 4.78294e-05 4.04933e-07 2.54208e-08 0 0 0 0 0 0 0 0 0 0 0 0 0 0 0 0 0 0 0 0 0 0 0 0 0 0 0 0 0 0 0 0 0 0 0 0 0 0 0 0 0 0 0 0 0 0 0 0 0 0 0 0 0 0 0 0 0 0 0 0 0 0 0 0 0 0 0 0 0 0 0 0 0
14.117 11.4237 11.4237 4.36148 3.49971 2.3587 1.32181 0.804163 0.628923 0.38201 0.38201 0.191436 0.144587 0.0879309 0.0346387 0.0346387 0.0123721 0.00317319 0.00221639 0.000152086 2.1406e-06 0 0 0 0 0 0 0 0 0 0 0 0 0 0 0 0 0 0 0 0 0 0 0 0 0 0 0 0 0 0 0 0 0 0 0 0 0 0 0 0 0 0 0 0 0 0 0 0 0 0 0 0 0 0 0 0 0 0 0 0 0 0 0 0 0 0 0 0 0 0 0 0 0 0 0
18.5265 14.6923 13.4391 3.59993 1.9248 1.9248 0.965566 0.965566 0.667184 0.65107 0.370408 0.183499 0.116484 0.103555 0.0707882 0.0307083 0.0133901 0.0111641 0.00295393 0.00139253 8.90419e-05 1.2746e-07 0 0 0 0 0 0 0 0 0 0 0 0 0 0 0 0 0 0 0 0 0 0 0 0 0 0 0 0 0 0 0 0 0 0 0 0 0 0 0 0 0 0 0 0 0 0 0 0 0 0 0 0 0 0 0 0 0 0 0 0 0 0 0 0 0 0 0 0 0 0 0 0 0 0
16.8109 14.1949 8.86443 2.80683 2.36955 1.58143 1.48597 1.11022 0.655857 0.2356 0.201705 0.154125 0.101702 0.0374775 0.0122639 0.0122639 0.0122639 0.00397375 0.000281108 1.08319e-05 9.06856e-08 2.10839e-08 0 0 0 0 0 0 0 0 0 0 0 0 0 0 0 0 0 0 0 0 0 0 0 0 0 0 0 0 0 0 0 0 0 0 0 0 0 0 0 0 0 0 0 0 0 0 0 0 0 0 0 0 0 0 0 0 0 0 0 0 0 0 0 0 0 0 0 0 0 0 0 0 0 0
20.2521 8.91145 5.58319 4.31992 2.89219 2.89219 1.48655 1.48655 0.929593 0.757001 0.592107 0.191539 0.191539 0.107228 0.0756123 0.0351598 0.00795536 0.00795536 0.000536185 0.000454902 1.11709e-05 1.05281e-08 1.05281e-08 0 0 0 0 0 0 0 0 0 0 0 0 0 0 0 0 0 0 0 0 0 0 0 0 0 0 0 0 0 0 0 0 0 0 0 0 0 0 0 0 0 0 0 0 0 0 0 0 0 0 0 0 0 0 0 0 0 0 0 0 0 0 0 0 0 0 0 0 0 0 0 0 0
7.05718 7.05718 7.05718 5.95746 3.58211 2.45206 1.24728 1.24728 0.931584 0.611208 0.374408 0.277184 0.173729 0.0699058 0.0193635 0.0115847 0.00688836 0.00427556 3.44844e-06 3.28662e-07 3.28662e-07 0 0 0 0 0 0 0 0 0 0 0 0 0 0 0 0 0 0 0 0 0 0 0 0 0 0 0 0 0 0 0 0 0 0 0 0 0 0 0 0 0 0 0 0 0 0 0 0 0 0 0 0 0 0 0 0 0 0 0 0 0 0 0 0 0 0 0 0 0 0 0 0 0 0 0
11.2288 9.6981 9.6981 3.13336 3.13336 1.79578 1.79578 1.1431 1.1431 0.635277 0.512593 0.352885 0.222467 0.15305 0.0792499 0.0249774 0.0203075 0.0195492 0.0109465 0.00187273 9.17507e-05 2.887e-06 5.5437e-07 0 0 0 0 0 0 0 0 0 0 0 0 0 0 0 0 0 0 0 0 0 0 0 0 0 0 0 0 0 0 0 0 0 0 0 0 0 0 0 0 0 0 0 0 0 0 0 0 0 0 0 0 0 0 0 0 0 0 0 0 0 0 0 0 0 0 0 0 0 0 0 0 0
22.3832 9.78482 9.78482 5.16318 2.57377 2.57377 1.91782 1.04911 0.831981 0.508401 0.273383 0.0819479 0.0732203 0.0430757 0.0430757 0.0312347 0.016581 0.0119638 0.0035371 0.000394871 2.17241e-06 0 0 0 0 0 0 0 0 0 0 0 0 0 0 0 0 0 0 0 0 0 0 0 0 0 0 0 0 0 0 0 0 0 0 0 0 0 0 0 0 0 0 0 0 0 0 0 0 0 0 0 0 0 0 0 0 0 0 0 0 0 0 0 0 0 0 0 0 0 0 0 0 0 0 0
9.60076 9.35584 8.25826 4.13537 4.06502 2.32774 1.51322 1.41358 0.687297 0.352949 0.302143 0.156775 0.156775 0.136672 0.0662298 0.0380535 0.0166237 0.00478154 0.0006062 0.000291441 8.61302e-06 3.64399e-08 0 0 0 0 0 0 0 0 0 0 0 0 0 0 0 0 0 0 0 0 0 0 0 0 0 0 0 0 0 0 0 0 0 0 0 0 0 0 0 0 0 0 0 0 0 0 0 0 0 0 0 0 0 0 0 0 0 0 0 0 0 0 0 0 0 0 0 0 0 0 0 0 0 0
15.8514 11.7441 11.7441 5.55474 4.11967 2.83444 2.35763 1.31898 1.12072 0.683833 0.419557 0.245342 0.189884 0.168184 0.0963785 0.0271621 0.0137039 0.013243 0.000444351 0.000444351 0.000175278 3.85604e-08 1.32905e-08 0 0 0 0 0 0 0 0 0 0 0 0 0 0 0 0 0 0 0 0 0 0 0 0 0 0 0 0 0 0 0 0 0 0 0 0 0 0 0 0 0 0 0 0 0 0 0 0 0 0 0 0 0 0 0 0 0 0 0 0 0 0 0 0 0 0 0 0 0 0 0 0 0
16.0707 14.4067 10.5867 7.17522 3.64989 3.57314 2.13792 1.47712 1.1658 0.558979 0.317669 0.317669 0.175264 0.143512 0.0823456 0.0442105 0.039971 0.0119925 0.00125671 7.37733e-05 1.94862e-05 2.78455e-08 0 0 0 0 0 0 0 0 0 0 0 0 0 0 0 0 0 0 0 0 0 0 0 0 0 0 0 0 0 0 0 0 0 0 0 0 0 0 0 0 0 0 0 0 0 0 0 0 0 0 0 0 0 0 0 0 0 0 0 0 0 0 0 0 0 0 0 0 0 0 0 0 0 0
14.0513 14.0513 9.42531 4.27517 3.3093 2.22713 1.56165 1.48753 0.865042 0.53649 0.53649 0.356343 0.209119 0.115553 0.0552215 0.0515978 0.0306481 0.00634202 0.00570677 0.000531186 2.75562e-07 0 0 0 0 0 0 0 0 0 0 0 0 0 0 0 0 0 0 0 0 0 0 0 0 0 0 0 0 0 0 0 0 0 0 0 0 0 0 0 0 0 0 0 0 0 0 0 0 0 0 0 0 0 0 0 0 0 0 0 0 0 0 0 0 0 0 0 0 0 0 0 0 0 0 0
24.5334 8.72371 5.78734 3.18424 3.18424 2.18125 1.46173 0.596121 0.596121 0.575359 0.410462 0.241419 0.173903 0.120326 0.0684396 0.0274797 0.0134499 0.0061352 0.00260963 2.39326e-06 3.43326e-07 0 0 0 0 0 0 0 0 0 0 0 0 0 0 0 0 0 0 0 0 0 0 0 0 0 0 0 0 0 0 0 0 0 0 0 0 0 0 0 0 0 0 0 0 0 0 0 0 0 0 0 0 0 0 0 0 0 0 0 0 0 0 0 0 0 0 0 0 0 0 0 0 0 0 0
22.6853 7.34016 7.34016 3.76854 1.64175 1.64175 1.64175 1.22387 0.592705 0.341298 0.231805 0.231805 0.129531 0.0784274 0.0300302 0.0133455 0.00466871 0.00466871 0.000166382 3.29449e-05 0 0 0 0 0 0 0 0 0 0 0 0 0 0 0 0 0 0 0 0 0 0 0 0 0 0 0 0 0 0 0 0 0 0 0 0 0 0 0 0 0 0 0 0 0 0 0 0 0 0 0 0 0 0 0 0 0 0 0 0 0 0 0 0 0 0 0 0 0 0 0 0 0 0 0 0
18.1155 13.8355 8.42578 3.92273 1.29335 1.29335 1.29335 1.02579 0.446115 0.446115 0.264969 0.179961 0.104093 0.0309348 0.0286589 0.0176321 0.00687129 0.00687129 0.00115134 2.93575e-06 1.20304e-06 0 0 0 0 0 0 0 0 0 0 0 0 0 0 0 0 0 0 0 0 0 0 0 0 0 0 0 0 0 0 0 0 0 0 0 0 0 0 0 0 0 0 0 0 0 0 0 0 0 0 0 0 0 0 0 0 0 0 0 0 0 0 0 0 0 0 0 0 0 0 0 0 0 0 0
18.7419 10.1857 8.55912 2.77001 1.84759 1.84759 1.26063 0.873938 0.447696 0.447696 0.145725 0.109194 0.109194 0.050366 0.0216133 0.0216133 0.0136164 0.00229489 0.000128587 0.000128587 2.25058e-06 0 0 0 0 0 0 0 0 0 0 0 0 0 0 0 0 0 0 0 0 0 0 0 0 0 0 0 0 0 0 0 0 0 0 0 0 0 0 0 0 0 0 0 0 0 0 0 0 0 0 0 0 0 0 0 0 0 0 0 0 0 0 0 0 0 0 0 0 0 0 0 0 0 0 0
19.0979 8.75583 8.75583 4.78438 3.18664 3.00252 1.46186 1.17397 0.946134 0.406668 0.374356 0.190993 0.113589 0.0611316 0.0202612 0.00763388 0.00763388 0.000661074 0.000661074 5.86389e-05 2.00045e-05 1.08771e-08 0 0 0 0 0 0 0 0 0 0 0 0 0 0 0 0 0 0 0 0 0 0 0 0 0 0 0 0 0 0 0 0 0 0 0 0 0 0 0 0 0 0 0 0 0 0 0 0 0 0 0 0 0 0 0 0 0 0 0 0 0 0 0 0 0 0 0 0 0 0 0 0 0 0
19.9241 11.107 9.41176 4.00942 3.27253 2.56664 1.95838 1.45985 0.51215 0.51215 0.356313 0.208646 0.123437 0.0916871 0.0618736 0.0335881 0.0176392 0.01232 0.00226183 8.55162e-05 7.9369e-06 1.54487e-07 0 0 0 0 0 0 0 0 0 0 0 0 0 0 0 0 0 0 0 0 0 0 0 0 0 0 0 0 0 0 0 0 0 0 0 0 0 0 0 0 0 0 0 0 0 0 0 0 0 0 0 0 0 0 0 0 0 0 0 0 0 0 0 0 0 0 0 0 0 0 0 0 0 0
16.3252 11.7053 7.68428 3.26221 3.26221 1.81634 1.30945 0.820184 0.792624 0.488266 0.100649 0.100649 0.100649 0.0492559 0.0492559 0.0241195 0.0149932 0.00339818 0.000399736 9.528e-05 1.18129e-05 0 0 0 0 0 0 0 0 0 0 0 0 0 0 0 0 0 0 0 0 0 0 0 0 0 0 0 0 0 0 0 0 0 0 0 0 0 0 0 0 0 0 0 0 0 0 0 0 0 0 0 0 0 0 0 0 0 0 0 0 0 0 0 0 0 0 0 0 0 0 0 0 0 0 0
20.5873 13.554 9.35012 4.3391 1.44049 1.44049 1.00179 1.00179 0.737873 0.243666 0.243666 0.152905 0.127015 0.0643214 0.0490432 0.0163092 0.0115393 0.00654166 0.000134326 2.53183e-05 1.78007e-08 0 0 0 0 0 0 0 0 0 0 0 0 0 0 0 0 0 0 0 0 0 0 0 0 0 0 0 0 0 0 0 0 0 0 0 0 0 0 0 0 0 0 0 0 0 0 0 0 0 0 0 0 0 0 0 0 0 0 0 0 0 0 0 0 0 0 0 0 0 0 0 0 0 0 0
9.9172 9.9172 7.67584 4.68804 3.30484 2.81576 2.19764 1.51234 0.65643 0.47854 0.373718 0.147664 0.124881 0.119236 0.0238291 0.0122122 0.0122122 0.00778679 0.00169833 3.25178e-05 1.01133e-07 0 0 0 0 0 0 0 0 0 0 0 0 0 0 0 0 0 0 0 0 0 0 0 0 0 0 0 0 0 0 0 0 0 0 0 0 0 0 0 0 0 0 0 0 0 0 0 0 0 0 0 0 0 0 0 0 0 0 0 0 0 0 0 0 0 0 0 0 0 0 0 0 0 0 0
19.9275 10.6559 2.88996 2.88996 2.88996 2.77187 1.97588 1.00949 0.992828 0.352296 0.352296 0.234576 0.12552 0.109147 0.0426758 0.0131834 0.00807645 0.00440587 0.00214811 0.000360461 6.05157e-07 4.56434e-08 0 0 0 0 0 0 0 0 0 0 0 0 0 0 0 0 0 0 0 0 0 0 0 0 0 0 0 0 0 0 0 0 0 0 0 0 0 0 0 0 0 0 0 0 0 0 0 0 0 0 0 0 0 0 0 0 0 0 0 0 0 0 0 0 0 0 0 0 0 0 0 0 0 0
22.2908 6.65509 6.65509 5.22929 3.77233 1.59848 1.59848 1.11471 0.565841 0.452369 0.389789 0.224309 0.212054 0.0927872 0.0927872 0.0544713 0.0196112 0.0106611 0.00156577 0.00156577 0.000316023 1.16559e-07 0 0 0 0 0 0 0 0 0 0 0 0 0 0 0 0 0 0 0 0 0 0 0 0 0 0 0 0 0 0 0 0 0 0 0 0 0 0 0 0 0 0 0 0 0 0 0 0 0 0 0 0 0 0 0 0 0 0 0 0 0 0 0 0 0 0 0 0 0 0 0 0 0 0
