16.9416 5.76993 3.85588 2.46768 1.86657 1.31577 1.00025 0.491408 0.287708 0.229607 0.0818195 0.0284159 0.000923854 4.19248e-07 4.19248e-07 5.21605e-08 1.42989e-08 1.42989e-08 0 0 0 0 0 0 0 0 0 0 0 0 0 0 0 0 0 0 0 0 0 0 0 0 0 0 0 0 0 0 0 0 0 0 0 0 0 0 0 0 0 0 0 0 0 0 0 0 0 0 0 0 0 0 0 0 0 0 0 0 0 0 0 0 0 0 0 0 0 0 0 0 0 0 0 0 0 0
13.944 8.40993 7.11559 2.6305 2.47567 1.279 0.892088 0.389349 0.0794957 0.0297742 0.0297742 0.00186001 8.74169e-05 4.68983e-07 4.68983e-07 2.776e-08 0 0 0 0 0 0 0 0 0 0 0 0 0 0 0 0 0 0 0 0 0 0 0 0 0 0 0 0 0 0 0 0 0 0 0 0 0 0 0 0 0 0 0 0 0 0 0 0 0 0 0 0 0 0 0 0 0 0 0 0 0 0 0 0 0 0 0 0 0 0 0 0 0 0 0 0 0 0 0 0
16.0177 10.7633 7.4445 3.29343 1.12145 1.12145 0.552271 0.304622 0.304622 0.138771 0.050324 0.011063 0.00306419 2.69252e-06 7.96658e-07 7.14886e-08 0 0 0 0 0 0 0 0 0 0 0 0 0 0 0 0 0 0 0 0 0 0 0 0 0 0 0 0 0 0 0 0 0 0 0 0 0 0 0 0 0 0 0 0 0 0 0 0 0 0 0 0 0 0 0 0 0 0 0 0 0 0 0 0 0 0 0 0 0 0 0 0 0 0 0 0 0 0 0 0
13.0039 10.2452 4.95077 3.08403 1.65007 1.53763 1.01617 0.855492 0.340389 0.0564077 0.0367557 0.00654083 5.50399e-06 5.50399e-06 9.41073e-08 8.36583e-08 0 0 0 0 0 0 0 0 0 0 0 0 0 0 0 0 0 0 0 0 0 0 0 0 0 0 0 0 0 0 0 0 0 0 0 0 0 0 0 0 0 0 0 0 0 0 0 0 0 0 0 0 0 0 0 0 0 0 0 0 0 0 0 0 0 0 0 0 0 0 0 0 0 0 0 0 0 0 0 0
11.3335 3.68698 2.66218 2.09473 2.00474 1.04214 1.04214 0.766229 0.296094 0.191107 0.111011 0.0190934 3.33748e-06 3.33748e-06 2.2291e-06 2.26922e-07 2.26922e-07 0 0 0 0 0 0 0 0 0 0 0 0 0 0 0 0 0 0 0 0 0 0 0 0 0 0 0 0 0 0 0 0 0 0 0 0 0 0 0 0 0 0 0 0 0 0 0 0 0 0 0 0 0 0 0 0 0 0 0 0 0 0 0 0 0 0 0 0 0 0 0 0 0 0 0 0 0 0 0
10.4461 9.30555 9.28394 3.9817 2.38576 2.00123 0.677961 0.677961 0.0931191 0.0855439 0.0571703 0.0236448 2.54286e-06 2.54286e-06 2.54286e-06 0 0 0 0 0 0 0 0 0 0 0 0 0 0 0 0 0 0 0 0 0 0 0 0 0 0 0 0 0 0 0 0 0 0 0 0 0 0 0 0 0 0 0 0 0 0 0 0 0 0 0 0 0 0 0 0 0 0 0 0 0 0 0 0 0 0 0 0 0 0 0 0 0 0 0 0 0 0 0 0 0
14.9587 10.0046 3.4125 2.8046 2.37914 1.74037 1.40537 0.824809 0.329839 0.204512 0.150828 0.034759 0.0049553 0.00489508 6.93591e-06 3.01456e-06 1.29486e-07 7.85255e-08 0 0 0 0 0 0 0 0 0 0 0 0 0 0 0 0 0 0 0 0 0 0 0 0 0 0 0 0 0 0 0 0 0 0 0 0 0 0 0 0 0 0 0 0 0 0 0 0 0 0 0 0 0 0 0 0 0 0 0 0 0 0 0 0 0 0 0 0 0 0 0 0 0 0 0 0 0 0
13.4269 11.8514 5.78822 4.72611 3.22401 1.66939 0.693615 0.693615 0.454187 0.188167 0.143543 0.0472434 0.00550513 1.55582e-05 9.24821e-06 0 0 0 0 0 0 0 0 0 0 0 0 0 0 0 0 0 0 0 0 0 0 0 0 0 0 0 0 0 0 0 0 0 0 0 0 0 0 0 0 0 0 0 0 0 0 0 0 0 0 0 0 0 0 0 0 0 0 0 0 0 0 0 0 0 0 0 0 0 0 0 0 0 0 0 0 0 0 0 0 0
17.22 10.924 10.0641 4.00782 3.3223 2.14788 1.6346 0.847246 0.282837 0.282837 0.11242 0.0211582 0.00154687 1.55696e-06 1.4787e-06 7.07887e-07 0 0 0 0 0 0 0 0 0 0 0 0 0 0 0 0 0 0 0 0 0 0 0 0 0 0 0 0 0 0 0 0 0 0 0 0 0 0 0 0 0 0 0 0 0 0 0 0 0 0 0 0 0 0 0 0 0 0 0 0 0 0 0 0 0 0 0 0 0 0 0 0 0 0 0 0 0 0 0 0
10.1316 9.28302 1.47838 1.47838 1.47838 1.47838 0.7843 0.294791 0.22635 0.112678 0.0106222 0.000228981 7.91827e-05 3.45822e-07 1.41816e-08 0 0 0 0 0 0 0 0 0 0 0 0 0 0 0 0 0 0 0 0 0 0 0 0 0 0 0 0 0 0 0 0 0 0 0 0 0 0 0 0 0 0 0 0 0 0 0 0 0 0 0 0 0 0 0 0 0 0 0 0 0 0 0 0 0 0 0 0 0 0 0 0 0 0 0 0 0 0 0 0 0
13.0302 10.0911 7.82572 4.12968 1.88726 1.36711 0.636751 0.415802 0.105389 0.105389 0.0242188 0.00597323 2.22631e-05 2.42233e-06 2.10654e-08 2.10654e-08 2.10654e-08 0 0 0 0 0 0 0 0 0 0 0 0 0 0 0 0 0 0 0 0 0 0 0 0 0 0 0 0 0 0 0 0 0 0 0 0 0 0 0 0 0 0 0 0 0 0 0 0 0 0 0 0 0 0 0 0 0 0 0 0 0 0 0 0 0 0 0 0 0 0 0 0 0 0 0 0 0 0 0
14.35 8.05188 5.66103 1.92804 1.36695 1.31941 1.16619 0.851792 0.401993 0.0591052 0.0591052 0.0343113 0.000983702 2.35008e-05 1.48481e-06 1.48481e-06 0 0 0 0 0 0 0 0 0 0 0 0 0 0 0 0 0 0 0 0 0 0 0 0 0 0 0 0 0 0 0 0 0 0 0 0 0 0 0 0 0 0 0 0 0 0 0 0 0 0 0 0 0 0 0 0 0 0 0 0 0 0 0 0 0 0 0 0 0 0 0 0 0 0 0 0 0 0 0 0
19.4985 10.2263 5.26244 2.85406 1.31725 0.871174 0.427536 0.427536 0.083144 0.083144 0.00421841 0.000852607 2.92692e-05 2.58678e-06 3.00162e-07 6.22742e-08 0 0 0 0 0 0 0 0 0 0 0 0 0 0 0 0 0 0 0 0 0 0 0 0 0 0 0 0 0 0 0 0 0 0 0 0 0 0 0 0 0 0 0 0 0 0 0 0 0 0 0 0 0 0 0 0 0 0 0 0 0 0 0 0 0 0 0 0 0 0 0 0 0 0 0 0 0 0 0 0
12.2956 5.76838 4.09146 1.69308 1.58225 0.862669 0.486509 0.303687 0.0750076 6.82556e-06 6.82556e-06 6.82556e-06 6.82556e-06 2.72463e-06 0 0 0 0 0 0 0 0 0 0 0 0 0 0 0 0 0 0 0 0 0 0 0 0 0 0 0 0 0 0 0 0 0 0 0 0 0 0 0 0 0 0 0 0 0 0 0 0 0 0 0 0 0 0 0 0 0 0 0 0 0 0 0 0 0 0 0 0 0 0 0 0 0 0 0 0 0 0 0 0 0 0
9.89712 7.42175 7.31838 4.65082 3.01355 2.40565 1.43188 1.10474 0.605163 0.373577 0.0691847 0.0167072 0.0104811 2.92269e-05 5.22894e-06 4.58673e-06 1.50867e-07 2.43745e-08 0 0 0 0 0 0 0 0 0 0 0 0 0 0 0 0 0 0 0 0 0 0 0 0 0 0 0 0 0 0 0 0 0 0 0 0 0 0 0 0 0 0 0 0 0 0 0 0 0 0 0 0 0 0 0 0 0 0 0 0 0 0 0 0 0 0 0 0 0 0 0 0 0 0 0 0 0 0
9.42955 7.40057 5.5414 3.38785 1.81038 1.3836 0.467001 0.0801576 0.0801576 0.0786796 0.0162476 0.00801219 9.73792e-07 9.73792e-07 0 0 0 0 0 0 0 0 0 0 0 0 0 0 0 0 0 0 0 0 0 0 0 0 0 0 0 0 0 0 0 0 0 0 0 0 0 0 0 0 0 0 0 0 0 0 0 0 0 0 0 0 0 0 0 0 0 0 0 0 0 0 0 0 0 0 0 0 0 0 0 0 0 0 0 0 0 0 0 0 0 0
12.9982 9.43296 9.21456 1.60101 1.60101 1.14017 0.879548 0.285234 0.285234 0.188457 0.0342057 0.00605398 0.000159319 6.1734e-07 6.1734e-07 2.39341e-07 0 0 0 0 0 0 0 0 0 0 0 0 0 0 0 0 0 0 0 0 0 0 0 0 0 0 0 0 0 0 0 0 0 0 0 0 0 0 0 0 0 0 0 0 0 0 0 0 0 0 0 0 0 0 0 0 0 0 0 0 0 0 0 0 0 0 0 0 0 0 0 0 0 0 0 0 0 0 0 0
12.2997 6.76126 3.38059 3.38059 1.94164 1.30469 0.839585 0.741699 0.157382 0.157382 0.0061446 0.0061446 0.0061446 1.53048e-06 3.97081e-08 3.97081e-08 0 0 0 0 0 0 0 0 0 0 0 0 0 0 0 0 0 0 0 0 0 0 0 0 0 0 0 0 0 0 0 0 0 0 0 0 0 0 0 0 0 0 0 0 0 0 0 0 0 0 0 0 0 0 0 0 0 0 0 0 0 0 0 0 0 0 0 0 0 0 0 0 0 0 0 0 0 0 0 0
17.606 12.9611 7.27616 3.16209 1.92548 1.92548 0.726548 0.620988 0.235924 0.13631 0.0476755 0.020674 8.98988e-05 1.44125e-06 3.3579e-08 3.3579e-08 3.3579e-08 0 0 0 0 0 0 0 0 0 0 0 0 0 0 0 0 0 0 0 0 0 0 0 0 0 0 0 0 0 0 0 0 0 0 0 0 0 0 0 0 0 0 0 0 0 0 0 0 0 0 0 0 0 0 0 0 0 0 0 0 0 0 0 0 0 0 0 0 0 0 0 0 0 0 0 0 0 0 0
8.49335 5.03865 5.03865 3.81671 2.63009 1.86047 0.496973 0.259584 0.254119 0.226046 0.00202882 0.000718877 0.000718877 8.78293e-05 7.29538e-06 2.67922e-07 1.26363e-08 0 0 0 0 0 0 0 0 0 0 0 0 0 0 0 0 0 0 0 0 0 0 0 0 0 0 0 0 0 0 0 0 0 0 0 0 0 0 0 0 0 0 0 0 0 0 0 0 0 0 0 0 0 0 0 0 0 0 0 0 0 0 0 0 0 0 0 0 0 0 0 0 0 0 0 0 0 0 0
16.5127 11.1759 8.52908 4.11233 2.43643 1.73293 0.872755 0.268723 0.268723 0.0935431 0.0935431 0.00639297 0.000760232 3.81682e-05 6.08541e-06 2.12638e-08 0 0 0 0 0 0 0 0 0 0 0 0 0 0 0 0 0 0 0 0 0 0 0 0 0 0 0 0 0 0 0 0 0 0 0 0 0 0 0 0 0 0 0 0 0 0 0 0 0 0 0 0 0 0 0 0 0 0 0 0 0 0 0 0 0 0 0 0 0 0 0 0 0 0 0 0 0 0 0 0
14.8585 11.8885 7.60437 2.79811 1.97185 0.552595 0.518129 0.300002 0.134804 0.0630396 0.0292738 0.000164116 0.000164116 5.60366e-07 4.19357e-08 2.22002e-08 0 0 0 0 0 0 0 0 0 0 0 0 0 0 0 0 0 0 0 0 0 0 0 0 0 0 0 0 0 0 0 0 0 0 0 0 0 0 0 0 0 0 0 0 0 0 0 0 0 0 0 0 0 0 0 0 0 0 0 0 0 0 0 0 0 0 0 0 0 0 0 0 0 0 0 0 0 0 0 0
14.2943 9.29378 2.81686 2.81686 1.5461 1.10692 0.879285 0.225096 0.194179 0.142287 0.0368078 0.0368078 0.00439222 6.37366e-05 1.40421e-06 1.34763e-07 5.45193e-08 0 0 0 0 0 0 0 0 0 0 0 0 0 0 0 0 0 0 0 0 0 0 0 0 0 0 0 0 0 0 0 0 0 0 0 0 0 0 0 0 0 0 0 0 0 0 0 0 0 0 0 0 0 0 0 0 0 0 0 0 0 0 0 0 0 0 0 0 0 0 0 0 0 0 0 0 0 0 0
16.9603 13.0804 8.16927 3.09149 1.9747 0.545107 0.174753 0.174753 0.174753 0.118959 0.019051 0.000568652 0.000568652 1.77354e-05 0 0 0 0 0 0 0 0 0 0 0 0 0 0 0 0 0 0 0 0 0 0 0 0 0 0 0 0 0 0 0 0 0 0 0 0 0 0 0 0 0 0 0 0 0 0 0 0 0 0 0 0 0 0 0 0 0 0 0 0 0 0 0 0 0 0 0 0 0 0 0 0 0 0 0 0 0 0 0 0 0 0
9.80293 8.9161 8.9161 2.36135 2.24103 2.12879 1.02486 0.473811 0.215255 0.0304089 0.0166456 0.00424076 2.02422e-05 1.12032e-05 9.27901e-07 2.58368e-08 0 0 0 0 0 0 0 0 0 0 0 0 0 0 0 0 0 0 0 0 0 0 0 0 0 0 0 0 0 0 0 0 0 0 0 0 0 0 0 0 0 0 0 0 0 0 0 0 0 0 0 0 0 0 0 0 0 0 0 0 0 0 0 0 0 0 0 0 0 0 0 0 0 0 0 0 0 0 0 0
5.20555 5.20555 5.20555 2.18301 1.64686 1.10852 0.219634 0.219634 0.0458416 0.0458416 0.0248689 0.0102073 0.000379951 3.25099e-07 8.40245e-08 8.40245e-08 1.27749e-08 0 0 0 0 0 0 0 0 0 0 0 0 0 0 0 0 0 0 0 0 0 0 0 0 0 0 0 0 0 0 0 0 0 0 0 0 0 0 0 0 0 0 0 0 0 0 0 0 0 0 0 0 0 0 0 0 0 0 0 0 0 0 0 0 0 0 0 0 0 0 0 0 0 0 0 0 0 0 0
17.2366 9.50697 4.64275 3.60806 2.76121 1.55211 0.777419 0.450516 0.450516 0.193363 0.0462886 0.000308724 7.17161e-05 7.17161e-05 1.88229e-07 1.88229e-07 0 0 0 0 0 0 0 0 0 0 0 0 0 0 0 0 0 0 0 0 0 0 0 0 0 0 0 0 0 0 0 0 0 0 0 0 0 0 0 0 0 0 0 0 0 0 0 0 0 0 0 0 0 0 0 0 0 0 0 0 0 0 0 0 0 0 0 0 0 0 0 0 0 0 0 0 0 0 0 0
15.1357 10.2237 6.43525 3.15427 2.2118 1.84104 1.108 0.437364 0.37033 0.10141 0.0299437 0.0235757 0.00224848 5.69619e-06 1.34834e-08 1.28512e-08 1.28512e-08 0 0 0 0 0 0 0 0 0 0 0 0 0 0 0 0 0 0 0 0 0 0 0 0 0 0 0 0 0 0 0 0 0 0 0 0 0 0 0 0 0 0 0 0 0 0 0 0 0 0 0 0 0 0 0 0 0 0 0 0 0 0 0 0 0 0 0 0 0 0 0 0 0 0 0 0 0 0 0
16.8852 10.2511 4.3965 2.50626 1.27458 0.827819 0.59338 0.544003 0.293201 0.134567 0.0599746 0.000631683 0.000314067 4.89173e-06 7.92295e-08 7.92295e-08 0 0 0 0 0 0 0 0 0 0 0 0 0 0 0 0 0 0 0 0 0 0 0 0 0 0 0 0 0 0 0 0 0 0 0 0 0 0 0 0 0 0 0 0 0 0 0 0 0 0 0 0 0 0 0 0 0 0 0 0 0 0 0 0 0 0 0 0 0 0 0 0 0 0 0 0 0 0 0 0
14.1238 8.4686 4.50025 3.39372 1.85635 1.75702 1.39441 0.713648 0.22178 0.151023 0.00677602 0.00677602 0.00677602 7.31558e-06 6.46998e-08 3.88676e-08 3.88676e-08 0 0 0 0 0 0 0 0 0 0 0 0 0 0 0 0 0 0 0 0 0 0 0 0 0 0 0 0 0 0 0 0 0 0 0 0 0 0 0 0 0 0 0 0 0 0 0 0 0 0 0 0 0 0 0 0 0 0 0 0 0 0 0 0 0 0 0 0 0 0 0 0 0 0 0 0 0 0 0
10.8988 10.8988 6.33006 2.69015 2.01468 0.521083 0.304561 0.16883 0.16883 0.0637169 0.0136603 0.0136603 2.89694e-05 2.89694e-05 5.34362e-06 4.12492e-07 7.26107e-08 0 0 0 0 0 0 0 0 0 0 0 0 0 0 0 0 0 0 0 0 0 0 0 0 0 0 0 0 0 0 0 0 0 0 0 0 0 0 0 0 0 0 0 0 0 0 0 0 0 0 0 0 0 0 0 0 0 0 0 0 0 0 0 0 0 0 0 0 0 0 0 0 0 0 0 0 0 0 0
17.3113 9.66412 9.66412 1.70485 1.64084 1.08026 0.751733 0.59474 0.250625 0.0711926 0.0316204 0.00547677 4.4867e-05 8.38677e-06 5.07895e-08 0 0 0 0 0 0 0 0 0 0 0 0 0 0 0 0 0 0 0 0 0 0 0 0 0 0 0 0 0 0 0 0 0 0 0 0 0 0 0 0 0 0 0 0 0 0 0 0 0 0 0 0 0 0 0 0 0 0 0 0 0 0 0 0 0 0 0 0 0 0 0 0 0 0 0 0 0 0 0 0 0
17.1661 7.54236 7.06345 3.28744 1.60046 1.23416 0.903821 0.617693 0.311484 0.0894266 0.0170374 0.000434991 1.41032e-07 1.41032e-07 1.41032e-07 0 0 0 0 0 0 0 0 0 0 0 0 0 0 0 0 0 0 0 0 0 0 0 0 0 0 0 0 0 0 0 0 0 0 0 0 0 0 0 0 0 0 0 0 0 0 0 0 0 0 0 0 0 0 0 0 0 0 0 0 0 0 0 0 0 0 0 0 0 0 0 0 0 0 0 0 0 0 0 0 0
15.2397 7.49017 4.20349 2.97442 1.4239 0.891118 0.509966 0.188259 0.188259 0.0835633 0.0834621 0.00247611 3.65737e-05 1.0149e-06 1.63283e-08 1.63283e-08 0 0 0 0 0 0 0 0 0 0 0 0 0 0 0 0 0 0 0 0 0 0 0 0 0 0 0 0 0 0 0 0 0 0 0 0 0 0 0 0 0 0 0 0 0 0 0 0 0 0 0 0 0 0 0 0 0 0 0 0 0 0 0 0 0 0 0 0 0 0 0 0 0 0 0 0 0 0 0 0
18.5225 13.3752 7.48896 3.797 2.6468 2.17279 1.45078 0.814157 0.566522 0.274444 0.118338 0.0300182 0.00541196 0.00223208 2.55471e-06 3.80791e-08 0 0 0 0 0 0 0 0 0 0 0 0 0 0 0 0 0 0 0 0 0 0 0 0 0 0 0 0 0 0 0 0 0 0 0 0 0 0 0 0 0 0 0 0 0 0 0 0 0 0 0 0 0 0 0 0 0 0 0 0 0 0 0 0 0 0 0 0 0 0 0 0 0 0 0 0 0 0 0 0
18.5389 13.4423 10.3211 3.69675 2.63265 1.96293 0.984316 0.294723 0.292839 0.256385 0.167718 0.0422219 0.0110156 4.9609e-05 4.06405e-06 0 0 0 0 0 0 0 0 0 0 0 0 0 0 0 0 0 0 0 0 0 0 0 0 0 0 0 0 0 0 0 0 0 0 0 0 0 0 0 0 0 0 0 0 0 0 0 0 0 0 0 0 0 0 0 0 0 0 0 0 0 0 0 0 0 0 0 0 0 0 0 0 0 0 0 0 0 0 0 0 0
12.7909 8.05989 4.57301 2.66321 2.66321 1.61771 0.678358 0.354774 0.249481 0.0124938 0.0124938 0.00938523 4.83824e-05 1.65672e-06 0 0 0 0 0 0 0 0 0 0 0 0 0 0 0 0 0 0 0 0 0 0 0 0 0 0 0 0 0 0 0 0 0 0 0 0 0 0 0 0 0 0 0 0 0 0 0 0 0 0 0 0 0 0 0 0 0 0 0 0 0 0 0 0 0 0 0 0 0 0 0 0 0 0 0 0 0 0 0 0 0 0
17.5522 9.57667 6.25647 3.26205 1.98282 1.0009 0.979891 0.554057 0.534896 0.11312 0.033951 0.0309755 0.000790506 5.77262e-07 0 0 0 0 0 0 0 0 0 0 0 0 0 0 0 0 0 0 0 0 0 0 0 0 0 0 0 0 0 0 0 0 0 0 0 0 0 0 0 0 0 0 0 0 0 0 0 0 0 0 0 0 0 0 0 0 0 0 0 0 0 0 0 0 0 0 0 0 0 0 0 0 0 0 0 0 0 0 0 0 0 0
15.9667 8.41892 7.85392 3.37342 1.25201 1.19214 0.571491 0.385575 0.199703 0.116797 0.0250893 0.00601941 1.72237e-05 5.48853e-06 7.10675e-08 7.10675e-08 3.46672e-08 0 0 0 0 0 0 0 0 0 0 0 0 0 0 0 0 0 0 0 0 0 0 0 0 0 0 0 0 0 0 0 0 0 0 0 0 0 0 0 0 0 0 0 0 0 0 0 0 0 0 0 0 0 0 0 0 0 0 0 0 0 0 0 0 0 0 0 0 0 0 0 0 0 0 0 0 0 0 0
11.1215 7.95643 7.11772 3.60088 1.87683 0.984756 0.440981 0.369579 0.146554 0.0062526 0.0062526 0.000209351 0.000209351 2.86767e-05 1.30991e-06 1.27813e-07 0 0 0 0 0 0 0 0 0 0 0 0 0 0 0 0 0 0 0 0 0 0 0 0 0 0 0 0 0 0 0 0 0 0 0 0 0 0 0 0 0 0 0 0 0 0 0 0 0 0 0 0 0 0 0 0 0 0 0 0 0 0 0 0 0 0 0 0 0 0 0 0 0 0 0 0 0 0 0 0
13.3579 7.14975 5.011 1.71198 1.71198 1.45192 0.567754 0.383737 0.379264 0.0564738 0.00935012 0.00739181 3.41128e-07 3.41128e-07 1.02206e-08 1.02206e-08 0 0 0 0 0 0 0 0 0 0 0 0 0 0 0 0 0 0 0 0 0 0 0 0 0 0 0 0 0 0 0 0 0 0 0 0 0 0 0 0 0 0 0 0 0 0 0 0 0 0 0 0 0 0 0 0 0 0 0 0 0 0 0 0 0 0 0 0 0 0 0 0 0 0 0 0 0 0 0 0
13.083 5.29487 3.49262 2.73377 2.08858 1.28575 0.595449 0.448879 0.293802 0.180651 0.180651 0.0259198 0.000103128 0.000103128 4.79334e-07 1.82202e-07 3.27709e-08 0 0 0 0 0 0 0 0 0 0 0 0 0 0 0 0 0 0 0 0 0 0 0 0 0 0 0 0 0 0 0 0 0 0 0 0 0 0 0 0 0 0 0 0 0 0 0 0 0 0 0 0 0 0 0 0 0 0 0 0 0 0 0 0 0 0 0 0 0 0 0 0 0 0 0 0 0 0 0
17.0566 8.77796 8.77796 3.97606 2.09359 1.48183 0.947519 0.589213 0.243796 0.116083 0.065934 0.00441821 0.000119546 2.6442e-05 1.30123e-06 6.79892e-07 0 0 0 0 0 0 0 0 0 0 0 0 0 0 0 0 0 0 0 0 0 0 0 0 0 0 0 0 0 0 0 0 0 0 0 0 0 0 0 0 0 0 0 0 0 0 0 0 0 0 0 0 0 0 0 0 0 0 0 0 0 0 0 0 0 0 0 0 0 0 0 0 0 0 0 0 0 0 0 0
16.0496 3.06515 3.06515 2.85069 2.85069 1.23684 0.595216 0.595216 0.271493 0.128542 0.128542 0.0436627 0.0235003 0.00446992 6.51165e-08 6.51165e-08 6.51165e-08 6.51165e-08 0 0 0 0 0 0 0 0 0 0 0 0 0 0 0 0 0 0 0 0 0 0 0 0 0 0 0 0 0 0 0 0 0 0 0 0 0 0 0 0 0 0 0 0 0 0 0 0 0 0 0 0 0 0 0 0 0 0 0 0 0 0 0 0 0 0 0 0 0 0 0 0 0 0 0 0 0 0
10.0455 6.73784 6.73784 3.81963 1.88218 1.34557 1.19384 0.653792 0.201214 0.122458 0.0606439 0.00207262 0.00161054 2.82081e-06 1.3814e-06 0 0 0 0 0 0 0 0 0 0 0 0 0 0 0 0 0 0 0 0 0 0 0 0 0 0 0 0 0 0 0 0 0 0 0 0 0 0 0 0 0 0 0 0 0 0 0 0 0 0 0 0 0 0 0 0 0 0 0 0 0 0 0 0 0 0 0 0 0 0 0 0 0 0 0 0 0 0 0 0 0
16.4947 7.14355 4.13763 2.98259 1.80428 1.32285 0.669672 0.275388 0.0733893 0.0733893 0.0232056 0.000386319 0.000386319 7.0368e-06 2.64614e-07 0 0 0 0 0 0 0 0 0 0 0 0 0 0 0 0 0 0 0 0 0 0 0 0 0 0 0 0 0 0 0 0 0 0 0 0 0 0 0 0 0 0 0 0 0 0 0 0 0 0 0 0 0 0 0 0 0 0 0 0 0 0 0 0 0 0 0 0 0 0 0 0 0 0 0 0 0 0 0 0 0
16.8037 7.82553 3.61204 3.61204 2.61051 1.09214 1.07983 0.787988 0.257181 0.154413 0.120819 0.0217051 8.88072e-05 1.91554e-05 1.91554e-05 0 0 0 0 0 0 0 0 0 0 0 0 0 0 0 0 0 0 0 0 0 0 0 0 0 0 0 0 0 0 0 0 0 0 0 0 0 0 0 0 0 0 0 0 0 0 0 0 0 0 0 0 0 0 0 0 0 0 0 0 0 0 0 0 0 0 0 0 0 0 0 0 0 0 0 0 0 0 0 0 0
16.1488 11.6923 5.6263 2.86429 1.86197 0.769453 0.769453 0.375343 0.157534 0.0747027 0.0240481 0.016224 0.000308661 1.01163e-05 1.38885e-06 5.32031e-08 0 0 0 0 0 0 0 0 0 0 0 0 0 0 0 0 0 0 0 0 0 0 0 0 0 0 0 0 0 0 0 0 0 0 0 0 0 0 0 0 0 0 0 0 0 0 0 0 0 0 0 0 0 0 0 0 0 0 0 0 0 0 0 0 0 0 0 0 0 0 0 0 0 0 0 0 0 0 0 0
13.9442 11.1041 9.89817 4.80102 3.27834 0.487896 0.487896 0.437356 0.192495 0.192495 0.0520038 0.028005 0.00757355 8.4532e-06 7.58087e-08 7.58087e-08 7.58087e-08 0 0 0 0 0 0 0 0 0 0 0 0 0 0 0 0 0 0 0 0 0 0 0 0 0 0 0 0 0 0 0 0 0 0 0 0 0 0 0 0 0 0 0 0 0 0 0 0 0 0 0 0 0 0 0 0 0 0 0 0 0 0 0 0 0 0 0 0 0 0 0 0 0 0 0 0 0 0 0
12.5325 10.0662 5.09412 2.25858 1.26429 1.02733 0.912295 0.67349 0.555585 0.145737 0.108193 0.0683091 0.00742185 8.35225e-06 5.93475e-06 1.45538e-07 1.45538e-07 0 0 0 0 0 0 0 0 0 0 0 0 0 0 0 0 0 0 0 0 0 0 0 0 0 0 0 0 0 0 0 0 0 0 0 0 0 0 0 0 0 0 0 0 0 0 0 0 0 0 0 0 0 0 0 0 0 0 0 0 0 0 0 0 0 0 0 0 0 0 0 0 0 0 0 0 0 0 0
15.0812 8.5682 6.33586 3.00502 1.12597 1.09262 0.419875 0.328178 0.180774 0.0868463 0.0294447 0.00475533 1.4899e-05 9.57755e-07 6.29075e-07 3.06144e-07 2.51623e-08 2.51623e-08 0 0 0 0 0 0 0 0 0 0 0 0 0 0 0 0 0 0 0 0 0 0 0 0 0 0 0 0 0 0 0 0 0 0 0 0 0 0 0 0 0 0 0 0 0 0 0 0 0 0 0 0 0 0 0 0 0 0 0 0 0 0 0 0 0 0 0 0 0 0 0 0 0 0 0 0 0 0
