20.7079 11.3164 7.83283 4.23644 2.74772 2.74772 1.23962 1.23962 0.922395 0.903616 0.52952 0.416978 0.222292 0.17057 0.127066 0.111105 0.0396692 0.0368691 0.0288779 0.0154214 0.0134852 0.0075869 0.00411361 0.00248204 0.00112005 0.000938705 0.000556067 6.28297e-05 3.08374e-05 2.57458e-06 1.23208e-07 1.09458e-08 0 0 0 0 0 0 0 0 0 0 0 0 0 0 0 0 0 0 0 0 0 0 0 0 0 0 0 0 0 0 0 0 0 0 0 0 0 0 0 0 0 0 0 0 0 0 0 0 0 0 0 0 0 0 0 0 0 0 0 0 0 0 0 0
20.1099 9.8821 8.83802 5.10504 3.68726 3.68726 2.57672 1.48232 0.933257 0.757013 0.655653 0.459076 0.164835 0.164835 0.111483 0.0842411 0.0535987 0.0462902 0.0293037 0.0176808 0.0126976 0.00534736 0.00332295 0.00234894 0.000843336 0.000331819 0.000331819 8.02152e-05 1.94982e-05 1.24844e-06 4.63697e-08 0 0 0 0 0 0 0 0 0 0 0 0 0 0 0 0 0 0 0 0 0 0 0 0 0 0 0 0 0 0 0 0 0 0 0 0 0 0 0 0 0 0 0 0 0 0 0 0 0 0 0 0 0 0 0 0 0 0 0 0 0 0 0 0 0
23.7039 11.6668 11.6668 6.26198 4.64497 2.36097 2.01148 0.986401 0.986401 0.806942 0.644899 0.284764 0.175628 0.175628 0.122009 0.0892428 0.0508423 0.031354 0.0174771 0.0136701 0.0123984 0.00675641 0.0033708 0.00242373 0.00134051 0.00116323 0.000498945 0.000124665 2.93949e-05 2.4678e-06 2.01285e-07 0 0 0 0 0 0 0 0 0 0 0 0 0 0 0 0 0 0 0 0 0 0 0 0 0 0 0 0 0 0 0 0 0 0 0 0 0 0 0 0 0 0 0 0 0 0 0 0 0 0 0 0 0 0 0 0 0 0 0 0 0 0 0 0 0
20.2521 11.1239 11.1239 5.73546 3.99103 1.1894 1.1894 1.1894 1.1894 0.994859 0.479713 0.479713 0.309882 0.268999 0.169935 0.118689 0.10582 0.0713316 0.0463436 0.0375715 0.0202323 0.0167176 0.00625307 0.00427621 0.00241153 0.00138107 0.00108467 0.000260942 0.000108412 1.24044e-05 2.79836e-06 5.28967e-07 0 0 0 0 0 0 0 0 0 0 0 0 0 0 0 0 0 0 0 0 0 0 0 0 0 0 0 0 0 0 0 0 0 0 0 0 0 0 0 0 0 0 0 0 0 0 0 0 0 0 0 0 0 0 0 0 0 0 0 0 0 0 0 0
19.6398 10.328 7.77714 3.97817 3.97817 3.24017 1.25007 1.18789 0.74442 0.611135 0.379433 0.299955 0.150516 0.109707 0.0705456 0.065312 0.0348779 0.0310761 0.0214855 0.0162916 0.0103832 0.00686257 0.00321177 0.00208254 0.000657956 0.000539328 0.000194342 2.60652e-05 1.20292e-05 1.25199e-06 1.34805e-08 0 0 0 0 0 0 0 0 0 0 0 0 0 0 0 0 0 0 0 0 0 0 0 0 0 0 0 0 0 0 0 0 0 0 0 0 0 0 0 0 0 0 0 0 0 0 0 0 0 0 0 0 0 0 0 0 0 0 0 0 0 0 0 0 0
16.7581 13.4539 12.0861 7.16044 5.24452 2.00967 2.00967 1.92372 1.2907 0.57021 0.462194 0.282609 0.199248 0.171474 0.118031 0.0980153 0.0621375 0.0414962 0.0315787 0.0167131 0.007944 0.00511956 0.00218811 0.00218811 0.00100657 0.00041137 0.000183082 5.7312e-05 7.78515e-06 1.24472e-07 1.05931e-08 0 0 0 0 0 0 0 0 0 0 0 0 0 0 0 0 0 0 0 0 0 0 0 0 0 0 0 0 0 0 0 0 0 0 0 0 0 0 0 0 0 0 0 0 0 0 0 0 0 0 0 0 0 0 0 0 0 0 0 0 0 0 0 0 0
19.5464 13.5081 8.09122 5.76374 4.45841 3.09486 2.30598 1.76634 1.43094 0.789613 0.749382 0.370507 0.370507 0.179362 0.141256 0.141256 0.0882641 0.0564314 0.0461655 0.0182913 0.0128452 0.0120196 0.00509756 0.00437746 0.00243778 0.00131098 0.000612919 0.000145376 2.89517e-05 1.073e-05 4.76049e-06 1.01791e-08 0 0 0 0 0 0 0 0 0 0 0 0 0 0 0 0 0 0 0 0 0 0 0 0 0 0 0 0 0 0 0 0 0 0 0 0 0 0 0 0 0 0 0 0 0 0 0 0 0 0 0 0 0 0 0 0 0 0 0 0 0 0 0 0
18.2608 12.3376 10.618 3.6862 3.6862 2.93188 2.02263 1.70601 1.1375 0.861827 0.428171 0.237132 0.221469 0.161074 0.11608 0.0907872 0.0635476 0.0413514 0.0285618 0.00926971 0.00926971 0.00398537 0.00398537 0.00297267 0.00143124 0.00105045 0.000421237 0.000111804 1.53349e-05 6.61153e-06 1.72666e-08 0 0 0 0 0 0 0 0 0 0 0 0 0 0 0 0 0 0 0 0 0 0 0 0 0 0 0 0 0 0 0 0 0 0 0 0 0 0 0 0 0 0 0 0 0 0 0 0 0 0 0 0 0 0 0 0 0 0 0 0 0 0 0 0 0
18.2938 15.204 12.3127 6.38104 4.56688 3.01766 2.18836 1.82359 1.24797 0.737048 0.531684 0.233468 0.194309 0.194309 0.0876866 0.0876866 0.0465001 0.0271781 0.0269245 0.00723522 0.00723522 0.00577113 0.00416343 0.00148359 0.00148359 0.000879421 0.000353722 2.8836e-05 2.48029e-06 2.48029e-06 2.31775e-08 0 0 0 0 0 0 0 0 0 0 0 0 0 0 0 0 0 0 0 0 0 0 0 0 0 0 0 0 0 0 0 0 0 0 0 0 0 0 0 0 0 0 0 0 0 0 0 0 0 0 0 0 0 0 0 0 0 0 0 0 0 0 0 0 0
13.6463 10.3151 8.58328 4.88031 4.10335 3.11898 2.35527 1.80317 1.15501 0.790942 0.600575 0.291199 0.254896 0.190824 0.152852 0.0856799 0.0641987 0.0479052 0.0337653 0.0169874 0.0103837 0.00617116 0.00314382 0.00247294 0.00141563 0.000271398 0.000271398 6.71967e-05 4.21609e-05 3.124e-05 2.6942e-07 5.88551e-08 0 0 0 0 0 0 0 0 0 0 0 0 0 0 0 0 0 0 0 0 0 0 0 0 0 0 0 0 0 0 0 0 0 0 0 0 0 0 0 0 0 0 0 0 0 0 0 0 0 0 0 0 0 0 0 0 0 0 0 0 0 0 0 0
13.782 13.1006 9.71433 4.88584 2.76838 2.76838 2.135 1.54663 0.637402 0.637402 0.378643 0.295491 0.255686 0.177206 0.124189 0.0762448 0.0368301 0.0327873 0.0101238 0.0101238 0.00656953 0.00249088 0.00190078 0.00190078 0.0015621 0.000792196 0.000441198 4.73319e-05 1.27941e-05 7.60297e-08 0 0 0 0 0 0 0 0 0 0 0 0 0 0 0 0 0 0 0 0 0 0 0 0 0 0 0 0 0 0 0 0 0 0 0 0 0 0 0 0 0 0 0 0 0 0 0 0 0 0 0 0 0 0 0 0 0 0 0 0 0 0 0 0 0 0
18.8034 12.5685 11.7273 6.06857 3.967 3.27085 1.81307 1.81307 0.89269 0.674754 0.528272 0.341104 0.257027 0.201922 0.136543 0.103918 0.04474 0.0270035 0.0231777 0.0176367 0.0108337 0.00602584 0.00377006 0.00377006 0.00206327 0.000649264 0.000464209 0.00013875 2.79813e-05 5.89255e-06 2.62656e-07 0 0 0 0 0 0 0 0 0 0 0 0 0 0 0 0 0 0 0 0 0 0 0 0 0 0 0 0 0 0 0 0 0 0 0 0 0 0 0 0 0 0 0 0 0 0 0 0 0 0 0 0 0 0 0 0 0 0 0 0 0 0 0 0 0
11.2884 10.5561 8.30972 5.93764 3.73656 2.30828 1.59381 1.54525 1.23316 0.512339 0.443764 0.229138 0.229138 0.136371 0.117054 0.0806285 0.0589652 0.0363101 0.0241828 0.0157849 0.00678342 0.00542916 0.00411977 0.00332065 0.00239308 0.000485921 0.000323875 0.000123365 4.73974e-05 2.40247e-05 8.41912e-06 1.02017e-07 0 0 0 0 0 0 0 0 0 0 0 0 0 0 0 0 0 0 0 0 0 0 0 0 0 0 0 0 0 0 0 0 0 0 0 0 0 0 0 0 0 0 0 0 0 0 0 0 0 0 0 0 0 0 0 0 0 0 0 0 0 0 0 0
22.6763 13.7394 12.099 5.49022 5.12556 4.63079 2.38856 1.57992 1.36066 0.606322 0.496612 0.360797 0.323648 0.234645 0.131257 0.118455 0.0782044 0.0441642 0.0396194 0.0273089 0.0191072 0.0101061 0.00536454 0.00184633 0.00108892 0.00108892 0.000453739 0.000112089 7.71014e-05 2.60546e-05 1.93787e-06 0 0 0 0 0 0 0 0 0 0 0 0 0 0 0 0 0 0 0 0 0 0 0 0 0 0 0 0 0 0 0 0 0 0 0 0 0 0 0 0 0 0 0 0 0 0 0 0 0 0 0 0 0 0 0 0 0 0 0 0 0 0 0 0 0
16.8221 9.28405 8.56666 6.93334 5.30749 3.38046 2.1948 1.65899 1.05677 0.928101 0.585107 0.523468 0.349757 0.219437 0.174008 0.107372 0.0838634 0.0718344 0.0402627 0.0366078 0.0169717 0.0107582 0.00748568 0.00372116 0.00173686 0.000881386 0.000567457 0.000114107 4.87892e-05 1.33106e-05 2.59495e-08 0 0 0 0 0 0 0 0 0 0 0 0 0 0 0 0 0 0 0 0 0 0 0 0 0 0 0 0 0 0 0 0 0 0 0 0 0 0 0 0 0 0 0 0 0 0 0 0 0 0 0 0 0 0 0 0 0 0 0 0 0 0 0 0 0
17.9474 15.8431 8.82014 5.11709 3.0917 1.84017 1.84017 1.27937 0.950273 0.578012 0.504355 0.333578 0.230323 0.13233 0.13233 0.0813733 0.0703047 0.0410489 0.0325189 0.0196027 0.0124727 0.0065035 0.00439098 0.00341249 0.0020251 0.000588935 0.00033149 0.000115409 6.12773e-06 6.82035e-07 3.11652e-08 0 0 0 0 0 0 0 0 0 0 0 0 0 0 0 0 0 0 0 0 0 0 0 0 0 0 0 0 0 0 0 0 0 0 0 0 0 0 0 0 0 0 0 0 0 0 0 0 0 0 0 0 0 0 0 0 0 0 0 0 0 0 0 0 0
21.7223 11.2988 8.00107 5.19505 5.19505 3.15407 1.8092 1.38115 0.957834 0.722811 0.502653 0.403152 0.271205 0.197178 0.0828323 0.0828323 0.060142 0.047405 0.0318615 0.0215612 0.0129196 0.00748875 0.00596847 0.00351806 0.00191179 0.000734468 0.000371568 0.000107022 6.69689e-06 6.69689e-06 0 0 0 0 0 0 0 0 0 0 0 0 0 0 0 0 0 0 0 0 0 0 0 0 0 0 0 0 0 0 0 0 0 0 0 0 0 0 0 0 0 0 0 0 0 0 0 0 0 0 0 0 0 0 0 0 0 0 0 0 0 0 0 0 0 0
13.5521 13.5521 6.00611 5.38259 3.88991 1.86453 0.666347 0.666347 0.666347 0.577117 0.435034 0.172377 0.172377 0.158773 0.129734 0.0890157 0.0586343 0.0303202 0.0259256 0.0189153 0.0123616 0.00378003 0.0033838 0.00112597 0.00112597 0.000359464 0.000190878 9.56699e-05 1.09933e-05 0 0 0 0 0 0 0 0 0 0 0 0 0 0 0 0 0 0 0 0 0 0 0 0 0 0 0 0 0 0 0 0 0 0 0 0 0 0 0 0 0 0 0 0 0 0 0 0 0 0 0 0 0 0 0 0 0 0 0 0 0 0 0 0 0 0 0
17.6093 13.1436 10.8388 4.71322 3.9631 2.76682 2.2956 0.463791 0.463791 0.463791 0.463791 0.454857 0.282697 0.192682 0.138814 0.0789733 0.0572342 0.0383786 0.0296485 0.0164593 0.0122143 0.00825106 0.0034843 0.00235307 0.00186888 0.00102833 0.000218743 3.29649e-05 1.28822e-05 1.28822e-05 2.601e-07 0 0 0 0 0 0 0 0 0 0 0 0 0 0 0 0 0 0 0 0 0 0 0 0 0 0 0 0 0 0 0 0 0 0 0 0 0 0 0 0 0 0 0 0 0 0 0 0 0 0 0 0 0 0 0 0 0 0 0 0 0 0 0 0 0
12.4462 12.4462 9.99632 6.26517 3.59257 2.43036 1.79109 1.03269 0.941888 0.60171 0.488779 0.303547 0.267822 0.129507 0.10738 0.0740232 0.0500481 0.0346098 0.0168569 0.00916475 0.00310427 0.00308295 0.00250015 0.00132417 0.000499849 0.00034799 0.000110218 1.44471e-05 1.66303e-06 0 0 0 0 0 0 0 0 0 0 0 0 0 0 0 0 0 0 0 0 0 0 0 0 0 0 0 0 0 0 0 0 0 0 0 0 0 0 0 0 0 0 0 0 0 0 0 0 0 0 0 0 0 0 0 0 0 0 0 0 0 0 0 0 0 0 0
18.1773 7.98799 5.01262 5.01262 4.75535 2.1755 2.13633 1.28984 0.54981 0.460015 0.460015 0.293034 0.265234 0.218308 0.102315 0.102197 0.0623376 0.0319668 0.0269683 0.0170972 0.0123001 0.00614102 0.0037388 0.00293639 0.00172468 0.000632807 0.000550543 0.000154111 5.46002e-05 2.51223e-06 2.90591e-08 0 0 0 0 0 0 0 0 0 0 0 0 0 0 0 0 0 0 0 0 0 0 0 0 0 0 0 0 0 0 0 0 0 0 0 0 0 0 0 0 0 0 0 0 0 0 0 0 0 0 0 0 0 0 0 0 0 0 0 0 0 0 0 0 0
18.2487 13.6321 9.94579 5.03062 4.81325 2.04538 2.04538 1.2821 1.2821 0.617494 0.562684 0.408574 0.287865 0.214314 0.147711 0.105219 0.066579 0.0595492 0.0282061 0.0229977 0.0127051 0.0107519 0.00421113 0.00332838 0.00206939 0.00121832 0.00054238 0.000108552 3.50597e-05 1.7112e-05 1.38984e-06 0 0 0 0 0 0 0 0 0 0 0 0 0 0 0 0 0 0 0 0 0 0 0 0 0 0 0 0 0 0 0 0 0 0 0 0 0 0 0 0 0 0 0 0 0 0 0 0 0 0 0 0 0 0 0 0 0 0 0 0 0 0 0 0 0
12.9842 12.6142 5.1796 4.12693 4.12693 2.77643 1.58972 1.36899 0.874978 0.61189 0.61189 0.208522 0.208522 0.181158 0.0968853 0.0949799 0.0580808 0.0341203 0.0275824 0.0180919 0.0150462 0.00798007 0.00543368 0.00336158 0.000930738 0.00083744 0.000271116 7.23878e-05 1.41677e-05 1.00707e-05 4.05495e-07 0 0 0 0 0 0 0 0 0 0 0 0 0 0 0 0 0 0 0 0 0 0 0 0 0 0 0 0 0 0 0 0 0 0 0 0 0 0 0 0 0 0 0 0 0 0 0 0 0 0 0 0 0 0 0 0 0 0 0 0 0 0 0 0 0
14.0351 11.6744 7.58598 5.44497 2.82314 2.47394 2.00917 1.32059 0.899496 0.377528 0.377528 0.377528 0.255203 0.255203 0.0920425 0.0702007 0.0685351 0.041479 0.028975 0.018355 0.011553 0.00683432 0.00305014 0.00266858 0.00154304 0.000938951 0.000468095 0.000133208 2.77537e-05 8.7025e-06 2.53719e-08 0 0 0 0 0 0 0 0 0 0 0 0 0 0 0 0 0 0 0 0 0 0 0 0 0 0 0 0 0 0 0 0 0 0 0 0 0 0 0 0 0 0 0 0 0 0 0 0 0 0 0 0 0 0 0 0 0 0 0 0 0 0 0 0 0
15.9036 11.5963 11.031 5.59784 4.92764 1.90551 1.90551 1.32974 0.992743 0.740149 0.573357 0.306358 0.227865 0.176688 0.105063 0.0939907 0.0634489 0.0520364 0.0229443 0.0204456 0.0151162 0.00811013 0.00423773 0.00338754 0.00106328 0.000544576 0.000409299 9.87059e-05 3.70954e-05 6.59335e-06 9.13478e-08 0 0 0 0 0 0 0 0 0 0 0 0 0 0 0 0 0 0 0 0 0 0 0 0 0 0 0 0 0 0 0 0 0 0 0 0 0 0 0 0 0 0 0 0 0 0 0 0 0 0 0 0 0 0 0 0 0 0 0 0 0 0 0 0 0
10.9488 10.9488 10.9488 5.60805 4.10713 3.04017 2.0047 1.8799 1.20366 0.99174 0.586304 0.576796 0.254868 0.254868 0.183937 0.148657 0.119429 0.0643143 0.0406482 0.0216587 0.0216587 0.0072307 0.00611926 0.00454115 0.00286283 0.0011125 0.000630156 9.05303e-05 2.14286e-05 1.28695e-05 1.24415e-06 1.431e-07 0 0 0 0 0 0 0 0 0 0 0 0 0 0 0 0 0 0 0 0 0 0 0 0 0 0 0 0 0 0 0 0 0 0 0 0 0 0 0 0 0 0 0 0 0 0 0 0 0 0 0 0 0 0 0 0 0 0 0 0 0 0 0 0
11.2599 11.2599 10.3049 5.39685 3.57929 2.81164 1.96237 0.800614 0.791097 0.636939 0.374483 0.279864 0.164645 0.0983726 0.0726775 0.0682773 0.046422 0.0203995 0.0119363 0.0119363 0.0103284 0.00547348 0.00351928 0.00206496 0.00125938 0.000595846 0.00033229 3.50642e-05 7.35328e-06 1.66298e-06 0 0 0 0 0 0 0 0 0 0 0 0 0 0 0 0 0 0 0 0 0 0 0 0 0 0 0 0 0 0 0 0 0 0 0 0 0 0 0 0 0 0 0 0 0 0 0 0 0 0 0 0 0 0 0 0 0 0 0 0 0 0 0 0 0 0
19.6183 13.7097 6.95208 4.18875 3.61669 3.32051 2.15394 1.65261 1.33756 0.663469 0.653818 0.469001 0.242681 0.161332 0.160952 0.0854932 0.0542117 0.0422263 0.0265544 0.0240145 0.014357 0.0093618 0.00535318 0.00263297 0.00155396 0.000686213 0.000361688 0.000149013 3.2508e-05 6.06031e-06 0 0 0 0 0 0 0 0 0 0 0 0 0 0 0 0 0 0 0 0 0 0 0 0 0 0 0 0 0 0 0 0 0 0 0 0 0 0 0 0 0 0 0 0 0 0 0 0 0 0 0 0 0 0 0 0 0 0 0 0 0 0 0 0 0 0
11.4212 11.4212 9.69129 6.79292 3.39274 2.47915 1.55903 1.55903 1.03147 0.799859 0.400702 0.3178 0.186952 0.147629 0.115449 0.056759 0.0524588 0.0238391 0.0227801 0.0185744 0.0120603 0.00671716 0.0027533 0.00215457 0.00180953 0.000884709 0.0005063 8.02331e-05 9.7523e-06 2.59903e-06 1.87691e-08 0 0 0 0 0 0 0 0 0 0 0 0 0 0 0 0 0 0 0 0 0 0 0 0 0 0 0 0 0 0 0 0 0 0 0 0 0 0 0 0 0 0 0 0 0 0 0 0 0 0 0 0 0 0 0 0 0 0 0 0 0 0 0 0 0
22.1596 12.8101 4.8009 4.8009 3.50186 3.19648 2.14648 1.04278 0.586834 0.586834 0.586834 0.399452 0.152018 0.152018 0.119526 0.0648755 0.0482165 0.0412031 0.0332802 0.0228686 0.012633 0.00791783 0.00314709 0.00243464 0.000980457 5.90291e-05 5.90291e-05 3.99294e-05 9.49516e-06 1.72062e-06 2.67929e-08 0 0 0 0 0 0 0 0 0 0 0 0 0 0 0 0 0 0 0 0 0 0 0 0 0 0 0 0 0 0 0 0 0 0 0 0 0 0 0 0 0 0 0 0 0 0 0 0 0 0 0 0 0 0 0 0 0 0 0 0 0 0 0 0 0
15.2697 11.7088 9.4244 4.50248 4.50248 4.17942 1.61483 1.61483 1.30519 0.928398 0.625696 0.331731 0.258709 0.202458 0.146611 0.0821716 0.0400699 0.0400699 0.0275181 0.019046 0.00976652 0.00347973 0.00347973 0.00241076 0.00148034 0.000819019 0.000360012 7.52139e-06 7.52139e-06 7.52139e-06 5.66813e-08 0 0 0 0 0 0 0 0 0 0 0 0 0 0 0 0 0 0 0 0 0 0 0 0 0 0 0 0 0 0 0 0 0 0 0 0 0 0 0 0 0 0 0 0 0 0 0 0 0 0 0 0 0 0 0 0 0 0 0 0 0 0 0 0 0
16.5853 10.4264 4.01651 4.01651 3.65407 3.34246 2.38157 1.72907 1.08257 0.963754 0.590722 0.470921 0.34217 0.221805 0.103781 0.103781 0.0765071 0.0539031 0.0155067 0.0155067 0.0121974 0.00744752 0.00744752 0.00525946 0.0032099 0.0012507 0.000942249 0.000137344 8.93696e-05 3.01793e-05 3.59311e-06 0 0 0 0 0 0 0 0 0 0 0 0 0 0 0 0 0 0 0 0 0 0 0 0 0 0 0 0 0 0 0 0 0 0 0 0 0 0 0 0 0 0 0 0 0 0 0 0 0 0 0 0 0 0 0 0 0 0 0 0 0 0 0 0 0
15.2574 12.3461 11.6886 5.32987 2.63061 2.42034 1.53467 1.14658 0.433841 0.433841 0.411954 0.302179 0.193828 0.113324 0.0981508 0.0678476 0.0371078 0.0350452 0.017032 0.0111785 0.00816198 0.00541665 0.00272727 0.00267077 0.00112099 0.000456682 0.000309781 3.70234e-05 5.13032e-06 7.38967e-07 3.4281e-07 0 0 0 0 0 0 0 0 0 0 0 0 0 0 0 0 0 0 0 0 0 0 0 0 0 0 0 0 0 0 0 0 0 0 0 0 0 0 0 0 0 0 0 0 0 0 0 0 0 0 0 0 0 0 0 0 0 0 0 0 0 0 0 0 0
16.9774 13.1193 8.92422 4.38304 2.46413 2.42784 2.28028 1.32335 1.12824 0.839946 0.785512 0.514063 0.325766 0.248284 0.118433 0.104041 0.0639647 0.0368189 0.0265279 0.0230556 0.0122342 0.00716909 0.0059666 0.00241725 0.00122132 0.00067935 0.000510959 8.77931e-05 2.82375e-05 1.08569e-05 0 0 0 0 0 0 0 0 0 0 0 0 0 0 0 0 0 0 0 0 0 0 0 0 0 0 0 0 0 0 0 0 0 0 0 0 0 0 0 0 0 0 0 0 0 0 0 0 0 0 0 0 0 0 0 0 0 0 0 0 0 0 0 0 0 0
7.7805 7.7805 6.97871 5.15637 4.24546 2.94557 2.03518 1.42322 1.37158 0.746017 0.470437 0.470437 0.320484 0.30732 0.0969725 0.0768816 0.0474318 0.0340773 0.0340773 0.00956345 0.00913782 0.00634999 0.00185279 0.00185279 0.00117971 0.000629573 0.000412234 7.9198e-05 6.11599e-05 4.66364e-06 3.11078e-08 0 0 0 0 0 0 0 0 0 0 0 0 0 0 0 0 0 0 0 0 0 0 0 0 0 0 0 0 0 0 0 0 0 0 0 0 0 0 0 0 0 0 0 0 0 0 0 0 0 0 0 0 0 0 0 0 0 0 0 0 0 0 0 0 0
13.0352 10.9299 5.41844 4.68379 3.58588 2.4204 1.85993 1.22859 0.848191 0.62274 0.3919 0.168582 0.168582 0.168582 0.127428 0.101256 0.0620165 0.0436881 0.0206911 0.0145684 0.0143298 0.00612712 0.00313076 0.00236454 0.000701754 0.000504936 0.000411393 0.000126014 4.13788e-05 8.07926e-06 1.14444e-07 0 0 0 0 0 0 0 0 0 0 0 0 0 0 0 0 0 0 0 0 0 0 0 0 0 0 0 0 0 0 0 0 0 0 0 0 0 0 0 0 0 0 0 0 0 0 0 0 0 0 0 0 0 0 0 0 0 0 0 0 0 0 0 0 0
16.3183 12.2848 8.15363 4.22243 4.22243 2.11314 1.86225 1.34827 0.71212 0.71212 0.353063 0.353063 0.223015 0.131247 0.0835749 0.0668184 0.0585767 0.0290256 0.017809 0.0119705 0.0119705 0.00364625 0.00364625 0.0012865 0.000662827 0.000565212 0.000307607 3.05733e-05 4.22027e-07 4.22027e-07 0 0 0 0 0 0 0 0 0 0 0 0 0 0 0 0 0 0 0 0 0 0 0 0 0 0 0 0 0 0 0 0 0 0 0 0 0 0 0 0 0 0 0 0 0 0 0 0 0 0 0 0 0 0 0 0 0 0 0 0 0 0 0 0 0 0
18.4618 15.5846 10.4125 5.53404 4.18368 3.98724 2.72468 1.8482 1.13039 0.750686 0.584867 0.362365 0.299288 0.258488 0.122481 0.0765677 0.0490916 0.0337243 0.02569 0.0165833 0.0111222 0.00776614 0.00365565 0.00177271 0.00177271 0.000961366 0.000504446 9.22178e-05 1.40171e-05 3.89609e-06 1.49554e-07 0 0 0 0 0 0 0 0 0 0 0 0 0 0 0 0 0 0 0 0 0 0 0 0 0 0 0 0 0 0 0 0 0 0 0 0 0 0 0 0 0 0 0 0 0 0 0 0 0 0 0 0 0 0 0 0 0 0 0 0 0 0 0 0 0
13.7846 13.7846 12.8038 5.72572 3.35337 3.23675 1.67997 1.49073 1.00054 0.856864 0.515238 0.420471 0.276689 0.158271 0.133082 0.0753041 0.0457149 0.0308855 0.0211142 0.0175323 0.00821862 0.00472973 0.00372267 0.00261588 0.0011453 0.000930605 0.000593618 5.71999e-05 3.83437e-05 3.10082e-06 1.58428e-08 0 0 0 0 0 0 0 0 0 0 0 0 0 0 0 0 0 0 0 0 0 0 0 0 0 0 0 0 0 0 0 0 0 0 0 0 0 0 0 0 0 0 0 0 0 0 0 0 0 0 0 0 0 0 0 0 0 0 0 0 0 0 0 0 0
19.0266 12.6842 12.2256 5.02237 1.87879 1.70861 1.31701 1.31701 0.779045 0.633243 0.439611 0.293119 0.217743 0.198559 0.0933113 0.0802119 0.040551 0.040551 0.0239893 0.0186612 0.00556683 0.00444706 0.00444706 0.00302801 0.00182741 0.00052742 0.00044566 0.000110226 4.76811e-05 2.81647e-06 2.81647e-06 2.92153e-08 0 0 0 0 0 0 0 0 0 0 0 0 0 0 0 0 0 0 0 0 0 0 0 0 0 0 0 0 0 0 0 0 0 0 0 0 0 0 0 0 0 0 0 0 0 0 0 0 0 0 0 0 0 0 0 0 0 0 0 0 0 0 0 0
14.5967 10.7075 9.50848 4.8228 2.86227 1.48978 1.48978 1.20332 0.627524 0.37431 0.37431 0.341935 0.284525 0.18448 0.143872 0.103834 0.0598693 0.0352263 0.0292661 0.0189345 0.0114564 0.00755039 0.00381249 0.00272135 0.00197473 0.0010732 0.000521347 0.000112872 2.90545e-05 1.93477e-06 1.14388e-08 0 0 0 0 0 0 0 0 0 0 0 0 0 0 0 0 0 0 0 0 0 0 0 0 0 0 0 0 0 0 0 0 0 0 0 0 0 0 0 0 0 0 0 0 0 0 0 0 0 0 0 0 0 0 0 0 0 0 0 0 0 0 0 0 0
13.3037 10.0816 6.79448 6.07028 3.43361 2.54562 1.98758 1.37543 0.813203 0.722214 0.365857 0.365857 0.333895 0.154841 0.126636 0.0975832 0.0707663 0.048542 0.0272687 0.0233539 0.0129491 0.00937035 0.00522789 0.00235609 0.00157217 0.00106703 0.000406874 9.10105e-05 5.03667e-05 5.13206e-06 2.71802e-07 0 0 0 0 0 0 0 0 0 0 0 0 0 0 0 0 0 0 0 0 0 0 0 0 0 0 0 0 0 0 0 0 0 0 0 0 0 0 0 0 0 0 0 0 0 0 0 0 0 0 0 0 0 0 0 0 0 0 0 0 0 0 0 0 0
22.7393 17.9919 8.95277 5.53099 4.62496 4.16922 2.70455 1.6403 1.28917 0.808631 0.612159 0.468139 0.379552 0.190618 0.165452 0.0745538 0.0687061 0.0464575 0.0209745 0.00805697 0.00805697 0.00493793 0.00285461 0.00157766 0.00137533 0.000475828 0.000290099 1.09922e-05 2.29867e-06 1.54837e-07 4.8043e-08 0 0 0 0 0 0 0 0 0 0 0 0 0 0 0 0 0 0 0 0 0 0 0 0 0 0 0 0 0 0 0 0 0 0 0 0 0 0 0 0 0 0 0 0 0 0 0 0 0 0 0 0 0 0 0 0 0 0 0 0 0 0 0 0 0
18.3975 12.1026 11.0209 5.20496 3.74644 2.92625 1.75401 0.956403 0.807103 0.59083 0.447415 0.129815 0.129815 0.0788203 0.071823 0.0688454 0.0481044 0.034896 0.013315 0.013315 0.00872294 0.00309281 0.00150836 0.00150836 0.000547474 0.000547474 0.000258289 7.1031e-05 1.6488e-05 4.50944e-06 0 0 0 0 0 0 0 0 0 0 0 0 0 0 0 0 0 0 0 0 0 0 0 0 0 0 0 0 0 0 0 0 0 0 0 0 0 0 0 0 0 0 0 0 0 0 0 0 0 0 0 0 0 0 0 0 0 0 0 0 0 0 0 0 0 0
13.7589 13.7589 11.5771 4.59786 4.59786 4.16468 2.56507 1.91014 1.00038 0.9101 0.514136 0.376297 0.236985 0.170033 0.116532 0.0576044 0.0576044 0.0333541 0.0277289 0.0184776 0.00979414 0.00431644 0.00306646 0.0022936 0.00171733 0.000603874 0.0003598 0.000101273 1.85472e-05 2.26564e-06 7.27783e-07 0 0 0 0 0 0 0 0 0 0 0 0 0 0 0 0 0 0 0 0 0 0 0 0 0 0 0 0 0 0 0 0 0 0 0 0 0 0 0 0 0 0 0 0 0 0 0 0 0 0 0 0 0 0 0 0 0 0 0 0 0 0 0 0 0
23.102 9.29326 5.96263 5.68803 4.15412 3.33037 1.90879 1.04934 1.04934 0.836977 0.726093 0.393504 0.265957 0.214732 0.163547 0.107126 0.0837028 0.0466011 0.0248487 0.0170505 0.0110295 0.00998955 0.00526332 0.00290836 0.00145236 0.00107841 0.000388817 6.51866e-05 1.73234e-05 2.58049e-06 7.27934e-07 0 0 0 0 0 0 0 0 0 0 0 0 0 0 0 0 0 0 0 0 0 0 0 0 0 0 0 0 0 0 0 0 0 0 0 0 0 0 0 0 0 0 0 0 0 0 0 0 0 0 0 0 0 0 0 0 0 0 0 0 0 0 0 0 0
14.2529 11.6424 11.4463 5.44157 5.44157 4.79493 2.53087 1.69998 0.940255 0.659178 0.659178 0.546539 0.453605 0.21724 0.21724 0.109971 0.109971 0.0621641 0.0621641 0.0204089 0.0204089 0.00964741 0.00766428 0.00547494 0.00225086 0.00092593 0.000342201 0.000269208 7.99387e-05 3.38389e-05 4.43177e-06 1.71605e-07 0 0 0 0 0 0 0 0 0 0 0 0 0 0 0 0 0 0 0 0 0 0 0 0 0 0 0 0 0 0 0 0 0 0 0 0 0 0 0 0 0 0 0 0 0 0 0 0 0 0 0 0 0 0 0 0 0 0 0 0 0 0 0 0
15.1117 13.395 7.77623 5.38393 3.00752 2.40675 2.40675 1.4854 1.26515 0.680434 0.615588 0.374636 0.254124 0.0940296 0.0940296 0.057799 0.057799 0.0460245 0.0242526 0.0156914 0.0151651 0.0090256 0.00446687 0.003187 0.00150682 0.000929204 0.000514677 0.000107539 3.53311e-05 6.76647e-08 1.95215e-08 0 0 0 0 0 0 0 0 0 0 0 0 0 0 0 0 0 0 0 0 0 0 0 0 0 0 0 0 0 0 0 0 0 0 0 0 0 0 0 0 0 0 0 0 0 0 0 0 0 0 0 0 0 0 0 0 0 0 0 0 0 0 0 0 0
17.7582 11.2599 9.35823 4.0427 1.94307 1.94307 1.34201 0.831343 0.831343 0.610132 0.391886 0.180557 0.180557 0.140722 0.108901 0.079036 0.0396745 0.0263024 0.0220164 0.013247 0.00714199 0.00702182 0.00416034 0.00280419 0.00190967 0.000403451 0.000403451 4.69015e-05 5.95894e-06 2.97787e-06 2.28398e-06 0 0 0 0 0 0 0 0 0 0 0 0 0 0 0 0 0 0 0 0 0 0 0 0 0 0 0 0 0 0 0 0 0 0 0 0 0 0 0 0 0 0 0 0 0 0 0 0 0 0 0 0 0 0 0 0 0 0 0 0 0 0 0 0 0
13.8098 7.93615 4.17099 4.17099 4.17099 2.46224 2.46224 1.29216 1.00438 0.601183 0.533682 0.437516 0.311586 0.197953 0.150611 0.084533 0.0383724 0.0383724 0.0283251 0.0241574 0.0133456 0.00892827 0.00341829 0.00193764 0.0014388 0.000360514 0.000273468 5.48891e-05 2.06527e-05 2.15676e-06 4.81444e-08 1.10741e-08 0 0 0 0 0 0 0 0 0 0 0 0 0 0 0 0 0 0 0 0 0 0 0 0 0 0 0 0 0 0 0 0 0 0 0 0 0 0 0 0 0 0 0 0 0 0 0 0 0 0 0 0 0 0 0 0 0 0 0 0 0 0 0 0
12.5074 12.5074 5.75523 5.01986 3.93734 2.93669 2.31666 1.93921 1.47023 0.757211 0.496248 0.350597 0.350597 0.180442 0.106227 0.0759328 0.0697486 0.0434992 0.042835 0.0231521 0.0124593 0.00851513 0.00437332 0.00361049 0.00263606 0.00130869 0.000651471 0.000134258 3.46083e-05 4.68526e-06 9.12028e-07 0 0 0 0 0 0 0 0 0 0 0 0 0 0 0 0 0 0 0 0 0 0 0 0 0 0 0 0 0 0 0 0 0 0 0 0 0 0 0 0 0 0 0 0 0 0 0 0 0 0 0 0 0 0 0 0 0 0 0 0 0 0 0 0 0
