15.2767 11.2277 9.20136 4.91051 4.01103 2.70947 1.74296 0.582823 0.582823 0.474328 0.230112 0.230112 0.178873 0.0725437 0.0228171 0.0110738 0.00039606 7.75767e-05 5.11098e-07 0 0 0 0 0 0 0 0 0 0 0 0 0 0 0 0 0 0 0 0 0 0 0 0 0 0 0 0 0 0 0 0 0 0 0 0 0 0 0 0 0 0 0 0 0 0 0 0 0 0 0 0 0 0 0 0 0 0 0 0 0 0 0 0 0 0 0 0 0 0 0 0 0 0 0 0 0
18.7469 12.9735 8.71898 4.08336 2.33542 0.886419 0.835171 0.681559 0.545124 0.340547 0.154805 0.0896718 0.0369954 0.0232305 0.00538045 0.000109024 1.66766e-05 3.76933e-06 1.71274e-08 0 0 0 0 0 0 0 0 0 0 0 0 0 0 0 0 0 0 0 0 0 0 0 0 0 0 0 0 0 0 0 0 0 0 0 0 0 0 0 0 0 0 0 0 0 0 0 0 0 0 0 0 0 0 0 0 0 0 0 0 0 0 0 0 0 0 0 0 0 0 0 0 0 0 0 0 0
12.6271 11.1997 7.69145 4.36279 3.41505 1.97924 1.32838 1.06534 0.619709 0.301184 0.218417 0.115309 0.0749579 0.0332917 0.0268349 0.00430798 2.33977e-07 1.92992e-07 2.72585e-08 0 0 0 0 0 0 0 0 0 0 0 0 0 0 0 0 0 0 0 0 0 0 0 0 0 0 0 0 0 0 0 0 0 0 0 0 0 0 0 0 0 0 0 0 0 0 0 0 0 0 0 0 0 0 0 0 0 0 0 0 0 0 0 0 0 0 0 0 0 0 0 0 0 0 0 0 0
19.5886 7.96124 7.96124 5.43732 4.75098 1.74285 1.35065 0.920669 0.719348 0.295221 0.266676 0.169087 0.092852 0.0864577 0.0240643 0.00154176 0.00154176 5.59347e-05 3.14217e-08 3.14217e-08 0 0 0 0 0 0 0 0 0 0 0 0 0 0 0 0 0 0 0 0 0 0 0 0 0 0 0 0 0 0 0 0 0 0 0 0 0 0 0 0 0 0 0 0 0 0 0 0 0 0 0 0 0 0 0 0 0 0 0 0 0 0 0 0 0 0 0 0 0 0 0 0 0 0 0 0
20.4016 11.8196 5.33939 4.43486 3.70639 2.69696 0.967607 0.755544 0.39759 0.39759 0.200046 0.183419 0.0985247 0.0777808 0.0221322 0.00734131 6.78082e-06 4.81888e-06 2.15054e-06 9.02803e-08 3.87392e-08 0 0 0 0 0 0 0 0 0 0 0 0 0 0 0 0 0 0 0 0 0 0 0 0 0 0 0 0 0 0 0 0 0 0 0 0 0 0 0 0 0 0 0 0 0 0 0 0 0 0 0 0 0 0 0 0 0 0 0 0 0 0 0 0 0 0 0 0 0 0 0 0 0 0 0
16.8858 8.37291 7.07763 2.02903 2.02903 2.02903 1.26091 0.737536 0.619193 0.328245 0.170957 0.0843197 0.0159032 0.0159032 0.00905073 0.00202996 1.3672e-06 1.3672e-06 3.94439e-07 0 0 0 0 0 0 0 0 0 0 0 0 0 0 0 0 0 0 0 0 0 0 0 0 0 0 0 0 0 0 0 0 0 0 0 0 0 0 0 0 0 0 0 0 0 0 0 0 0 0 0 0 0 0 0 0 0 0 0 0 0 0 0 0 0 0 0 0 0 0 0 0 0 0 0 0 0
12.1159 12.1159 10.2218 5.03136 3.47735 1.5054 1.43066 0.821514 0.500464 0.378734 0.203563 0.114002 0.0435975 0.016419 0.00321626 0.00321626 0.000449473 4.87221e-06 4.96965e-08 0 0 0 0 0 0 0 0 0 0 0 0 0 0 0 0 0 0 0 0 0 0 0 0 0 0 0 0 0 0 0 0 0 0 0 0 0 0 0 0 0 0 0 0 0 0 0 0 0 0 0 0 0 0 0 0 0 0 0 0 0 0 0 0 0 0 0 0 0 0 0 0 0 0 0 0 0
16.151 10.1751 9.54053 4.37611 3.47728 2.56917 2.01805 1.09966 0.55116 0.460724 0.281421 0.244423 0.129735 0.0544888 0.019936 0.00695077 0.000692451 2.05186e-05 1.79266e-07 1.16706e-08 1.0189e-08 0 0 0 0 0 0 0 0 0 0 0 0 0 0 0 0 0 0 0 0 0 0 0 0 0 0 0 0 0 0 0 0 0 0 0 0 0 0 0 0 0 0 0 0 0 0 0 0 0 0 0 0 0 0 0 0 0 0 0 0 0 0 0 0 0 0 0 0 0 0 0 0 0 0 0
18.4898 10.8366 7.81994 4.21818 2.78392 2.20696 1.55718 0.293102 0.293102 0.293102 0.257284 0.137628 0.100902 0.0306745 0.00656322 0.00230804 1.16003e-06 1.16003e-06 3.58278e-07 0 0 0 0 0 0 0 0 0 0 0 0 0 0 0 0 0 0 0 0 0 0 0 0 0 0 0 0 0 0 0 0 0 0 0 0 0 0 0 0 0 0 0 0 0 0 0 0 0 0 0 0 0 0 0 0 0 0 0 0 0 0 0 0 0 0 0 0 0 0 0 0 0 0 0 0 0
14.8355 11.2249 8.85369 5.41305 3.89322 2.12178 1.58751 1.09323 0.804556 0.43912 0.153775 0.0930919 0.0733745 0.0119559 0.0066437 0.00106883 4.38488e-07 9.15686e-08 9.15686e-08 0 0 0 0 0 0 0 0 0 0 0 0 0 0 0 0 0 0 0 0 0 0 0 0 0 0 0 0 0 0 0 0 0 0 0 0 0 0 0 0 0 0 0 0 0 0 0 0 0 0 0 0 0 0 0 0 0 0 0 0 0 0 0 0 0 0 0 0 0 0 0 0 0 0 0 0 0
18.3943 11.4146 9.81741 4.46746 1.92451 1.92451 1.50672 1.16467 0.740528 0.740528 0.302074 0.14979 0.14979 0.0820445 0.0293005 0.0041798 0.0041798 0.000176297 7.62513e-06 6.23669e-08 0 0 0 0 0 0 0 0 0 0 0 0 0 0 0 0 0 0 0 0 0 0 0 0 0 0 0 0 0 0 0 0 0 0 0 0 0 0 0 0 0 0 0 0 0 0 0 0 0 0 0 0 0 0 0 0 0 0 0 0 0 0 0 0 0 0 0 0 0 0 0 0 0 0 0 0
12.514 12.514 7.87427 6.04281 3.43762 1.92215 1.92215 0.896824 0.385241 0.385241 0.346081 0.11564 0.0584022 0.0274507 0.0109363 0.000852294 0.000128857 4.64238e-06 2.88834e-07 0 0 0 0 0 0 0 0 0 0 0 0 0 0 0 0 0 0 0 0 0 0 0 0 0 0 0 0 0 0 0 0 0 0 0 0 0 0 0 0 0 0 0 0 0 0 0 0 0 0 0 0 0 0 0 0 0 0 0 0 0 0 0 0 0 0 0 0 0 0 0 0 0 0 0 0 0
8.34796 8.34796 6.26262 2.73786 1.84739 1.84739 1.33093 0.970148 0.498037 0.397568 0.191188 0.0813249 0.022577 0.022577 0.00902272 0.00163286 3.23421e-05 5.73294e-07 6.04207e-08 5.60907e-08 0 0 0 0 0 0 0 0 0 0 0 0 0 0 0 0 0 0 0 0 0 0 0 0 0 0 0 0 0 0 0 0 0 0 0 0 0 0 0 0 0 0 0 0 0 0 0 0 0 0 0 0 0 0 0 0 0 0 0 0 0 0 0 0 0 0 0 0 0 0 0 0 0 0 0 0
16.5329 9.65344 7.3026 4.00748 3.22984 3.0157 2.4486 1.56793 0.968441 0.448036 0.363944 0.167002 0.0804169 0.0223745 0.016829 0.00523209 0.000756777 2.83335e-06 5.8789e-08 1.78486e-08 0 0 0 0 0 0 0 0 0 0 0 0 0 0 0 0 0 0 0 0 0 0 0 0 0 0 0 0 0 0 0 0 0 0 0 0 0 0 0 0 0 0 0 0 0 0 0 0 0 0 0 0 0 0 0 0 0 0 0 0 0 0 0 0 0 0 0 0 0 0 0 0 0 0 0 0
15.3504 8.05629 5.40743 4.37952 3.59623 1.44706 1.36253 0.465256 0.465256 0.465256 0.226896 0.0452736 0.0452736 0.0308373 0.00636116 0.000173325 9.95802e-08 0 0 0 0 0 0 0 0 0 0 0 0 0 0 0 0 0 0 0 0 0 0 0 0 0 0 0 0 0 0 0 0 0 0 0 0 0 0 0 0 0 0 0 0 0 0 0 0 0 0 0 0 0 0 0 0 0 0 0 0 0 0 0 0 0 0 0 0 0 0 0 0 0 0 0 0 0 0 0
12.5929 10.876 8.41277 5.42507 2.94286 2.31333 1.66923 1.0486 0.575017 0.224363 0.224363 0.0780194 0.0266793 0.0266793 0.00266216 0.00266216 1.68475e-07 1.07536e-07 0 0 0 0 0 0 0 0 0 0 0 0 0 0 0 0 0 0 0 0 0 0 0 0 0 0 0 0 0 0 0 0 0 0 0 0 0 0 0 0 0 0 0 0 0 0 0 0 0 0 0 0 0 0 0 0 0 0 0 0 0 0 0 0 0 0 0 0 0 0 0 0 0 0 0 0 0 0
19.4571 9.34366 7.5275 5.18617 3.76913 3.43596 1.86074 1.04194 0.993408 0.451333 0.339503 0.127745 0.0643512 0.0533015 0.0424811 0.000840345 0.000501093 4.99216e-06 1.48104e-07 9.11135e-08 2.91017e-08 0 0 0 0 0 0 0 0 0 0 0 0 0 0 0 0 0 0 0 0 0 0 0 0 0 0 0 0 0 0 0 0 0 0 0 0 0 0 0 0 0 0 0 0 0 0 0 0 0 0 0 0 0 0 0 0 0 0 0 0 0 0 0 0 0 0 0 0 0 0 0 0 0 0 0
16.2002 8.57029 8.00487 3.48321 3.48321 1.18281 1.18281 1.08538 0.520629 0.370604 0.272667 0.189307 0.0456352 0.0456352 0.028691 0.00414852 0.000909892 4.20571e-06 0 0 0 0 0 0 0 0 0 0 0 0 0 0 0 0 0 0 0 0 0 0 0 0 0 0 0 0 0 0 0 0 0 0 0 0 0 0 0 0 0 0 0 0 0 0 0 0 0 0 0 0 0 0 0 0 0 0 0 0 0 0 0 0 0 0 0 0 0 0 0 0 0 0 0 0 0 0
18.5118 11.6468 8.36124 3.66899 1.91572 1.77454 0.95493 0.52063 0.295021 0.181964 0.10894 0.0592978 0.0198851 0.0166283 0.00731725 0.000934549 0 0 0 0 0 0 0 0 0 0 0 0 0 0 0 0 0 0 0 0 0 0 0 0 0 0 0 0 0 0 0 0 0 0 0 0 0 0 0 0 0 0 0 0 0 0 0 0 0 0 0 0 0 0 0 0 0 0 0 0 0 0 0 0 0 0 0 0 0 0 0 0 0 0 0 0 0 0 0 0
15.1613 10.2715 7.71333 3.64541 3.47938 2.46757 0.420287 0.420287 0.332856 0.28313 0.122868 0.0845115 0.0562633 0.0203476 0.0015979 0.00111056 1.18543e-05 5.19211e-07 1.95729e-07 0 0 0 0 0 0 0 0 0 0 0 0 0 0 0 0 0 0 0 0 0 0 0 0 0 0 0 0 0 0 0 0 0 0 0 0 0 0 0 0 0 0 0 0 0 0 0 0 0 0 0 0 0 0 0 0 0 0 0 0 0 0 0 0 0 0 0 0 0 0 0 0 0 0 0 0 0
7.54596 7.52711 6.69725 3.48849 3.30069 1.80844 0.353375 0.353375 0.353375 0.316436 0.184595 0.108137 0.0336679 0.0300508 0.00861576 0.00305756 0.000478623 2.22123e-06 1.32757e-08 0 0 0 0 0 0 0 0 0 0 0 0 0 0 0 0 0 0 0 0 0 0 0 0 0 0 0 0 0 0 0 0 0 0 0 0 0 0 0 0 0 0 0 0 0 0 0 0 0 0 0 0 0 0 0 0 0 0 0 0 0 0 0 0 0 0 0 0 0 0 0 0 0 0 0 0 0
18.1197 12.7012 11.6056 3.97787 1.91141 1.74466 1.46672 1.13614 0.414729 0.414729 0.256159 0.172374 0.045112 0.0444947 0.0149638 0.000658688 1.07091e-06 3.40349e-08 3.40349e-08 1.32702e-08 0 0 0 0 0 0 0 0 0 0 0 0 0 0 0 0 0 0 0 0 0 0 0 0 0 0 0 0 0 0 0 0 0 0 0 0 0 0 0 0 0 0 0 0 0 0 0 0 0 0 0 0 0 0 0 0 0 0 0 0 0 0 0 0 0 0 0 0 0 0 0 0 0 0 0 0
15.8385 7.10214 7.10214 3.46355 2.20057 2.20057 1.31481 0.781453 0.64305 0.451812 0.335436 0.152515 0.0534049 0.0245866 0.00526039 1.7039e-05 1.57036e-05 2.21321e-06 3.97594e-07 3.72741e-08 0 0 0 0 0 0 0 0 0 0 0 0 0 0 0 0 0 0 0 0 0 0 0 0 0 0 0 0 0 0 0 0 0 0 0 0 0 0 0 0 0 0 0 0 0 0 0 0 0 0 0 0 0 0 0 0 0 0 0 0 0 0 0 0 0 0 0 0 0 0 0 0 0 0 0 0
17.168 14.592 9.66073 3.99834 1.73057 1.43647 1.05777 0.866768 0.519092 0.472708 0.0999039 0.0999039 0.0792197 0.0234762 0.0106423 0.00130462 2.33383e-06 2.33383e-06 4.7633e-08 2.86832e-08 0 0 0 0 0 0 0 0 0 0 0 0 0 0 0 0 0 0 0 0 0 0 0 0 0 0 0 0 0 0 0 0 0 0 0 0 0 0 0 0 0 0 0 0 0 0 0 0 0 0 0 0 0 0 0 0 0 0 0 0 0 0 0 0 0 0 0 0 0 0 0 0 0 0 0 0
13.7448 8.14062 6.73403 4.22009 2.27313 2.27313 1.18705 0.980833 0.625368 0.274301 0.272189 0.126519 0.0515586 0.0515586 0.0169098 0.00747521 0.00219767 3.95853e-05 6.3836e-07 1.00233e-07 0 0 0 0 0 0 0 0 0 0 0 0 0 0 0 0 0 0 0 0 0 0 0 0 0 0 0 0 0 0 0 0 0 0 0 0 0 0 0 0 0 0 0 0 0 0 0 0 0 0 0 0 0 0 0 0 0 0 0 0 0 0 0 0 0 0 0 0 0 0 0 0 0 0 0 0
16.3964 9.9583 9.9583 4.45945 3.07875 1.1873 0.899394 0.590915 0.590915 0.132121 0.132121 0.0751926 0.0705182 0.0341333 0.00628118 0.0020181 7.08258e-05 8.58682e-07 3.11195e-07 0 0 0 0 0 0 0 0 0 0 0 0 0 0 0 0 0 0 0 0 0 0 0 0 0 0 0 0 0 0 0 0 0 0 0 0 0 0 0 0 0 0 0 0 0 0 0 0 0 0 0 0 0 0 0 0 0 0 0 0 0 0 0 0 0 0 0 0 0 0 0 0 0 0 0 0 0
7.57688 7.57688 7.10739 3.51247 2.06298 2.06298 1.7089 0.595066 0.451531 0.26554 0.126142 0.078787 0.0469165 0.0297174 0.0185504 0.00527533 1.54271e-06 7.96448e-07 0 0 0 0 0 0 0 0 0 0 0 0 0 0 0 0 0 0 0 0 0 0 0 0 0 0 0 0 0 0 0 0 0 0 0 0 0 0 0 0 0 0 0 0 0 0 0 0 0 0 0 0 0 0 0 0 0 0 0 0 0 0 0 0 0 0 0 0 0 0 0 0 0 0 0 0 0 0
21.1692 11.1618 10.4525 3.43123 3.30151 2.1946 1.29431 1.26057 0.942933 0.573211 0.327411 0.144481 0.118185 0.047477 0.011117 0.011117 0.000585608 9.7089e-05 1.42208e-06 3.14566e-07 0 0 0 0 0 0 0 0 0 0 0 0 0 0 0 0 0 0 0 0 0 0 0 0 0 0 0 0 0 0 0 0 0 0 0 0 0 0 0 0 0 0 0 0 0 0 0 0 0 0 0 0 0 0 0 0 0 0 0 0 0 0 0 0 0 0 0 0 0 0 0 0 0 0 0 0
14.1489 12.6035 8.2588 1.6871 1.6871 1.6871 1.31613 0.705175 0.443853 0.357641 0.262977 0.0976998 0.0976998 0.0507154 0.0260559 0.00968811 0.00115866 3.10191e-05 4.82841e-06 1.53941e-07 0 0 0 0 0 0 0 0 0 0 0 0 0 0 0 0 0 0 0 0 0 0 0 0 0 0 0 0 0 0 0 0 0 0 0 0 0 0 0 0 0 0 0 0 0 0 0 0 0 0 0 0 0 0 0 0 0 0 0 0 0 0 0 0 0 0 0 0 0 0 0 0 0 0 0 0
16.9727 11.0395 10.1111 4.94527 3.62203 3.04464 1.94075 1.13119 0.957354 0.703866 0.288306 0.248816 0.13302 0.086728 0.0271762 0.0134839 0.00122406 0.000992342 6.46619e-06 0 0 0 0 0 0 0 0 0 0 0 0 0 0 0 0 0 0 0 0 0 0 0 0 0 0 0 0 0 0 0 0 0 0 0 0 0 0 0 0 0 0 0 0 0 0 0 0 0 0 0 0 0 0 0 0 0 0 0 0 0 0 0 0 0 0 0 0 0 0 0 0 0 0 0 0 0
12.1564 11.3124 9.72536 3.43941 2.70511 1.48578 1.0206 0.864939 0.763383 0.341413 0.286349 0.0659731 0.0659731 0.0103053 0.0103053 0.00692428 0.00148742 5.34571e-05 2.42303e-07 2.41882e-07 0 0 0 0 0 0 0 0 0 0 0 0 0 0 0 0 0 0 0 0 0 0 0 0 0 0 0 0 0 0 0 0 0 0 0 0 0 0 0 0 0 0 0 0 0 0 0 0 0 0 0 0 0 0 0 0 0 0 0 0 0 0 0 0 0 0 0 0 0 0 0 0 0 0 0 0
14.5214 10.1715 7.15173 4.06909 2.5615 2.52083 0.971911 0.971911 0.594971 0.387184 0.239939 0.104478 0.0597891 0.0479774 0.0279669 3.85177e-06 3.85177e-06 3.85177e-06 3.6756e-06 1.19866e-07 1.84624e-08 0 0 0 0 0 0 0 0 0 0 0 0 0 0 0 0 0 0 0 0 0 0 0 0 0 0 0 0 0 0 0 0 0 0 0 0 0 0 0 0 0 0 0 0 0 0 0 0 0 0 0 0 0 0 0 0 0 0 0 0 0 0 0 0 0 0 0 0 0 0 0 0 0 0 0
19.0976 14.1012 8.1916 4.47513 3.32964 2.28221 1.86164 0.72422 0.72422 0.405965 0.206298 0.0838207 0.0838207 0.0446352 0.0115436 0.00460574 0.00137277 3.24829e-05 0 0 0 0 0 0 0 0 0 0 0 0 0 0 0 0 0 0 0 0 0 0 0 0 0 0 0 0 0 0 0 0 0 0 0 0 0 0 0 0 0 0 0 0 0 0 0 0 0 0 0 0 0 0 0 0 0 0 0 0 0 0 0 0 0 0 0 0 0 0 0 0 0 0 0 0 0 0
18.3178 11.3294 8.98254 4.98952 2.79914 1.72035 1.15975 0.941349 0.824848 0.3483 0.254699 0.147837 0.0239533 0.0239533 0.0155011 0.00462676 8.2697e-07 0 0 0 0 0 0 0 0 0 0 0 0 0 0 0 0 0 0 0 0 0 0 0 0 0 0 0 0 0 0 0 0 0 0 0 0 0 0 0 0 0 0 0 0 0 0 0 0 0 0 0 0 0 0 0 0 0 0 0 0 0 0 0 0 0 0 0 0 0 0 0 0 0 0 0 0 0 0 0
19.0889 13.7662 4.14229 3.99703 2.64218 1.27555 1.27555 0.627245 0.406349 0.282405 0.102926 0.0483952 0.0188451 0.0120673 0.000400154 2.31409e-06 3.1561e-07 1.07463e-07 0 0 0 0 0 0 0 0 0 0 0 0 0 0 0 0 0 0 0 0 0 0 0 0 0 0 0 0 0 0 0 0 0 0 0 0 0 0 0 0 0 0 0 0 0 0 0 0 0 0 0 0 0 0 0 0 0 0 0 0 0 0 0 0 0 0 0 0 0 0 0 0 0 0 0 0 0 0
12.321 10.7722 10.5352 3.6148 3.52237 2.62938 1.86769 1.1486 0.641203 0.473595 0.276638 0.132315 0.0501846 0.0501846 0.0148496 0.00326114 2.08915e-05 3.00069e-06 1.09626e-08 0 0 0 0 0 0 0 0 0 0 0 0 0 0 0 0 0 0 0 0 0 0 0 0 0 0 0 0 0 0 0 0 0 0 0 0 0 0 0 0 0 0 0 0 0 0 0 0 0 0 0 0 0 0 0 0 0 0 0 0 0 0 0 0 0 0 0 0 0 0 0 0 0 0 0 0 0
12.9338 8.27269 7.23039 2.66023 1.9726 1.08728 0.771342 0.771342 0.446771 0.306964 0.252224 0.0782662 0.0515258 0.0254769 0.00730732 0.000158892 0.000158892 0.000158892 2.08405e-07 8.86566e-08 0 0 0 0 0 0 0 0 0 0 0 0 0 0 0 0 0 0 0 0 0 0 0 0 0 0 0 0 0 0 0 0 0 0 0 0 0 0 0 0 0 0 0 0 0 0 0 0 0 0 0 0 0 0 0 0 0 0 0 0 0 0 0 0 0 0 0 0 0 0 0 0 0 0 0 0
15.9219 6.72501 6.72501 5.6954 3.96853 3.16383 1.12122 0.649739 0.594334 0.401906 0.0745465 0.0745465 0.0745465 0.028007 0.0229837 0.00337522 0.000586924 1.46233e-06 0 0 0 0 0 0 0 0 0 0 0 0 0 0 0 0 0 0 0 0 0 0 0 0 0 0 0 0 0 0 0 0 0 0 0 0 0 0 0 0 0 0 0 0 0 0 0 0 0 0 0 0 0 0 0 0 0 0 0 0 0 0 0 0 0 0 0 0 0 0 0 0 0 0 0 0 0 0
11.1332 11.1332 7.24979 3.55074 2.82965 1.6873 0.852753 0.852753 0.530594 0.433455 0.356009 0.226555 0.0375314 0.0272168 0.0101011 0.00769323 0.00182303 4.22289e-06 4.22289e-06 0 0 0 0 0 0 0 0 0 0 0 0 0 0 0 0 0 0 0 0 0 0 0 0 0 0 0 0 0 0 0 0 0 0 0 0 0 0 0 0 0 0 0 0 0 0 0 0 0 0 0 0 0 0 0 0 0 0 0 0 0 0 0 0 0 0 0 0 0 0 0 0 0 0 0 0 0
16.8842 14.3123 10.3784 4.41405 2.95065 2.11023 1.27128 0.775351 0.687789 0.478204 0.368119 0.26689 0.194344 0.071876 0.04531 0.0170499 0.0012568 0.000540304 0 0 0 0 0 0 0 0 0 0 0 0 0 0 0 0 0 0 0 0 0 0 0 0 0 0 0 0 0 0 0 0 0 0 0 0 0 0 0 0 0 0 0 0 0 0 0 0 0 0 0 0 0 0 0 0 0 0 0 0 0 0 0 0 0 0 0 0 0 0 0 0 0 0 0 0 0 0
10.9384 10.6122 7.05762 5.88322 3.28332 2.78247 2.29431 1.38684 0.922299 0.511777 0.324996 0.197049 0.119194 0.0603855 0.045939 0.0190109 0.00148023 0.000104712 0 0 0 0 0 0 0 0 0 0 0 0 0 0 0 0 0 0 0 0 0 0 0 0 0 0 0 0 0 0 0 0 0 0 0 0 0 0 0 0 0 0 0 0 0 0 0 0 0 0 0 0 0 0 0 0 0 0 0 0 0 0 0 0 0 0 0 0 0 0 0 0 0 0 0 0 0 0
12.2028 11.2728 10.987 3.72892 3.72892 1.83954 1.27704 0.65801 0.477014 0.383446 0.346793 0.300276 0.0936941 0.0357829 0.00355331 0.00267132 3.95871e-05 1.9846e-06 1.03597e-08 0 0 0 0 0 0 0 0 0 0 0 0 0 0 0 0 0 0 0 0 0 0 0 0 0 0 0 0 0 0 0 0 0 0 0 0 0 0 0 0 0 0 0 0 0 0 0 0 0 0 0 0 0 0 0 0 0 0 0 0 0 0 0 0 0 0 0 0 0 0 0 0 0 0 0 0 0
7.72892 7.72892 6.7783 2.77417 2.77417 2.13357 1.53061 0.87881 0.397514 0.187916 0.163294 0.0874862 0.0275731 0.0116171 0.00763989 0.00250918 8.53256e-05 0 0 0 0 0 0 0 0 0 0 0 0 0 0 0 0 0 0 0 0 0 0 0 0 0 0 0 0 0 0 0 0 0 0 0 0 0 0 0 0 0 0 0 0 0 0 0 0 0 0 0 0 0 0 0 0 0 0 0 0 0 0 0 0 0 0 0 0 0 0 0 0 0 0 0 0 0 0 0
16.5176 13.7478 8.55351 4.83217 2.76908 1.55326 0.988874 0.48637 0.364988 0.280619 0.117934 0.0559247 0.00637799 0.00637799 0.00637799 0.000554185 0.000125947 1.01298e-05 1.05074e-07 0 0 0 0 0 0 0 0 0 0 0 0 0 0 0 0 0 0 0 0 0 0 0 0 0 0 0 0 0 0 0 0 0 0 0 0 0 0 0 0 0 0 0 0 0 0 0 0 0 0 0 0 0 0 0 0 0 0 0 0 0 0 0 0 0 0 0 0 0 0 0 0 0 0 0 0 0
10.2351 8.9395 5.97269 3.82413 2.86816 1.35292 0.902856 0.902856 0.285776 0.285776 0.215339 0.163684 0.0896263 0.0354573 0.0328045 0.0018395 2.46005e-05 1.19717e-05 3.06378e-06 8.25546e-08 1.13853e-08 0 0 0 0 0 0 0 0 0 0 0 0 0 0 0 0 0 0 0 0 0 0 0 0 0 0 0 0 0 0 0 0 0 0 0 0 0 0 0 0 0 0 0 0 0 0 0 0 0 0 0 0 0 0 0 0 0 0 0 0 0 0 0 0 0 0 0 0 0 0 0 0 0 0 0
13.7572 12.1567 7.14237 4.97211 2.13891 2.13891 1.63792 0.803389 0.574887 0.419063 0.242627 0.0882189 0.0863098 0.0279444 0.00273809 0.00273809 2.23333e-06 9.74047e-08 3.92302e-08 3.92302e-08 0 0 0 0 0 0 0 0 0 0 0 0 0 0 0 0 0 0 0 0 0 0 0 0 0 0 0 0 0 0 0 0 0 0 0 0 0 0 0 0 0 0 0 0 0 0 0 0 0 0 0 0 0 0 0 0 0 0 0 0 0 0 0 0 0 0 0 0 0 0 0 0 0 0 0 0
19.2114 16.1552 9.56215 6.53997 3.61585 2.17928 1.82076 0.932731 0.525242 0.389102 0.123161 0.0749836 0.0749836 0.048195 0.00693868 0.00693868 0.000515933 1.39835e-07 1.39835e-07 0 0 0 0 0 0 0 0 0 0 0 0 0 0 0 0 0 0 0 0 0 0 0 0 0 0 0 0 0 0 0 0 0 0 0 0 0 0 0 0 0 0 0 0 0 0 0 0 0 0 0 0 0 0 0 0 0 0 0 0 0 0 0 0 0 0 0 0 0 0 0 0 0 0 0 0 0
18.0891 14.6058 9.7957 4.83958 2.77067 2.50894 1.60059 1.25825 0.92046 0.279182 0.15388 0.15388 0.0850768 0.0322133 0.0199178 0.0113996 0.00224249 6.14822e-06 1.05515e-08 1.05515e-08 0 0 0 0 0 0 0 0 0 0 0 0 0 0 0 0 0 0 0 0 0 0 0 0 0 0 0 0 0 0 0 0 0 0 0 0 0 0 0 0 0 0 0 0 0 0 0 0 0 0 0 0 0 0 0 0 0 0 0 0 0 0 0 0 0 0 0 0 0 0 0 0 0 0 0 0
11.0413 11.0413 5.89043 5.36868 2.9345 1.17166 1.17166 0.920556 0.687324 0.433583 0.213232 0.114524 0.0637768 0.0105824 0.00613059 0.000444189 3.29724e-07 2.36046e-08 2.36046e-08 0 0 0 0 0 0 0 0 0 0 0 0 0 0 0 0 0 0 0 0 0 0 0 0 0 0 0 0 0 0 0 0 0 0 0 0 0 0 0 0 0 0 0 0 0 0 0 0 0 0 0 0 0 0 0 0 0 0 0 0 0 0 0 0 0 0 0 0 0 0 0 0 0 0 0 0 0
10.4421 9.68595 6.80647 4.96577 3.91626 2.03022 1.39069 1.02105 0.650691 0.303206 0.186582 0.0890682 0.0367586 0.000132841 0.000132841 0.000132841 2.54843e-05 7.13752e-06 6.04325e-07 7.44591e-08 2.38898e-08 0 0 0 0 0 0 0 0 0 0 0 0 0 0 0 0 0 0 0 0 0 0 0 0 0 0 0 0 0 0 0 0 0 0 0 0 0 0 0 0 0 0 0 0 0 0 0 0 0 0 0 0 0 0 0 0 0 0 0 0 0 0 0 0 0 0 0 0 0 0 0 0 0 0 0
10.0218 10.0218 6.7888 5.19516 3.95554 2.47634 1.61475 0.366719 0.366719 0.288577 0.155743 0.155743 0.0532472 0.0289263 0.0270556 1.92832e-05 1.92832e-05 4.58305e-08 0 0 0 0 0 0 0 0 0 0 0 0 0 0 0 0 0 0 0 0 0 0 0 0 0 0 0 0 0 0 0 0 0 0 0 0 0 0 0 0 0 0 0 0 0 0 0 0 0 0 0 0 0 0 0 0 0 0 0 0 0 0 0 0 0 0 0 0 0 0 0 0 0 0 0 0 0 0
