506.009 197.154 197.154 133.84 133.84 121.178 112.914 112.914 110.824 108.273 108.273 107.695 107.695 106.993 106.993 106.993 106.993 106.993 105.757 105.757 105.757 105.734 105.363 105.363 104.612 103.214 103.214 101.006 101.006 101.006 101.006 101.006 101.006 101.006 100.765 100.765 100.765 100.765 100.645 100.571 100.571 100.56 100.56 100.36 100.36 100.239 100.115 100.078 100.016 100.005 100.002 100.001 100 100 100 100 100 100 100 100 100 100 100 100 100 100 100 100 100 100 100 100 100 100 100 100 100 100 100 100 100 100 100 100 100 100 100 100 100 100 100 100 100 100 100 100
993.496 373.517 245.358 162.38 144.246 129.396 117.398 114.405 111.455 108.844 108.844 108.844 108.844 108.844 108.032 107.873 107.544 105.27 105.27 105.27 104.683 104.25 104.116 104.116 103.324 103.324 103.324 102.639 101.611 101.611 101.611 101.611 101.393 101.393 101.29 101.152 101.044 100.843 100.435 100.435 100.435 100.213 100.213 100.124 100.035 100.012 100.003 100.001 100 100 100 100 100 100 100 100 100 100 100 100 100 100 100 100 100 100 100 100 100 100 100 100 100 100 100 100 100 100 100 100 100 100 100 100 100 100 100 100 100 100 100 100 100 100 100 100
1033.39 567.335 252.666 153.024 132.191 117.285 115.721 114.142 111.889 111.03 110.578 107.031 107.031 107.031 107.031 107.031 107.031 105.726 105.726 105.726 105.726 105.45 105.45 105.45 104.74 104.74 102.855 102.855 101.338 101.338 101.338 101.338 101.284 101.284 101.26 101.26 101.26 100.969 100.913 100.718 100.649 100.649 100.588 100.489 100.489 100.401 100.378 100.192 100.11 100.022 100.008 100.001 100.001 100 100 100 100 100 100 100 100 100 100 100 100 100 100 100 100 100 100 100 100 100 100 100 100 100 100 100 100 100 100 100 100 100 100 100 100 100 100 100 100 100 100 100
523.442 338.198 312.91 162.98 145.809 126.006 119.083 115.375 112.676 111.277 110.549 107.485 107.485 107.485 107.485 105.886 105.886 105.886 105.133 105.133 105.133 105.133 105.133 104.707 103.978 103.783 103.783 102.578 102.578 102.578 101.714 101.714 101.714 100.96 100.851 100.851 100.604 100.604 100.604 100.604 100.574 100.29 100.287 100.221 100.042 100.027 100.006 100.003 100.001 100 100 100 100 100 100 100 100 100 100 100 100 100 100 100 100 100 100 100 100 100 100 100 100 100 100 100 100 100 100 100 100 100 100 100 100 100 100 100 100 100 100 100 100 100 100 100
794.421 523.588 239.582 151.187 131.854 122.955 118.353 113.753 112.211 111.171 110.319 109.042 106.864 106.864 106.407 106.407 106.407 106.407 106.407 105.386 104.94 102.693 102.693 102.693 102.693 102.693 102.462 101.833 101.833 101.657 101.485 101.056 101.056 100.752 100.752 100.637 100.53 100.53 100.514 100.191 100.109 100.054 100.01 100.005 100.001 100 100 100 100 100 100 100 100 100 100 100 100 100 100 100 100 100 100 100 100 100 100 100 100 100 100 100 100 100 100 100 100 100 100 100 100 100 100 100 100 100 100 100 100 100 100 100 100 100 100 100
603.315 420.208 296.728 147.094 137.359 122.742 115.916 113.683 108.423 108.423 108.423 108.423 106.031 105.748 105.748 105.513 104.953 104.953 104.482 104.482 104.203 103.426 103.426 103.426 101.83 101.83 101.83 101.83 101.83 100.781 100.781 100.781 100.781 100.781 100.781 100.781 100.781 100.473 100.426 100.235 100.204 100.048 100.026 100.008 100.003 100.001 100 100 100 100 100 100 100 100 100 100 100 100 100 100 100 100 100 100 100 100 100 100 100 100 100 100 100 100 100 100 100 100 100 100 100 100 100 100 100 100 100 100 100 100 100 100 100 100 100 100
711.821 530.388 344.455 174.644 130.067 123.052 117.696 115.133 112.34 111.101 110.291 108.782 108.782 108.283 107.709 107.709 107.709 107.709 107.315 104.558 104.558 103.85 103.85 103.85 103.746 102.602 102.602 102.085 101.757 101.757 100.999 100.999 100.999 100.713 100.528 100.525 100.473 100.473 100.473 100.165 100.088 100.029 100.004 100.001 100.001 100 100 100 100 100 100 100 100 100 100 100 100 100 100 100 100 100 100 100 100 100 100 100 100 100 100 100 100 100 100 100 100 100 100 100 100 100 100 100 100 100 100 100 100 100 100 100 100 100 100 100
815.408 386.649 269.49 166.859 128.967 124.975 116.672 114.199 112.323 111.449 110.53 109.255 106.261 106.261 106.261 106.261 106.261 104.939 104.939 104.939 104.939 104.939 104.234 103.629 103.629 102.201 102.201 102.201 101.86 101.86 101.626 101.478 101.478 101.459 101.011 101.011 101.011 100.941 100.6 100.454 100.305 100.137 100.069 100.028 100.009 100.003 100.001 100 100 100 100 100 100 100 100 100 100 100 100 100 100 100 100 100 100 100 100 100 100 100 100 100 100 100 100 100 100 100 100 100 100 100 100 100 100 100 100 100 100 100 100 100 100 100 100 100
1046.98 526.713 356.979 190.748 143.62 120.263 118.887 113.985 112.512 111.207 110.984 109.872 108.073 107.651 107.32 107.32 106.788 105.422 105.422 105.129 105.129 105.129 105.129 104.473 103.616 103.616 103.584 103.072 102.972 102.218 101.612 100.708 100.708 100.617 100.617 100.468 100.468 100.287 100.287 100.132 100.073 100.018 100.007 100.002 100.001 100 100 100 100 100 100 100 100 100 100 100 100 100 100 100 100 100 100 100 100 100 100 100 100 100 100 100 100 100 100 100 100 100 100 100 100 100 100 100 100 100 100 100 100 100 100 100 100 100 100 100
608.438 491.597 242.797 193.232 144.017 123.098 118.47 116.674 111.62 110.977 110.919 107.102 107.102 107.102 105.864 105.864 105.864 105.858 105.811 105.811 104.316 104.316 104.316 104.316 104.316 103.027 102.687 101.728 101.728 101.333 101.099 101.099 101.099 101.099 101.099 101.099 101.008 100.87 100.463 100.345 100.14 100.14 100.063 100.039 100.012 100.002 100.001 100 100 100 100 100 100 100 100 100 100 100 100 100 100 100 100 100 100 100 100 100 100 100 100 100 100 100 100 100 100 100 100 100 100 100 100 100 100 100 100 100 100 100 100 100 100 100 100 100
592.401 444.822 193.272 182.177 132.076 119.327 117.535 113.392 112.931 110.893 107.47 107.47 105.736 105.736 105.736 105.736 105.736 105.736 105.325 105.325 105.325 104.677 104.15 104.15 104.15 103.764 103.182 103.074 101.956 101.956 101.844 101.693 101.617 101.211 100.975 100.969 100.571 100.571 100.571 100.571 100.557 100.557 100.557 100.435 100.236 100.098 100.054 100.028 100.008 100.002 100.001 100 100 100 100 100 100 100 100 100 100 100 100 100 100 100 100 100 100 100 100 100 100 100 100 100 100 100 100 100 100 100 100 100 100 100 100 100 100 100 100 100 100 100 100 100
451.368 231.433 231.433 137.232 128.102 119.233 115.503 110.597 110.597 110.597 110.37 108.216 107.979 107.83 107.134 105.945 103.102 103.102 103.102 103.102 103.102 103.102 103.102 102.209 102.209 102.209 102.209 102.209 101.559 100.875 100.875 100.875 100.875 100.875 100.87 100.87 100.837 100.837 100.572 100.572 100.572 100.572 100.549 100.216 100.17 100.058 100.025 100.006 100.001 100.001 100 100 100 100 100 100 100 100 100 100 100 100 100 100 100 100 100 100 100 100 100 100 100 100 100 100 100 100 100 100 100 100 100 100 100 100 100 100 100 100 100 100 100 100 100 100
496.187 384.206 281.462 145.774 134.121 120.043 117.35 112.223 111.315 110.597 110.396 110.342 109.511 109.051 109.051 105.004 105.004 104.111 103.886 103.886 103.886 103.886 103.886 103.886 102.839 101.762 101.762 101.734 101.734 101.734 101.734 101.356 101.264 101.053 101.053 100.546 100.546 100.546 100.334 100.328 100.094 100.048 100.023 100.01 100.002 100.001 100 100 100 100 100 100 100 100 100 100 100 100 100 100 100 100 100 100 100 100 100 100 100 100 100 100 100 100 100 100 100 100 100 100 100 100 100 100 100 100 100 100 100 100 100 100 100 100 100 100
588.765 464.439 268.76 158.282 134.002 123.208 116.598 112.404 111.798 110.759 108.735 107.369 107.369 107.369 107.325 106.793 106.793 106.793 106.793 106.793 105.072 105.072 105.072 104.777 104.777 104.384 102.169 102.169 102.169 102.169 102.006 101.582 101.582 101.582 101.582 101.267 101.132 101.132 100.891 100.891 100.335 100.335 100.213 100.082 100.019 100.009 100.003 100.001 100 100 100 100 100 100 100 100 100 100 100 100 100 100 100 100 100 100 100 100 100 100 100 100 100 100 100 100 100 100 100 100 100 100 100 100 100 100 100 100 100 100 100 100 100 100 100 100
542.562 331.17 223.248 146.381 129.939 120.411 115.407 112.989 110.525 110.525 109.807 108.113 108.113 108.113 105.553 105.553 105.553 105.553 105.553 105.319 104.351 103.078 103.078 103.078 102.526 102.526 102.076 102.076 102.076 101.845 101.221 101.221 100.749 100.749 100.702 100.423 100.286 100.286 100.169 100.066 100.035 100.013 100.004 100.001 100 100 100 100 100 100 100 100 100 100 100 100 100 100 100 100 100 100 100 100 100 100 100 100 100 100 100 100 100 100 100 100 100 100 100 100 100 100 100 100 100 100 100 100 100 100 100 100 100 100 100 100
877.786 512.691 232.551 167.432 124.356 124.356 121.51 114.015 112.453 111.394 109.912 109.912 109.364 108.138 107.847 106.73 106.73 106.135 105.031 105.031 105.031 103.642 103.371 103.371 103.371 103.371 103.3 103.221 103.221 103.179 101.866 101.866 101.052 101.052 101.052 101.052 100.881 100.881 100.881 100.648 100.547 100.547 100.413 100.199 100.068 100.027 100.008 100.002 100 100 100 100 100 100 100 100 100 100 100 100 100 100 100 100 100 100 100 100 100 100 100 100 100 100 100 100 100 100 100 100 100 100 100 100 100 100 100 100 100 100 100 100 100 100 100 100
775.461 480.136 305.851 156.511 137.789 122.025 114.231 114.231 111.039 110.718 110.56 109.123 107.772 105.715 105.715 105.715 105.715 105.715 105.715 105.715 105.567 104.818 104.818 104.818 103.652 103.652 102.932 102.932 102.779 102.779 102.392 102.233 102.212 101.508 101.428 101.428 101.428 101.113 101.08 101.08 101.08 100.9 100.9 100.557 100.297 100.297 100.297 100.297 100.297 100.2 100.147 100.046 100.006 100.002 100 100 100 100 100 100 100 100 100 100 100 100 100 100 100 100 100 100 100 100 100 100 100 100 100 100 100 100 100 100 100 100 100 100 100 100 100 100 100 100 100 100
684.699 319.985 191.145 146.072 121.154 121.154 117.953 114.495 112.165 111.485 109.529 109.529 108.159 107.071 107.071 106.547 106.547 106.547 106.505 105.188 103.38 102.85 102.85 102.85 102.85 102.85 102.85 101.82 101.82 101.82 101.82 101.82 101.82 101.82 101.571 101.571 100.786 100.786 100.786 100.786 100.596 100.586 100.311 100.107 100.043 100.015 100.003 100.001 100 100 100 100 100 100 100 100 100 100 100 100 100 100 100 100 100 100 100 100 100 100 100 100 100 100 100 100 100 100 100 100 100 100 100 100 100 100 100 100 100 100 100 100 100 100 100 100
513.874 345 277.837 132.642 127.285 121.685 116.055 113.891 111.786 110.453 109.752 109.143 108.771 107.479 107.479 103.917 103.917 103.917 103.917 103.917 103.917 103.917 103.917 103.397 103.397 103.397 103.397 102.29 102.29 102.29 101.552 101.552 101.552 101.552 101.552 101.144 101.015 100.616 100.189 100.155 100.127 100.025 100.01 100.003 100.001 100 100 100 100 100 100 100 100 100 100 100 100 100 100 100 100 100 100 100 100 100 100 100 100 100 100 100 100 100 100 100 100 100 100 100 100 100 100 100 100 100 100 100 100 100 100 100 100 100 100 100
465.589 413.151 244.562 155.021 126.365 117.946 114.701 114.347 112.555 111.584 110.768 108.212 108.212 108.212 107.553 107.553 105.679 105.529 104.466 104.466 104.466 104.466 103.997 103.997 103.997 103.997 103.946 102.178 102.16 102.132 102.132 101.404 101.404 101.404 101.404 101.293 101.293 101.293 101.293 100.928 100.928 100.27 100.185 100.124 100.027 100.006 100.003 100.001 100 100 100 100 100 100 100 100 100 100 100 100 100 100 100 100 100 100 100 100 100 100 100 100 100 100 100 100 100 100 100 100 100 100 100 100 100 100 100 100 100 100 100 100 100 100 100 100
461.244 430.91 279.68 170.235 124.472 124.069 116.29 114.158 111.615 108.887 108.887 108.887 108.138 106.99 106.99 106.99 105.341 105.317 105.317 105.317 105.317 105.317 105.317 104.989 104.989 104.989 104.989 102.369 102.369 102.369 102.369 102.369 102.025 101.283 101.283 100.794 100.794 100.794 100.538 100.538 100.502 100.193 100.062 100.014 100.008 100.001 100.001 100 100 100 100 100 100 100 100 100 100 100 100 100 100 100 100 100 100 100 100 100 100 100 100 100 100 100 100 100 100 100 100 100 100 100 100 100 100 100 100 100 100 100 100 100 100 100 100 100
604.662 225.315 177.47 149.238 131.89 116.745 114.867 113 111.634 109.056 108.43 108.43 108.43 107.411 107.411 107.203 107.203 107.203 106.58 105.681 105.681 105.657 104.949 104.949 104.587 103.965 103.965 102.377 102.377 101.522 101.522 101.522 101.522 100.267 100.267 100.267 100.258 100.258 100.258 100.233 100.109 100.035 100.008 100.003 100.001 100 100 100 100 100 100 100 100 100 100 100 100 100 100 100 100 100 100 100 100 100 100 100 100 100 100 100 100 100 100 100 100 100 100 100 100 100 100 100 100 100 100 100 100 100 100 100 100 100 100 100
481.732 379.617 312.933 139.486 139.486 120.785 116.43 111.974 111.974 110.095 108.039 106.83 106.699 106.699 106.699 106.699 106.699 106.699 106.699 105.176 105.176 105.176 104.72 104.353 103.218 102.86 102.86 102.86 102.521 102.521 102.521 102.171 101.651 101.54 101.54 101.54 101.54 101.375 101.375 101.375 101.375 101.167 100.953 100.699 100.699 100.432 100.432 100.333 100.333 100.333 100.333 100.333 100.333 100.136 100.108 100.084 100.034 100.014 100.008 100.002 100 100 100 100 100 100 100 100 100 100 100 100 100 100 100 100 100 100 100 100 100 100 100 100 100 100 100 100 100 100 100 100 100 100 100 100
773.117 234.615 211.71 147.077 143.159 134.832 116.711 114.359 112.704 111.09 111.09 109.673 108.884 106.768 106.768 106.768 106.768 106.768 105.274 104.308 104.308 104.308 103.843 103.704 103.704 102.677 102.677 102.677 102.677 101.98 101.719 101.719 101.719 101.606 101.606 101.315 101.01 101.01 101.01 101.01 100.926 100.595 100.223 100.136 100.035 100.011 100.005 100.001 100 100 100 100 100 100 100 100 100 100 100 100 100 100 100 100 100 100 100 100 100 100 100 100 100 100 100 100 100 100 100 100 100 100 100 100 100 100 100 100 100 100 100 100 100 100 100 100
759.283 500.171 270.455 143.149 137.312 122.469 120.782 112.993 111.966 110.353 108.896 108.896 108.896 107.614 105.788 105.788 105.788 105.788 105.788 104.29 104.29 104.29 103.286 103.286 103.286 103.286 103.286 103.286 102.014 102.014 102.014 102.014 102.01 101.381 100.853 100.738 100.738 100.738 100.738 100.738 100.738 100.738 100.738 100.738 100.705 100.705 100.702 100.702 100.45 100.216 100.203 100.072 100.055 100.017 100 100 100 100 100 100 100 100 100 100 100 100 100 100 100 100 100 100 100 100 100 100 100 100 100 100 100 100 100 100 100 100 100 100 100 100 100 100 100 100 100 100
291.579 291.579 291.579 185.942 152.523 137.042 118.813 114.001 113.582 109.9 109.9 109.9 108.862 108.492 105.474 105.474 105.474 105.474 105.474 105.474 104.952 104.623 104.623 103.716 103.716 103.716 103.667 103.667 103.667 103.667 102.565 102.565 102.151 102.035 102.035 101.434 101.1 101.058 101.058 101.058 100.542 100.542 100.421 100.421 100.104 100.045 100.014 100.003 100.001 100.001 100 100 100 100 100 100 100 100 100 100 100 100 100 100 100 100 100 100 100 100 100 100 100 100 100 100 100 100 100 100 100 100 100 100 100 100 100 100 100 100 100 100 100 100 100 100
363.163 363.163 229.441 145.448 129.279 118.392 114.353 113.642 112.141 111.298 110.133 107.991 107.991 106.672 106.205 106.205 106.205 105.869 105.869 105.869 104.872 104.813 103.106 103.027 101.086 101.086 101.086 101.086 101.086 100.983 100.983 100.983 100.665 100.665 100.665 100.488 100.214 100.214 100.214 100.052 100.052 100.013 100.006 100.002 100.001 100 100 100 100 100 100 100 100 100 100 100 100 100 100 100 100 100 100 100 100 100 100 100 100 100 100 100 100 100 100 100 100 100 100 100 100 100 100 100 100 100 100 100 100 100 100 100 100 100 100 100
857.022 463.32 297.358 158.123 139.103 126.685 115.494 114.113 111.17 111.17 109.328 109.328 109.102 107.238 107.089 106.957 105.932 105.594 105.594 103.652 103.652 103.652 103.652 103.652 103.351 103.349 101.854 101.854 101.031 101.031 101.031 101.031 100.796 100.796 100.796 100.796 100.796 100.796 100.421 100.421 100.341 100.186 100.091 100.022 100.008 100.003 100.001 100 100 100 100 100 100 100 100 100 100 100 100 100 100 100 100 100 100 100 100 100 100 100 100 100 100 100 100 100 100 100 100 100 100 100 100 100 100 100 100 100 100 100 100 100 100 100 100 100
742.193 421.404 269.769 152.659 127.684 122.159 115.344 113.453 111.598 110.667 108.906 108.778 108.778 107.214 106.012 106.012 105.938 105.938 104.057 102.898 102.898 102.898 102.898 102.898 102.742 102.405 102.402 102.402 101.879 101.879 101.597 101.597 101.406 100.943 100.703 100.703 100.703 100.703 100.686 100.209 100.149 100.084 100.028 100.008 100.001 100 100 100 100 100 100 100 100 100 100 100 100 100 100 100 100 100 100 100 100 100 100 100 100 100 100 100 100 100 100 100 100 100 100 100 100 100 100 100 100 100 100 100 100 100 100 100 100 100 100 100
804.908 329.42 291.494 145.831 120.116 118.98 115.017 112.18 111.623 108.023 108.023 107.422 106.301 106.301 105.716 105.716 105.716 105.716 104.815 104.571 104.56 104.56 103.822 103.482 103.197 103.197 103.197 102.377 102.377 102.377 102.377 101.514 101.497 101.063 101.063 101.063 101.063 101.063 101.063 100.332 100.332 100.332 100.332 100.332 100.332 100.106 100.017 100.017 100.004 100.002 100.001 100 100 100 100 100 100 100 100 100 100 100 100 100 100 100 100 100 100 100 100 100 100 100 100 100 100 100 100 100 100 100 100 100 100 100 100 100 100 100 100 100 100 100 100 100
464.461 271.116 191.355 146.281 138.858 117.619 115.991 112.564 111.15 110.771 110.247 107.634 107.507 107.245 105.696 105.696 105.696 105.686 105.686 105.63 104.79 104.79 103.293 103.293 103.293 103.293 103.293 103.048 102.504 102.504 102.297 101.639 101.329 101.329 101.329 101.329 100.859 100.859 100.791 100.732 100.732 100.732 100.732 100.505 100.349 100.155 100.081 100.023 100.006 100.002 100 100 100 100 100 100 100 100 100 100 100 100 100 100 100 100 100 100 100 100 100 100 100 100 100 100 100 100 100 100 100 100 100 100 100 100 100 100 100 100 100 100 100 100 100 100
644.251 391.987 223.945 159.015 137.388 120.642 114.753 112.575 111.429 111.144 109.533 108.693 107.524 107.524 107.502 107.442 106.506 105.533 105.533 104.738 104.738 104.738 104.738 104.738 104.738 104.07 104.07 102.899 102.601 102.549 102.142 102.142 101.349 101.349 101.179 101.179 101.179 101.165 101.11 100.613 100.429 100.3 100.244 100.136 100.061 100.039 100.012 100.003 100.001 100.001 100 100 100 100 100 100 100 100 100 100 100 100 100 100 100 100 100 100 100 100 100 100 100 100 100 100 100 100 100 100 100 100 100 100 100 100 100 100 100 100 100 100 100 100 100 100
437.326 382.372 284.814 166.122 142.99 116.745 116.745 112.992 112.372 109.776 109.776 109.645 109.425 108.694 106.926 105.693 105.693 105.693 105.693 104.686 104.64 104.64 104.64 104.046 102.287 102.287 102.287 102.287 101.677 101.677 101.677 101.341 101.341 101.341 101.341 101.319 101.059 101.059 100.537 100.508 100.351 100.351 100.351 100.19 100.084 100.04 100.01 100.005 100.002 100.001 100 100 100 100 100 100 100 100 100 100 100 100 100 100 100 100 100 100 100 100 100 100 100 100 100 100 100 100 100 100 100 100 100 100 100 100 100 100 100 100 100 100 100 100 100 100
1155.88 466.357 296.065 142.341 134.422 117.981 117.407 113.628 112.197 110.164 109.876 108.207 107.966 107.966 105.87 105.07 105.07 105.07 105.07 105.07 104.502 104.502 103.062 103.062 103.062 103.062 102.679 101.159 101.159 101.159 101.159 101.159 101.159 101.159 101.159 101.159 101.159 101.159 101.115 100.901 100.71 100.618 100.546 100.232 100.139 100.066 100.024 100.008 100.003 100.001 100 100 100 100 100 100 100 100 100 100 100 100 100 100 100 100 100 100 100 100 100 100 100 100 100 100 100 100 100 100 100 100 100 100 100 100 100 100 100 100 100 100 100 100 100 100
588.621 491.957 330.043 148.51 126.126 123.571 116.23 112.311 112.311 110.844 108.659 108.659 108.659 108.046 107.776 106.491 106.152 105.683 105.624 105.24 104.456 102.142 102.142 102.142 102.142 102.142 102.142 102.142 102.112 101.968 101.838 100.761 100.761 100.761 100.761 100.761 100.761 100.725 100.725 100.638 100.484 100.484 100.314 100.193 100.091 100.057 100.023 100.005 100.002 100.001 100 100 100 100 100 100 100 100 100 100 100 100 100 100 100 100 100 100 100 100 100 100 100 100 100 100 100 100 100 100 100 100 100 100 100 100 100 100 100 100 100 100 100 100 100 100
703.857 407.464 270.083 146.315 137.22 123.138 117.99 114.297 112.143 109.626 109.626 107.691 107.691 104.879 104.879 104.879 104.879 104.879 104.879 103.087 103.087 103.087 103.087 103.087 103.087 102.868 102.868 102.868 102.221 102.221 102.221 102.221 102.221 101.73 101.117 101.086 101.086 101.086 100.628 100.599 100.599 100.599 100.525 100.457 100.132 100.132 100.053 100.011 100.004 100.001 100 100 100 100 100 100 100 100 100 100 100 100 100 100 100 100 100 100 100 100 100 100 100 100 100 100 100 100 100 100 100 100 100 100 100 100 100 100 100 100 100 100 100 100 100 100
403.846 373.271 246.08 131.042 116.33 115.584 114.528 112.418 111.559 108.891 108.891 108.891 107.565 107.421 106.683 106.683 106.683 106.683 106.683 106.66 105.526 103.1 103.1 103.1 103.1 103.1 102.268 100.897 100.897 100.897 100.897 100.897 100.897 100.897 100.897 100.897 100.897 100.764 100.764 100.719 100.517 100.173 100.173 100.15 100.065 100.033 100.013 100.004 100.001 100 100 100 100 100 100 100 100 100 100 100 100 100 100 100 100 100 100 100 100 100 100 100 100 100 100 100 100 100 100 100 100 100 100 100 100 100 100 100 100 100 100 100 100 100 100 100
495.226 452.27 282.232 152.626 130.636 117.587 116.555 112.031 111.178 110.306 109.191 109.191 108.822 108.42 107.527 107.17 107.132 106.109 106.109 105.423 105.423 105.159 104.591 104.591 102.543 101.385 101.385 101.259 101.259 101.259 101.259 101.259 101.259 101.048 101.048 101.048 101.048 101.048 100.556 100.556 100.556 100.181 100.181 100.058 100.024 100.01 100.002 100.001 100 100 100 100 100 100 100 100 100 100 100 100 100 100 100 100 100 100 100 100 100 100 100 100 100 100 100 100 100 100 100 100 100 100 100 100 100 100 100 100 100 100 100 100 100 100 100 100
952.698 375.851 210.832 163.155 135.23 122.921 116.245 113.277 112.134 111.252 110.461 108.158 108.158 107.741 107.267 106.575 106.122 105.392 103.434 103.434 103.434 103.434 103.434 103.434 102.802 101.119 101.119 101.112 101.112 101.112 101.112 101.09 101.09 101.09 101.09 100.929 100.742 100.486 100.486 100.486 100.486 100.486 100.276 100.197 100.163 100.046 100.025 100.007 100.004 100.001 100.001 100 100 100 100 100 100 100 100 100 100 100 100 100 100 100 100 100 100 100 100 100 100 100 100 100 100 100 100 100 100 100 100 100 100 100 100 100 100 100 100 100 100 100 100 100
408.268 308.4 236.692 147.319 133.082 124.247 116.632 113.737 112.242 111.295 110.217 108.481 108.209 108.209 107.27 107.09 104.409 104.409 104.409 104.389 104.389 104.389 104.389 103.145 103.145 103.145 102.759 101.481 101.481 101.481 101.038 101.038 101.038 100.795 100.593 100.593 100.227 100.227 100.185 100.146 100.017 100.016 100.003 100.001 100.001 100 100 100 100 100 100 100 100 100 100 100 100 100 100 100 100 100 100 100 100 100 100 100 100 100 100 100 100 100 100 100 100 100 100 100 100 100 100 100 100 100 100 100 100 100 100 100 100 100 100 100
808.688 255.673 255.673 169.346 128.906 122.299 115.166 113.338 112.001 110.997 110.047 107.732 107.732 106.924 106.549 106.483 106.483 103.975 103.975 103.975 103.975 103.975 103.975 103.975 103.975 103.705 103.705 102.552 101.252 101.046 101.034 101.034 101.034 101.034 100.861 100.748 100.748 100.507 100.479 100.381 100.109 100.109 100.03 100.01 100.005 100.001 100 100 100 100 100 100 100 100 100 100 100 100 100 100 100 100 100 100 100 100 100 100 100 100 100 100 100 100 100 100 100 100 100 100 100 100 100 100 100 100 100 100 100 100 100 100 100 100 100 100
614.727 367.679 233.935 151.63 123.948 121.149 114.908 113.426 111.759 110.698 109.463 108.778 107.531 107.531 107.531 105.603 104.329 104.329 104.329 104.329 103.12 103.12 103.12 103.07 103.056 103.056 102.772 102.169 102.169 102.169 101.966 101.136 100.966 100.931 100.461 100.335 100.332 100.27 100.2 100.061 100.027 100.012 100.003 100.001 100 100 100 100 100 100 100 100 100 100 100 100 100 100 100 100 100 100 100 100 100 100 100 100 100 100 100 100 100 100 100 100 100 100 100 100 100 100 100 100 100 100 100 100 100 100 100 100 100 100 100 100
882.261 421.114 256.753 152.014 131.489 116.885 116.578 114.068 112.447 110.261 107.808 107.808 106.905 106.905 106.35 106.35 105.122 105.122 105.122 105.122 105.122 105.122 105.122 104.577 103.124 102.956 102.956 102.956 102.956 102.34 101.08 101.08 101.08 101.08 101.08 100.606 100.606 100.366 100.35 100.35 100.29 100.29 100.141 100.056 100.036 100.008 100.002 100.001 100 100 100 100 100 100 100 100 100 100 100 100 100 100 100 100 100 100 100 100 100 100 100 100 100 100 100 100 100 100 100 100 100 100 100 100 100 100 100 100 100 100 100 100 100 100 100 100
560.677 391.691 290.957 160.601 125.834 123.872 118.328 113.687 111.643 111.155 109.863 107.872 107.872 107.872 107.872 107.872 107.519 106.603 104.668 104.339 104.339 104.135 104.135 103.157 102.721 102.721 102.721 102.18 102.18 102.124 101.926 101.528 101.528 101.528 101.02 101.02 100.664 100.631 100.631 100.297 100.297 100.202 100.132 100.048 100.008 100.004 100.001 100 100 100 100 100 100 100 100 100 100 100 100 100 100 100 100 100 100 100 100 100 100 100 100 100 100 100 100 100 100 100 100 100 100 100 100 100 100 100 100 100 100 100 100 100 100 100 100 100
615.044 222.033 222.033 153.174 141.687 122.211 120.293 113.433 112.356 109.743 109.743 109.743 108.658 106.241 106.241 106.241 106.241 105.421 105.421 104.945 103.366 102.807 102.807 102.757 102.757 102.757 102.757 102.534 102.295 102.295 102.06 101.855 101.855 101.37 101.37 101.223 101.223 101.048 101.048 101.048 100.786 100.592 100.378 100.256 100.057 100.032 100.005 100.003 100.001 100 100 100 100 100 100 100 100 100 100 100 100 100 100 100 100 100 100 100 100 100 100 100 100 100 100 100 100 100 100 100 100 100 100 100 100 100 100 100 100 100 100 100 100 100 100 100
799.426 443.278 290.955 150.997 138.208 118.389 116.452 113.191 112.205 110.799 109.634 109.554 108.41 108.247 106.907 106.907 106.907 105.303 105.303 103.987 103.987 103.808 103.808 103.808 103.368 102.317 102.317 101.92 101.92 101.528 100.999 100.837 100.837 100.574 100.574 100.573 100.552 100.552 100.373 100.287 100.109 100.044 100.013 100.004 100.002 100 100 100 100 100 100 100 100 100 100 100 100 100 100 100 100 100 100 100 100 100 100 100 100 100 100 100 100 100 100 100 100 100 100 100 100 100 100 100 100 100 100 100 100 100 100 100 100 100 100 100
1091.92 367.962 278.967 189.559 146.822 131.89 116.556 113.967 113.574 111.791 110.914 107.963 107.963 107.844 107.76 105.314 105.314 105.314 105.314 105.314 104.35 104.35 103.455 103.14 103.14 103.14 102.182 102.182 102.182 101.71 100.973 100.973 100.737 100.737 100.72 100.72 100.704 100.704 100.64 100.64 100.388 100.252 100.124 100.064 100.011 100.003 100.001 100 100 100 100 100 100 100 100 100 100 100 100 100 100 100 100 100 100 100 100 100 100 100 100 100 100 100 100 100 100 100 100 100 100 100 100 100 100 100 100 100 100 100 100 100 100 100 100 100
606.175 336.321 226.872 146.147 136.565 118.992 116.541 114.077 112.117 109.682 109.682 109.467 108.25 107.268 106.266 106.266 106.266 106.266 106.266 105.251 104.455 104.455 104.455 104.455 103.497 103.497 103.497 103.497 103.497 102.887 101.481 101.481 101.481 101.481 101.136 101.136 100.577 100.577 100.42 100.386 100.127 100.081 100.022 100.005 100.002 100.001 100 100 100 100 100 100 100 100 100 100 100 100 100 100 100 100 100 100 100 100 100 100 100 100 100 100 100 100 100 100 100 100 100 100 100 100 100 100 100 100 100 100 100 100 100 100 100 100 100 100
682.605 315.979 258.465 124.273 124.017 118.648 116.352 112.656 111.076 111.013 109.093 109.093 108.259 108.259 108.259 107.03 107.03 105.538 105.538 105.538 105.538 105.445 104.913 104.29 104.29 104.29 104.29 102.882 102.86 102.86 102.86 102.554 102.525 102.464 102.464 101.094 101.094 101.043 101.043 101.043 101.043 100.872 100.872 100.872 100.54 100.54 100.54 100.484 100.484 100.484 100.484 100.484 100.484 100.445 100.106 100.056 100.025 100.02 100.007 100.001 100 100 100 100 100 100 100 100 100 100 100 100 100 100 100 100 100 100 100 100 100 100 100 100 100 100 100 100 100 100 100 100 100 100 100 100
607.599 333.001 259.634 160.084 128.184 125.292 118.43 111.574 111.574 111.307 110.493 108.797 108.797 108.797 105.692 105.692 105.692 105.692 105.692 105.692 103.355 103.355 103.355 103.067 103.067 103.067 102.791 102.791 102.731 102.731 102.488 102.488 101.768 101.526 101.018 101.018 101.018 101.018 100.911 100.792 100.766 100.576 100.285 100.117 100.048 100.018 100.005 100.002 100 100 100 100 100 100 100 100 100 100 100 100 100 100 100 100 100 100 100 100 100 100 100 100 100 100 100 100 100 100 100 100 100 100 100 100 100 100 100 100 100 100 100 100 100 100 100 100
726.438 477.508 273.108 147.499 131.399 120.307 114.964 113.604 111.43 111.124 109.596 107.895 107.895 107.895 107.895 107.199 107.199 105.497 103.852 103.852 103.574 103.574 102.873 102.873 102.873 102.815 102.815 101.184 100.81 100.81 100.81 100.81 100.71 100.71 100.434 100.434 100.332 100.297 100.125 100.125 100.037 100.011 100.006 100.001 100.001 100 100 100 100 100 100 100 100 100 100 100 100 100 100 100 100 100 100 100 100 100 100 100 100 100 100 100 100 100 100 100 100 100 100 100 100 100 100 100 100 100 100 100 100 100 100 100 100 100 100 100
