1182.8 735.682 543.544 155.664 155.664 145.2 61.8355 61.8355 39.8699 21.0201 21.0201 13.1122 10.0387 6.03673 2.83082 1.2999 1.2999 1.21898 0.65504 0.322252 0.18783 0.128113 0.0741456 0.033452 0.010735 0.00536347 0.00146021 0.000234958 6.54476e-05 1.7842e-05 1.41535e-05 2.63331e-06 1.03378e-06 5.4391e-07 1.83981e-07 6.88971e-08 1.63006e-08 0 0 0 0 0 0 0 0 0 0 0 0 0 0 0 0 0 0 0 0 0 0 0 0 0 0 0 0 0 0 0 0 0 0 0 0 0 0 0 0 0 0 0 0 0 0 0 0 0 0 0 0 0 0 0 0 0 0 0
1416.15 536.531 357.072 160.463 92.5386 60.3317 60.3317 26.0679 26.0679 19.6319 13.1315 8.24802 3.2514 3.2514 1.91929 1.46814 0.707981 0.66851 0.430138 0.201837 0.177134 0.08539 0.0357734 0.0190992 0.00409871 0.00228315 0.00105888 0.000123018 3.52172e-05 2.70228e-05 5.63369e-06 1.69923e-06 6.38293e-07 2.55766e-07 6.55764e-08 2.42186e-08 0 0 0 0 0 0 0 0 0 0 0 0 0 0 0 0 0 0 0 0 0 0 0 0 0 0 0 0 0 0 0 0 0 0 0 0 0 0 0 0 0 0 0 0 0 0 0 0 0 0 0 0 0 0 0 0 0 0 0 0
1543.3 700.388 290.832 82.928 82.928 55.5438 55.5438 17.8193 17.8193 17.8193 5.4739 5.4739 5.4739 3.18521 1.35222 1.0217 0.75175 0.548907 0.362699 0.292057 0.157403 0.0619515 0.03656 0.0143641 0.00410907 0.00239714 0.000678145 6.1522e-05 3.29167e-05 1.29828e-05 2.88884e-06 1.58214e-06 3.49215e-07 1.1869e-07 5.61964e-08 1.59013e-08 0 0 0 0 0 0 0 0 0 0 0 0 0 0 0 0 0 0 0 0 0 0 0 0 0 0 0 0 0 0 0 0 0 0 0 0 0 0 0 0 0 0 0 0 0 0 0 0 0 0 0 0 0 0 0 0 0 0 0 0
792.931 424.837 424.837 175.319 119.124 38.9435 38.9435 33.5661 33.5661 19.2563 18.9642 9.71536 4.49462 1.34441 1.34441 1.07789 1.07014 0.395657 0.344553 0.335205 0.185689 0.129428 0.0215939 0.0163475 0.00696728 0.0026867 0.00168444 0.000232814 0.000105232 4.32068e-05 1.37547e-05 4.09473e-06 1.72233e-06 3.05157e-07 1.53784e-07 3.29802e-08 2.51698e-08 0 0 0 0 0 0 0 0 0 0 0 0 0 0 0 0 0 0 0 0 0 0 0 0 0 0 0 0 0 0 0 0 0 0 0 0 0 0 0 0 0 0 0 0 0 0 0 0 0 0 0 0 0 0 0 0 0 0 0
1138.15 689.974 526.103 221.951 135.238 60.249 57.1511 53.4601 23.2883 16.389 6.68024 6.68024 6.68024 3.07335 1.4319 0.529137 0.529137 0.402929 0.312851 0.194162 0.0951591 0.0617745 0.0235712 0.0114561 0.00364247 0.00108847 0.000604033 5.36314e-05 3.14997e-05 1.11061e-05 2.74887e-06 1.30673e-06 4.72668e-07 1.06998e-07 5.34545e-08 0 0 0 0 0 0 0 0 0 0 0 0 0 0 0 0 0 0 0 0 0 0 0 0 0 0 0 0 0 0 0 0 0 0 0 0 0 0 0 0 0 0 0 0 0 0 0 0 0 0 0 0 0 0 0 0 0 0 0 0 0
1042.56 643.383 360.533 217.685 96.5132 92.7813 68.8086 28.433 28.433 14.2222 9.0544 5.73387 3.09626 2.50268 2.50268 1.16493 0.743412 0.574055 0.401109 0.181094 0.142764 0.0562346 0.0354895 0.013601 0.00608699 0.00237261 0.000489719 0.000147834 3.87964e-05 8.75967e-06 2.81635e-06 1.62678e-06 7.95075e-07 2.56655e-07 5.8548e-08 2.41926e-08 0 0 0 0 0 0 0 0 0 0 0 0 0 0 0 0 0 0 0 0 0 0 0 0 0 0 0 0 0 0 0 0 0 0 0 0 0 0 0 0 0 0 0 0 0 0 0 0 0 0 0 0 0 0 0 0 0 0 0 0
1180.79 571.42 488.497 100.077 100.077 77.6946 53.1406 40.7207 24.6827 18.4154 11.5654 8.42565 5.18724 3.51479 2.74862 1.59342 1.59342 0.676199 0.254352 0.254352 0.110592 0.101185 0.0545662 0.0136698 0.00458093 0.00193267 0.000924178 6.8686e-05 2.81504e-05 9.9621e-06 8.13987e-06 2.7865e-06 7.95295e-07 3.36002e-07 1.06287e-07 2.26347e-08 0 0 0 0 0 0 0 0 0 0 0 0 0 0 0 0 0 0 0 0 0 0 0 0 0 0 0 0 0 0 0 0 0 0 0 0 0 0 0 0 0 0 0 0 0 0 0 0 0 0 0 0 0 0 0 0 0 0 0 0
1384.15 888.408 443.862 220.472 187.442 91.6997 68.5285 37.9607 37.9607 23.6282 11.6445 11.6445 3.78924 3.78924 2.73664 2.20347 1.54556 1.05284 0.551867 0.391058 0.272058 0.0735216 0.0735216 0.0297098 0.0164242 0.00586819 0.00280567 0.00040049 0.000108667 3.30625e-05 1.93927e-05 5.93284e-06 2.20954e-06 6.95483e-07 2.65836e-07 7.77048e-08 3.32045e-08 1.03759e-08 0 0 0 0 0 0 0 0 0 0 0 0 0 0 0 0 0 0 0 0 0 0 0 0 0 0 0 0 0 0 0 0 0 0 0 0 0 0 0 0 0 0 0 0 0 0 0 0 0 0 0 0 0 0 0 0 0 0
637.776 349.561 322.343 132.039 132.039 84.0189 56.6417 33.4965 15.832 15.832 12.6946 5.98431 5.98431 4.04609 1.91114 1.43015 0.541937 0.406631 0.36069 0.292919 0.187367 0.0846 0.0339456 0.0151553 0.00647602 0.00211089 0.000791478 0.000112076 2.78003e-05 2.08263e-05 5.67022e-06 1.722e-06 6.49797e-07 2.55677e-07 7.97972e-08 3.14528e-08 1.24171e-08 0 0 0 0 0 0 0 0 0 0 0 0 0 0 0 0 0 0 0 0 0 0 0 0 0 0 0 0 0 0 0 0 0 0 0 0 0 0 0 0 0 0 0 0 0 0 0 0 0 0 0 0 0 0 0 0 0 0 0
1313.54 469.155 294.654 109.675 83.8527 61.0469 29.6733 19.5909 13.7885 7.07237 3.62201 3.19883 1.77013 1.05225 0.809079 0.591736 0.309276 0.258869 0.108394 0.104938 0.0433255 0.0252387 0.00847887 0.0037692 0.00126443 0.000389076 0.000183231 3.38188e-05 5.9997e-06 3.52653e-06 7.95375e-07 3.91317e-07 1.53031e-07 4.99925e-08 1.70522e-08 0 0 0 0 0 0 0 0 0 0 0 0 0 0 0 0 0 0 0 0 0 0 0 0 0 0 0 0 0 0 0 0 0 0 0 0 0 0 0 0 0 0 0 0 0 0 0 0 0 0 0 0 0 0 0 0 0 0 0 0 0
1366.14 699.19 412.643 123.383 123.383 105.005 88.2111 57.5929 31.3207 17.5624 10.7501 10.7501 6.9076 4.11132 3.54567 1.86171 0.748676 0.677149 0.498576 0.254823 0.137805 0.0632792 0.0300952 0.0188579 0.00680251 0.00177511 0.000873775 6.18069e-05 5.8061e-05 2.1841e-05 8.07783e-06 2.517e-06 2.58371e-07 2.58371e-07 7.53463e-08 2.79807e-08 0 0 0 0 0 0 0 0 0 0 0 0 0 0 0 0 0 0 0 0 0 0 0 0 0 0 0 0 0 0 0 0 0 0 0 0 0 0 0 0 0 0 0 0 0 0 0 0 0 0 0 0 0 0 0 0 0 0 0 0
928.64 881.964 508.039 125.937 112.38 74.3374 44.8419 27.6712 17.5667 14.8852 3.02326 3.02326 3.02326 2.46924 1.83284 1.10989 1.10989 0.423397 0.376291 0.199579 0.120216 0.0694791 0.0342072 0.0158512 0.00475999 0.00158441 0.000815729 8.20562e-05 2.04716e-05 1.23063e-05 4.81623e-06 1.37102e-06 5.13348e-07 1.39989e-07 8.12295e-08 1.9062e-08 0 0 0 0 0 0 0 0 0 0 0 0 0 0 0 0 0 0 0 0 0 0 0 0 0 0 0 0 0 0 0 0 0 0 0 0 0 0 0 0 0 0 0 0 0 0 0 0 0 0 0 0 0 0 0 0 0 0 0 0
1483.27 693.929 391.98 138.095 63.1349 63.1349 41.134 28.7717 28.7717 14.0198 8.52001 4.31142 4.31142 2.87944 1.65868 0.76973 0.76973 0.375757 0.329928 0.217946 0.139322 0.0733558 0.0356055 0.00810367 0.00303923 0.000908894 0.000908894 6.54036e-05 4.17127e-05 1.13877e-05 3.56528e-06 1.33415e-06 4.10669e-07 6.64431e-08 3.21562e-08 1.25405e-08 0 0 0 0 0 0 0 0 0 0 0 0 0 0 0 0 0 0 0 0 0 0 0 0 0 0 0 0 0 0 0 0 0 0 0 0 0 0 0 0 0 0 0 0 0 0 0 0 0 0 0 0 0 0 0 0 0 0 0 0
1215.31 679.652 346.409 234.376 100.54 51.8286 41.1959 29.6451 23.6776 14.0327 12.0124 7.15939 4.97768 2.19282 2.19282 0.731421 0.535583 0.410931 0.329066 0.191132 0.0974851 0.0414648 0.022135 0.00555944 0.00322143 0.000842061 0.000415617 4.5329e-05 2.29862e-05 6.35258e-06 1.85883e-06 7.60374e-07 2.97128e-07 6.23918e-08 3.6867e-08 1.2327e-08 0 0 0 0 0 0 0 0 0 0 0 0 0 0 0 0 0 0 0 0 0 0 0 0 0 0 0 0 0 0 0 0 0 0 0 0 0 0 0 0 0 0 0 0 0 0 0 0 0 0 0 0 0 0 0 0 0 0 0 0
1499.79 846.039 315.521 125.894 88.6669 85.5093 32.3511 32.3511 27.985 14.4774 11.3213 9.22814 2.70492 2.70492 2.43484 1.0956 0.39411 0.39411 0.313704 0.313704 0.165934 0.106623 0.0574055 0.0207225 0.00782933 0.00315432 0.00102865 9.39569e-05 2.71703e-05 2.06216e-05 1.00706e-05 1.93502e-06 9.11741e-07 1.5932e-07 1.06764e-07 1.68815e-08 0 0 0 0 0 0 0 0 0 0 0 0 0 0 0 0 0 0 0 0 0 0 0 0 0 0 0 0 0 0 0 0 0 0 0 0 0 0 0 0 0 0 0 0 0 0 0 0 0 0 0 0 0 0 0 0 0 0 0 0
1151.51 861.427 474.586 212.145 161.16 35.3927 35.3927 23.6984 18.4676 18.2829 10.8602 10.8602 8.16057 4.28174 3.90952 2.12422 0.857156 0.537049 0.537049 0.408392 0.19465 0.0817354 0.0322872 0.0202914 0.00565229 0.00166408 0.000844841 7.73261e-05 5.72172e-05 6.8705e-06 3.22689e-06 2.039e-06 4.37549e-07 1.77158e-07 7.41459e-08 2.38895e-08 0 0 0 0 0 0 0 0 0 0 0 0 0 0 0 0 0 0 0 0 0 0 0 0 0 0 0 0 0 0 0 0 0 0 0 0 0 0 0 0 0 0 0 0 0 0 0 0 0 0 0 0 0 0 0 0 0 0 0 0
994.877 994.877 443.436 228.709 133.11 56.8814 55.5175 27.7396 15.334 12.4088 7.2469 6.56415 3.07769 1.58663 1.36256 1.29126 0.591822 0.353612 0.251268 0.205741 0.0713172 0.0546847 0.0133475 0.00676981 0.00145437 0.0011216 0.000389698 5.98095e-05 1.89514e-05 6.22623e-06 1.9021e-06 9.67992e-07 1.51728e-07 8.34469e-08 3.29226e-08 1.35578e-08 0 0 0 0 0 0 0 0 0 0 0 0 0 0 0 0 0 0 0 0 0 0 0 0 0 0 0 0 0 0 0 0 0 0 0 0 0 0 0 0 0 0 0 0 0 0 0 0 0 0 0 0 0 0 0 0 0 0 0 0
1204.85 616.047 322.176 184.679 101.958 85.9808 39.0944 39.0944 19.5774 13.0067 10.6485 5.44277 4.54417 2.19245 0.846813 0.846813 0.846813 0.554901 0.269423 0.269423 0.157113 0.0604033 0.0321165 0.0095802 0.00245535 0.00179799 0.00036456 3.92538e-05 1.93839e-05 8.45056e-06 3.16815e-06 8.52593e-07 1.80364e-07 8.08867e-08 3.61472e-08 1.29513e-08 0 0 0 0 0 0 0 0 0 0 0 0 0 0 0 0 0 0 0 0 0 0 0 0 0 0 0 0 0 0 0 0 0 0 0 0 0 0 0 0 0 0 0 0 0 0 0 0 0 0 0 0 0 0 0 0 0 0 0 0
1024.87 327.004 327.004 150.345 120.793 82.1506 56.6133 28.7994 21.0765 13.3789 11.7731 3.97548 2.54076 2.54076 2.14801 1.03526 0.624549 0.459229 0.268305 0.185463 0.111101 0.0795261 0.0329311 0.00986759 0.00421477 0.0022222 0.000435987 4.94391e-05 2.84092e-05 7.88149e-06 3.89234e-06 1.26585e-06 5.06922e-07 1.58913e-07 3.74584e-08 1.7519e-08 0 0 0 0 0 0 0 0 0 0 0 0 0 0 0 0 0 0 0 0 0 0 0 0 0 0 0 0 0 0 0 0 0 0 0 0 0 0 0 0 0 0 0 0 0 0 0 0 0 0 0 0 0 0 0 0 0 0 0 0
856.194 856.194 377.015 136.623 115.723 54.7735 41.869 41.869 17.027 11.4683 11.4683 7.39007 5.32566 2.47099 1.63905 1.39636 0.62407 0.62407 0.383048 0.216273 0.164927 0.107297 0.0274661 0.0217742 0.00664566 0.00184209 0.00103878 0.000100319 2.34531e-05 1.29913e-05 4.11433e-06 2.30641e-06 6.177e-07 1.54111e-07 6.60006e-08 2.1241e-08 0 0 0 0 0 0 0 0 0 0 0 0 0 0 0 0 0 0 0 0 0 0 0 0 0 0 0 0 0 0 0 0 0 0 0 0 0 0 0 0 0 0 0 0 0 0 0 0 0 0 0 0 0 0 0 0 0 0 0 0
496.341 496.341 322.423 215.649 154.053 107.375 48.7723 26.7226 26.7226 13.9966 8.52227 6.81248 5.13142 1.62369 1.09772 1.01341 0.633491 0.34719 0.148919 0.0990003 0.0976665 0.0373167 0.0188195 0.00543003 0.00151645 0.000466945 0.000226217 3.88644e-05 1.93577e-05 8.18142e-06 3.58639e-06 7.51457e-07 2.46017e-07 7.58517e-08 2.98218e-08 1.46235e-08 0 0 0 0 0 0 0 0 0 0 0 0 0 0 0 0 0 0 0 0 0 0 0 0 0 0 0 0 0 0 0 0 0 0 0 0 0 0 0 0 0 0 0 0 0 0 0 0 0 0 0 0 0 0 0 0 0 0 0 0
1146.18 444.638 444.638 158.047 89.6717 89.6717 35.4665 18.6735 15.8155 14.1428 12.1447 5.60347 3.43737 3.34819 2.18626 1.50194 0.649411 0.526093 0.326596 0.187957 0.0805615 0.0272168 0.0258537 0.00902668 0.00378981 0.00132498 0.000621822 0.000106355 1.36769e-05 1.36769e-05 6.17981e-06 1.78467e-06 4.92006e-07 2.31722e-07 7.20645e-08 1.97289e-08 0 0 0 0 0 0 0 0 0 0 0 0 0 0 0 0 0 0 0 0 0 0 0 0 0 0 0 0 0 0 0 0 0 0 0 0 0 0 0 0 0 0 0 0 0 0 0 0 0 0 0 0 0 0 0 0 0 0 0 0
702.43 702.43 525.733 179.333 85.3383 85.3383 48.8001 42.9257 18.8628 14.7314 10.09 5.5065 4.48739 2.37529 1.61633 0.588473 0.588473 0.588473 0.392726 0.217429 0.100209 0.0820737 0.0363694 0.0119737 0.00488402 0.00347002 0.000682878 7.57787e-05 3.90339e-05 1.71173e-05 2.93812e-06 2.46151e-06 5.52799e-07 1.38938e-07 6.10229e-08 1.76537e-08 0 0 0 0 0 0 0 0 0 0 0 0 0 0 0 0 0 0 0 0 0 0 0 0 0 0 0 0 0 0 0 0 0 0 0 0 0 0 0 0 0 0 0 0 0 0 0 0 0 0 0 0 0 0 0 0 0 0 0 0
1438.84 661.733 488.243 248.176 136.016 97.0282 65.6811 29.0592 26.0483 16.6656 7.9031 6.67861 3.38096 2.966 1.19686 1.19686 0.400808 0.400808 0.205339 0.19703 0.0829033 0.0548274 0.0114567 0.004212 0.00254958 0.000878914 0.000394237 6.13158e-05 1.76764e-05 4.81056e-06 2.41695e-06 8.55864e-07 2.76845e-07 8.56685e-08 2.60661e-08 0 0 0 0 0 0 0 0 0 0 0 0 0 0 0 0 0 0 0 0 0 0 0 0 0 0 0 0 0 0 0 0 0 0 0 0 0 0 0 0 0 0 0 0 0 0 0 0 0 0 0 0 0 0 0 0 0 0 0 0 0
1079.13 932.277 610.315 126.548 57.8342 57.8342 57.8342 35.1645 31.4174 17.9832 7.10696 7.10696 4.9134 2.34616 2.07537 2.07537 1.62143 0.839328 0.38357 0.298372 0.173423 0.106113 0.067388 0.0176974 0.00555248 0.00473736 0.00105663 0.000108175 8.05733e-05 2.75428e-05 1.06129e-05 3.32375e-06 1.13964e-06 3.1967e-07 9.61226e-08 3.14261e-08 0 0 0 0 0 0 0 0 0 0 0 0 0 0 0 0 0 0 0 0 0 0 0 0 0 0 0 0 0 0 0 0 0 0 0 0 0 0 0 0 0 0 0 0 0 0 0 0 0 0 0 0 0 0 0 0 0 0 0 0
1820.81 862.46 379.604 134.648 59.9924 59.9924 47.4309 32.3724 11.8262 11.8262 11.8262 11.3511 5.24551 2.70731 1.63097 1.28264 1.23006 0.300479 0.300479 0.300479 0.141269 0.0696211 0.0431798 0.00941029 0.00642525 0.00176568 0.000539277 5.17924e-05 2.80201e-05 1.51095e-05 6.24495e-06 1.41088e-06 7.13845e-07 2.54418e-07 6.94898e-08 3.28686e-08 0 0 0 0 0 0 0 0 0 0 0 0 0 0 0 0 0 0 0 0 0 0 0 0 0 0 0 0 0 0 0 0 0 0 0 0 0 0 0 0 0 0 0 0 0 0 0 0 0 0 0 0 0 0 0 0 0 0 0 0
1288.71 755.668 138.597 79.8851 79.8851 62.37 47.1834 43.4587 30.8945 12.5882 12.5882 3.03842 3.03842 2.94746 2.48741 2.06324 1.09517 0.88067 0.428935 0.218291 0.104154 0.0635244 0.0464656 0.0128423 0.00491537 0.00139264 0.000807992 0.000101099 3.94904e-05 1.45689e-05 4.78611e-06 2.1955e-06 4.39186e-07 1.45212e-07 5.50904e-08 1.73521e-08 0 0 0 0 0 0 0 0 0 0 0 0 0 0 0 0 0 0 0 0 0 0 0 0 0 0 0 0 0 0 0 0 0 0 0 0 0 0 0 0 0 0 0 0 0 0 0 0 0 0 0 0 0 0 0 0 0 0 0 0
1866.54 774.758 637.237 201.813 159.337 85.6553 45.7642 39.3525 38.3058 26.8279 17.8741 12.5643 8.17668 4.34694 3.2343 1.29007 0.835768 0.702051 0.501269 0.293316 0.179256 0.111532 0.0469012 0.0171406 0.00583363 0.00315722 0.000962635 0.000220799 7.91448e-05 2.05177e-05 7.432e-06 3.27642e-06 8.83158e-07 3.5562e-07 1.40671e-07 3.27194e-08 1.28388e-08 0 0 0 0 0 0 0 0 0 0 0 0 0 0 0 0 0 0 0 0 0 0 0 0 0 0 0 0 0 0 0 0 0 0 0 0 0 0 0 0 0 0 0 0 0 0 0 0 0 0 0 0 0 0 0 0 0 0 0
1133.53 568.982 379.004 222.715 128.405 92.8602 30.5557 30.5557 20.1265 20.1265 9.23745 7.58726 6.7829 3.44664 2.45603 0.65986 0.593188 0.38393 0.31443 0.194422 0.174219 0.0894004 0.0202019 0.0171092 0.00910867 0.00169635 0.00101392 0.00011474 5.00346e-05 2.54038e-05 5.86442e-06 2.77543e-06 6.8948e-07 3.12571e-07 8.88631e-08 1.57289e-08 0 0 0 0 0 0 0 0 0 0 0 0 0 0 0 0 0 0 0 0 0 0 0 0 0 0 0 0 0 0 0 0 0 0 0 0 0 0 0 0 0 0 0 0 0 0 0 0 0 0 0 0 0 0 0 0 0 0 0 0
1007.85 663.625 402.249 227.028 163.2 104.661 60.1483 33.2795 25.7442 19.17 5.04319 5.04319 3.74024 2.24604 1.12894 1.12894 1.12894 0.473506 0.401965 0.140866 0.116787 0.0645764 0.0377124 0.0155848 0.00693212 0.00221618 0.000771988 0.00011121 4.86179e-05 1.51761e-05 1.79932e-06 1.38201e-06 6.48646e-07 1.06927e-07 8.18536e-08 3.24151e-08 1.03648e-08 0 0 0 0 0 0 0 0 0 0 0 0 0 0 0 0 0 0 0 0 0 0 0 0 0 0 0 0 0 0 0 0 0 0 0 0 0 0 0 0 0 0 0 0 0 0 0 0 0 0 0 0 0 0 0 0 0 0 0
1896.16 568.921 520.687 168.201 132.602 54.8445 54.8445 34.8948 34.8948 23.682 14.8677 9.50557 4.36049 3.68584 2.40363 2.03815 1.6253 1.06975 0.376212 0.285422 0.205801 0.0947954 0.0466348 0.0135857 0.00818574 0.00419704 0.000998857 8.34733e-05 3.67667e-05 1.42964e-05 5.75787e-06 1.82005e-06 5.41724e-07 2.00065e-07 9.36678e-08 1.62621e-08 0 0 0 0 0 0 0 0 0 0 0 0 0 0 0 0 0 0 0 0 0 0 0 0 0 0 0 0 0 0 0 0 0 0 0 0 0 0 0 0 0 0 0 0 0 0 0 0 0 0 0 0 0 0 0 0 0 0 0 0
1447.15 581.557 182.061 182.061 113.327 77.0486 52.4763 52.4763 34.8645 19.6665 13.2896 9.72015 4.86669 4.30113 2.27497 1.04828 1.04828 0.613227 0.376489 0.258775 0.167782 0.09452 0.0245355 0.012937 0.00480088 0.00222448 0.00109202 9.79022e-05 2.52376e-05 1.39779e-05 3.66023e-06 2.91206e-06 4.9805e-07 1.79259e-07 5.10054e-08 1.71194e-08 0 0 0 0 0 0 0 0 0 0 0 0 0 0 0 0 0 0 0 0 0 0 0 0 0 0 0 0 0 0 0 0 0 0 0 0 0 0 0 0 0 0 0 0 0 0 0 0 0 0 0 0 0 0 0 0 0 0 0 0
1375.31 648.627 563.888 114.75 114.75 81.5473 61.9832 26.4661 17.899 14.4331 8.37503 7.72616 4.13389 2.50538 2.24807 1.19467 1.12489 0.608316 0.3071 0.253947 0.166617 0.127899 0.0549982 0.0235829 0.00503876 0.0032663 0.000431717 0.00014542 7.07383e-05 2.02471e-05 4.89033e-06 2.50711e-06 1.03187e-06 2.14002e-07 3.22431e-08 2.64151e-08 1.13305e-08 0 0 0 0 0 0 0 0 0 0 0 0 0 0 0 0 0 0 0 0 0 0 0 0 0 0 0 0 0 0 0 0 0 0 0 0 0 0 0 0 0 0 0 0 0 0 0 0 0 0 0 0 0 0 0 0 0 0 0
1152.09 335.957 335.957 124.906 70.1028 60.3481 54.1311 40.5356 32.4238 15.9502 8.65328 3.26752 3.26752 2.85932 2.43144 1.50056 0.770232 0.512376 0.169443 0.169443 0.152895 0.0767897 0.0236546 0.0142648 0.00185128 0.00179663 0.000713162 3.16883e-05 2.70101e-05 1.23956e-05 4.24248e-06 1.56035e-06 5.69977e-07 1.47029e-07 5.15156e-08 1.22071e-08 0 0 0 0 0 0 0 0 0 0 0 0 0 0 0 0 0 0 0 0 0 0 0 0 0 0 0 0 0 0 0 0 0 0 0 0 0 0 0 0 0 0 0 0 0 0 0 0 0 0 0 0 0 0 0 0 0 0 0 0
1348.77 782.488 278.804 135.05 121.971 84.9497 36.4511 31.9339 15.061 15.061 13.2317 9.41862 5.26736 4.04746 1.63406 1.63406 1.10778 0.816258 0.564171 0.236913 0.201999 0.143493 0.0594125 0.0364821 0.00823456 0.00559661 0.0017889 0.000309382 6.93453e-05 4.80513e-05 1.23945e-05 5.80773e-06 1.93951e-06 3.97533e-07 1.60327e-07 6.92904e-08 2.08096e-08 0 0 0 0 0 0 0 0 0 0 0 0 0 0 0 0 0 0 0 0 0 0 0 0 0 0 0 0 0 0 0 0 0 0 0 0 0 0 0 0 0 0 0 0 0 0 0 0 0 0 0 0 0 0 0 0 0 0 0
1079.22 744.702 408.777 175.034 153.252 97.6114 57.1291 28.7106 23.8855 20.7795 13.1801 7.88943 4.79501 4.02569 2.53076 1.51094 0.951092 0.72015 0.349791 0.277373 0.108598 0.103848 0.0441611 0.00704758 0.00488449 0.00172669 0.000418264 0.000107375 3.32151e-05 9.41741e-06 3.86244e-06 1.59757e-06 4.04354e-07 1.40638e-07 2.18951e-08 1.0792e-08 0 0 0 0 0 0 0 0 0 0 0 0 0 0 0 0 0 0 0 0 0 0 0 0 0 0 0 0 0 0 0 0 0 0 0 0 0 0 0 0 0 0 0 0 0 0 0 0 0 0 0 0 0 0 0 0 0 0 0 0
1095.86 558.174 318.912 207.056 80.7011 59.7219 59.7219 19.8415 14.8673 14.189 8.97691 3.11365 3.11365 2.66643 1.8541 0.749798 0.566493 0.257785 0.22022 0.20887 0.110275 0.059959 0.0219873 0.0129198 0.00469531 0.00212567 0.00098767 0.000133329 3.74233e-05 6.12017e-06 6.12017e-06 2.62054e-06 9.80317e-07 1.89058e-07 6.76013e-08 2.36021e-08 0 0 0 0 0 0 0 0 0 0 0 0 0 0 0 0 0 0 0 0 0 0 0 0 0 0 0 0 0 0 0 0 0 0 0 0 0 0 0 0 0 0 0 0 0 0 0 0 0 0 0 0 0 0 0 0 0 0 0 0
1272.78 696.689 366.076 175.588 161.824 97.8843 33.2317 31.7329 31.7329 19.7005 10.7135 6.46606 4.10249 4.10249 2.54321 1.78248 1.20343 0.447922 0.350351 0.213429 0.159368 0.0853584 0.027871 0.0116893 0.00446653 0.00163152 0.000529571 0.000108826 1.83039e-05 6.66214e-06 2.49133e-06 9.50701e-07 3.33961e-07 1.21502e-07 7.46993e-08 1.11002e-08 0 0 0 0 0 0 0 0 0 0 0 0 0 0 0 0 0 0 0 0 0 0 0 0 0 0 0 0 0 0 0 0 0 0 0 0 0 0 0 0 0 0 0 0 0 0 0 0 0 0 0 0 0 0 0 0 0 0 0 0
576.242 576.242 417.841 165.458 109.474 75.1634 54.5318 54.5318 14.3465 14.3465 6.80872 3.51956 2.9487 2.7349 1.0629 0.678099 0.615777 0.576224 0.228163 0.228163 0.159814 0.0843753 0.0262697 0.0158597 0.00437535 0.00217877 0.000738061 9.20198e-05 4.5419e-05 6.46101e-06 5.58668e-06 6.40885e-07 4.15919e-07 1.83922e-07 4.18747e-08 1.59918e-08 0 0 0 0 0 0 0 0 0 0 0 0 0 0 0 0 0 0 0 0 0 0 0 0 0 0 0 0 0 0 0 0 0 0 0 0 0 0 0 0 0 0 0 0 0 0 0 0 0 0 0 0 0 0 0 0 0 0 0 0
1300.74 777.117 346.84 159.635 159.635 89.3128 60.1616 29.8049 29.8049 23.9089 14.7181 12.1393 8.4116 4.04353 3.19698 2.43292 1.22047 0.690891 0.471229 0.403417 0.346798 0.208431 0.0427601 0.0256626 0.0134978 0.00723697 0.0023276 0.000233272 8.27582e-05 2.47858e-05 1.14329e-05 3.86213e-06 1.37232e-06 4.18183e-07 8.11783e-08 2.46241e-08 1.54118e-08 0 0 0 0 0 0 0 0 0 0 0 0 0 0 0 0 0 0 0 0 0 0 0 0 0 0 0 0 0 0 0 0 0 0 0 0 0 0 0 0 0 0 0 0 0 0 0 0 0 0 0 0 0 0 0 0 0 0 0
1262.33 939.03 568.012 172.544 149.586 69.3153 69.3153 54.6433 42.9033 24.7841 15.2616 7.82356 4.25575 3.6993 3.38949 2.48245 1.5207 0.818238 0.401625 0.2669 0.198753 0.0640372 0.047649 0.0213176 0.0085114 0.00239426 0.00116272 0.000129418 4.18271e-05 1.95825e-05 1.06186e-05 3.06391e-06 8.5658e-07 4.20665e-07 1.63419e-07 3.4811e-08 1.08839e-08 0 0 0 0 0 0 0 0 0 0 0 0 0 0 0 0 0 0 0 0 0 0 0 0 0 0 0 0 0 0 0 0 0 0 0 0 0 0 0 0 0 0 0 0 0 0 0 0 0 0 0 0 0 0 0 0 0 0 0
1238.11 504.745 297.627 154.65 79.3079 38.953 33.2265 33.2265 10.9806 10.3669 8.23199 4.33218 4.04411 3.16117 1.82316 0.971821 0.4532 0.31991 0.289893 0.135212 0.109809 0.0378333 0.0225729 0.00700774 0.00245234 0.0011026 0.000549016 5.68926e-05 2.6876e-05 1.37046e-05 3.63934e-06 7.71843e-07 4.91024e-07 1.11178e-07 3.98537e-08 1.60757e-08 0 0 0 0 0 0 0 0 0 0 0 0 0 0 0 0 0 0 0 0 0 0 0 0 0 0 0 0 0 0 0 0 0 0 0 0 0 0 0 0 0 0 0 0 0 0 0 0 0 0 0 0 0 0 0 0 0 0 0 0
1011.18 757.85 286.291 185.472 178.169 110.604 70.5203 55.1779 26.0205 18.2859 10.8272 9.19032 2.9485 2.9485 2.32005 1.87906 0.689297 0.528303 0.473561 0.310887 0.13878 0.0961748 0.0444625 0.0164224 0.00541332 0.00243087 0.000691406 0.000124077 3.82865e-05 1.95699e-05 3.35517e-06 2.1237e-06 6.55265e-07 2.64257e-07 9.51622e-08 2.3191e-08 0 0 0 0 0 0 0 0 0 0 0 0 0 0 0 0 0 0 0 0 0 0 0 0 0 0 0 0 0 0 0 0 0 0 0 0 0 0 0 0 0 0 0 0 0 0 0 0 0 0 0 0 0 0 0 0 0 0 0 0
1318.55 767.858 407.477 92.6189 92.6189 68.5465 62.4414 15.7196 12.3639 12.3639 9.40694 4.11109 2.09953 2.09953 1.53004 0.904603 0.43707 0.369317 0.343665 0.206494 0.0608504 0.0548872 0.0176654 0.00771654 0.00384823 0.00176345 0.00035077 6.50368e-05 1.97582e-05 8.93555e-06 1.01959e-06 8.65476e-07 2.81618e-07 1.53114e-07 5.53919e-08 1.75091e-08 0 0 0 0 0 0 0 0 0 0 0 0 0 0 0 0 0 0 0 0 0 0 0 0 0 0 0 0 0 0 0 0 0 0 0 0 0 0 0 0 0 0 0 0 0 0 0 0 0 0 0 0 0 0 0 0 0 0 0 0
1238.87 654.66 472.563 213.403 130.701 87.3945 53.4048 25.4621 20.9638 10.9728 10.8535 7.4425 4.30411 4.12949 1.52884 1.52884 1.52884 0.605396 0.466799 0.290239 0.181124 0.095076 0.0628682 0.0232901 0.00816543 0.00363512 0.00089505 0.000175061 5.45061e-05 2.40691e-05 6.60794e-06 1.60582e-06 8.29262e-07 2.74858e-07 5.01858e-08 3.798e-08 1.04644e-08 0 0 0 0 0 0 0 0 0 0 0 0 0 0 0 0 0 0 0 0 0 0 0 0 0 0 0 0 0 0 0 0 0 0 0 0 0 0 0 0 0 0 0 0 0 0 0 0 0 0 0 0 0 0 0 0 0 0 0
780 547.458 403.465 145.043 89.7456 85.4278 40.6651 40.6651 16.9958 11.8415 7.10164 2.35686 2.35686 1.66451 1.39043 0.804973 0.255935 0.255935 0.255935 0.134674 0.123214 0.0420594 0.0413957 0.010829 0.00308353 0.00196451 0.000569561 7.92775e-05 3.23645e-05 5.21665e-06 2.74159e-06 1.12561e-06 5.42628e-07 1.54096e-07 5.33435e-08 2.61733e-08 0 0 0 0 0 0 0 0 0 0 0 0 0 0 0 0 0 0 0 0 0 0 0 0 0 0 0 0 0 0 0 0 0 0 0 0 0 0 0 0 0 0 0 0 0 0 0 0 0 0 0 0 0 0 0 0 0 0 0 0
834.202 686.203 600.911 167.247 138.805 95.5147 50.5532 45.0204 30.0755 26.6696 13.3323 7.57957 4.69485 4.54313 2.81095 1.59251 0.387759 0.387759 0.377638 0.249708 0.195632 0.0482705 0.020411 0.0073878 0.00487667 0.00198588 0.000650479 0.000101335 4.20595e-05 1.33826e-05 6.01889e-06 1.40423e-06 2.73137e-07 2.17143e-07 5.07099e-08 1.65273e-08 0 0 0 0 0 0 0 0 0 0 0 0 0 0 0 0 0 0 0 0 0 0 0 0 0 0 0 0 0 0 0 0 0 0 0 0 0 0 0 0 0 0 0 0 0 0 0 0 0 0 0 0 0 0 0 0 0 0 0 0
1389.31 810.197 442.611 226.156 219.505 108.218 108.218 69.6082 38.963 35.0744 13.1617 8.36799 4.40355 3.12501 2.0631 2.0631 1.15559 0.65824 0.424904 0.209379 0.12076 0.0806888 0.0282006 0.00793713 0.00651007 0.00220251 0.000644691 7.2163e-05 4.19509e-05 1.15207e-05 2.68428e-06 1.62248e-06 4.61711e-07 1.45033e-07 5.83312e-08 2.00398e-08 0 0 0 0 0 0 0 0 0 0 0 0 0 0 0 0 0 0 0 0 0 0 0 0 0 0 0 0 0 0 0 0 0 0 0 0 0 0 0 0 0 0 0 0 0 0 0 0 0 0 0 0 0 0 0 0 0 0 0 0
760.67 665.925 422.976 145.224 71.4858 71.4858 36.7133 36.7133 25.8166 20.9798 8.67911 8.18121 5.1594 4.93894 1.22994 1.22994 0.898 0.570065 0.305056 0.200694 0.099692 0.0451647 0.0333561 0.00823928 0.00203984 0.00169494 0.000366919 9.2279e-05 3.43341e-05 1.58485e-05 2.36494e-06 1.59817e-06 4.54981e-07 1.66363e-07 4.87825e-08 2.80802e-08 0 0 0 0 0 0 0 0 0 0 0 0 0 0 0 0 0 0 0 0 0 0 0 0 0 0 0 0 0 0 0 0 0 0 0 0 0 0 0 0 0 0 0 0 0 0 0 0 0 0 0 0 0 0 0 0 0 0 0 0
1136.46 576.886 335.031 166.721 107.709 81.8127 48.9218 42.2133 26.1724 10.7258 4.00802 4.00802 3.99155 2.25689 1.51557 0.435272 0.435272 0.407757 0.270965 0.193399 0.146833 0.0290414 0.00843462 0.00418163 0.00221089 0.00132765 0.000387876 4.01694e-05 1.44484e-05 4.96632e-06 2.84765e-06 1.01707e-06 2.33573e-07 8.5809e-08 3.91212e-08 1.30483e-08 0 0 0 0 0 0 0 0 0 0 0 0 0 0 0 0 0 0 0 0 0 0 0 0 0 0 0 0 0 0 0 0 0 0 0 0 0 0 0 0 0 0 0 0 0 0 0 0 0 0 0 0 0 0 0 0 0 0 0 0
1447.3 409.431 373.233 204.266 103.47 95.651 38.7867 33.6326 24.0162 11.6799 9.79594 4.79922 3.04128 2.23933 2.23933 1.16594 0.797738 0.610685 0.27316 0.196656 0.16585 0.0549564 0.0280786 0.0134944 0.00413894 0.000842559 0.000573826 4.6748e-05 4.17536e-05 1.00497e-05 4.26776e-06 1.30658e-06 4.34165e-07 1.54448e-07 4.55741e-08 1.57561e-08 0 0 0 0 0 0 0 0 0 0 0 0 0 0 0 0 0 0 0 0 0 0 0 0 0 0 0 0 0 0 0 0 0 0 0 0 0 0 0 0 0 0 0 0 0 0 0 0 0 0 0 0 0 0 0 0 0 0 0 0
