38158 17016.5 17016.5 7220.6 7220.6 7220.6 7144.4 7144.4 4100.1 4100.1 1981.1 1586.75 1586.75 1340.63 794.596 526.655 82.5035 82.5035 61.1289 40.9536 23.8805 13.7443 5.04751 1.98356 0.764423 0.236502 0.175078 0.0282963 0.00739337 0.00412603 0.00214521 0.000652657 0.000255087 8.22523e-05 2.38375e-05 8.72634e-06 1.96034e-06 7.67617e-07 1.79266e-07 5.94447e-08 1.4391e-08 0 0 0 0 0 0 0 0 0 0 0 0 0 0 0 0 0 0 0 0 0 0 0 0 0 0 0 0 0 0 0 0 0 0 0 0 0 0 0 0 0 0 0 0 0 0 0 0 0 0 0 0 0 0 0
21355.7 21355.7 21355.7 10220.9 9460.81 5311.43 5311.43 5311.43 5311.43 3214.05 3214.05 1768.8 1382.35 1169.87 1169.87 546.223 453.856 413.638 299.852 87.2894 81.5969 53.3549 21.0414 4.43164 1.77243 1.77243 0.345872 0.142646 0.0627988 0.0261798 0.00830852 0.00335241 0.00105849 0.000272971 5.34667e-05 5.01276e-05 1.67875e-05 5.28544e-06 1.92822e-06 2.03696e-07 9.7399e-08 2.81407e-08 0 0 0 0 0 0 0 0 0 0 0 0 0 0 0 0 0 0 0 0 0 0 0 0 0 0 0 0 0 0 0 0 0 0 0 0 0 0 0 0 0 0 0 0 0 0 0 0 0 0 0 0 0 0
22907.9 18779.6 18779.6 13395.8 12027.8 9875.41 7249.98 5747.66 4665.39 3711.25 1648.79 1623.2 1477.83 804.61 672.005 488.102 282.085 118.972 118.972 39.706 27.0573 4.30156 4.30156 2.6356 0.806629 0.442884 0.221755 0.0376599 0.00333564 0.00333564 0.00230884 0.00100003 0.000356617 0.000142846 3.19001e-05 2.02721e-05 4.20937e-06 1.72055e-06 5.84606e-07 1.05015e-07 2.77311e-08 0 0 0 0 0 0 0 0 0 0 0 0 0 0 0 0 0 0 0 0 0 0 0 0 0 0 0 0 0 0 0 0 0 0 0 0 0 0 0 0 0 0 0 0 0 0 0 0 0 0 0 0 0 0 0
15432.3 15432.3 14200 11447.9 11447.9 9370.32 3734.59 3734.59 3734.59 3734.59 3734.59 3181.05 2119.6 2119.6 1202.08 1016.57 662.78 369.522 98.5585 98.5585 79.274 26.7975 23.0532 7.69746 3.49425 1.47694 0.440877 0.103101 0.0246033 0.0127415 0.00841767 0.00279349 0.00105876 0.000376748 0.00011746 4.802e-05 2.00336e-05 6.51406e-06 1.38901e-06 3.40199e-07 7.34538e-08 2.3322e-08 0 0 0 0 0 0 0 0 0 0 0 0 0 0 0 0 0 0 0 0 0 0 0 0 0 0 0 0 0 0 0 0 0 0 0 0 0 0 0 0 0 0 0 0 0 0 0 0 0 0 0 0 0 0
19939 19806.1 16679.1 8049.95 8049.95 8049.95 8049.95 5337.13 5337.13 3701.79 3701.79 2251.64 1180.2 655.271 463.856 274.53 187.376 32.6622 32.6622 32.6622 15.8003 12.7919 6.05782 1.6884 0.655241 0.168678 0.168678 0.0307652 0.0175163 0.0058265 0.00208842 0.00067481 0.000313558 0.000132363 5.28089e-05 1.09759e-05 6.67306e-06 2.33363e-06 4.68303e-07 1.28132e-07 1.51387e-08 0 0 0 0 0 0 0 0 0 0 0 0 0 0 0 0 0 0 0 0 0 0 0 0 0 0 0 0 0 0 0 0 0 0 0 0 0 0 0 0 0 0 0 0 0 0 0 0 0 0 0 0 0 0 0
26237.1 11264.4 11264.4 11264.4 11264.4 10230.7 4981.05 4981.05 2984.56 2984.56 2984.56 2984.56 2383.37 1168.61 1168.61 1168.61 860.814 566.335 468.907 309.334 108.487 80.5692 42.0332 12.2347 6.17188 4.57001 1.79152 0.294202 0.0798841 0.0382748 0.0181066 0.00713299 0.00247507 0.000703089 0.00043605 0.000152514 2.30245e-05 7.84078e-06 3.94675e-06 4.23189e-07 1.89662e-07 6.87365e-08 1.43392e-08 0 0 0 0 0 0 0 0 0 0 0 0 0 0 0 0 0 0 0 0 0 0 0 0 0 0 0 0 0 0 0 0 0 0 0 0 0 0 0 0 0 0 0 0 0 0 0 0 0 0 0 0 0
31632.7 17303.8 16415.3 9448.34 6828.37 6828.37 6828.37 4458.93 4458.93 4458.93 4458.93 3842.05 2478.37 1651.78 871.032 693.776 621.016 273.148 250.037 115.958 47.7935 21.2701 12.0704 6.72029 2.07143 1.08702 0.387758 0.0824796 0.0292403 0.00938471 0.00389353 0.00100663 0.000630773 0.000225853 9.56912e-05 2.65829e-05 1.10916e-05 2.54114e-06 6.11007e-07 2.04111e-07 4.05083e-08 0 0 0 0 0 0 0 0 0 0 0 0 0 0 0 0 0 0 0 0 0 0 0 0 0 0 0 0 0 0 0 0 0 0 0 0 0 0 0 0 0 0 0 0 0 0 0 0 0 0 0 0 0 0 0
23892 13820.2 13820.2 11686.1 11686.1 5761.07 5761.07 3502.84 3502.84 3066.02 3066.02 2003.21 1049.9 1049.9 507.006 390.779 169.727 145.555 72.6275 43.5679 13.1598 10.2114 3.9953 1.01159 0.506102 0.287865 0.0840092 0.0196417 0.00329694 0.00200282 0.000848058 0.000356919 0.000153656 4.31131e-05 1.3261e-05 9.34013e-06 2.32103e-06 7.63191e-07 1.47369e-07 7.58506e-08 0 0 0 0 0 0 0 0 0 0 0 0 0 0 0 0 0 0 0 0 0 0 0 0 0 0 0 0 0 0 0 0 0 0 0 0 0 0 0 0 0 0 0 0 0 0 0 0 0 0 0 0 0 0 0 0
40849.5 28189.7 28189.7 15985.2 15985.2 8019.7 8019.7 8019.7 6337.12 3423.86 2593.25 2129.24 926.357 926.357 508.002 338.49 223.402 123.856 61.0032 46.3801 21.1363 6.32298 3.11378 1.48987 0.485188 0.247653 0.111959 0.0161174 0.00622703 0.00284021 0.00101073 0.000278633 7.41924e-05 6.00078e-05 1.42815e-05 7.19607e-06 1.58626e-06 5.76237e-07 3.14803e-07 5.9127e-08 1.72715e-08 0 0 0 0 0 0 0 0 0 0 0 0 0 0 0 0 0 0 0 0 0 0 0 0 0 0 0 0 0 0 0 0 0 0 0 0 0 0 0 0 0 0 0 0 0 0 0 0 0 0 0 0 0 0 0
27986.2 27614.4 27076.4 18462.1 9609.86 7272.28 7272.28 7272.28 7272.28 7272.28 4033.95 4033.95 3228.42 2438.32 2438.32 2099.92 960.303 960.303 323.627 323.627 321.957 119.021 60.2013 17.5903 12.7917 6.38222 1.37383 0.41844 0.141254 0.0709096 0.0171051 0.00662758 0.0018755 0.00113294 0.000260188 0.000192036 4.56259e-05 1.92925e-05 1.74229e-06 1.01123e-06 2.5172e-07 4.33864e-08 1.03752e-08 0 0 0 0 0 0 0 0 0 0 0 0 0 0 0 0 0 0 0 0 0 0 0 0 0 0 0 0 0 0 0 0 0 0 0 0 0 0 0 0 0 0 0 0 0 0 0 0 0 0 0 0 0
29748.1 11208.1 11208.1 8936.75 7414.06 6221.77 6221.77 4855.19 3766.34 2942.08 2142.59 1098.87 1009.6 614.817 363.92 169.245 112.754 76.9614 47.1194 27.3886 7.50057 5.67985 0.950243 0.677114 0.456355 0.142048 0.0748756 0.0100652 0.00475805 0.000648348 0.000500954 0.000201327 5.06914e-05 2.31694e-05 9.56072e-06 4.32866e-06 1.33872e-06 6.40959e-07 1.27418e-07 1.93942e-08 0 0 0 0 0 0 0 0 0 0 0 0 0 0 0 0 0 0 0 0 0 0 0 0 0 0 0 0 0 0 0 0 0 0 0 0 0 0 0 0 0 0 0 0 0 0 0 0 0 0 0 0 0 0 0 0
29175.5 28544.9 23402.2 10087.2 10087.2 10087.2 2866.69 2866.69 2866.69 2866.69 2866.69 2866.69 2866.69 2866.69 2227.95 1004.77 1004.77 900.954 496.065 463.109 140.379 89.7939 48.6393 21.0258 16.3681 5.84847 3.58515 0.389848 0.156511 0.0347019 0.0297656 0.0110632 0.00161038 0.00153956 0.000556034 0.000215282 3.79078e-05 9.79739e-06 4.84377e-06 1.17749e-06 1.64297e-07 5.75234e-08 1.78912e-08 0 0 0 0 0 0 0 0 0 0 0 0 0 0 0 0 0 0 0 0 0 0 0 0 0 0 0 0 0 0 0 0 0 0 0 0 0 0 0 0 0 0 0 0 0 0 0 0 0 0 0 0 0
20643.6 20643.6 19899.7 12752.1 10356.5 10356.5 6598.68 6598.68 6598.68 5165.58 5165.58 5165.58 3161.3 2257.79 842.035 842.035 650.564 373.465 359.379 268.129 204.766 64.9425 64.9425 17.696 10.6022 3.45534 1.60569 0.406063 0.0759752 0.0298259 0.0209409 0.00788683 0.00360129 0.00131341 0.000555434 9.68369e-05 7.68987e-05 1.38189e-05 7.65889e-06 1.53696e-06 3.7686e-07 1.41966e-07 2.23368e-08 0 0 0 0 0 0 0 0 0 0 0 0 0 0 0 0 0 0 0 0 0 0 0 0 0 0 0 0 0 0 0 0 0 0 0 0 0 0 0 0 0 0 0 0 0 0 0 0 0 0 0 0 0
27497.7 24718.5 19563.3 10731.2 7132.24 4272.36 4272.36 4272.36 2021.38 1976.51 1551.66 1551.66 635.016 635.016 425.772 258.941 258.941 144.297 119.066 46.8149 18.4089 8.76628 4.55201 2.80104 1.04297 0.250377 0.129801 0.0127914 0.00869175 0.00608 0.00262765 0.00101466 0.000281077 0.000129706 2.79181e-05 1.5892e-05 6.20871e-06 1.44936e-06 8.26358e-07 2.07499e-07 1.60579e-08 0 0 0 0 0 0 0 0 0 0 0 0 0 0 0 0 0 0 0 0 0 0 0 0 0 0 0 0 0 0 0 0 0 0 0 0 0 0 0 0 0 0 0 0 0 0 0 0 0 0 0 0 0 0 0
21712.4 20056.6 17980.1 7830.33 7830.33 5534.7 3128.22 3128.22 3128.22 3128.22 2027.19 1839.58 1271.19 867.814 407.158 300.044 238.428 115.392 55.9204 21.5845 17.0938 7.34138 1.86469 1.62745 0.399959 0.179205 0.0438003 0.0177929 0.00246791 0.00246791 0.000701035 0.000193092 9.04238e-05 2.62832e-05 1.14149e-05 2.06644e-06 1.7556e-06 4.33748e-07 1.54745e-07 2.89982e-08 1.19931e-08 0 0 0 0 0 0 0 0 0 0 0 0 0 0 0 0 0 0 0 0 0 0 0 0 0 0 0 0 0 0 0 0 0 0 0 0 0 0 0 0 0 0 0 0 0 0 0 0 0 0 0 0 0 0 0
26049.7 26049.7 13777.6 9635.8 9635.8 9635.8 6906.39 6906.39 6906.39 6906.39 6906.39 1782.06 1782.06 1782.06 1782.06 1447.82 578.081 578.081 531.554 169.961 50.8193 50.8193 50.8193 29.7899 13.4991 3.78335 2.25859 0.407226 0.16593 0.0889441 0.0300647 0.0148128 0.00250623 0.00169735 0.000612843 0.000237341 7.24054e-05 2.7195e-05 5.74024e-06 1.19319e-06 2.31556e-07 1.25797e-07 2.00482e-08 0 0 0 0 0 0 0 0 0 0 0 0 0 0 0 0 0 0 0 0 0 0 0 0 0 0 0 0 0 0 0 0 0 0 0 0 0 0 0 0 0 0 0 0 0 0 0 0 0 0 0 0 0
23093.1 19402.4 19402.4 12272.7 11943.1 10426.1 10426.1 8048.24 8048.24 3785.24 2356.81 2356.81 2228.02 2193.53 1658.77 992.555 803.464 337.028 220.044 78.1282 50.8085 20.0425 11.3988 3.23595 1.4038 0.815641 0.520777 0.0452638 0.0238342 0.0102865 0.00191017 0.000770111 0.000272446 0.000182998 2.33737e-05 2.33737e-05 7.60834e-06 1.4177e-06 4.19866e-07 1.82111e-07 4.82147e-08 0 0 0 0 0 0 0 0 0 0 0 0 0 0 0 0 0 0 0 0 0 0 0 0 0 0 0 0 0 0 0 0 0 0 0 0 0 0 0 0 0 0 0 0 0 0 0 0 0 0 0 0 0 0 0
28778.1 14675.9 6633.51 6633.51 6633.51 6633.51 5316.12 5316.12 5316.12 4867.8 4273.45 4095.99 4051.12 1357.86 644.007 483.42 483.42 442.405 292.501 148.873 62.0724 32.4761 14.8814 9.93247 2.38928 1.21695 0.347262 0.0560689 0.0404828 0.0148671 0.0055847 0.00120277 0.000678912 0.000191079 4.77818e-05 3.19355e-05 1.60998e-05 2.91427e-06 9.53865e-07 1.38072e-07 7.03961e-08 1.51886e-08 0 0 0 0 0 0 0 0 0 0 0 0 0 0 0 0 0 0 0 0 0 0 0 0 0 0 0 0 0 0 0 0 0 0 0 0 0 0 0 0 0 0 0 0 0 0 0 0 0 0 0 0 0 0
10007 10007 10007 5655.6 5655.6 5655.6 5591.44 3299.88 1921.71 1921.71 910.866 910.866 862.293 473.818 268.896 160.141 79.0439 46.07 24.3358 11.1283 6.40191 3.15775 1.68348 0.479058 0.19946 0.138202 0.0445336 0.00838105 0.00111263 0.00111263 0.00046161 0.000167174 8.17926e-05 1.65552e-05 8.00351e-06 1.87216e-06 6.88425e-07 3.31434e-07 1.10842e-07 1.31109e-08 0 0 0 0 0 0 0 0 0 0 0 0 0 0 0 0 0 0 0 0 0 0 0 0 0 0 0 0 0 0 0 0 0 0 0 0 0 0 0 0 0 0 0 0 0 0 0 0 0 0 0 0 0 0 0 0
14747.8 8929.34 8929.34 8929.34 8929.34 8929.34 8929.34 5356.82 5356.82 4458.74 4114.66 2658.83 2482.68 1635.95 1356.65 829.38 408.227 384.809 187.159 133.041 58.975 22.1978 12.3153 2.64201 2.46543 0.864108 0.433048 0.0719005 0.0286133 0.0104037 0.00435224 0.00174027 0.000485053 0.000156209 6.39088e-05 3.52484e-05 8.42449e-06 2.04288e-06 7.38496e-07 1.13092e-07 4.93279e-08 1.38887e-08 0 0 0 0 0 0 0 0 0 0 0 0 0 0 0 0 0 0 0 0 0 0 0 0 0 0 0 0 0 0 0 0 0 0 0 0 0 0 0 0 0 0 0 0 0 0 0 0 0 0 0 0 0 0
20933.2 19019.5 10071.1 8842.65 8842.65 8842.65 8776.86 3501.55 3501.55 3501.55 3273.65 2631.67 2157.63 1760.74 639.399 472.806 387.573 223.354 135.367 61.0194 31.932 17.241 5.92017 4.11716 0.976525 0.479954 0.395682 0.0610844 0.00831574 0.00558068 0.00223072 0.00103629 0.000629133 0.000117337 5.06445e-05 1.97672e-05 9.78481e-06 2.48616e-06 3.36502e-07 8.78948e-08 5.13156e-08 0 0 0 0 0 0 0 0 0 0 0 0 0 0 0 0 0 0 0 0 0 0 0 0 0 0 0 0 0 0 0 0 0 0 0 0 0 0 0 0 0 0 0 0 0 0 0 0 0 0 0 0 0 0 0
22449.3 22449.3 21204 14291.8 14291.8 9374.88 5683.75 5683.75 5683.75 5683.75 4322.65 2461.86 2141.79 1310.64 667.206 633.338 297.081 191.27 115.365 67.9864 32.3884 11.1743 6.65713 3.16785 1.47091 0.454602 0.228886 0.0549761 0.0196576 0.00758719 0.00299556 0.00139245 0.000310316 0.000125356 6.61138e-05 1.78905e-05 8.05932e-06 3.82292e-06 5.50421e-07 1.54172e-07 3.11833e-08 1.11617e-08 0 0 0 0 0 0 0 0 0 0 0 0 0 0 0 0 0 0 0 0 0 0 0 0 0 0 0 0 0 0 0 0 0 0 0 0 0 0 0 0 0 0 0 0 0 0 0 0 0 0 0 0 0 0
20049.4 13712.8 13712.8 7024.23 7024.23 7024.23 6443.29 3146.14 3146.14 2043.45 2043.45 947.146 726.181 726.181 403.863 403.863 280.657 194.517 97.7472 70.0131 27.5022 7.46531 4.56981 1.87959 0.775415 0.289495 0.0823041 0.0288034 0.00874824 0.00267885 0.00147561 0.00039072 0.000198568 6.4482e-05 3.06149e-05 1.02452e-05 3.60989e-06 7.03914e-07 3.5574e-07 8.39884e-08 2.22163e-08 0 0 0 0 0 0 0 0 0 0 0 0 0 0 0 0 0 0 0 0 0 0 0 0 0 0 0 0 0 0 0 0 0 0 0 0 0 0 0 0 0 0 0 0 0 0 0 0 0 0 0 0 0 0 0
17676.6 13957.1 13957.1 10965.3 10965.3 8753.62 7774.32 5321.01 4940.58 4940.58 1963.68 1963.68 1117.39 1038.4 1038.4 301.69 301.69 301.69 285.619 91.1113 70.9289 29.6426 11.6147 5.597 2.28457 1.43974 0.995356 0.106984 0.055567 0.0231424 0.00950027 0.00305184 0.00176096 0.000454653 0.00016998 8.76238e-05 1.63678e-05 8.42141e-06 1.28921e-06 4.24559e-07 1.48545e-07 3.40391e-08 0 0 0 0 0 0 0 0 0 0 0 0 0 0 0 0 0 0 0 0 0 0 0 0 0 0 0 0 0 0 0 0 0 0 0 0 0 0 0 0 0 0 0 0 0 0 0 0 0 0 0 0 0 0
33414.6 9633.43 9633.43 7966.84 7966.84 6818.43 6210.81 5560.05 3188.7 1583.95 1583.95 1417.15 898.973 567.765 397.332 279.76 148.129 113.682 67.2857 36.2401 12.8025 6.90745 2.77564 1.38485 0.761204 0.356094 0.146546 0.018638 0.00723707 0.00320019 0.00142985 0.000526169 0.000143751 5.00817e-05 2.38657e-05 7.99466e-06 1.06034e-06 1.06034e-06 1.56154e-07 7.06032e-08 1.14011e-08 0 0 0 0 0 0 0 0 0 0 0 0 0 0 0 0 0 0 0 0 0 0 0 0 0 0 0 0 0 0 0 0 0 0 0 0 0 0 0 0 0 0 0 0 0 0 0 0 0 0 0 0 0 0 0
27735.4 25355.9 17040.8 15013.8 9033.96 8661.74 5274.03 5274.03 3111.49 1867.24 1503.95 733.667 733.667 636.175 530.278 285.217 152.477 123.487 33.662 30.984 13.2589 8.17748 2.8842 1.04517 0.455552 0.358923 0.140582 0.0190978 0.00730488 0.00290397 0.00119501 0.000268676 0.000190662 7.17373e-05 2.54151e-05 6.56387e-06 1.16197e-06 1.16197e-06 2.40191e-07 8.11269e-08 2.07773e-08 0 0 0 0 0 0 0 0 0 0 0 0 0 0 0 0 0 0 0 0 0 0 0 0 0 0 0 0 0 0 0 0 0 0 0 0 0 0 0 0 0 0 0 0 0 0 0 0 0 0 0 0 0 0 0
19303.6 19303.6 14308.5 14308.5 9442.99 9442.99 6387.06 4503.02 4503.02 3048.12 2827.58 2827.58 1821.14 1568.11 761.455 761.455 456.857 302.148 153.543 133.379 43.2249 22.9739 10.1758 7.25419 2.23928 1.01223 0.493656 0.0395515 0.0212109 0.00532916 0.00311685 0.00129574 0.000470239 0.000173807 4.57163e-05 3.41498e-05 1.37666e-05 2.12692e-06 7.67753e-07 3.31707e-07 4.62584e-08 2.25395e-08 0 0 0 0 0 0 0 0 0 0 0 0 0 0 0 0 0 0 0 0 0 0 0 0 0 0 0 0 0 0 0 0 0 0 0 0 0 0 0 0 0 0 0 0 0 0 0 0 0 0 0 0 0 0
26568.2 17369.9 17124.6 13098.8 9522.54 9522.54 9522.54 7884.6 6100.58 5523.08 3966.97 3966.97 2826.84 2660.07 666.28 504.9 504.9 219.69 182.286 103.238 32.809 16.7433 9.29054 4.39721 2.57325 0.958919 0.350089 0.0737641 0.0215102 0.00696655 0.00236018 0.00109762 0.000366061 0.000142784 3.09966e-05 1.14444e-05 5.14356e-06 2.13094e-06 4.69946e-07 8.68981e-08 1.8228e-08 0 0 0 0 0 0 0 0 0 0 0 0 0 0 0 0 0 0 0 0 0 0 0 0 0 0 0 0 0 0 0 0 0 0 0 0 0 0 0 0 0 0 0 0 0 0 0 0 0 0 0 0 0 0 0
25373.1 14117.2 14117.2 14117.2 8728.53 7659.88 4966.79 3821.3 3821.3 3821.3 2578.84 2525.75 2027.11 900.081 573.534 339.9 276.918 119.343 39.7509 27.8556 12.5502 8.61241 2.62807 1.21219 0.749321 0.363297 0.0899299 0.0234102 0.0125208 0.00290895 0.00140126 0.000304741 0.000222487 6.62082e-05 2.74601e-05 8.71432e-06 3.4473e-06 1.23944e-06 1.99677e-07 3.88325e-08 0 0 0 0 0 0 0 0 0 0 0 0 0 0 0 0 0 0 0 0 0 0 0 0 0 0 0 0 0 0 0 0 0 0 0 0 0 0 0 0 0 0 0 0 0 0 0 0 0 0 0 0 0 0 0 0
29913 19601.2 19601.2 11769.3 3975.87 3975.87 3975.87 3536.11 3536.11 3391.93 1670.83 829.094 710.342 607.763 343.422 288.059 140.065 72.8694 39.6591 21.7425 8.92272 3.56541 1.38041 0.845501 0.239606 0.128752 0.0459349 0.00760636 0.00170834 0.00162051 0.000745173 0.000190422 8.72732e-05 4.9746e-05 1.51479e-05 1.85771e-06 1.37104e-06 3.33914e-07 7.95762e-08 2.75354e-08 0 0 0 0 0 0 0 0 0 0 0 0 0 0 0 0 0 0 0 0 0 0 0 0 0 0 0 0 0 0 0 0 0 0 0 0 0 0 0 0 0 0 0 0 0 0 0 0 0 0 0 0 0 0 0 0
33343.5 18716.4 18561.9 11430.8 11430.8 11430.8 5676.89 5676.89 2875.71 2875.71 2714.65 2109.59 1771.46 1771.46 1751.33 919.741 383.082 313.552 199.678 199.678 88.6891 72.0144 17.3935 17.3935 4.63239 2.39511 1.28615 0.2221 0.0883106 0.0463906 0.0153433 0.00554906 0.0029202 0.00142636 0.000283659 0.000135719 4.47955e-05 1.6539e-05 3.50799e-06 7.45104e-07 1.60646e-07 3.82374e-08 0 0 0 0 0 0 0 0 0 0 0 0 0 0 0 0 0 0 0 0 0 0 0 0 0 0 0 0 0 0 0 0 0 0 0 0 0 0 0 0 0 0 0 0 0 0 0 0 0 0 0 0 0 0
25619.1 21818.3 19489.8 8709.2 8709.2 8709.2 2892.03 2892.03 2892.03 2697.03 2697.03 1449.55 1449.55 1449.55 1157.46 784.622 421.161 201.25 186.507 58.6942 56.2083 25.1793 7.31001 4.5241 2.2933 1.01371 0.218105 0.0725133 0.0185684 0.0130747 0.004611 0.00181699 0.000535337 0.00015799 4.57644e-05 2.73131e-05 1.29565e-05 3.78598e-06 8.32108e-07 1.94742e-07 5.06965e-08 1.78542e-08 0 0 0 0 0 0 0 0 0 0 0 0 0 0 0 0 0 0 0 0 0 0 0 0 0 0 0 0 0 0 0 0 0 0 0 0 0 0 0 0 0 0 0 0 0 0 0 0 0 0 0 0 0 0
11321.8 11321.8 11321.8 10505.5 7979.45 6233.64 5692.85 3209.37 2734.57 1645.78 1645.78 1069.48 791.494 609.078 343.245 238.188 115.829 93.853 63.4894 21.2184 11.2618 5.04461 2.02984 0.843793 0.429135 0.154182 0.0988595 0.00886181 0.00389127 0.00201822 0.000261344 0.000244014 0.000124701 1.57615e-05 1.57615e-05 4.10074e-06 9.72752e-07 5.83904e-07 1.11631e-07 3.46189e-08 0 0 0 0 0 0 0 0 0 0 0 0 0 0 0 0 0 0 0 0 0 0 0 0 0 0 0 0 0 0 0 0 0 0 0 0 0 0 0 0 0 0 0 0 0 0 0 0 0 0 0 0 0 0 0 0
15705 15705 15705 13338.3 9066.24 9066.24 6511.44 5875.44 5281.93 4659.45 4659.45 3141.38 3141.38 2698.08 1476.23 1076.21 722.73 526.283 437.96 225.062 88.5496 66.9026 13.4585 10.5626 4.83335 1.62913 0.273326 0.0962584 0.0593907 0.0188586 0.0080937 0.00289985 0.00179053 0.000538979 0.000225177 6.28912e-05 2.40927e-05 6.26e-06 1.92409e-06 3.80906e-07 4.39228e-08 1.46109e-08 0 0 0 0 0 0 0 0 0 0 0 0 0 0 0 0 0 0 0 0 0 0 0 0 0 0 0 0 0 0 0 0 0 0 0 0 0 0 0 0 0 0 0 0 0 0 0 0 0 0 0 0 0 0
20800.8 20800.8 12145.5 11293.7 11293.7 11293.7 2731.12 2731.12 2731.12 2731.12 2731.12 2731.12 2625.77 1538.5 692.245 310.733 310.733 212.849 199.674 90.1489 67.2285 27.9324 11.8618 6.31075 1.8755 1.36755 0.594498 0.0849759 0.0286355 0.0096802 0.00438367 0.00178447 0.000380009 0.000301306 6.84067e-05 3.55127e-05 1.11762e-05 3.08708e-06 6.5458e-07 1.54546e-07 6.12587e-08 1.479e-08 0 0 0 0 0 0 0 0 0 0 0 0 0 0 0 0 0 0 0 0 0 0 0 0 0 0 0 0 0 0 0 0 0 0 0 0 0 0 0 0 0 0 0 0 0 0 0 0 0 0 0 0 0 0
21556.2 19495.5 11752.8 6402.42 6402.42 3337.37 3337.37 3337.37 3303.76 1077.68 1077.68 1077.68 660.407 259.169 212.731 160.828 39.3305 39.3305 19.1224 10.9062 3.90754 3.17331 0.704051 0.452141 0.303316 0.116392 0.0399081 0.00351117 0.00254528 0.00119143 0.000289362 0.000147328 6.1522e-05 2.25167e-05 1.03921e-05 4.10732e-06 1.43364e-06 4.20303e-07 9.93643e-08 2.03153e-08 0 0 0 0 0 0 0 0 0 0 0 0 0 0 0 0 0 0 0 0 0 0 0 0 0 0 0 0 0 0 0 0 0 0 0 0 0 0 0 0 0 0 0 0 0 0 0 0 0 0 0 0 0 0 0 0
28931.7 20610.2 12286.1 12286.1 12286.1 4621 4621 2401.82 2401.82 2401.82 1850.06 857.538 756.683 756.683 466.49 453.5 201.465 115.068 82.0675 27.0002 17.8362 8.27005 2.01423 1.50363 0.485955 0.298127 0.0806692 0.0155425 0.00762122 0.00240111 0.000923224 0.000348563 0.000112551 4.63139e-05 1.21769e-05 3.48016e-06 1.32374e-06 5.49653e-07 1.907e-07 2.31229e-08 0 0 0 0 0 0 0 0 0 0 0 0 0 0 0 0 0 0 0 0 0 0 0 0 0 0 0 0 0 0 0 0 0 0 0 0 0 0 0 0 0 0 0 0 0 0 0 0 0 0 0 0 0 0 0 0
21814.6 16749.1 10916.6 7686.7 7686.7 6575.17 5003.6 3531.74 2800.17 2800.17 1757.44 1518.31 1430.96 890.23 482.873 247.804 155.015 88.9591 74.0944 20.114 15.6218 3.90698 2.52768 1.8344 0.568342 0.24395 0.0997541 0.0176659 0.00519792 0.00268706 0.000644965 0.000328659 0.000121171 5.42366e-05 1.28565e-05 2.82224e-06 6.18107e-07 1.82767e-07 1.4047e-07 3.69702e-08 0 0 0 0 0 0 0 0 0 0 0 0 0 0 0 0 0 0 0 0 0 0 0 0 0 0 0 0 0 0 0 0 0 0 0 0 0 0 0 0 0 0 0 0 0 0 0 0 0 0 0 0 0 0 0 0
18552.9 18552.9 15158.1 15158.1 13821 8938.1 8938.1 8938.1 4964.53 4699.95 4491.18 4125.56 2642.46 2345.56 1084.54 822.748 822.748 497.899 366.5 164.823 85.2881 16.894 12.5571 5.20528 4.09841 1.98017 0.793189 0.0787537 0.0448923 0.0208855 0.00624445 0.00185113 0.000720907 0.000356466 9.41596e-05 5.20528e-05 2.69244e-05 6.96389e-06 1.7405e-06 3.13878e-07 9.26895e-08 1.77496e-08 0 0 0 0 0 0 0 0 0 0 0 0 0 0 0 0 0 0 0 0 0 0 0 0 0 0 0 0 0 0 0 0 0 0 0 0 0 0 0 0 0 0 0 0 0 0 0 0 0 0 0 0 0 0
23917.8 18677.3 18302.6 11830.4 7522.71 7522.71 4757.76 4411.18 1360.57 1360.57 1030.5 234.037 234.037 218.854 69.1573 69.1573 47.4972 27.7434 5.0849 2.19723 1.68624 0.783624 0.138859 0.138859 0.0535881 0.0355929 0.0118746 0.00102696 0.00072249 0.000229683 8.35096e-05 2.82383e-05 1.01285e-05 5.62631e-06 9.39858e-07 7.55358e-07 1.38857e-07 5.63882e-08 1.02881e-08 0 0 0 0 0 0 0 0 0 0 0 0 0 0 0 0 0 0 0 0 0 0 0 0 0 0 0 0 0 0 0 0 0 0 0 0 0 0 0 0 0 0 0 0 0 0 0 0 0 0 0 0 0 0 0 0 0
36766.4 10927.4 10927.4 6961.88 6961.88 6961.88 6961.88 5519.53 5519.53 3650.84 1838.41 1210.42 1020.39 654.79 654.79 502.623 158.6 150.594 141.48 34.1425 30.4386 11.5427 5.02732 1.47522 1.25909 0.354116 0.204645 0.0131467 0.0109572 0.00169698 0.00104007 0.000277476 9.64747e-05 5.71376e-05 2.11209e-05 3.94235e-06 2.03841e-06 6.35777e-07 2.07677e-07 7.67405e-08 1.02192e-08 0 0 0 0 0 0 0 0 0 0 0 0 0 0 0 0 0 0 0 0 0 0 0 0 0 0 0 0 0 0 0 0 0 0 0 0 0 0 0 0 0 0 0 0 0 0 0 0 0 0 0 0 0 0 0
20743.7 20743.7 20743.7 16784.9 16784.9 13724.9 10816.8 10816.8 7079.85 7079.85 5191.67 4532.75 3410.55 2556.03 1913.09 1492.92 837.01 778.339 603.973 109.754 83.6506 83.6506 56.7614 23.0388 13.3905 5.98769 3.22976 0.393652 0.233097 0.0479932 0.0299736 0.0127991 0.00415557 0.0014859 0.000580659 0.000228894 6.64136e-05 2.0089e-05 2.76118e-06 1.28745e-06 2.56007e-07 2.74013e-08 1.28334e-08 0 0 0 0 0 0 0 0 0 0 0 0 0 0 0 0 0 0 0 0 0 0 0 0 0 0 0 0 0 0 0 0 0 0 0 0 0 0 0 0 0 0 0 0 0 0 0 0 0 0 0 0 0
12990 12990 12990 6052.37 6052.37 6052.37 4419.8 4419.8 4419.8 3222.77 2017.03 2017.03 2017.03 1445.7 1213.35 473.792 289.586 134.25 134.25 34.7339 8.43659 8.2855 2.81669 1.86981 0.441483 0.330599 0.129068 0.0251059 0.00835975 0.00411463 0.00121346 0.000549086 0.000150394 6.28874e-05 3.15933e-05 1.22795e-05 4.93072e-06 8.54818e-07 3.2552e-07 1.2553e-07 2.24059e-08 0 0 0 0 0 0 0 0 0 0 0 0 0 0 0 0 0 0 0 0 0 0 0 0 0 0 0 0 0 0 0 0 0 0 0 0 0 0 0 0 0 0 0 0 0 0 0 0 0 0 0 0 0 0 0
11478.3 11478.3 3855.15 3855.15 3855.15 3855.15 3855.15 3855.15 3855.15 3855.15 2833.27 2833.27 2833.27 2833.27 2288.91 1786.11 883.227 883.227 839.11 491.602 156.918 133.375 78.6848 34.0966 18.7165 8.06397 3.10091 0.660981 0.290717 0.0697973 0.0326288 0.0124018 0.00449575 0.00190546 0.000808173 0.000283133 0.000113164 4.55335e-05 3.02761e-06 1.72802e-06 2.46332e-07 1.03731e-07 2.48604e-08 0 0 0 0 0 0 0 0 0 0 0 0 0 0 0 0 0 0 0 0 0 0 0 0 0 0 0 0 0 0 0 0 0 0 0 0 0 0 0 0 0 0 0 0 0 0 0 0 0 0 0 0 0
17732.2 17732.2 8680.43 3857.04 3857.04 3857.04 3592.85 3401.2 3401.2 1545.97 1130.6 863.681 823.693 464.184 273.875 89.4216 89.4216 46.2167 15.9915 14.3197 5.82604 2.34086 1.40749 0.570344 0.260449 0.169413 0.0413348 0.00923524 0.00309398 0.00190683 0.000753734 0.000179219 8.33763e-05 2.01256e-05 1.25314e-05 4.08927e-06 1.10892e-06 4.03934e-07 6.76099e-08 1.19808e-08 0 0 0 0 0 0 0 0 0 0 0 0 0 0 0 0 0 0 0 0 0 0 0 0 0 0 0 0 0 0 0 0 0 0 0 0 0 0 0 0 0 0 0 0 0 0 0 0 0 0 0 0 0 0 0 0
38329.5 28798.1 26725 6454.01 6454.01 6454.01 6454.01 6454.01 4315.32 4315.32 2561.79 2561.79 1989.61 1159.52 559.586 559.586 252.97 186.15 125.254 77.6868 34.9815 14.7648 8.45942 2.61269 1.71631 0.615892 0.354993 0.052437 0.014503 0.0101897 0.00410331 0.00102938 0.000359397 0.00025213 5.48269e-05 1.81978e-05 7.50445e-06 2.88513e-06 6.67888e-07 1.92034e-07 4.75251e-08 1.46309e-08 0 0 0 0 0 0 0 0 0 0 0 0 0 0 0 0 0 0 0 0 0 0 0 0 0 0 0 0 0 0 0 0 0 0 0 0 0 0 0 0 0 0 0 0 0 0 0 0 0 0 0 0 0 0
22319.2 21692.3 18783 11774.2 11774.2 10110.3 5228.85 5228.85 4182.44 4018.2 1611.9 1611.9 994.024 851.757 300.992 148.689 108.103 76.3986 52.5211 18.2374 12.9104 6.82482 3.31386 0.640004 0.248855 0.248855 0.118556 0.0182845 0.00736329 0.00261343 0.000834529 0.000309745 0.000131835 3.67318e-05 1.07631e-05 4.42674e-06 2.55121e-06 5.03137e-07 1.77589e-07 5.06462e-08 1.73154e-08 0 0 0 0 0 0 0 0 0 0 0 0 0 0 0 0 0 0 0 0 0 0 0 0 0 0 0 0 0 0 0 0 0 0 0 0 0 0 0 0 0 0 0 0 0 0 0 0 0 0 0 0 0 0 0
25449.1 18367.3 9769.16 9769.16 9769.16 9064.01 5201.69 4870.37 3836.01 2726.42 1587.24 1561.74 514.565 322.949 321.228 99.2912 70.3948 68.3815 36.8433 4.92698 4.92698 2.81199 1.4896 0.750936 0.304797 0.137586 0.0720615 0.00715313 0.00406396 0.0013838 0.000390155 0.000208253 9.16692e-05 3.27129e-05 2.344e-06 2.344e-06 1.14744e-06 4.43922e-07 1.43263e-07 2.26962e-08 0 0 0 0 0 0 0 0 0 0 0 0 0 0 0 0 0 0 0 0 0 0 0 0 0 0 0 0 0 0 0 0 0 0 0 0 0 0 0 0 0 0 0 0 0 0 0 0 0 0 0 0 0 0 0 0
18244.2 7236.59 7236.59 7236.59 7236.59 7236.59 7236.59 7236.59 6092.05 3107.21 3107.21 3107.21 3107.21 1854.97 1854.97 1188.48 1188.48 628.529 310.3 258.006 199.033 101.548 40.8658 12.7489 9.22453 4.06212 1.78011 0.134818 0.0932567 0.0398615 0.0204455 0.00571095 0.00176296 0.000428685 0.000156624 8.35391e-05 2.34712e-05 8.88959e-06 1.81742e-06 3.98205e-07 1.42615e-07 1.21656e-08 0 0 0 0 0 0 0 0 0 0 0 0 0 0 0 0 0 0 0 0 0 0 0 0 0 0 0 0 0 0 0 0 0 0 0 0 0 0 0 0 0 0 0 0 0 0 0 0 0 0 0 0 0 0
22434 22434 19165.1 18148.5 9574.98 9574.98 9574.98 7653.44 4735.28 4735.28 4228.39 2011.48 2011.48 1485.82 976.108 891.991 468.735 323.315 225.928 144.683 70.1153 16.5129 7.14096 3.74867 1.71518 0.272563 0.176105 0.0486638 0.0197041 0.00936106 0.0032602 0.00101166 0.00067842 0.000136523 6.49744e-05 1.29756e-05 8.6897e-06 2.81873e-06 4.11705e-07 2.13696e-07 4.23641e-08 0 0 0 0 0 0 0 0 0 0 0 0 0 0 0 0 0 0 0 0 0 0 0 0 0 0 0 0 0 0 0 0 0 0 0 0 0 0 0 0 0 0 0 0 0 0 0 0 0 0 0 0 0 0 0
29739.7 24808.4 24808.4 16974.5 12286.2 12286.2 10981.9 10553.8 5288.35 3043.02 3043.02 3043.02 1441.48 916.358 916.358 699.349 186 118.674 116.962 71.7336 30.3805 14.4089 5.06449 1.20373 1.20373 0.463987 0.292242 0.0468847 0.022789 0.00794857 0.00253303 0.00107387 0.000448713 9.14663e-05 5.09977e-05 1.60575e-05 3.21685e-06 1.50297e-06 7.25268e-07 1.39277e-07 2.68252e-08 0 0 0 0 0 0 0 0 0 0 0 0 0 0 0 0 0 0 0 0 0 0 0 0 0 0 0 0 0 0 0 0 0 0 0 0 0 0 0 0 0 0 0 0 0 0 0 0 0 0 0 0 0 0 0
