7484.5 6288.66 4552.36 2448.97 1615.63 1256.72 870.624 639.845 446.222 355.444 263.503 219.218 183.852 167.583 149.531 140.864 129.66 123.243 120.479 116.864 114.434 112.205 106.613 104.786 103.076 101.75 101.038 100.48 100.364 100.204 100.133 100.077 100.047 100.028 100.019 100.011 100.008 100.004 100.003 100.001 100 100 100 100 100 100 100 100 100 100 100 100 100 100 100 100 100 100 100 100 100 100 100 100 100 100 100 100 100 100 100 100 100 100 100 100 100 100 100 100 100 100 100 100 100 100 100 100 100 100 100 100 100 100 100
6884.76 6063.26 4021.31 2420.19 1872.13 1513.59 964.185 609.65 562.015 367.083 253.287 249.532 196.486 173.581 159.907 142.509 131.23 126.225 118.631 117.157 114.234 112.848 110.265 106.029 102.967 101.867 101.124 100.723 100.254 100.247 100.142 100.1 100.051 100.03 100.022 100.012 100.008 100.005 100.003 100.001 100 100 100 100 100 100 100 100 100 100 100 100 100 100 100 100 100 100 100 100 100 100 100 100 100 100 100 100 100 100 100 100 100 100 100 100 100 100 100 100 100 100 100 100 100 100 100 100 100 100 100 100 100 100 100
8590.93 5966.86 5033.49 2394.88 1609.8 1170.93 1022.95 675.504 469.045 378.222 252.151 229.649 184.491 167.969 156.443 140.468 130.188 123.568 118.93 117.21 114.499 112.834 109.401 104.402 103.779 101.762 101.057 100.642 100.341 100.235 100.113 100.08 100.05 100.034 100.018 100.012 100.006 100.004 100.003 100.001 100 100 100 100 100 100 100 100 100 100 100 100 100 100 100 100 100 100 100 100 100 100 100 100 100 100 100 100 100 100 100 100 100 100 100 100 100 100 100 100 100 100 100 100 100 100 100 100 100 100 100 100 100 100 100
8250.87 6773.76 4993.15 2639.96 1917.91 1768.63 1501.77 857.146 637.302 471.142 358.834 275.316 231.676 187.37 167.861 152.054 140.515 131.097 124.793 120.326 117.058 114.634 113.119 109.773 104.935 102.379 101.358 100.842 100.547 100.333 100.189 100.095 100.076 100.043 100.024 100.016 100.01 100.006 100.004 100.001 100 100 100 100 100 100 100 100 100 100 100 100 100 100 100 100 100 100 100 100 100 100 100 100 100 100 100 100 100 100 100 100 100 100 100 100 100 100 100 100 100 100 100 100 100 100 100 100 100 100 100 100 100 100 100
6649.04 4613.79 3162.38 2687.47 1938.04 1424.77 1090.43 786.268 615.117 412.834 313.258 257.167 212.832 167.527 161.674 145.198 134.881 127.753 122.184 118.096 115.101 113.681 108.824 106.426 102.523 101.388 101.263 100.666 100.369 100.191 100.137 100.092 100.056 100.033 100.019 100.013 100.008 100.005 100.003 100.001 100 100 100 100 100 100 100 100 100 100 100 100 100 100 100 100 100 100 100 100 100 100 100 100 100 100 100 100 100 100 100 100 100 100 100 100 100 100 100 100 100 100 100 100 100 100 100 100 100 100 100 100 100 100 100
7526.53 6955.82 6491.41 2812.9 2574.04 1861.1 1578.69 1164.61 694.638 577.818 431.333 326.003 240.686 206.112 180.669 155.317 140.689 133.449 125.536 119.974 116.521 115.053 112.685 109.262 105.899 103.296 102.332 101.144 100.747 100.343 100.193 100.12 100.075 100.051 100.029 100.019 100.011 100.007 100.004 100.001 100 100 100 100 100 100 100 100 100 100 100 100 100 100 100 100 100 100 100 100 100 100 100 100 100 100 100 100 100 100 100 100 100 100 100 100 100 100 100 100 100 100 100 100 100 100 100 100 100 100 100 100 100 100 100
7586.14 6773.25 4548.11 2638.39 1981.6 1444.79 1016.81 831.277 619.309 423.748 285.192 246.972 200.094 184.64 156.694 141.328 133.016 127.484 122.275 116.56 115.691 113.335 111.353 107.418 104.183 102.561 101.308 100.645 100.389 100.267 100.153 100.11 100.065 100.036 100.022 100.014 100.008 100.006 100.003 100.001 100 100 100 100 100 100 100 100 100 100 100 100 100 100 100 100 100 100 100 100 100 100 100 100 100 100 100 100 100 100 100 100 100 100 100 100 100 100 100 100 100 100 100 100 100 100 100 100 100 100 100 100 100 100 100
4826.78 4826.78 4826.78 2921.41 2021.23 1709.23 1198.63 888.423 594.583 374.712 315.187 278.216 214.906 181.972 156.902 150.098 138.514 125.685 122.423 117.753 116.308 114.261 111.336 107.483 103.771 102.442 101.177 100.794 100.418 100.256 100.142 100.094 100.058 100.034 100.019 100.011 100.007 100.004 100.003 100.001 100 100 100 100 100 100 100 100 100 100 100 100 100 100 100 100 100 100 100 100 100 100 100 100 100 100 100 100 100 100 100 100 100 100 100 100 100 100 100 100 100 100 100 100 100 100 100 100 100 100 100 100 100 100 100
6267.17 4275.96 3528.86 2191.88 1918.56 1576.84 960.555 725.874 649.116 391.408 325.816 258.442 205.994 176.642 160.175 141.196 128.967 126.829 123.296 118.302 115.27 113.436 111.085 106.995 104.414 102.532 101.563 100.749 100.53 100.26 100.18 100.106 100.066 100.04 100.022 100.014 100.009 100.005 100.004 100.001 100 100 100 100 100 100 100 100 100 100 100 100 100 100 100 100 100 100 100 100 100 100 100 100 100 100 100 100 100 100 100 100 100 100 100 100 100 100 100 100 100 100 100 100 100 100 100 100 100 100 100 100 100 100 100
6502.36 5847.9 5331.09 2698.8 1888.44 1523.33 1257.3 887.576 594.23 457.612 346.666 295.14 207.415 177.016 159.313 147.512 135.6 128.244 119.747 119.332 115.859 113.706 105.055 105.055 104.791 102.351 101.408 100.765 100.432 100.252 100.155 100.103 100.062 100.034 100.021 100.014 100.009 100.006 100.004 100.001 100 100 100 100 100 100 100 100 100 100 100 100 100 100 100 100 100 100 100 100 100 100 100 100 100 100 100 100 100 100 100 100 100 100 100 100 100 100 100 100 100 100 100 100 100 100 100 100 100 100 100 100 100 100 100
8789.67 6907.34 4346.88 2226.38 1982.92 1409.42 1145.67 749.019 552.19 429.43 323.461 255.241 217.649 188.693 156.229 143.869 135.984 126.995 122.701 117.901 114.544 114.169 110.076 106.837 105.14 102.49 101.421 100.773 100.393 100.222 100.149 100.094 100.054 100.033 100.02 100.013 100.008 100.005 100.003 100.001 100 100 100 100 100 100 100 100 100 100 100 100 100 100 100 100 100 100 100 100 100 100 100 100 100 100 100 100 100 100 100 100 100 100 100 100 100 100 100 100 100 100 100 100 100 100 100 100 100 100 100 100 100 100 100
6442.6 6188.84 5359.85 2396.1 2153.08 1545.35 1114.56 865.498 586.71 381.642 316.918 255.188 200.527 188.861 162.114 146.147 134.529 129.052 123.01 117.94 115.828 114.088 110.467 107.108 104.756 102.684 101.565 100.854 100.497 100.279 100.156 100.087 100.051 100.036 100.023 100.014 100.009 100.006 100.004 100.001 100 100 100 100 100 100 100 100 100 100 100 100 100 100 100 100 100 100 100 100 100 100 100 100 100 100 100 100 100 100 100 100 100 100 100 100 100 100 100 100 100 100 100 100 100 100 100 100 100 100 100 100 100 100 100
7767.72 6416.61 5223.27 2461.15 2319.56 1733.04 1289.86 970.889 560.372 471.364 350.316 268.043 190.229 185.302 160.446 147.386 135.279 128.01 121.832 118.523 115.653 113.981 109.838 106.992 104.115 102.164 101.394 100.707 100.462 100.284 100.15 100.089 100.063 100.041 100.019 100.016 100.009 100.006 100.004 100.001 100 100 100 100 100 100 100 100 100 100 100 100 100 100 100 100 100 100 100 100 100 100 100 100 100 100 100 100 100 100 100 100 100 100 100 100 100 100 100 100 100 100 100 100 100 100 100 100 100 100 100 100 100 100 100
8262.16 4589.76 4589.76 2507.23 1566.76 1566.76 1369.41 920.934 737.789 480.486 381.706 293.737 211.237 187.365 165.284 141.408 132.895 128.832 123.589 118.129 115.268 113.119 108.689 106.522 104.375 102.23 101.391 100.752 100.493 100.221 100.166 100.103 100.067 100.04 100.027 100.015 100.009 100.006 100.003 100.001 100 100 100 100 100 100 100 100 100 100 100 100 100 100 100 100 100 100 100 100 100 100 100 100 100 100 100 100 100 100 100 100 100 100 100 100 100 100 100 100 100 100 100 100 100 100 100 100 100 100 100 100 100 100 100
8796.45 6166.22 4814.34 2483.36 2483.36 1912.51 1379.45 1023.86 805.383 574.791 399.66 361.824 271.489 212.668 179.515 154.145 142.879 133.997 127.099 122.232 116.828 115.578 112.785 109.805 106.749 102.806 102.353 101.262 100.638 100.403 100.24 100.144 100.088 100.049 100.031 100.019 100.012 100.007 100.005 100.001 100 100 100 100 100 100 100 100 100 100 100 100 100 100 100 100 100 100 100 100 100 100 100 100 100 100 100 100 100 100 100 100 100 100 100 100 100 100 100 100 100 100 100 100 100 100 100 100 100 100 100 100 100 100 100
8446.29 6305.38 5806.8 2880.02 2447.8 1549.16 1341.15 1082.28 693.106 479.162 376.514 296.228 250.647 202.875 168.418 164.303 143.978 135.406 124.453 121.219 118.102 115.04 111.112 109.413 105.996 103.06 101.677 100.952 100.511 100.258 100.194 100.116 100.063 100.035 100.024 100.016 100.009 100.005 100.003 100.001 100 100 100 100 100 100 100 100 100 100 100 100 100 100 100 100 100 100 100 100 100 100 100 100 100 100 100 100 100 100 100 100 100 100 100 100 100 100 100 100 100 100 100 100 100 100 100 100 100 100 100 100 100 100 100
8365.5 5884.91 5512.42 2426.32 2422.37 1678.84 1156.1 896.66 684.539 518.414 389.437 301.178 236.248 176.528 159.408 151.807 141.078 127.808 124.778 119.609 116.051 112.921 110.803 107.957 105.21 102.729 101.687 100.969 100.611 100.333 100.197 100.11 100.068 100.043 100.025 100.016 100.009 100.006 100.004 100.001 100 100 100 100 100 100 100 100 100 100 100 100 100 100 100 100 100 100 100 100 100 100 100 100 100 100 100 100 100 100 100 100 100 100 100 100 100 100 100 100 100 100 100 100 100 100 100 100 100 100 100 100 100 100 100
7362.46 5733.14 4235.62 2256.07 1973.66 1432.25 984.737 737.012 524.42 415.693 311.6 252.415 215.157 178.081 157.763 149.085 137.176 128.828 123.339 118.773 116.22 114.344 109.862 106.7 103.845 102.408 101.281 100.681 100.434 100.296 100.167 100.089 100.066 100.037 100.021 100.014 100.008 100.005 100.004 100.001 100 100 100 100 100 100 100 100 100 100 100 100 100 100 100 100 100 100 100 100 100 100 100 100 100 100 100 100 100 100 100 100 100 100 100 100 100 100 100 100 100 100 100 100 100 100 100 100 100 100 100 100 100 100 100
7901.61 7536.9 5560.77 2924.4 2768.19 2565.17 1780.55 1416.13 942.893 654.21 525.005 433.026 315.288 257.09 188.51 177.854 145.7 143.26 132.664 124.342 119.695 116.871 113.339 112.443 107.973 104.893 101.773 101.465 100.814 100.456 100.294 100.186 100.11 100.073 100.041 100.02 100.015 100.009 100.005 100.001 100.001 100 100 100 100 100 100 100 100 100 100 100 100 100 100 100 100 100 100 100 100 100 100 100 100 100 100 100 100 100 100 100 100 100 100 100 100 100 100 100 100 100 100 100 100 100 100 100 100 100 100 100 100 100 100
7038.79 6233.03 4376.29 2905.61 2327.98 1295.4 1289.26 934.037 612.949 476.786 334.448 258.761 230.239 182.006 165.295 146.078 138.261 126.554 123.236 118.787 115.997 114.171 111.543 106.096 103.678 102.167 101.276 100.625 100.415 100.241 100.143 100.082 100.053 100.032 100.016 100.011 100.007 100.003 100.003 100.001 100 100 100 100 100 100 100 100 100 100 100 100 100 100 100 100 100 100 100 100 100 100 100 100 100 100 100 100 100 100 100 100 100 100 100 100 100 100 100 100 100 100 100 100 100 100 100 100 100 100 100 100 100 100 100
7853.75 7148.79 4843.88 2296.12 1550.23 1421.69 868.741 721.127 535.827 418.455 285.432 229.999 199.933 154.88 154.88 136.066 129.652 125.978 118.81 116.918 115.159 112.236 108.917 105.979 102.953 101.833 101.065 100.575 100.28 100.174 100.121 100.077 100.048 100.031 100.018 100.012 100.007 100.004 100.002 100.001 100 100 100 100 100 100 100 100 100 100 100 100 100 100 100 100 100 100 100 100 100 100 100 100 100 100 100 100 100 100 100 100 100 100 100 100 100 100 100 100 100 100 100 100 100 100 100 100 100 100 100 100 100 100 100
7708.18 7298.71 5749.29 2305.7 1497.24 1497.24 1070.12 918.835 655.311 467.92 290.325 257.257 192.057 175.224 159.641 140.029 135.437 126.235 121.742 118.658 115.68 113.203 111.557 105.413 103.108 102.033 101.283 100.553 100.335 100.214 100.122 100.075 100.045 100.03 100.019 100.012 100.006 100.004 100.003 100.001 100 100 100 100 100 100 100 100 100 100 100 100 100 100 100 100 100 100 100 100 100 100 100 100 100 100 100 100 100 100 100 100 100 100 100 100 100 100 100 100 100 100 100 100 100 100 100 100 100 100 100 100 100 100 100
6750.96 5652.05 3989.18 2401.28 2231.78 1228.41 1025.45 814.817 500.302 375.691 310.082 235.283 188.458 164.765 143.818 141.62 130.72 125.897 120.231 116.462 114.698 111.951 108.486 104.619 102.67 101.679 100.79 100.564 100.282 100.161 100.098 100.065 100.037 100.023 100.014 100.01 100.006 100.004 100.002 100.001 100 100 100 100 100 100 100 100 100 100 100 100 100 100 100 100 100 100 100 100 100 100 100 100 100 100 100 100 100 100 100 100 100 100 100 100 100 100 100 100 100 100 100 100 100 100 100 100 100 100 100 100 100 100 100
6396.65 6396.2 5624.78 2706.84 2609.93 1937.23 1489.55 1009.23 824.952 619.909 472.504 302.488 263.342 215.738 173.934 156.642 141.71 134.426 125.882 122.219 118.003 115.191 112.806 109.483 105.627 103.034 101.538 101.029 100.595 100.302 100.208 100.109 100.085 100.048 100.031 100.019 100.011 100.007 100.004 100.001 100 100 100 100 100 100 100 100 100 100 100 100 100 100 100 100 100 100 100 100 100 100 100 100 100 100 100 100 100 100 100 100 100 100 100 100 100 100 100 100 100 100 100 100 100 100 100 100 100 100 100 100 100 100 100
8068.32 6733.71 6420.98 2420.69 2328.87 1976.92 1501.47 946.193 709.889 539.54 348.537 285.445 231.028 182.161 161.525 157.866 141.248 129.921 125.341 120.178 116.108 114.737 111.66 109.402 105.9 103.139 101.939 100.973 100.541 100.297 100.177 100.111 100.069 100.032 100.026 100.015 100.009 100.006 100.004 100.001 100 100 100 100 100 100 100 100 100 100 100 100 100 100 100 100 100 100 100 100 100 100 100 100 100 100 100 100 100 100 100 100 100 100 100 100 100 100 100 100 100 100 100 100 100 100 100 100 100 100 100 100 100 100 100
8615.18 7144.99 6377.91 2511.95 2511.95 2054.42 1642.23 1285.6 782.654 583.261 385.728 309.239 230.203 180.316 178.427 156.142 137.723 130.395 123.901 120.211 116.271 114.693 112.038 109.434 104.283 102.512 101.688 100.676 100.501 100.301 100.136 100.096 100.065 100.038 100.021 100.015 100.01 100.005 100.004 100.001 100 100 100 100 100 100 100 100 100 100 100 100 100 100 100 100 100 100 100 100 100 100 100 100 100 100 100 100 100 100 100 100 100 100 100 100 100 100 100 100 100 100 100 100 100 100 100 100 100 100 100 100 100 100 100
8122.22 6787.96 5289.36 2902.73 1789.8 1452.19 1140.88 827.936 636.887 399.716 292.679 272.355 209.814 182.086 164.195 143.141 133.115 125.773 121.847 117.56 115.692 114.076 111.012 107.501 104.419 102.427 101.399 100.734 100.452 100.263 100.162 100.096 100.064 100.038 100.023 100.012 100.008 100.005 100.003 100.001 100 100 100 100 100 100 100 100 100 100 100 100 100 100 100 100 100 100 100 100 100 100 100 100 100 100 100 100 100 100 100 100 100 100 100 100 100 100 100 100 100 100 100 100 100 100 100 100 100 100 100 100 100 100 100
7489.73 5817.28 3501.84 2494.72 2169.94 1654.74 1098.57 592.13 515.695 373.659 302.483 268.816 209.585 169.388 154.547 137.18 133.25 124.867 122.524 117.571 115.512 112.896 111.416 106.785 104.037 102.202 101.261 100.741 100.39 100.258 100.152 100.088 100.053 100.03 100.018 100.011 100.007 100.004 100.003 100.001 100 100 100 100 100 100 100 100 100 100 100 100 100 100 100 100 100 100 100 100 100 100 100 100 100 100 100 100 100 100 100 100 100 100 100 100 100 100 100 100 100 100 100 100 100 100 100 100 100 100 100 100 100 100 100
6826.32 6826.32 4324.32 3487.7 2563.59 2007.12 1380.5 1026.47 878.74 506.394 438.553 303.48 243.031 205.854 168.759 151.574 141.404 132.191 122.787 120.053 115.88 114.514 112.794 108.967 105.656 103.295 101.343 100.971 100.57 100.271 100.193 100.128 100.067 100.045 100.025 100.016 100.009 100.006 100.004 100.001 100 100 100 100 100 100 100 100 100 100 100 100 100 100 100 100 100 100 100 100 100 100 100 100 100 100 100 100 100 100 100 100 100 100 100 100 100 100 100 100 100 100 100 100 100 100 100 100 100 100 100 100 100 100 100
5481.04 5235.46 2607.14 2470.81 1638 1493.35 961.461 810.425 642.592 377.354 339.673 253.21 204.486 173.421 158.198 143.482 136.804 127.671 122.148 118.242 116.038 113.938 110.082 107.039 103.653 102.408 101.237 100.671 100.461 100.294 100.14 100.102 100.057 100.034 100.022 100.014 100.009 100.004 100.003 100.001 100 100 100 100 100 100 100 100 100 100 100 100 100 100 100 100 100 100 100 100 100 100 100 100 100 100 100 100 100 100 100 100 100 100 100 100 100 100 100 100 100 100 100 100 100 100 100 100 100 100 100 100 100 100 100
6942.53 5796.43 4327.23 2924.78 2147.87 1594.72 1069.47 799.046 555.578 455.879 360.902 267.428 230.657 176.265 164.164 143.638 133.324 128.545 122.174 118.167 115.267 113.991 111.179 107.441 103.178 102.213 101.164 100.7 100.386 100.265 100.154 100.084 100.051 100.033 100.021 100.014 100.008 100.004 100.003 100.001 100 100 100 100 100 100 100 100 100 100 100 100 100 100 100 100 100 100 100 100 100 100 100 100 100 100 100 100 100 100 100 100 100 100 100 100 100 100 100 100 100 100 100 100 100 100 100 100 100 100 100 100 100 100 100
6659.83 6353.89 4307.04 2635.68 1853.57 1395.04 1104.9 858.735 657.578 458.389 375.582 250.226 227.879 188.91 164.56 146.122 137.874 128.755 123.142 118.659 115.136 113.582 110.185 106.28 104.059 101.763 101.335 100.867 100.388 100.267 100.174 100.111 100.068 100.04 100.025 100.015 100.009 100.006 100.004 100.001 100 100 100 100 100 100 100 100 100 100 100 100 100 100 100 100 100 100 100 100 100 100 100 100 100 100 100 100 100 100 100 100 100 100 100 100 100 100 100 100 100 100 100 100 100 100 100 100 100 100 100 100 100 100 100
8685.19 6395.5 6279.99 2910.89 2077.28 1215.43 1135.03 867.427 598.324 467.429 323.664 276.419 224.462 179.137 158.153 144.689 133.344 127.849 122.323 118.858 116.067 114.682 111.771 106.599 104.26 102.859 101.428 100.809 100.443 100.288 100.161 100.092 100.063 100.037 100.021 100.015 100.009 100.005 100.003 100.001 100 100 100 100 100 100 100 100 100 100 100 100 100 100 100 100 100 100 100 100 100 100 100 100 100 100 100 100 100 100 100 100 100 100 100 100 100 100 100 100 100 100 100 100 100 100 100 100 100 100 100 100 100 100 100
8096.55 6791.86 5399.09 3236.11 2690.69 1693.35 1137.7 998.503 770.71 563.868 438.425 342.657 221.41 206.788 175.758 153.71 142.581 131.27 129.122 121.946 117.644 115.79 112.67 109.04 105.959 103.794 102.297 101.265 100.711 100.371 100.268 100.149 100.097 100.058 100.038 100.021 100.013 100.007 100.004 100.001 100 100 100 100 100 100 100 100 100 100 100 100 100 100 100 100 100 100 100 100 100 100 100 100 100 100 100 100 100 100 100 100 100 100 100 100 100 100 100 100 100 100 100 100 100 100 100 100 100 100 100 100 100 100 100
8004.18 4628.97 4363.16 2109.18 1567.22 965.302 965.302 948.534 674.875 357.178 295.399 274.276 223.83 177.606 166.648 144.685 135.396 129.2 122.548 119.721 116.219 114.691 110.632 108.289 105.29 102.566 101.643 100.804 100.564 100.329 100.193 100.11 100.063 100.037 100.022 100.013 100.009 100.006 100.003 100.001 100 100 100 100 100 100 100 100 100 100 100 100 100 100 100 100 100 100 100 100 100 100 100 100 100 100 100 100 100 100 100 100 100 100 100 100 100 100 100 100 100 100 100 100 100 100 100 100 100 100 100 100 100 100 100
6723.96 6443.61 4583.56 3465.65 2437.93 1963.65 1336.34 1071.9 723.927 498.41 386.199 215.487 215.487 188.854 162.419 152.184 136.594 130.411 121.852 119.663 116.792 114.261 109.746 108.219 105.396 102.309 101.438 100.802 100.481 100.309 100.161 100.104 100.061 100.032 100.022 100.012 100.01 100.006 100.003 100.001 100 100 100 100 100 100 100 100 100 100 100 100 100 100 100 100 100 100 100 100 100 100 100 100 100 100 100 100 100 100 100 100 100 100 100 100 100 100 100 100 100 100 100 100 100 100 100 100 100 100 100 100 100 100 100
7563.68 5814.96 4641.31 2714.82 1966.32 1432.99 1155 898.732 581.519 401.312 342.491 266.251 220.351 176.366 166.054 140.836 134.876 127.037 123.541 119.198 116.123 114.271 111.041 107.457 104.77 102.241 101.403 100.886 100.439 100.285 100.148 100.107 100.065 100.037 100.025 100.014 100.009 100.005 100.003 100.001 100 100 100 100 100 100 100 100 100 100 100 100 100 100 100 100 100 100 100 100 100 100 100 100 100 100 100 100 100 100 100 100 100 100 100 100 100 100 100 100 100 100 100 100 100 100 100 100 100 100 100 100 100 100 100
8278.08 7436.62 5092.8 2569.4 2280.75 1635.41 1124 941.261 663.332 570.691 368.544 309.463 232.742 182.043 171.63 147.206 137.397 128.922 124.394 120.981 115.397 113.646 111.506 108.06 104.929 102.584 101.862 101.054 100.6 100.284 100.221 100.131 100.079 100.049 100.028 100.016 100.011 100.007 100.004 100.001 100 100 100 100 100 100 100 100 100 100 100 100 100 100 100 100 100 100 100 100 100 100 100 100 100 100 100 100 100 100 100 100 100 100 100 100 100 100 100 100 100 100 100 100 100 100 100 100 100 100 100 100 100 100 100
7045.98 5209.5 5164.08 2339.01 1953.93 1781.64 1396.82 983.115 554.2 484.289 327.937 274.821 215.255 182.735 170.448 149.526 140.004 129.233 123.234 119.697 116.491 114.151 112.482 108.994 105.203 102.822 101.514 100.97 100.488 100.254 100.179 100.116 100.072 100.037 100.026 100.018 100.011 100.005 100.004 100.001 100 100 100 100 100 100 100 100 100 100 100 100 100 100 100 100 100 100 100 100 100 100 100 100 100 100 100 100 100 100 100 100 100 100 100 100 100 100 100 100 100 100 100 100 100 100 100 100 100 100 100 100 100 100 100
7780.17 6046.73 5488.72 3187.87 2787.16 2268.27 1286.43 1104.23 990.53 676.129 445.903 304.505 244.395 196.567 190.981 164.633 148.865 140.374 129.404 123.505 118.962 115.5 114.011 111.821 107.532 104.299 102.412 101.364 100.7 100.38 100.256 100.162 100.09 100.055 100.033 100.022 100.013 100.007 100.005 100.001 100 100 100 100 100 100 100 100 100 100 100 100 100 100 100 100 100 100 100 100 100 100 100 100 100 100 100 100 100 100 100 100 100 100 100 100 100 100 100 100 100 100 100 100 100 100 100 100 100 100 100 100 100 100 100
7525.82 5181.86 2562.15 1899.52 1665.12 1138.65 820.98 647.612 418.468 286.556 260.68 222.675 185.956 168.451 150.032 134.916 130.113 125.217 119.781 117.318 114.825 111.023 108.814 105.316 102.882 102.212 100.924 100.637 100.385 100.214 100.137 100.075 100.053 100.031 100.02 100.012 100.007 100.004 100.003 100.001 100 100 100 100 100 100 100 100 100 100 100 100 100 100 100 100 100 100 100 100 100 100 100 100 100 100 100 100 100 100 100 100 100 100 100 100 100 100 100 100 100 100 100 100 100 100 100 100 100 100 100 100 100 100 100
8279.04 6368.23 3456.72 2344.89 1456.48 1161.51 1124.5 801.282 610.873 429.082 382.888 314.414 228.744 186.483 163.444 149.02 140.12 129.428 124.314 120.227 116.952 114.665 112.244 109.299 105.18 102.371 101.32 100.906 100.458 100.334 100.217 100.127 100.065 100.044 100.027 100.016 100.01 100.006 100.004 100.001 100 100 100 100 100 100 100 100 100 100 100 100 100 100 100 100 100 100 100 100 100 100 100 100 100 100 100 100 100 100 100 100 100 100 100 100 100 100 100 100 100 100 100 100 100 100 100 100 100 100 100 100 100 100 100
8952.03 6455.27 4514.83 2030.75 1578.85 1578.85 1386.72 845.499 639.261 425.155 372.934 291.323 225.778 186.32 164.23 150.032 138.611 129.34 123.129 118.26 115.589 113.918 112.171 107.321 103.517 102.67 101.275 100.74 100.41 100.274 100.185 100.095 100.068 100.038 100.02 100.015 100.008 100.005 100.003 100.001 100 100 100 100 100 100 100 100 100 100 100 100 100 100 100 100 100 100 100 100 100 100 100 100 100 100 100 100 100 100 100 100 100 100 100 100 100 100 100 100 100 100 100 100 100 100 100 100 100 100 100 100 100 100 100
7242.76 5962.57 4248.36 1931.1 1931.1 1483.86 1085.11 817.522 547.174 468.966 404.35 278.6 211.647 200.31 159.2 151.227 136.956 128.793 124.215 119.745 116.779 113.975 110.563 106.944 104.023 102.267 101.375 100.677 100.443 100.296 100.143 100.105 100.056 100.033 100.022 100.011 100.008 100.005 100.003 100.001 100 100 100 100 100 100 100 100 100 100 100 100 100 100 100 100 100 100 100 100 100 100 100 100 100 100 100 100 100 100 100 100 100 100 100 100 100 100 100 100 100 100 100 100 100 100 100 100 100 100 100 100 100 100 100
6948.85 6101.01 3682.19 2258.31 1775.06 1250.6 1102.13 843.825 500.396 453.01 284.694 244.517 194.503 181.978 159.665 149.134 136.438 121.177 120.656 119.9 116.693 114.04 112.551 107.88 104.922 102.615 101.605 100.832 100.461 100.297 100.17 100.091 100.056 100.033 100.02 100.014 100.007 100.004 100.003 100.001 100 100 100 100 100 100 100 100 100 100 100 100 100 100 100 100 100 100 100 100 100 100 100 100 100 100 100 100 100 100 100 100 100 100 100 100 100 100 100 100 100 100 100 100 100 100 100 100 100 100 100 100 100 100 100
8196.14 4830.13 4830.13 2657.42 2478.18 1494.14 976.38 931.398 661.324 538.052 394.847 266.694 240.732 198.846 169.241 150.927 136.548 132.905 127.423 120.728 116.806 115.19 112.878 108.28 105.652 103.629 101.796 100.978 100.492 100.321 100.175 100.124 100.074 100.041 100.029 100.014 100.008 100.006 100.004 100.001 100 100 100 100 100 100 100 100 100 100 100 100 100 100 100 100 100 100 100 100 100 100 100 100 100 100 100 100 100 100 100 100 100 100 100 100 100 100 100 100 100 100 100 100 100 100 100 100 100 100 100 100 100 100 100
6900.22 6503.05 5663.75 2749.38 2195.69 1695.08 1115.58 813.571 601.135 489.786 358.291 261.652 216.737 181.169 167.344 149.422 133.921 128.671 121.447 120.044 116.75 114.084 111.705 106.709 105.009 102.49 101.158 100.945 100.445 100.329 100.199 100.107 100.071 100.04 100.028 100.015 100.01 100.006 100.003 100.001 100 100 100 100 100 100 100 100 100 100 100 100 100 100 100 100 100 100 100 100 100 100 100 100 100 100 100 100 100 100 100 100 100 100 100 100 100 100 100 100 100 100 100 100 100 100 100 100 100 100 100 100 100 100 100
7301.68 6379.62 3879.38 1843.55 1776.27 1214.07 949.833 718.136 537.086 399.888 313.73 242.497 212.274 177.128 155.134 141.084 134.196 126.175 121.004 118.24 115.371 113.684 110.595 107.394 103.876 102.17 101.308 100.695 100.442 100.264 100.148 100.087 100.06 100.038 100.02 100.013 100.009 100.005 100.003 100.001 100 100 100 100 100 100 100 100 100 100 100 100 100 100 100 100 100 100 100 100 100 100 100 100 100 100 100 100 100 100 100 100 100 100 100 100 100 100 100 100 100 100 100 100 100 100 100 100 100 100 100 100 100 100 100
6088.69 3539.54 3539.54 2088.52 1399.1 936.313 760.117 732.014 520.654 364.277 281.149 221.586 186.493 168.003 150.534 134.389 126.617 124.078 121.316 117.041 113.626 111.645 107.943 105.783 103.204 102.18 101.075 100.538 100.334 100.199 100.111 100.078 100.05 100.03 100.017 100.01 100.007 100.004 100.003 100.001 100 100 100 100 100 100 100 100 100 100 100 100 100 100 100 100 100 100 100 100 100 100 100 100 100 100 100 100 100 100 100 100 100 100 100 100 100 100 100 100 100 100 100 100 100 100 100 100 100 100 100 100 100 100 100
8079.26 7020.78 5935.74 3570.38 1910.69 1377.14 1329.97 960.289 727.025 567.491 341.209 321.756 243.8 197.806 170.363 160.891 142.502 132.469 125.399 120.967 117.167 114.972 112.243 108.321 105.082 103.025 101.781 100.85 100.599 100.352 100.198 100.119 100.072 100.046 100.026 100.017 100.01 100.006 100.004 100.001 100 100 100 100 100 100 100 100 100 100 100 100 100 100 100 100 100 100 100 100 100 100 100 100 100 100 100 100 100 100 100 100 100 100 100 100 100 100 100 100 100 100 100 100 100 100 100 100 100 100 100 100 100 100 100
6912.16 6324.39 5452.97 2507.79 1983.65 1777.99 1317.62 1116.19 793.632 515.822 409.403 318.664 216.662 192.088 167.897 158.084 137.984 128.966 125.244 119.942 115.653 114.639 112.059 107.706 104.771 103.013 101.664 101.037 100.547 100.262 100.176 100.105 100.069 100.038 100.026 100.015 100.009 100.006 100.003 100.001 100 100 100 100 100 100 100 100 100 100 100 100 100 100 100 100 100 100 100 100 100 100 100 100 100 100 100 100 100 100 100 100 100 100 100 100 100 100 100 100 100 100 100 100 100 100 100 100 100 100 100 100 100 100 100
