43191.7 30615.9 14375.2 8098.17 5909.6 5208.33 4005.13 2060.66 1979.57 1598.28 921.395 820.178 615.548 373.045 356.876 260.479 146.623 88.3123 76.0288 45.3725 24.2712 12.4127 7.17407 5.13779 2.54079 1.58791 1.09054 0.755028 0.414796 0.197849 0.0609692 0.0302617 0.0130815 0.00517457 0.00191343 0.000680968 0.000269434 0.000117309 4.26016e-05 7.33244e-06 1.73001e-06 4.37987e-07 9.53495e-08 1.99027e-08 0 0 0 0 0 0 0 0 0 0 0 0 0 0 0 0 0 0 0 0 0 0 0 0 0 0 0 0 0 0 0 0 0 0 0 0 0 0 0 0 0 0 0 0 0 0 0 0 0 0 0 0 0 0 0
41608.5 27234.8 22494.6 9688.29 8384.08 5399.69 5284.04 3823.41 1758.82 1758.82 1590.83 893.294 775.605 602.043 421.185 308.701 223.678 134.837 83.3933 63.0788 31.7927 17.3608 10.2095 6.83949 3.88415 2.127 1.54861 1.03915 0.610028 0.303376 0.133053 0.057391 0.0256119 0.00923514 0.00369022 0.001742 0.000625706 0.000195793 8.21642e-05 1.7505e-05 3.23511e-06 8.89985e-07 1.8815e-07 4.99717e-08 1.19364e-08 0 0 0 0 0 0 0 0 0 0 0 0 0 0 0 0 0 0 0 0 0 0 0 0 0 0 0 0 0 0 0 0 0 0 0 0 0 0 0 0 0 0 0 0 0 0 0 0 0 0 0 0 0 0
30564.1 28902.8 19458.1 10397.3 7619.42 4579.78 4015.79 2927.64 2317.47 1648.93 1293.86 875.486 593.089 423.157 380.808 232.369 165.795 115.249 100.349 49.1019 30.7202 12.2978 8.72707 5.54792 2.79426 1.66887 1.09138 0.678818 0.337961 0.161901 0.0709904 0.0290974 0.012124 0.00532054 0.00199391 0.000809888 0.000317809 0.000101671 4.77819e-05 8.76838e-06 1.62037e-06 2.87185e-07 6.44752e-08 1.76694e-08 0 0 0 0 0 0 0 0 0 0 0 0 0 0 0 0 0 0 0 0 0 0 0 0 0 0 0 0 0 0 0 0 0 0 0 0 0 0 0 0 0 0 0 0 0 0 0 0 0 0 0 0 0 0 0
43564.2 29810.7 19041.1 10979.4 6184.18 5437.81 3306.05 2301.62 2301.62 1898.97 1173.87 998.514 786.427 440.438 437.856 240.677 169.275 134.277 88.1591 51.2485 20.1382 16.6073 11.1147 7.73903 3.77013 2.00626 1.34124 0.946369 0.48987 0.211774 0.109308 0.0398991 0.0168013 0.00699681 0.00256272 0.00105385 0.000362733 0.000172629 5.58184e-05 1.07537e-05 2.46974e-06 5.63099e-07 1.29352e-07 2.78918e-08 0 0 0 0 0 0 0 0 0 0 0 0 0 0 0 0 0 0 0 0 0 0 0 0 0 0 0 0 0 0 0 0 0 0 0 0 0 0 0 0 0 0 0 0 0 0 0 0 0 0 0 0 0 0 0
39883.4 19481.7 19404.3 8649.06 6165.67 5751.32 3443.75 3443.75 1764.62 1757.41 1279.54 1040.2 773.704 576.196 430.486 297.656 182.377 104.979 83.3615 40.3144 25.7635 13.6338 8.79596 4.25216 2.94631 1.83687 1.35883 0.734389 0.426939 0.235519 0.102928 0.0399013 0.0174541 0.00504585 0.00280417 0.00121624 0.000513019 0.000154717 7.64756e-05 1.14426e-05 3.53547e-06 5.72825e-07 1.46078e-07 2.9572e-08 0 0 0 0 0 0 0 0 0 0 0 0 0 0 0 0 0 0 0 0 0 0 0 0 0 0 0 0 0 0 0 0 0 0 0 0 0 0 0 0 0 0 0 0 0 0 0 0 0 0 0 0 0 0 0
50056.3 31904.9 20073.5 9926.19 7562.97 5387.67 3633.85 3251.18 2003.22 1802.26 1312.44 786.059 545.402 507.831 359.766 265.785 192.825 130.202 109.171 54.4843 36.7592 17.6222 11.5065 7.77028 4.26358 2.24452 1.34187 1.0322 0.542041 0.252045 0.117222 0.050292 0.0213016 0.00934066 0.00398333 0.00150608 0.000603229 0.000202605 9.51799e-05 2.0113e-05 4.13746e-06 9.58214e-07 2.39423e-07 7.42226e-08 1.99411e-08 0 0 0 0 0 0 0 0 0 0 0 0 0 0 0 0 0 0 0 0 0 0 0 0 0 0 0 0 0 0 0 0 0 0 0 0 0 0 0 0 0 0 0 0 0 0 0 0 0 0 0 0 0 0
38040.5 27120.5 21255.4 8312.83 5522.4 4884.05 4466.58 2571.34 2511.51 1560.27 1155.5 1030.15 696.215 474.68 318.44 267.496 181.558 94.0511 81.6037 36.2732 20.9184 14.1925 7.86082 3.437 2.0752 1.46747 1.0847 0.555161 0.287694 0.151527 0.0557263 0.0283065 0.0114139 0.00560327 0.00168434 0.000952651 0.000334536 0.000107906 3.29644e-05 8.70374e-06 1.38327e-06 2.83788e-07 7.56633e-08 1.54891e-08 0 0 0 0 0 0 0 0 0 0 0 0 0 0 0 0 0 0 0 0 0 0 0 0 0 0 0 0 0 0 0 0 0 0 0 0 0 0 0 0 0 0 0 0 0 0 0 0 0 0 0 0 0 0 0
39553.4 29959.5 23670.1 11650 7654.94 7414.87 4111.35 3486.17 2432.94 1228.09 1228.09 748.654 736.207 362.033 248.631 185.103 158.193 101.264 63.2904 43.5143 27.1085 13.3449 9.6141 6.78125 3.26915 1.8544 1.35842 0.866362 0.477986 0.218823 0.101 0.0503044 0.0178415 0.00794902 0.00268555 0.00114513 0.00041637 0.000166504 5.09054e-05 1.52405e-05 3.89665e-06 8.72962e-07 2.0423e-07 4.42375e-08 1.06537e-08 0 0 0 0 0 0 0 0 0 0 0 0 0 0 0 0 0 0 0 0 0 0 0 0 0 0 0 0 0 0 0 0 0 0 0 0 0 0 0 0 0 0 0 0 0 0 0 0 0 0 0 0 0 0
45023.4 30132.1 20630.6 8730.76 8349.75 5065.62 3643.61 3353.35 1966.08 1678.58 1384.11 968.442 750.176 460.81 323.217 206.488 140.428 98.3147 70.8643 44.2138 26.5742 13.2905 7.7066 5.84074 2.87239 1.68768 1.25694 0.814525 0.406578 0.212836 0.0906905 0.0378376 0.0144844 0.00751369 0.00277476 0.00112885 0.000377767 0.000173098 5.34298e-05 1.15927e-05 2.9605e-06 5.51045e-07 1.49282e-07 2.88866e-08 0 0 0 0 0 0 0 0 0 0 0 0 0 0 0 0 0 0 0 0 0 0 0 0 0 0 0 0 0 0 0 0 0 0 0 0 0 0 0 0 0 0 0 0 0 0 0 0 0 0 0 0 0 0 0
36919.1 30214.1 17690.6 9103.19 9094.76 5123.24 3072.33 3072.33 2320.96 1799.51 1226.07 862.108 613.632 419.526 254.131 210.789 168.631 120.755 82.0639 47.6069 20.4374 16.0016 7.69728 4.54093 2.76033 1.73624 1.212 0.638961 0.324572 0.153001 0.0697088 0.0277437 0.0115314 0.00372939 0.00191957 0.000680077 0.000276054 7.38641e-05 4.01544e-05 8.36166e-06 1.82955e-06 4.43325e-07 1.10752e-07 2.73477e-08 0 0 0 0 0 0 0 0 0 0 0 0 0 0 0 0 0 0 0 0 0 0 0 0 0 0 0 0 0 0 0 0 0 0 0 0 0 0 0 0 0 0 0 0 0 0 0 0 0 0 0 0 0 0 0
42949.6 27299 16054.9 11022.5 5993.03 4952.83 4022.79 3267.36 2251.3 1611.8 950.452 870.051 644.908 492.236 349.758 245.664 126.991 66.4246 66.4246 42.9061 21.6965 11.603 8.34273 3.71044 2.22079 1.63767 1.0854 0.663322 0.341945 0.150836 0.0685917 0.0231618 0.00956458 0.00347513 0.00163139 0.00064716 0.000176445 9.0507e-05 3.41724e-05 5.8884e-06 1.44418e-06 2.83671e-07 5.86596e-08 1.49219e-08 0 0 0 0 0 0 0 0 0 0 0 0 0 0 0 0 0 0 0 0 0 0 0 0 0 0 0 0 0 0 0 0 0 0 0 0 0 0 0 0 0 0 0 0 0 0 0 0 0 0 0 0 0 0 0
47104.5 26667.1 17754.3 9027.29 6988.89 5305.26 4453.99 2981.98 1702.98 1595.13 1308.19 1062.73 680.59 520.089 323.634 219.748 182.783 124.881 89.8929 55.0464 30.3805 16.3055 9.87738 5.9453 2.79006 1.94374 1.38671 0.914866 0.502104 0.249623 0.103637 0.0357151 0.0172478 0.00681309 0.00311902 0.00112463 0.000380097 0.000146999 6.39233e-05 1.52858e-05 3.52232e-06 7.58925e-07 1.97647e-07 4.7086e-08 0 0 0 0 0 0 0 0 0 0 0 0 0 0 0 0 0 0 0 0 0 0 0 0 0 0 0 0 0 0 0 0 0 0 0 0 0 0 0 0 0 0 0 0 0 0 0 0 0 0 0 0 0 0 0
40792.3 29007.9 18540.2 8783.3 7631.45 5352.94 5204.9 3573.51 2505.89 2039.7 1433.76 1103.52 868.502 519.478 386.332 289.417 165.144 121.73 74.461 54.1349 28.9419 13.9559 8.8342 4.18726 2.64967 1.59045 1.2425 0.731169 0.338435 0.146521 0.0767441 0.0312334 0.0117916 0.00518274 0.00214955 0.000755456 0.000250278 9.68822e-05 3.46472e-05 8.25654e-06 1.77329e-06 3.33655e-07 6.49106e-08 1.78859e-08 0 0 0 0 0 0 0 0 0 0 0 0 0 0 0 0 0 0 0 0 0 0 0 0 0 0 0 0 0 0 0 0 0 0 0 0 0 0 0 0 0 0 0 0 0 0 0 0 0 0 0 0 0 0 0
36666.2 27831.5 20477.9 9348.1 7490.64 5083.19 3293.66 2723.54 1887.25 1554.16 1015.89 744.894 542.053 441.076 295.142 233.836 187.56 98.2695 80.8118 42.0126 23.9374 14.0437 9.54241 4.65265 2.1247 1.64011 1.00356 0.6503 0.347841 0.130232 0.0585423 0.0245065 0.0104989 0.00407377 0.0016698 0.000545544 0.000187315 6.18161e-05 2.86639e-05 5.52359e-06 1.33867e-06 3.11164e-07 5.7069e-08 1.4316e-08 0 0 0 0 0 0 0 0 0 0 0 0 0 0 0 0 0 0 0 0 0 0 0 0 0 0 0 0 0 0 0 0 0 0 0 0 0 0 0 0 0 0 0 0 0 0 0 0 0 0 0 0 0 0 0
38551.8 24097.8 20516.2 10145.7 5762.53 5187.46 4889.35 3208.08 1994.5 1677.81 1002.17 895.471 867.354 517.07 378.018 280.379 188.381 146.122 73.0957 56.0284 23.2104 17.7346 8.5767 4.91175 3.76547 1.90273 1.33255 0.777115 0.504522 0.226428 0.102227 0.0427837 0.0100596 0.0050939 0.00263309 0.00104233 0.000367203 0.000131455 5.08112e-05 1.00848e-05 2.24407e-06 5.48401e-07 1.50735e-07 3.396e-08 0 0 0 0 0 0 0 0 0 0 0 0 0 0 0 0 0 0 0 0 0 0 0 0 0 0 0 0 0 0 0 0 0 0 0 0 0 0 0 0 0 0 0 0 0 0 0 0 0 0 0 0 0 0 0
35461.8 25146.1 18468.1 7621.23 7274.8 3424.15 3038.78 2928.25 2029.25 1732.85 1259.25 946.688 652.601 366.673 331.025 241.129 169.045 107.629 72.3873 47.9111 22.9138 14.1863 9.04946 5.07252 2.63515 1.44362 1.0889 0.611406 0.391909 0.188801 0.0762857 0.0339209 0.0152409 0.00548647 0.00219374 0.000822143 0.000308462 8.64404e-05 5.14486e-05 8.91632e-06 2.14299e-06 3.01133e-07 1.08404e-07 1.48611e-08 0 0 0 0 0 0 0 0 0 0 0 0 0 0 0 0 0 0 0 0 0 0 0 0 0 0 0 0 0 0 0 0 0 0 0 0 0 0 0 0 0 0 0 0 0 0 0 0 0 0 0 0 0 0 0
43973.3 27814.7 19386.2 9509.52 5799.45 5776.54 4471.08 3033.35 2252.98 1823.16 1096.64 940.138 621.96 361.06 361.06 259.693 189.407 125.574 92.2732 54.7361 27.204 17.1334 10.2479 6.12605 3.52546 1.94921 1.28788 0.964108 0.58677 0.244268 0.113639 0.047365 0.0182719 0.00559622 0.0024842 0.000977167 0.000457287 0.000121892 5.62465e-05 7.38094e-06 2.86316e-06 6.44204e-07 1.57152e-07 3.75892e-08 1.04885e-08 0 0 0 0 0 0 0 0 0 0 0 0 0 0 0 0 0 0 0 0 0 0 0 0 0 0 0 0 0 0 0 0 0 0 0 0 0 0 0 0 0 0 0 0 0 0 0 0 0 0 0 0 0 0
42571.5 31730.8 20282.6 10839.5 8677.89 4626.57 4059.09 3080.37 2869.44 2044.25 1222.06 1206.98 864.883 593.132 430.615 226.983 162.878 132.441 102.626 63.98 23.5168 18.7081 12.0709 8.04117 3.89002 2.27402 1.52317 0.94877 0.489989 0.271667 0.0876878 0.0475048 0.0139914 0.00803929 0.00276017 0.0010284 0.000454394 0.000139859 4.97817e-05 1.23186e-05 2.76808e-06 6.44439e-07 1.07047e-07 2.59031e-08 0 0 0 0 0 0 0 0 0 0 0 0 0 0 0 0 0 0 0 0 0 0 0 0 0 0 0 0 0 0 0 0 0 0 0 0 0 0 0 0 0 0 0 0 0 0 0 0 0 0 0 0 0 0 0
36210.6 30264.3 19525.4 10847.5 6798.4 5205 3880.77 3306.08 1933.22 1524.88 1333.08 988.899 707.382 428.524 358.357 271.148 157.606 87.9533 78.1684 41.9661 25.6368 13.6891 9.88321 5.92556 3.12253 1.72143 1.25609 0.730229 0.413092 0.201132 0.0815029 0.0389443 0.0164052 0.00639794 0.00238465 0.000875495 0.000352715 0.000147177 5.38458e-05 1.01523e-05 2.29284e-06 4.78764e-07 1.18171e-07 2.34267e-08 0 0 0 0 0 0 0 0 0 0 0 0 0 0 0 0 0 0 0 0 0 0 0 0 0 0 0 0 0 0 0 0 0 0 0 0 0 0 0 0 0 0 0 0 0 0 0 0 0 0 0 0 0 0 0
43885.4 27376.8 19832.2 11059.4 8177.72 6065.43 2984.49 2984.49 2934.2 1595.06 1342.82 915.258 578.619 442.981 287.413 237.542 162.077 100.754 87.1477 43.1846 24.4052 13.2768 8.91987 4.7598 2.60195 1.78779 1.16924 0.705193 0.414759 0.175763 0.0843171 0.0308428 0.0161055 0.00529454 0.0022075 0.000816558 0.000290887 0.000129426 4.34964e-05 9.03396e-06 2.02212e-06 5.04828e-07 1.08838e-07 2.578e-08 0 0 0 0 0 0 0 0 0 0 0 0 0 0 0 0 0 0 0 0 0 0 0 0 0 0 0 0 0 0 0 0 0 0 0 0 0 0 0 0 0 0 0 0 0 0 0 0 0 0 0 0 0 0 0
45612.5 26041.2 19154 6734.34 6734.34 5689.38 4918.77 3102.95 2111.02 1760.43 1268.17 785.92 718.287 345.471 330.864 163.906 163.906 110.974 77.3695 48.5495 23.9931 12.1514 8.80151 4.57934 2.33491 1.4518 1.01794 0.655612 0.339097 0.144671 0.0552263 0.0283362 0.00978657 0.00385682 0.0016638 0.000683496 0.000242842 8.81265e-05 3.37739e-05 7.45523e-06 1.43565e-06 2.99132e-07 4.82331e-08 1.03545e-08 0 0 0 0 0 0 0 0 0 0 0 0 0 0 0 0 0 0 0 0 0 0 0 0 0 0 0 0 0 0 0 0 0 0 0 0 0 0 0 0 0 0 0 0 0 0 0 0 0 0 0 0 0 0 0
53031.2 26196.6 21795.9 8748.36 5894.08 5894.08 3572.15 2763.07 1957.28 1630.98 1092.11 746.566 526.046 448.545 332.817 207.259 109.581 98.2334 62.6666 41.8594 21.2249 12.7484 6.60985 3.64253 2.16778 1.5384 1.14214 0.645659 0.27595 0.142287 0.0559524 0.024824 0.00820853 0.00424546 0.00170989 0.000694285 0.000231254 0.00010402 3.96829e-05 9.91458e-06 1.89763e-06 4.776e-07 1.24438e-07 2.78321e-08 0 0 0 0 0 0 0 0 0 0 0 0 0 0 0 0 0 0 0 0 0 0 0 0 0 0 0 0 0 0 0 0 0 0 0 0 0 0 0 0 0 0 0 0 0 0 0 0 0 0 0 0 0 0 0
45527.8 17438 17438 8359.15 5822.58 5822.58 4503.02 3045.9 2016.42 1500.85 1265.34 870.175 592.834 422.203 351.794 266.707 171.139 110.949 76.7188 39.7088 21.2535 13.3932 7.26053 3.99298 2.14568 1.30926 0.962882 0.536786 0.253139 0.104481 0.0365844 0.0183869 0.00729963 0.0026794 0.000955769 0.00038029 0.000143079 4.64061e-05 2.04926e-05 3.29099e-06 6.97606e-07 1.1011e-07 4.25908e-08 1.13896e-08 0 0 0 0 0 0 0 0 0 0 0 0 0 0 0 0 0 0 0 0 0 0 0 0 0 0 0 0 0 0 0 0 0 0 0 0 0 0 0 0 0 0 0 0 0 0 0 0 0 0 0 0 0 0 0
40141.6 23769.2 18028.7 10203.8 7965.98 5270.23 3310.98 2941.78 1867.81 1857.35 1153 992.404 750.827 491.663 347.024 207.429 201.481 154.661 100.612 46.597 32.707 19.5262 11.5216 5.30838 3.79541 2.24044 1.2632 0.903402 0.530241 0.21731 0.0912385 0.0403668 0.0162765 0.00664055 0.00256487 0.00113835 0.00026637 0.000151774 6.60482e-05 1.27129e-05 2.63335e-06 6.86385e-07 1.46584e-07 3.04379e-08 0 0 0 0 0 0 0 0 0 0 0 0 0 0 0 0 0 0 0 0 0 0 0 0 0 0 0 0 0 0 0 0 0 0 0 0 0 0 0 0 0 0 0 0 0 0 0 0 0 0 0 0 0 0 0
45807.4 27981.7 20009.6 9954.3 8412.35 5516.7 4750.7 3381.12 2096.16 1644.07 1316.69 1075.41 616.001 512.284 358.26 191.678 187.084 133.479 95.32 56.9234 31.6467 13.7534 8.35604 5.81934 2.76778 1.88821 1.30739 0.905824 0.491296 0.229893 0.0998822 0.0448586 0.0143763 0.00679271 0.00219114 0.000733636 0.000298197 0.000141651 4.9603e-05 1.04941e-05 2.55791e-06 5.4666e-07 1.26045e-07 2.72022e-08 0 0 0 0 0 0 0 0 0 0 0 0 0 0 0 0 0 0 0 0 0 0 0 0 0 0 0 0 0 0 0 0 0 0 0 0 0 0 0 0 0 0 0 0 0 0 0 0 0 0 0 0 0 0 0
43409.1 30659.9 20218.9 8551.5 7892.23 5250.18 4003.89 2768.48 2640.97 1985.04 1179.96 878.892 727.074 515.289 388.774 273.373 164.044 108.731 95.1507 39.5941 29.4455 14.5444 7.59183 4.16566 2.01804 1.5973 1.06521 0.640831 0.345688 0.183932 0.0676306 0.0293148 0.00945703 0.00484079 0.00222302 0.00074589 0.000305128 0.0001098 3.53011e-05 9.51038e-06 1.83627e-06 3.79559e-07 9.01508e-08 2.10147e-08 0 0 0 0 0 0 0 0 0 0 0 0 0 0 0 0 0 0 0 0 0 0 0 0 0 0 0 0 0 0 0 0 0 0 0 0 0 0 0 0 0 0 0 0 0 0 0 0 0 0 0 0 0 0 0
43340.7 28122.8 16751.3 8846.19 7081.97 3208.5 3208.5 2799.88 2026.91 1149.08 1149.08 690.909 392.239 335.461 219.438 219.438 142.918 100.185 72.4124 39.321 19.2926 11.5254 7.79861 4.59385 2.42444 1.46017 1.02456 0.534984 0.335454 0.121647 0.0645834 0.0263024 0.0121582 0.00551553 0.00205869 0.000897895 0.000261179 0.000129787 3.16076e-05 9.49288e-06 2.25617e-06 4.06206e-07 1.16943e-07 3.01409e-08 0 0 0 0 0 0 0 0 0 0 0 0 0 0 0 0 0 0 0 0 0 0 0 0 0 0 0 0 0 0 0 0 0 0 0 0 0 0 0 0 0 0 0 0 0 0 0 0 0 0 0 0 0 0 0
44219.8 21231.3 17708.3 9771.11 9202.1 6449.54 4053.79 3743.69 2731.28 1403.92 1323.67 1009.88 733.11 513.563 354.519 306.256 168.956 139.855 80.6077 40.5083 23.1772 16.4989 12.2061 7.01017 2.9987 2.11832 1.45175 1.00973 0.547096 0.303853 0.148194 0.0592593 0.0242824 0.00921572 0.00349245 0.00146642 0.000442298 0.000176422 5.2073e-05 1.39759e-05 2.8529e-06 5.83453e-07 1.44998e-07 2.79937e-08 0 0 0 0 0 0 0 0 0 0 0 0 0 0 0 0 0 0 0 0 0 0 0 0 0 0 0 0 0 0 0 0 0 0 0 0 0 0 0 0 0 0 0 0 0 0 0 0 0 0 0 0 0 0 0
48306.7 32688.7 17896.8 12030.5 8534.52 6532.87 3950.18 3032.8 2273.23 1372.95 1336.01 886.064 751.353 512.254 414.704 249.474 177.338 107.824 85.6073 40.052 21.8814 12.9578 7.95269 3.83266 2.4366 1.61494 1.03743 0.620693 0.394781 0.156486 0.0805233 0.0257034 0.0122958 0.00530365 0.00187437 0.000697893 0.000280394 0.000107135 3.96104e-05 7.38709e-06 1.79123e-06 4.46665e-07 9.96721e-08 2.54397e-08 0 0 0 0 0 0 0 0 0 0 0 0 0 0 0 0 0 0 0 0 0 0 0 0 0 0 0 0 0 0 0 0 0 0 0 0 0 0 0 0 0 0 0 0 0 0 0 0 0 0 0 0 0 0 0
43574 32203.5 17237.1 9362.28 7213.59 5420.15 3886.03 2939.5 2357.71 1458.12 1185.42 505.729 505.729 400.907 319.968 253.846 161.254 118.223 71.1631 35.8839 16.7411 14.8003 8.94557 5.23481 2.33236 1.78631 1.25539 0.767159 0.430764 0.198343 0.0979291 0.0430845 0.0154789 0.00656326 0.00222907 0.0010897 0.000452238 0.000149752 6.90609e-05 1.46738e-05 3.61693e-06 1.00554e-06 2.19102e-07 4.61935e-08 1.05915e-08 0 0 0 0 0 0 0 0 0 0 0 0 0 0 0 0 0 0 0 0 0 0 0 0 0 0 0 0 0 0 0 0 0 0 0 0 0 0 0 0 0 0 0 0 0 0 0 0 0 0 0 0 0 0
42940 29955.9 14391.3 8348.72 7080.33 5913.32 3949.68 3069.49 2583.46 1299.68 1299.68 878.757 634.384 276.516 233.223 216.44 137.748 95.3412 60.251 43.6486 21.8479 12.2047 7.0625 4.29929 2.20021 1.61483 0.976908 0.607368 0.311062 0.122064 0.0659086 0.0255224 0.00954212 0.0050489 0.00186672 0.000763251 0.000242136 7.38713e-05 3.70199e-05 7.94573e-06 1.31264e-06 2.42113e-07 4.56218e-08 1.06194e-08 0 0 0 0 0 0 0 0 0 0 0 0 0 0 0 0 0 0 0 0 0 0 0 0 0 0 0 0 0 0 0 0 0 0 0 0 0 0 0 0 0 0 0 0 0 0 0 0 0 0 0 0 0 0 0
45736.2 29608.4 21780.6 11122 5726.22 5271.03 3436.58 2704.9 1618.12 1618.12 1225.98 1054.1 595.285 503.074 357.867 190.636 163.789 115.498 88.6683 51.0834 27.9912 12.1701 9.02297 4.17272 2.85222 1.66036 1.16727 0.804027 0.418903 0.203142 0.0850889 0.0369391 0.017391 0.00759336 0.00282664 0.00128286 0.00046483 0.000138515 5.08097e-05 1.12211e-05 2.89638e-06 7.27801e-07 1.59507e-07 3.74765e-08 0 0 0 0 0 0 0 0 0 0 0 0 0 0 0 0 0 0 0 0 0 0 0 0 0 0 0 0 0 0 0 0 0 0 0 0 0 0 0 0 0 0 0 0 0 0 0 0 0 0 0 0 0 0 0
46028.7 25603.4 15881.4 9686.7 6942.38 6276.99 4021.89 3412.51 2147.88 1915.85 1290.3 789.972 649.162 468.148 335.157 169.304 155.664 108.699 63.8842 43.6712 24.2895 12.8366 8.23784 3.47744 2.47813 1.56966 1.18949 0.693305 0.348674 0.171389 0.0792119 0.0340474 0.0107869 0.0055479 0.00204128 0.000825096 0.000306911 0.000120083 4.44231e-05 8.05462e-06 1.71348e-06 3.32198e-07 8.92104e-08 2.24834e-08 0 0 0 0 0 0 0 0 0 0 0 0 0 0 0 0 0 0 0 0 0 0 0 0 0 0 0 0 0 0 0 0 0 0 0 0 0 0 0 0 0 0 0 0 0 0 0 0 0 0 0 0 0 0 0
42241.1 29111.1 19403.9 10929.1 8117.92 5955.04 4401.43 3672.58 2423.51 2154.76 1267.53 1143.9 859.514 509.509 375.862 234.048 227.698 145.916 128.515 77.7367 34.6076 18.4375 11.5304 7.12266 4.56718 2.17163 1.47891 1.0743 0.628518 0.266068 0.155483 0.0584997 0.0282703 0.00937789 0.00402274 0.00136308 0.000623348 0.000230876 8.98239e-05 2.14155e-05 4.86875e-06 1.27995e-06 2.83437e-07 5.76055e-08 1.21653e-08 0 0 0 0 0 0 0 0 0 0 0 0 0 0 0 0 0 0 0 0 0 0 0 0 0 0 0 0 0 0 0 0 0 0 0 0 0 0 0 0 0 0 0 0 0 0 0 0 0 0 0 0 0 0
47694.4 31046.1 21643.1 10109.9 7157.81 4863.75 4626.68 2977.09 2675.24 1557.45 1267.43 1019.23 678.202 506.31 342.703 172.091 170.272 111.436 88.0937 29.8595 23.5765 13.5108 8.7333 5.80435 2.33465 1.82892 1.21955 0.71258 0.381394 0.17184 0.0928429 0.0368687 0.0148144 0.00649636 0.00268638 0.00110197 0.000333767 0.000122484 4.94656e-05 9.98829e-06 2.52584e-06 6.21278e-07 1.4132e-07 2.74116e-08 0 0 0 0 0 0 0 0 0 0 0 0 0 0 0 0 0 0 0 0 0 0 0 0 0 0 0 0 0 0 0 0 0 0 0 0 0 0 0 0 0 0 0 0 0 0 0 0 0 0 0 0 0 0 0
43097.8 29121.7 18500.1 8994.71 6280.61 5531.48 4852.61 3624.88 2448.66 1750.72 1275.48 785.146 729.064 426.543 345.729 215.64 174.018 97.328 86.1739 52.6992 24.1791 10.6147 8.89783 5.98452 2.64793 1.76511 1.2195 0.77171 0.42504 0.211966 0.0888508 0.0305828 0.0164908 0.0060938 0.00230231 0.00104797 0.000354395 0.00014962 5.58296e-05 1.19511e-05 2.60278e-06 5.52828e-07 1.38024e-07 2.68373e-08 0 0 0 0 0 0 0 0 0 0 0 0 0 0 0 0 0 0 0 0 0 0 0 0 0 0 0 0 0 0 0 0 0 0 0 0 0 0 0 0 0 0 0 0 0 0 0 0 0 0 0 0 0 0 0
51205.1 27957.2 17950.5 10213.9 5741.7 5242.01 3351.26 2277.65 1909.75 1254.44 723.813 723.813 587.4 432.704 291.163 182.82 135.195 111.055 75.2324 34.9268 18.0068 13.3868 8.44784 4.31031 2.04152 1.48848 1.12914 0.71161 0.314316 0.146248 0.0584763 0.0253146 0.00996401 0.00435437 0.00174777 0.000655848 0.000236626 8.01114e-05 2.99148e-05 6.89954e-06 1.55584e-06 2.97911e-07 6.30254e-08 1.61339e-08 0 0 0 0 0 0 0 0 0 0 0 0 0 0 0 0 0 0 0 0 0 0 0 0 0 0 0 0 0 0 0 0 0 0 0 0 0 0 0 0 0 0 0 0 0 0 0 0 0 0 0 0 0 0 0
37877.6 23842.3 22308.6 10133.5 7080.36 4921.26 3988.2 2771.82 2336.17 1459.45 1362.89 1020.75 539.804 418.433 317.109 233.673 163.893 77.7441 67.0537 48.8344 25.1135 13.0497 10.1709 3.03353 2.84373 1.82471 1.23973 0.707153 0.394317 0.160087 0.0760104 0.0320004 0.0137815 0.00483581 0.00226084 0.000789361 0.000316492 9.82942e-05 4.26149e-05 5.53549e-06 1.57717e-06 3.02706e-07 6.6757e-08 1.74e-08 0 0 0 0 0 0 0 0 0 0 0 0 0 0 0 0 0 0 0 0 0 0 0 0 0 0 0 0 0 0 0 0 0 0 0 0 0 0 0 0 0 0 0 0 0 0 0 0 0 0 0 0 0 0 0
40413.7 30656 21236.1 8723.76 7510.59 4849.15 3645.96 3040.18 2120.3 1844.01 1154.7 1101.66 639.947 552.28 295.22 230.619 167.731 116.667 90.3528 47.3745 18.0093 13.2723 8.96099 5.78006 2.91446 1.81853 1.04556 0.7816 0.358448 0.185593 0.0834274 0.0392143 0.0155141 0.00651243 0.00270189 0.000677019 0.000381447 0.00012631 5.40185e-05 9.99891e-06 2.05804e-06 3.74975e-07 9.20674e-08 1.91425e-08 0 0 0 0 0 0 0 0 0 0 0 0 0 0 0 0 0 0 0 0 0 0 0 0 0 0 0 0 0 0 0 0 0 0 0 0 0 0 0 0 0 0 0 0 0 0 0 0 0 0 0 0 0 0 0
47453.7 28171.3 19372.6 10382.1 8556.25 5025.81 5010.18 3549.63 2692.52 1777.26 1466.35 1162.67 841.499 545.567 419.868 249.309 131.956 127.264 71.7321 52.462 31.3821 12.0338 9.28951 5.80062 2.64971 1.91397 1.2497 0.779536 0.394003 0.154999 0.0733943 0.0323389 0.0163675 0.00496276 0.0024213 0.000922039 0.000419928 0.000137984 6.0335e-05 1.14415e-05 2.82304e-06 6.37261e-07 1.64047e-07 3.29004e-08 0 0 0 0 0 0 0 0 0 0 0 0 0 0 0 0 0 0 0 0 0 0 0 0 0 0 0 0 0 0 0 0 0 0 0 0 0 0 0 0 0 0 0 0 0 0 0 0 0 0 0 0 0 0 0
43241.4 28763.1 20672.9 9268.61 8302.05 5552.32 3779.84 3039.32 2588.99 1609.37 1339.52 934.065 716.673 334.866 323.818 181.853 181.853 128.245 86.8831 52.9844 18.6586 16.6024 10.1402 7.03958 3.10321 1.84085 1.2607 0.830582 0.409255 0.16941 0.0838497 0.0381806 0.0140625 0.0061838 0.00202237 0.000732546 0.000343485 0.000101827 4.33032e-05 9.43274e-06 1.85436e-06 4.34407e-07 9.19022e-08 2.12027e-08 0 0 0 0 0 0 0 0 0 0 0 0 0 0 0 0 0 0 0 0 0 0 0 0 0 0 0 0 0 0 0 0 0 0 0 0 0 0 0 0 0 0 0 0 0 0 0 0 0 0 0 0 0 0 0
41097.5 24838 17998.6 11222.4 8494.09 6329.92 4672.05 3781.78 1730.73 1635.42 1362.99 941.234 456.592 456.592 289.215 258.188 171.141 115.283 73.7121 59.9219 25.4629 16.5592 10.6196 4.87737 2.82127 1.30899 1.17986 0.697372 0.296583 0.176964 0.0695739 0.0326146 0.0100372 0.00481867 0.00202318 0.000670185 0.000270305 0.000131201 4.03851e-05 7.22681e-06 1.43815e-06 3.42945e-07 7.41279e-08 1.61888e-08 0 0 0 0 0 0 0 0 0 0 0 0 0 0 0 0 0 0 0 0 0 0 0 0 0 0 0 0 0 0 0 0 0 0 0 0 0 0 0 0 0 0 0 0 0 0 0 0 0 0 0 0 0 0 0
39412.6 26102.1 15180.2 7891.78 6300.68 5515.56 2892.52 2703.1 1625.48 1417.6 873.699 567.756 443.812 353.27 243.214 226.121 131.154 95.2215 67.2351 45.5647 21.4503 12.2497 7.29582 4.09741 2.09436 1.5993 1.11713 0.551273 0.348815 0.141828 0.062461 0.026676 0.010731 0.00514321 0.00170914 0.000739752 0.000275897 9.36552e-05 3.62098e-05 7.26979e-06 1.41636e-06 3.28037e-07 8.31133e-08 1.96731e-08 0 0 0 0 0 0 0 0 0 0 0 0 0 0 0 0 0 0 0 0 0 0 0 0 0 0 0 0 0 0 0 0 0 0 0 0 0 0 0 0 0 0 0 0 0 0 0 0 0 0 0 0 0 0 0
44833.4 28660.6 23411.4 10604.2 7339.1 5946.77 4746.75 3359.5 2749.76 2036.16 1429.39 1118.22 791.404 549.505 462.943 249.114 178.598 147.427 103.914 65.1838 31.9932 21.8952 12.5654 6.46696 3.87092 2.23224 1.4471 1.06565 0.496195 0.281116 0.118211 0.053228 0.0190479 0.00783694 0.00350715 0.00129155 0.000496424 0.000165824 6.12307e-05 1.02762e-05 2.91103e-06 6.00172e-07 1.47299e-07 3.46078e-08 0 0 0 0 0 0 0 0 0 0 0 0 0 0 0 0 0 0 0 0 0 0 0 0 0 0 0 0 0 0 0 0 0 0 0 0 0 0 0 0 0 0 0 0 0 0 0 0 0 0 0 0 0 0 0
48282 23292.2 14861.2 10408.2 7659.89 5039.64 3604.2 2559.73 2316.55 1649.72 1345.75 924.808 629.211 295.343 235.516 221.506 166.636 113.23 98.7448 57.152 21.4194 16.872 10.2441 6.29295 2.96727 2.05444 1.24773 0.951123 0.536827 0.272834 0.104456 0.0414415 0.0183766 0.00746545 0.00337077 0.00130242 0.000428893 0.000196232 7.10299e-05 1.58346e-05 3.70331e-06 9.40664e-07 1.92369e-07 3.44731e-08 1.02166e-08 0 0 0 0 0 0 0 0 0 0 0 0 0 0 0 0 0 0 0 0 0 0 0 0 0 0 0 0 0 0 0 0 0 0 0 0 0 0 0 0 0 0 0 0 0 0 0 0 0 0 0 0 0 0
51039 29675.8 18044.7 10073.7 6710.38 5268.96 3480.44 3084.17 2007.66 1742.05 926.725 690.571 671.505 460.508 370.004 254.734 107.757 98.3202 82.0386 46.9957 24.5085 15.2572 8.75323 6.72834 3.5085 2.03741 1.48491 0.919984 0.426317 0.239806 0.0735353 0.0345084 0.015865 0.0077753 0.00188406 0.000900289 0.000409997 0.000108463 5.08755e-05 1.17549e-05 2.26813e-06 7.06783e-07 1.24019e-07 2.91571e-08 0 0 0 0 0 0 0 0 0 0 0 0 0 0 0 0 0 0 0 0 0 0 0 0 0 0 0 0 0 0 0 0 0 0 0 0 0 0 0 0 0 0 0 0 0 0 0 0 0 0 0 0 0 0 0
40780.2 29716.3 19718.6 6864.36 6807.38 4351.8 4127.24 2560.04 2427.81 1949.64 1076.95 939.035 645.523 505.036 331.024 237.983 170.977 115.115 84.4567 50.8347 29.9433 14.6889 10.668 6.40436 3.35703 1.94519 1.41308 0.869857 0.516429 0.226245 0.095844 0.0375904 0.0153921 0.00710269 0.00279593 0.00129714 0.000466356 0.000157475 7.44264e-05 1.46323e-05 4.03e-06 8.10978e-07 1.88507e-07 3.43846e-08 1.01038e-08 0 0 0 0 0 0 0 0 0 0 0 0 0 0 0 0 0 0 0 0 0 0 0 0 0 0 0 0 0 0 0 0 0 0 0 0 0 0 0 0 0 0 0 0 0 0 0 0 0 0 0 0 0 0
49570 28592 21348.1 9498.74 6821.85 5304.55 4437.42 3261.9 2580.43 1796.97 985.008 854.14 736.49 462.278 301.644 246.736 156.847 114.448 75.6096 52.3873 25.1599 13.2222 9.3073 5.66117 2.92776 1.55624 1.06514 0.784616 0.423037 0.224092 0.0844191 0.036096 0.0181189 0.00742925 0.00303103 0.00127163 0.000512523 0.000192885 7.07951e-05 1.62691e-05 3.9965e-06 7.65469e-07 2.27252e-07 4.738e-08 1.15708e-08 0 0 0 0 0 0 0 0 0 0 0 0 0 0 0 0 0 0 0 0 0 0 0 0 0 0 0 0 0 0 0 0 0 0 0 0 0 0 0 0 0 0 0 0 0 0 0 0 0 0 0 0 0 0
49014.5 34203.3 24132.7 12697.4 8773.4 5999.84 4878.58 3828.39 2659.46 1692.86 1508.92 1051.37 713.091 393.057 368.56 287.134 152.706 135.22 80.7489 61.0288 34.2898 16.7759 10.8348 5.88237 2.86586 1.86918 1.18283 0.769912 0.387317 0.185942 0.0932708 0.0435028 0.0159045 0.00756209 0.00244722 0.00124183 0.000370421 0.000161201 6.49088e-05 1.74741e-05 4.54488e-06 1.15877e-06 2.75936e-07 7.17545e-08 1.45785e-08 0 0 0 0 0 0 0 0 0 0 0 0 0 0 0 0 0 0 0 0 0 0 0 0 0 0 0 0 0 0 0 0 0 0 0 0 0 0 0 0 0 0 0 0 0 0 0 0 0 0 0 0 0 0
45345.1 26917.5 13647.8 9731.77 5427.89 5011.97 3859.63 2230.12 2230.12 1346.63 1097.01 857.743 676.899 341.979 245.173 223.512 143.516 89.8695 59.206 49.6577 20.4517 12.6244 7.36247 3.34671 2.46156 1.71658 1.21699 0.676439 0.347325 0.147244 0.0664728 0.0256776 0.0128899 0.00559242 0.00218495 0.000693617 0.000314127 8.11238e-05 4.4339e-05 8.80441e-06 2.06457e-06 4.59398e-07 9.81281e-08 2.77741e-08 0 0 0 0 0 0 0 0 0 0 0 0 0 0 0 0 0 0 0 0 0 0 0 0 0 0 0 0 0 0 0 0 0 0 0 0 0 0 0 0 0 0 0 0 0 0 0 0 0 0 0 0 0 0 0
42450.3 31388.3 19640.1 10240.3 6084.77 5662.17 4108.91 3347.81 2840.49 1944.68 1298 1182.78 747.659 626.624 449.269 268.765 216.321 141.951 94.2412 64.2763 35.0343 20.0036 10.8415 5.16223 3.5799 1.94872 1.21362 0.80325 0.512024 0.216559 0.0900169 0.033421 0.017555 0.00680632 0.00256368 0.000589148 0.000330709 0.000156118 5.30566e-05 9.19387e-06 2.5873e-06 7.92661e-07 1.91793e-07 5.60069e-08 1.19246e-08 0 0 0 0 0 0 0 0 0 0 0 0 0 0 0 0 0 0 0 0 0 0 0 0 0 0 0 0 0 0 0 0 0 0 0 0 0 0 0 0 0 0 0 0 0 0 0 0 0 0 0 0 0 0
