914.089 634.438 612.431 599.291 581.255 439.366 422.695 422.695 403.719 380.254 373.163 363.358 324.673 320.766 313.937 307.136 304.907 303.135 302.168 301.415 300.917 300.571 300.367 300.163 300.091 300.069 300.046 300.016 300.009 300.004 300.003 300.001 300.001 300 300 300 300 300 300 300 300 300 300 300 300 300 300 300 300 300 300 300 300 300 300 300 300 300 300 300 300 300 300 300 300 300 300 300 300 300 300 300 300 300 300 300 300 300 300 300 300 300 300 300 300 300 300 300 300 300 300 300 300 300 300 300
664.458 656.969 593.717 478.273 457.779 430.17 399.274 384.698 377.698 370.012 355.621 319.928 319.579 313.866 310.559 306.557 303.883 303.119 301.643 300.813 300.532 300.447 300.22 300.093 300.081 300.061 300.036 300.011 300.006 300.005 300.002 300.002 300.001 300 300 300 300 300 300 300 300 300 300 300 300 300 300 300 300 300 300 300 300 300 300 300 300 300 300 300 300 300 300 300 300 300 300 300 300 300 300 300 300 300 300 300 300 300 300 300 300 300 300 300 300 300 300 300 300 300 300 300 300 300 300 300
900.605 538.179 517.713 439.717 414.829 388.163 381.151 367.355 348.065 336.941 325.683 313.941 308.676 306.93 304.319 302.855 301.459 301.35 300.775 300.521 300.282 300.217 300.107 300.067 300.041 300.018 300.013 300.005 300.002 300.001 300.001 300 300 300 300 300 300 300 300 300 300 300 300 300 300 300 300 300 300 300 300 300 300 300 300 300 300 300 300 300 300 300 300 300 300 300 300 300 300 300 300 300 300 300 300 300 300 300 300 300 300 300 300 300 300 300 300 300 300 300 300 300 300 300 300 300
977.769 734.011 666.824 631.729 620.958 609.637 609.637 606.446 606.446 600.315 600.315 599.181 599.181 599.181 599.181 598.942 598.942 598.942 597.984 597.984 597.56 597.56 597.358 597.358 596.591 596.591 596.556 595.072 594.74 593.55 592.803 591.219 589.338 586.999 585.685 584.545 584.04 583.838 583.756 583.747 583.747 583.746 583.745 583.745 583.745 583.745 583.745 583.745 583.745 583.745 583.745 583.745 583.745 583.745 583.745 583.745 583.745 583.745 583.745 583.745 583.745 583.745 583.745 583.745 583.745 583.745 583.745 583.745 583.745 583.745 583.745 583.745 583.745 583.745 583.745 583.745 583.745 583.745 583.745 583.745 583.745 583.745 583.745 583.745 583.745 583.745 583.745 583.745 583.745 583.745 583.745 583.745 583.745 583.745 583.745 583.745
834.86 638.929 545.214 508.128 410.485 410.485 402.952 401.568 389.827 377.12 367.568 337.633 333.928 322.813 317.268 310.428 306.725 304.675 302.462 301.285 300.986 300.554 300.392 300.229 300.127 300.075 300.045 300.016 300.011 300.005 300.004 300.002 300.001 300 300 300 300 300 300 300 300 300 300 300 300 300 300 300 300 300 300 300 300 300 300 300 300 300 300 300 300 300 300 300 300 300 300 300 300 300 300 300 300 300 300 300 300 300 300 300 300 300 300 300 300 300 300 300 300 300 300 300 300 300 300 300
717.837 697.061 646.301 458.79 403.77 399.654 394.031 381.764 366.57 358.166 344.338 320.583 313.237 309.122 306.267 304.706 303.101 301.861 301.192 300.669 300.332 300.273 300.192 300.089 300.063 300.035 300.023 300.008 300.005 300.003 300.002 300.001 300.001 300 300 300 300 300 300 300 300 300 300 300 300 300 300 300 300 300 300 300 300 300 300 300 300 300 300 300 300 300 300 300 300 300 300 300 300 300 300 300 300 300 300 300 300 300 300 300 300 300 300 300 300 300 300 300 300 300 300 300 300 300 300 300
637.21 550.293 527.958 482.211 471.683 446.233 425.492 387.41 383.138 374.05 349.811 325.942 320.542 314.732 310.567 307.985 304.187 302.769 301.677 301.255 300.738 300.429 300.217 300.126 300.087 300.049 300.033 300.013 300.005 300.004 300.002 300.001 300.001 300 300 300 300 300 300 300 300 300 300 300 300 300 300 300 300 300 300 300 300 300 300 300 300 300 300 300 300 300 300 300 300 300 300 300 300 300 300 300 300 300 300 300 300 300 300 300 300 300 300 300 300 300 300 300 300 300 300 300 300 300 300 300
567.3 567.3 562.998 434.461 427.344 415.97 401.56 382.625 379.489 360.387 347.263 335.351 324.644 312.962 308.558 306.152 305.98 302.041 302.025 301.642 300.91 300.377 300.337 300.203 300.124 300.081 300.048 300.017 300.009 300.006 300.003 300.002 300.001 300.001 300 300 300 300 300 300 300 300 300 300 300 300 300 300 300 300 300 300 300 300 300 300 300 300 300 300 300 300 300 300 300 300 300 300 300 300 300 300 300 300 300 300 300 300 300 300 300 300 300 300 300 300 300 300 300 300 300 300 300 300 300 300
673.286 620.876 524.369 450.469 422.384 394.466 373.888 373.888 353.564 336.27 321.55 312.544 310.614 306.242 303.849 302.625 301.328 301.137 300.708 300.386 300.312 300.187 300.134 300.067 300.032 300.023 300.009 300.005 300.004 300.002 300.001 300.001 300 300 300 300 300 300 300 300 300 300 300 300 300 300 300 300 300 300 300 300 300 300 300 300 300 300 300 300 300 300 300 300 300 300 300 300 300 300 300 300 300 300 300 300 300 300 300 300 300 300 300 300 300 300 300 300 300 300 300 300 300 300 300 300
860.228 608.022 538.536 436.138 426.231 403.628 399.281 383.124 368.395 333.433 333.433 321.272 315.24 313.051 309.46 305.442 303.388 301.539 301.284 300.962 300.58 300.294 300.221 300.112 300.067 300.036 300.024 300.008 300.004 300.003 300.001 300.001 300 300 300 300 300 300 300 300 300 300 300 300 300 300 300 300 300 300 300 300 300 300 300 300 300 300 300 300 300 300 300 300 300 300 300 300 300 300 300 300 300 300 300 300 300 300 300 300 300 300 300 300 300 300 300 300 300 300 300 300 300 300 300 300
869.072 585.615 539.843 446.093 446.093 397.604 378.488 378.488 372.934 362.107 355.822 331.041 320.21 312.514 307.641 305.635 303.668 302.189 301.355 300.887 300.505 300.392 300.22 300.129 300.083 300.033 300.025 300.01 300.005 300.003 300.002 300.001 300 300 300 300 300 300 300 300 300 300 300 300 300 300 300 300 300 300 300 300 300 300 300 300 300 300 300 300 300 300 300 300 300 300 300 300 300 300 300 300 300 300 300 300 300 300 300 300 300 300 300 300 300 300 300 300 300 300 300 300 300 300 300 300
871.928 656.909 600.728 478.248 435.258 427.746 392.341 372.933 370.836 365.928 343.676 334.497 320.199 313.778 306.723 305.447 303.835 302.369 301.233 300.578 300.32 300.267 300.19 300.094 300.031 300.031 300.023 300.007 300.005 300.003 300.001 300.001 300.001 300 300 300 300 300 300 300 300 300 300 300 300 300 300 300 300 300 300 300 300 300 300 300 300 300 300 300 300 300 300 300 300 300 300 300 300 300 300 300 300 300 300 300 300 300 300 300 300 300 300 300 300 300 300 300 300 300 300 300 300 300 300 300
655.099 509.148 464.04 437.119 402.354 385.662 373.011 356.385 350.141 333.484 324.393 315.123 311.365 307.435 302.76 302.76 301.449 301.053 300.799 300.367 300.257 300.153 300.098 300.065 300.041 300.025 300.014 300.004 300.003 300.002 300.001 300.001 300 300 300 300 300 300 300 300 300 300 300 300 300 300 300 300 300 300 300 300 300 300 300 300 300 300 300 300 300 300 300 300 300 300 300 300 300 300 300 300 300 300 300 300 300 300 300 300 300 300 300 300 300 300 300 300 300 300 300 300 300 300 300 300
685.25 493.63 487.27 429.89 399.548 394.871 373.585 366.001 341.893 326.006 317.908 310.368 307.604 304.649 302.455 301.969 301.421 300.926 300.463 300.333 300.241 300.137 300.074 300.047 300.022 300.019 300.011 300.003 300.002 300.001 300.001 300 300 300 300 300 300 300 300 300 300 300 300 300 300 300 300 300 300 300 300 300 300 300 300 300 300 300 300 300 300 300 300 300 300 300 300 300 300 300 300 300 300 300 300 300 300 300 300 300 300 300 300 300 300 300 300 300 300 300 300 300 300 300 300 300
699.402 699.402 647.182 613.111 595.517 591.487 588.149 585.312 584.997 584.396 584.015 583.846 583.794 583.78 583.762 583.74 583.74 583.739 583.737 583.735 583.734 583.734 583.734 583.734 583.734 583.734 583.734 583.734 583.734 583.734 583.734 583.734 583.734 583.734 583.734 583.734 583.734 583.734 583.734 583.734 583.734 583.734 583.734 583.734 583.734 583.734 583.734 583.734 583.734 583.734 583.734 583.734 583.734 583.734 583.734 583.734 583.734 583.734 583.734 583.734 583.734 583.734 583.734 583.734 583.734 583.734 583.734 583.734 583.734 583.734 583.734 583.734 583.734 583.734 583.734 583.734 583.734 583.734 583.734 583.734 583.734 583.734 583.734 583.734 583.734 583.734 583.734 583.734 583.734 583.734 583.734 583.734 583.734 583.734 583.734 583.734
841.698 752.08 680.082 603.25 597.953 589.793 586.764 585.445 584.044 584 583.891 583.775 583.775 583.765 583.745 583.742 583.74 583.737 583.736 583.735 583.734 583.734 583.734 583.734 583.734 583.734 583.734 583.734 583.734 583.734 583.734 583.734 583.734 583.734 583.734 583.734 583.734 583.734 583.734 583.734 583.734 583.734 583.734 583.734 583.734 583.734 583.734 583.734 583.734 583.734 583.734 583.734 583.734 583.734 583.734 583.734 583.734 583.734 583.734 583.734 583.734 583.734 583.734 583.734 583.734 583.734 583.734 583.734 583.734 583.734 583.734 583.734 583.734 583.734 583.734 583.734 583.734 583.734 583.734 583.734 583.734 583.734 583.734 583.734 583.734 583.734 583.734 583.734 583.734 583.734 583.734 583.734 583.734 583.734 583.734 583.734
804.313 570.905 513.945 433.302 419.65 419.361 395.05 378.597 375.257 362.203 337.412 325.621 317.227 309.688 307.793 305.165 302.97 301.399 301.343 301.051 300.42 300.311 300.167 300.111 300.068 300.037 300.023 300.006 300.004 300.002 300.001 300.001 300.001 300 300 300 300 300 300 300 300 300 300 300 300 300 300 300 300 300 300 300 300 300 300 300 300 300 300 300 300 300 300 300 300 300 300 300 300 300 300 300 300 300 300 300 300 300 300 300 300 300 300 300 300 300 300 300 300 300 300 300 300 300 300 300
984.032 672.724 644.673 595.024 590.644 586.896 585.833 584.225 584.136 583.952 583.836 583.75 583.75 583.748 583.744 583.74 583.738 583.736 583.735 583.734 583.734 583.734 583.734 583.734 583.734 583.734 583.734 583.734 583.734 583.734 583.734 583.734 583.734 583.734 583.734 583.734 583.734 583.734 583.734 583.734 583.734 583.734 583.734 583.734 583.734 583.734 583.734 583.734 583.734 583.734 583.734 583.734 583.734 583.734 583.734 583.734 583.734 583.734 583.734 583.734 583.734 583.734 583.734 583.734 583.734 583.734 583.734 583.734 583.734 583.734 583.734 583.734 583.734 583.734 583.734 583.734 583.734 583.734 583.734 583.734 583.734 583.734 583.734 583.734 583.734 583.734 583.734 583.734 583.734 583.734 583.734 583.734 583.734 583.734 583.734 583.734
648.734 574.385 503.011 446.245 427.071 414.078 386.201 372.121 352.769 333.769 323.528 316.678 313.643 306.753 306.115 304.136 302.455 301.543 301.069 300.744 300.54 300.239 300.19 300.089 300.038 300.038 300.024 300.009 300.005 300.003 300.001 300.001 300 300 300 300 300 300 300 300 300 300 300 300 300 300 300 300 300 300 300 300 300 300 300 300 300 300 300 300 300 300 300 300 300 300 300 300 300 300 300 300 300 300 300 300 300 300 300 300 300 300 300 300 300 300 300 300 300 300 300 300 300 300 300 300
929.425 666.197 643.903 540.279 540.279 540.279 459.928 459.928 459.928 459.928 459.069 454.345 441.086 421.699 397.211 372.978 370.17 367.979 366.173 365.544 353.57 310.796 310.796 303.315 302.996 302.3 301.233 300.549 300.345 300.175 300.111 300.07 300.034 300.014 300.011 300.007 300.003 300.002 300.001 300 300 300 300 300 300 300 300 300 300 300 300 300 300 300 300 300 300 300 300 300 300 300 300 300 300 300 300 300 300 300 300 300 300 300 300 300 300 300 300 300 300 300 300 300 300 300 300 300 300 300 300 300 300 300 300 300
683.863 559.981 482.716 427.36 412.611 390.026 382.757 374.251 364.157 343.792 333.621 322.018 315.831 309.475 306.535 303.681 302.823 302.07 301.151 300.785 300.552 300.34 300.204 300.073 300.073 300.049 300.023 300.011 300.005 300.002 300.002 300.001 300.001 300 300 300 300 300 300 300 300 300 300 300 300 300 300 300 300 300 300 300 300 300 300 300 300 300 300 300 300 300 300 300 300 300 300 300 300 300 300 300 300 300 300 300 300 300 300 300 300 300 300 300 300 300 300 300 300 300 300 300 300 300 300 300
701.386 701.386 565.435 482.276 463.198 421.103 421.103 397.317 375.152 375.152 371.579 354.581 330.363 321.296 312.086 308.218 306.615 302.944 301.696 301.328 300.826 300.537 300.353 300.218 300.132 300.061 300.041 300.014 300.008 300.004 300.003 300.002 300.001 300 300 300 300 300 300 300 300 300 300 300 300 300 300 300 300 300 300 300 300 300 300 300 300 300 300 300 300 300 300 300 300 300 300 300 300 300 300 300 300 300 300 300 300 300 300 300 300 300 300 300 300 300 300 300 300 300 300 300 300 300 300 300
787.948 725.412 680.005 421.529 421.529 418.569 397.769 377.203 374.443 367.593 363.645 345.546 322.133 315.124 309.037 305.821 304.421 302.436 302.021 300.999 300.549 300.384 300.165 300.152 300.071 300.044 300.027 300.008 300.005 300.003 300.002 300.001 300.001 300 300 300 300 300 300 300 300 300 300 300 300 300 300 300 300 300 300 300 300 300 300 300 300 300 300 300 300 300 300 300 300 300 300 300 300 300 300 300 300 300 300 300 300 300 300 300 300 300 300 300 300 300 300 300 300 300 300 300 300 300 300 300
805.878 566.575 492.228 423.559 408.624 379.151 373.75 363.89 345.308 327.013 323.264 312.275 306.927 304.756 302.288 302.221 300.986 300.682 300.599 300.327 300.258 300.154 300.102 300.059 300.038 300.022 300.013 300.005 300.002 300.002 300.001 300 300 300 300 300 300 300 300 300 300 300 300 300 300 300 300 300 300 300 300 300 300 300 300 300 300 300 300 300 300 300 300 300 300 300 300 300 300 300 300 300 300 300 300 300 300 300 300 300 300 300 300 300 300 300 300 300 300 300 300 300 300 300 300 300
794.212 526.17 526.17 453.79 429.667 402.466 387.067 375.631 374.847 357.639 337.841 317.593 315.021 310.999 307.364 303.7 303.198 302.101 301.502 300.705 300.541 300.313 300.177 300.103 300.053 300.039 300.017 300.008 300.003 300.002 300.001 300.001 300 300 300 300 300 300 300 300 300 300 300 300 300 300 300 300 300 300 300 300 300 300 300 300 300 300 300 300 300 300 300 300 300 300 300 300 300 300 300 300 300 300 300 300 300 300 300 300 300 300 300 300 300 300 300 300 300 300 300 300 300 300 300 300
768.169 667.618 523.126 445.139 445.139 445.139 415.863 415.863 394.824 386.722 374.083 358.289 335.049 324.805 319.196 312.278 306.802 304.478 302.945 301.869 301.206 300.757 300.373 300.3 300.143 300.1 300.064 300.023 300.01 300.007 300.004 300.002 300.001 300.001 300 300 300 300 300 300 300 300 300 300 300 300 300 300 300 300 300 300 300 300 300 300 300 300 300 300 300 300 300 300 300 300 300 300 300 300 300 300 300 300 300 300 300 300 300 300 300 300 300 300 300 300 300 300 300 300 300 300 300 300 300 300
754.842 580.269 485.294 475.065 453.121 433.358 407.521 382.774 370.445 370.445 358.348 330.813 317.024 310.412 309.728 307.33 303.095 302.35 301.596 301.081 300.674 300.306 300.119 300.119 300.083 300.051 300.023 300.007 300.005 300.003 300.002 300.001 300.001 300 300 300 300 300 300 300 300 300 300 300 300 300 300 300 300 300 300 300 300 300 300 300 300 300 300 300 300 300 300 300 300 300 300 300 300 300 300 300 300 300 300 300 300 300 300 300 300 300 300 300 300 300 300 300 300 300 300 300 300 300 300 300
900.39 627.432 627.432 488.913 465.131 443.814 443.814 429.204 392.067 380.345 379.169 370.097 349.423 333.956 315.067 313.76 309.706 305.919 303.833 302.124 301.283 300.722 300.313 300.303 300.198 300.114 300.053 300.019 300.013 300.006 300.004 300.002 300.001 300.001 300 300 300 300 300 300 300 300 300 300 300 300 300 300 300 300 300 300 300 300 300 300 300 300 300 300 300 300 300 300 300 300 300 300 300 300 300 300 300 300 300 300 300 300 300 300 300 300 300 300 300 300 300 300 300 300 300 300 300 300 300 300
824.669 546.774 515.552 432.221 415.503 398.446 397.497 382.814 370.267 357.944 344.564 318.302 318.302 308.967 307.392 305.1 303.359 302.249 301.17 300.819 300.372 300.329 300.209 300.125 300.064 300.047 300.03 300.01 300.006 300.003 300.002 300.001 300.001 300 300 300 300 300 300 300 300 300 300 300 300 300 300 300 300 300 300 300 300 300 300 300 300 300 300 300 300 300 300 300 300 300 300 300 300 300 300 300 300 300 300 300 300 300 300 300 300 300 300 300 300 300 300 300 300 300 300 300 300 300 300 300
864.215 630.034 531.111 422.815 406.347 396.422 384.838 374.925 368.874 355.309 337.702 328.814 318.414 310.516 307.501 304.285 302.946 301.73 301.141 300.904 300.35 300.317 300.162 300.11 300.069 300.039 300.026 300.008 300.005 300.004 300.002 300.001 300.001 300 300 300 300 300 300 300 300 300 300 300 300 300 300 300 300 300 300 300 300 300 300 300 300 300 300 300 300 300 300 300 300 300 300 300 300 300 300 300 300 300 300 300 300 300 300 300 300 300 300 300 300 300 300 300 300 300 300 300 300 300 300 300
785.034 695.419 538.339 431.078 431.078 411.883 382.031 382.031 365.885 320.835 320.835 320.803 311.154 310.035 305.173 303.637 302.03 301.25 300.834 300.476 300.343 300.244 300.128 300.078 300.056 300.028 300.016 300.007 300.004 300.002 300.002 300.001 300 300 300 300 300 300 300 300 300 300 300 300 300 300 300 300 300 300 300 300 300 300 300 300 300 300 300 300 300 300 300 300 300 300 300 300 300 300 300 300 300 300 300 300 300 300 300 300 300 300 300 300 300 300 300 300 300 300 300 300 300 300 300 300
815.069 567.123 501.38 472.398 443.308 443.308 425.511 408.731 391.391 375.18 350.457 350.457 329.874 326.996 319.608 314.081 306.308 305.978 303.44 301.942 301.32 300.788 300.439 300.274 300.161 300.094 300.063 300.016 300.011 300.007 300.004 300.002 300.001 300.001 300 300 300 300 300 300 300 300 300 300 300 300 300 300 300 300 300 300 300 300 300 300 300 300 300 300 300 300 300 300 300 300 300 300 300 300 300 300 300 300 300 300 300 300 300 300 300 300 300 300 300 300 300 300 300 300 300 300 300 300 300 300
621.58 612.717 475.169 445.802 417.424 392.505 379.624 371.264 356.45 330.205 316.793 313.738 309.146 306.532 304.49 301.921 301.732 300.895 300.603 300.495 300.236 300.145 300.119 300.064 300.036 300.02 300.014 300.006 300.003 300.002 300.001 300.001 300 300 300 300 300 300 300 300 300 300 300 300 300 300 300 300 300 300 300 300 300 300 300 300 300 300 300 300 300 300 300 300 300 300 300 300 300 300 300 300 300 300 300 300 300 300 300 300 300 300 300 300 300 300 300 300 300 300 300 300 300 300 300 300
944.667 675.783 481.321 443.463 432.078 412.199 393.509 373.814 373.582 364.128 347.631 332.763 314.461 313.089 307.787 304.547 302.486 302.409 301.59 300.854 300.605 300.298 300.211 300.136 300.085 300.054 300.025 300.009 300.005 300.002 300.002 300.001 300 300 300 300 300 300 300 300 300 300 300 300 300 300 300 300 300 300 300 300 300 300 300 300 300 300 300 300 300 300 300 300 300 300 300 300 300 300 300 300 300 300 300 300 300 300 300 300 300 300 300 300 300 300 300 300 300 300 300 300 300 300 300 300
842.258 687.561 506.287 450.516 436.882 420.661 396.843 380.021 365.609 337.583 333.567 319.716 313.028 312.954 307.149 304.433 303.004 301.913 300.972 300.8 300.315 300.287 300.157 300.113 300.073 300.034 300.021 300.007 300.003 300.003 300.001 300.001 300 300 300 300 300 300 300 300 300 300 300 300 300 300 300 300 300 300 300 300 300 300 300 300 300 300 300 300 300 300 300 300 300 300 300 300 300 300 300 300 300 300 300 300 300 300 300 300 300 300 300 300 300 300 300 300 300 300 300 300 300 300 300 300
971.351 742.063 570.966 541.171 457.849 435.573 404.784 392.171 375.032 364.9 341.318 326.338 318.191 310.805 306.749 305.449 303.594 302.431 301.209 300.818 300.627 300.354 300.218 300.126 300.075 300.054 300.028 300.009 300.006 300.003 300.002 300.001 300.001 300 300 300 300 300 300 300 300 300 300 300 300 300 300 300 300 300 300 300 300 300 300 300 300 300 300 300 300 300 300 300 300 300 300 300 300 300 300 300 300 300 300 300 300 300 300 300 300 300 300 300 300 300 300 300 300 300 300 300 300 300 300 300
1027.21 773.628 667.259 602.847 596.739 513.829 513.829 478.074 452.911 425.654 416.76 412.541 396.438 378.449 372.557 367.842 365.292 349.341 318.514 312.827 307.556 304.727 302.941 301.238 300.917 300.51 300.298 300.089 300.051 300.034 300.018 300.011 300.006 300.003 300.001 300.001 300.001 300 300 300 300 300 300 300 300 300 300 300 300 300 300 300 300 300 300 300 300 300 300 300 300 300 300 300 300 300 300 300 300 300 300 300 300 300 300 300 300 300 300 300 300 300 300 300 300 300 300 300 300 300 300 300 300 300 300 300
933.426 649.511 577.38 455.786 412.419 404.715 388.156 379.332 366.979 349.369 315.924 315.924 307.83 307.83 303.102 303.006 301.754 300.9 300.838 300.466 300.365 300.169 300.111 300.052 300.035 300.027 300.013 300.004 300.002 300.001 300.001 300 300 300 300 300 300 300 300 300 300 300 300 300 300 300 300 300 300 300 300 300 300 300 300 300 300 300 300 300 300 300 300 300 300 300 300 300 300 300 300 300 300 300 300 300 300 300 300 300 300 300 300 300 300 300 300 300 300 300 300 300 300 300 300 300
939.274 704.49 694.909 604.98 590.529 557.507 530.119 508.682 467.571 430.204 411.796 392.343 379.189 372.369 367.682 367.479 365.356 341.489 322.01 309.97 305.632 303.767 301.707 301.559 300.746 300.459 300.272 300.091 300.055 300.033 300.016 300.014 300.006 300.004 300.002 300.001 300.001 300 300 300 300 300 300 300 300 300 300 300 300 300 300 300 300 300 300 300 300 300 300 300 300 300 300 300 300 300 300 300 300 300 300 300 300 300 300 300 300 300 300 300 300 300 300 300 300 300 300 300 300 300 300 300 300 300 300 300
836.444 662.854 643.301 584.78 534.939 451.044 428.192 410.518 392.585 377.705 368.773 367.876 357.393 328.989 309.889 309.089 305.707 303.834 302.657 301.551 300.831 300.428 300.428 300.228 300.128 300.086 300.049 300.022 300.009 300.005 300.003 300.002 300.001 300 300 300 300 300 300 300 300 300 300 300 300 300 300 300 300 300 300 300 300 300 300 300 300 300 300 300 300 300 300 300 300 300 300 300 300 300 300 300 300 300 300 300 300 300 300 300 300 300 300 300 300 300 300 300 300 300 300 300 300 300 300 300
564.611 564.611 514.252 466.327 451.053 418.583 405.115 378.582 372.682 353.72 336.003 322.427 316.939 311.705 306.965 304.399 302.484 302.052 301.07 300.82 300.482 300.292 300.149 300.118 300.05 300.038 300.02 300.008 300.004 300.002 300.001 300.001 300.001 300 300 300 300 300 300 300 300 300 300 300 300 300 300 300 300 300 300 300 300 300 300 300 300 300 300 300 300 300 300 300 300 300 300 300 300 300 300 300 300 300 300 300 300 300 300 300 300 300 300 300 300 300 300 300 300 300 300 300 300 300 300 300
917.118 693.534 689.15 634.735 630.62 616.011 616.011 614.418 613.63 612.608 611.886 611.886 611.844 611.844 611.838 611.827 611.824 611.823 611.822 611.822 611.822 611.822 611.822 611.822 611.822 611.822 611.822 611.822 611.822 611.822 611.822 611.822 611.822 611.822 611.822 611.822 611.822 611.822 611.822 611.822 611.822 611.822 611.822 611.822 611.822 611.822 611.822 611.822 611.822 611.822 611.822 611.822 611.822 611.822 611.822 611.822 611.822 611.822 611.822 611.822 611.822 611.822 611.822 611.822 611.822 611.822 611.822 611.822 611.822 611.822 611.822 611.822 611.822 611.822 611.822 611.822 611.822 611.822 611.822 611.822 611.822 611.822 611.822 611.822 611.822 611.822 611.822 611.822 611.822 611.822 611.822 611.822 611.822 611.822 611.822 611.822
869.151 674.78 603.636 494.618 434.693 434.693 418.942 389.975 386.706 342.945 342.945 342.454 342.454 324.111 318.974 309.73 307.519 304.26 302.743 301.698 301.04 300.41 300.227 300.201 300.121 300.072 300.019 300.014 300.008 300.003 300.003 300.002 300.001 300 300 300 300 300 300 300 300 300 300 300 300 300 300 300 300 300 300 300 300 300 300 300 300 300 300 300 300 300 300 300 300 300 300 300 300 300 300 300 300 300 300 300 300 300 300 300 300 300 300 300 300 300 300 300 300 300 300 300 300 300 300 300
753.404 669.453 543.875 459.491 457.005 455.7 417.662 392.762 390.836 374.175 355.412 346.684 333.891 321.782 314.444 312.177 308.376 304.292 302.351 302.014 301.044 300.503 300.42 300.281 300.124 300.095 300.049 300.018 300.01 300.006 300.003 300.002 300.001 300.001 300 300 300 300 300 300 300 300 300 300 300 300 300 300 300 300 300 300 300 300 300 300 300 300 300 300 300 300 300 300 300 300 300 300 300 300 300 300 300 300 300 300 300 300 300 300 300 300 300 300 300 300 300 300 300 300 300 300 300 300 300 300
950.85 785.891 692.051 626.541 611.565 595.105 588.346 586.955 584.889 584.461 584.097 583.856 583.829 583.785 583.756 583.749 583.744 583.741 583.738 583.736 583.735 583.734 583.734 583.734 583.734 583.734 583.734 583.734 583.734 583.734 583.734 583.734 583.734 583.734 583.734 583.734 583.734 583.734 583.734 583.734 583.734 583.734 583.734 583.734 583.734 583.734 583.734 583.734 583.734 583.734 583.734 583.734 583.734 583.734 583.734 583.734 583.734 583.734 583.734 583.734 583.734 583.734 583.734 583.734 583.734 583.734 583.734 583.734 583.734 583.734 583.734 583.734 583.734 583.734 583.734 583.734 583.734 583.734 583.734 583.734 583.734 583.734 583.734 583.734 583.734 583.734 583.734 583.734 583.734 583.734 583.734 583.734 583.734 583.734 583.734 583.734
907.049 625.363 526.39 456.798 456.495 401.508 401.508 382.839 375.738 372.889 348.115 334.072 326.726 316.333 309.428 307.386 304.074 303.288 302.126 301.331 300.817 300.518 300.308 300.149 300.098 300.053 300.035 300.016 300.01 300.005 300.002 300.002 300.001 300.001 300 300 300 300 300 300 300 300 300 300 300 300 300 300 300 300 300 300 300 300 300 300 300 300 300 300 300 300 300 300 300 300 300 300 300 300 300 300 300 300 300 300 300 300 300 300 300 300 300 300 300 300 300 300 300 300 300 300 300 300 300 300
758.043 758.043 625.041 521.78 479.994 453.057 446.514 426.976 394.466 389.485 373.808 365.997 364.849 328.452 316.731 308.663 307.405 307.04 303.933 302.589 301.593 301.05 300.576 300.376 300.154 300.11 300.047 300.029 300.016 300.008 300.005 300.003 300.001 300.001 300 300 300 300 300 300 300 300 300 300 300 300 300 300 300 300 300 300 300 300 300 300 300 300 300 300 300 300 300 300 300 300 300 300 300 300 300 300 300 300 300 300 300 300 300 300 300 300 300 300 300 300 300 300 300 300 300 300 300 300 300 300
825.319 671.594 556.38 469.045 451 431.213 408.211 399.174 378.144 372.157 367.579 360.336 328.386 315.466 312.389 307.706 304.135 304.075 302.349 301.288 300.944 300.45 300.293 300.189 300.135 300.08 300.049 300.014 300.007 300.005 300.002 300.002 300.001 300.001 300 300 300 300 300 300 300 300 300 300 300 300 300 300 300 300 300 300 300 300 300 300 300 300 300 300 300 300 300 300 300 300 300 300 300 300 300 300 300 300 300 300 300 300 300 300 300 300 300 300 300 300 300 300 300 300 300 300 300 300 300 300
674.419 604.435 529.291 466.036 446.671 412.193 396.503 388.709 371.549 371.549 369.856 344.02 326.421 315.656 312.136 308.828 304.167 302.486 302.12 301.35 300.886 300.486 300.339 300.212 300.083 300.08 300.048 300.018 300.01 300.004 300.003 300.002 300.001 300 300 300 300 300 300 300 300 300 300 300 300 300 300 300 300 300 300 300 300 300 300 300 300 300 300 300 300 300 300 300 300 300 300 300 300 300 300 300 300 300 300 300 300 300 300 300 300 300 300 300 300 300 300 300 300 300 300 300 300 300 300 300
852.075 612.517 612.517 438.508 438.508 433.564 389.546 389.546 378.574 370.191 348.832 330.2 321.191 316.53 309.796 306.129 303.154 302.17 301.85 300.84 300.682 300.475 300.245 300.127 300.071 300.053 300.03 300.01 300.007 300.003 300.002 300.001 300.001 300 300 300 300 300 300 300 300 300 300 300 300 300 300 300 300 300 300 300 300 300 300 300 300 300 300 300 300 300 300 300 300 300 300 300 300 300 300 300 300 300 300 300 300 300 300 300 300 300 300 300 300 300 300 300 300 300 300 300 300 300 300 300
876.935 652.583 652.583 447.508 447.508 446.695 425.081 411.617 391.938 373.776 360.851 360.851 338.794 323.88 316.294 311.934 309.597 304.628 303.115 302.099 301.589 300.625 300.415 300.265 300.175 300.094 300.063 300.02 300.011 300.004 300.003 300.002 300.001 300.001 300 300 300 300 300 300 300 300 300 300 300 300 300 300 300 300 300 300 300 300 300 300 300 300 300 300 300 300 300 300 300 300 300 300 300 300 300 300 300 300 300 300 300 300 300 300 300 300 300 300 300 300 300 300 300 300 300 300 300 300 300 300
