7924.04 4431.85 3296.37 1472.23 1039.87 664.488 592.297 457.011 340.301 241.851 195.619 177.461 151.998 150.585 137.38 127.523 124.155 120.415 117.863 114.996 112.693 109.223 105.718 103.502 101.702 101.107 100.585 100.352 100.19 100.11 100.078 100.047 100.03 100.016 100.011 100.006 100.004 100.002 100.001 100 100 100 100 100 100 100 100 100 100 100 100 100 100 100 100 100 100 100 100 100 100 100 100 100 100 100 100 100 100 100 100 100 100 100 100 100 100 100 100 100 100 100 100 100 100 100 100 100 100 100 100 100 100 100 100
6387.43 4565.26 2946.9 1516.22 922.545 733.956 493.442 405.727 260.643 206.057 198.241 151.295 151.295 137.109 130.339 127.932 120.738 118.254 115.897 114.076 111.467 108.282 105.512 102.829 101.629 100.994 100.546 100.298 100.205 100.133 100.085 100.051 100.031 100.018 100.014 100.008 100.005 100.003 100.002 100 100 100 100 100 100 100 100 100 100 100 100 100 100 100 100 100 100 100 100 100 100 100 100 100 100 100 100 100 100 100 100 100 100 100 100 100 100 100 100 100 100 100 100 100 100 100 100 100 100 100 100 100 100 100 100
7262.1 4709.79 3267.3 1455.09 1202.4 788.413 513.598 404.824 318.598 273.683 221.65 194.437 160.937 150.606 139.114 129.302 123.457 119.949 117.487 115.363 112.344 109.772 105.592 103.296 101.894 101.072 100.624 100.346 100.208 100.138 100.082 100.055 100.033 100.02 100.012 100.009 100.005 100.003 100.002 100 100 100 100 100 100 100 100 100 100 100 100 100 100 100 100 100 100 100 100 100 100 100 100 100 100 100 100 100 100 100 100 100 100 100 100 100 100 100 100 100 100 100 100 100 100 100 100 100 100 100 100 100 100 100 100
5424.03 5253.08 2563.25 1433.26 1021.57 768.12 547.617 406.69 286.231 253.56 207.253 175.342 149.751 138.268 133.938 127.462 123.764 119.997 116.349 114.101 111.444 107.444 105.183 103.563 101.779 100.987 100.542 100.313 100.208 100.129 100.076 100.048 100.033 100.019 100.011 100.008 100.005 100.003 100.002 100 100 100 100 100 100 100 100 100 100 100 100 100 100 100 100 100 100 100 100 100 100 100 100 100 100 100 100 100 100 100 100 100 100 100 100 100 100 100 100 100 100 100 100 100 100 100 100 100 100 100 100 100 100 100 100
6165.48 4300.93 2137.47 1379.52 985.564 706.997 555.139 385.8 278.028 222.56 202.72 176.09 157.019 138.31 132.422 124.471 121.345 117.854 116.013 114.096 111.904 108.352 105.962 103.404 101.508 100.921 100.534 100.363 100.198 100.118 100.065 100.048 100.029 100.018 100.013 100.008 100.005 100.003 100.002 100 100 100 100 100 100 100 100 100 100 100 100 100 100 100 100 100 100 100 100 100 100 100 100 100 100 100 100 100 100 100 100 100 100 100 100 100 100 100 100 100 100 100 100 100 100 100 100 100 100 100 100 100 100 100 100
6432.78 4958.33 3461.12 1650.27 1108.58 766.175 606.763 439.685 273.602 269.798 208.109 183.576 162.595 147.421 136.545 129.147 124.172 120.753 117.579 114.763 111.204 107.875 105.255 103.669 101.75 100.987 100.622 100.314 100.243 100.136 100.078 100.055 100.031 100.02 100.013 100.008 100.005 100.003 100.002 100 100 100 100 100 100 100 100 100 100 100 100 100 100 100 100 100 100 100 100 100 100 100 100 100 100 100 100 100 100 100 100 100 100 100 100 100 100 100 100 100 100 100 100 100 100 100 100 100 100 100 100 100 100 100 100
5566.28 3793.47 1821.75 1055.27 964.311 740.288 524.519 406.15 296.777 234.108 199.851 175.429 156.11 141.57 133.914 125.088 122.582 118.005 115.691 113.513 111.144 106.813 103.623 102.392 101.756 100.81 100.514 100.274 100.191 100.113 100.074 100.038 100.025 100.016 100.01 100.006 100.004 100.002 100.001 100 100 100 100 100 100 100 100 100 100 100 100 100 100 100 100 100 100 100 100 100 100 100 100 100 100 100 100 100 100 100 100 100 100 100 100 100 100 100 100 100 100 100 100 100 100 100 100 100 100 100 100 100 100 100 100
6912.96 6013.62 3508.77 1201.88 883.765 661.443 557.913 368.385 274.951 257.964 208.497 171.068 159.177 147.367 136.789 129.718 124.259 119.991 116.157 115.104 113.193 109.44 106.252 103.331 101.795 101.139 100.623 100.335 100.239 100.121 100.081 100.048 100.033 100.02 100.015 100.008 100.005 100.003 100.002 100 100 100 100 100 100 100 100 100 100 100 100 100 100 100 100 100 100 100 100 100 100 100 100 100 100 100 100 100 100 100 100 100 100 100 100 100 100 100 100 100 100 100 100 100 100 100 100 100 100 100 100 100 100 100 100
6762.8 4080.34 2843.6 1138.86 856.732 616.832 407.572 352.412 273.343 223.871 182.285 166.857 148.035 141.116 128.049 126.191 120.942 117.704 115.891 113.744 110.237 106.606 104.238 102.483 101.381 100.797 100.475 100.289 100.159 100.085 100.065 100.036 100.022 100.013 100.009 100.005 100.004 100.002 100.001 100 100 100 100 100 100 100 100 100 100 100 100 100 100 100 100 100 100 100 100 100 100 100 100 100 100 100 100 100 100 100 100 100 100 100 100 100 100 100 100 100 100 100 100 100 100 100 100 100 100 100 100 100 100 100 100
7428.65 5505.47 3490.77 1694.12 1187.59 710.161 567.774 414.155 330.698 263.894 228.074 179.483 157.821 142.223 135.387 128.081 122.596 119.368 116.954 115.129 111.694 107.809 104.618 102.464 101.658 100.971 100.596 100.343 100.211 100.128 100.086 100.044 100.029 100.018 100.011 100.007 100.004 100.003 100.002 100 100 100 100 100 100 100 100 100 100 100 100 100 100 100 100 100 100 100 100 100 100 100 100 100 100 100 100 100 100 100 100 100 100 100 100 100 100 100 100 100 100 100 100 100 100 100 100 100 100 100 100 100 100 100 100
6865.73 5389.13 2926.59 1144 1040.21 696.765 457.05 348.38 291.545 234.769 175.387 173.351 149.351 140.469 128.829 122.909 121.031 117.843 115.279 112.769 110.302 106.863 104.642 102.146 101.525 100.638 100.416 100.271 100.188 100.104 100.053 100.04 100.021 100.017 100.009 100.006 100.004 100.002 100.001 100 100 100 100 100 100 100 100 100 100 100 100 100 100 100 100 100 100 100 100 100 100 100 100 100 100 100 100 100 100 100 100 100 100 100 100 100 100 100 100 100 100 100 100 100 100 100 100 100 100 100 100 100 100 100 100
5643.86 5028.67 3717.13 1721.69 1181.7 734.941 668.212 465.975 333.214 301.653 244.489 186.947 171.942 152.073 139.124 131.886 124.63 119.808 117.439 115.015 111.869 111.238 106 103.519 101.97 101.2 100.626 100.425 100.281 100.163 100.103 100.053 100.034 100.021 100.014 100.01 100.006 100.003 100.002 100 100 100 100 100 100 100 100 100 100 100 100 100 100 100 100 100 100 100 100 100 100 100 100 100 100 100 100 100 100 100 100 100 100 100 100 100 100 100 100 100 100 100 100 100 100 100 100 100 100 100 100 100 100 100 100
5618.77 4595.02 2328.68 1370.6 891.454 630.066 560.769 390.006 319.216 256.118 200.243 182.01 160.303 145.019 133.99 127.418 121.974 119.67 117.079 114.936 112.523 109.977 103.873 103.183 101.386 100.559 100.552 100.3 100.178 100.109 100.071 100.039 100.024 100.018 100.01 100.007 100.004 100.003 100.002 100 100 100 100 100 100 100 100 100 100 100 100 100 100 100 100 100 100 100 100 100 100 100 100 100 100 100 100 100 100 100 100 100 100 100 100 100 100 100 100 100 100 100 100 100 100 100 100 100 100 100 100 100 100 100 100
7193.51 6149.98 3639.62 1776.41 1273.58 876.329 679.556 468.081 396.136 294.497 255.073 188.621 177.967 158.253 141.678 132.88 124.578 122.131 117.574 115.502 113.192 110.463 107.164 103.333 101.646 101.27 100.73 100.371 100.197 100.136 100.089 100.051 100.027 100.02 100.012 100.007 100.004 100.003 100.002 100 100 100 100 100 100 100 100 100 100 100 100 100 100 100 100 100 100 100 100 100 100 100 100 100 100 100 100 100 100 100 100 100 100 100 100 100 100 100 100 100 100 100 100 100 100 100 100 100 100 100 100 100 100 100 100
7932.09 4495.77 3080.23 1677.84 998.259 805.679 578.463 401.116 326.272 266.637 211.569 176.999 164.756 148.463 137.913 129.195 125.386 118.524 117.85 115.027 112.006 109.022 105.759 103.428 101.682 101.043 100.63 100.387 100.241 100.142 100.08 100.052 100.036 100.021 100.013 100.007 100.005 100.003 100.002 100 100 100 100 100 100 100 100 100 100 100 100 100 100 100 100 100 100 100 100 100 100 100 100 100 100 100 100 100 100 100 100 100 100 100 100 100 100 100 100 100 100 100 100 100 100 100 100 100 100 100 100 100 100 100 100
7129.1 4465.61 2689.25 1442.8 1040.97 656.189 384.922 384.922 283.388 229.809 207.352 165.247 147.659 139.52 130.796 128.946 121.58 119.221 116.427 114.381 111.775 108.566 104.871 103.372 101.892 101.011 100.654 100.304 100.207 100.145 100.091 100.05 100.035 100.022 100.014 100.007 100.005 100.003 100.002 100 100 100 100 100 100 100 100 100 100 100 100 100 100 100 100 100 100 100 100 100 100 100 100 100 100 100 100 100 100 100 100 100 100 100 100 100 100 100 100 100 100 100 100 100 100 100 100 100 100 100 100 100 100 100 100
4852.76 4769.6 2954.43 1490.9 830.535 734.457 547.654 390.893 331.291 244.329 201.709 175.236 155.628 138.013 132.766 126.519 123.305 119.415 115.901 114.283 108.067 104.833 104.649 102.215 101.886 100.971 100.521 100.337 100.196 100.12 100.069 100.051 100.029 100.018 100.01 100.008 100.005 100.003 100.002 100 100 100 100 100 100 100 100 100 100 100 100 100 100 100 100 100 100 100 100 100 100 100 100 100 100 100 100 100 100 100 100 100 100 100 100 100 100 100 100 100 100 100 100 100 100 100 100 100 100 100 100 100 100 100 100
6377.6 4593.79 2659.05 1223.75 1002.12 735.929 452.364 381.541 280.313 243.797 195.748 170.046 138.367 137.496 132.072 125.752 120.666 117.276 116.481 112.754 109.758 108.709 104.454 102.836 101.676 100.972 100.627 100.302 100.208 100.12 100.08 100.043 100.029 100.019 100.011 100.008 100.005 100.002 100.002 100 100 100 100 100 100 100 100 100 100 100 100 100 100 100 100 100 100 100 100 100 100 100 100 100 100 100 100 100 100 100 100 100 100 100 100 100 100 100 100 100 100 100 100 100 100 100 100 100 100 100 100 100 100 100 100
7178.22 3302.44 2504.5 1125.63 771.653 568.704 441.77 277.27 244.567 210.968 182.076 160.644 147.471 137.081 129.163 122.954 120.489 116.023 115.27 113.642 111.116 106.357 104.177 102.66 101.482 100.82 100.525 100.293 100.171 100.114 100.059 100.04 100.024 100.015 100.009 100.006 100.004 100.002 100.001 100 100 100 100 100 100 100 100 100 100 100 100 100 100 100 100 100 100 100 100 100 100 100 100 100 100 100 100 100 100 100 100 100 100 100 100 100 100 100 100 100 100 100 100 100 100 100 100 100 100 100 100 100 100 100 100
6320.99 4753.21 3100.54 1752.46 1160.19 843.843 645.399 430.397 376.512 284.43 221.93 171.847 160.968 150.56 131.662 127.246 123.978 119.335 117.759 115.368 112.721 106.935 105.384 103.233 101.824 101.111 100.645 100.366 100.212 100.127 100.079 100.047 100.03 100.019 100.012 100.007 100.004 100.003 100.002 100 100 100 100 100 100 100 100 100 100 100 100 100 100 100 100 100 100 100 100 100 100 100 100 100 100 100 100 100 100 100 100 100 100 100 100 100 100 100 100 100 100 100 100 100 100 100 100 100 100 100 100 100 100 100 100
7206.39 5754.17 2550.99 1256.69 1105.11 686.2 594.322 374.719 336.875 270.016 231.987 187.846 162.859 149.092 136.187 126.634 125.222 120.061 117.681 114.798 112.827 109.389 105.711 103.154 102.004 101.101 100.508 100.466 100.198 100.125 100.09 100.052 100.034 100.019 100.011 100.007 100.005 100.003 100.002 100 100 100 100 100 100 100 100 100 100 100 100 100 100 100 100 100 100 100 100 100 100 100 100 100 100 100 100 100 100 100 100 100 100 100 100 100 100 100 100 100 100 100 100 100 100 100 100 100 100 100 100 100 100 100 100
6438.51 3522.93 3043.38 1692.98 930.218 652.106 520.706 420.363 321.438 242.098 210.97 187.304 158.736 138.903 137.384 127.216 124.191 119.518 117.193 114.699 112.289 108.866 105.323 103.194 101.932 100.901 100.573 100.407 100.235 100.135 100.085 100.053 100.033 100.02 100.014 100.008 100.005 100.003 100.002 100 100 100 100 100 100 100 100 100 100 100 100 100 100 100 100 100 100 100 100 100 100 100 100 100 100 100 100 100 100 100 100 100 100 100 100 100 100 100 100 100 100 100 100 100 100 100 100 100 100 100 100 100 100 100 100
5955.72 4698.81 3612.27 1473.19 1005.28 752.436 521.832 403.688 318.775 267.698 212.906 177.54 160.22 144.155 138.69 128.91 124.687 120.917 116.657 114.1 113.023 109.838 106.503 103.416 102.27 100.796 100.711 100.438 100.223 100.146 100.083 100.057 100.037 100.023 100.014 100.01 100.006 100.004 100.002 100 100 100 100 100 100 100 100 100 100 100 100 100 100 100 100 100 100 100 100 100 100 100 100 100 100 100 100 100 100 100 100 100 100 100 100 100 100 100 100 100 100 100 100 100 100 100 100 100 100 100 100 100 100 100 100
6968.35 5733.11 4115.91 1809.17 1349.96 955.942 727.412 490.522 394.989 330.138 225.173 206.979 161.139 148.686 140.506 129.706 125.668 119.573 117.245 115.014 113.708 110.278 106.527 104.489 102.388 101.464 100.654 100.45 100.246 100.172 100.105 100.06 100.041 100.025 100.015 100.01 100.006 100.004 100.002 100 100 100 100 100 100 100 100 100 100 100 100 100 100 100 100 100 100 100 100 100 100 100 100 100 100 100 100 100 100 100 100 100 100 100 100 100 100 100 100 100 100 100 100 100 100 100 100 100 100 100 100 100 100 100 100
7067.68 5619.55 3834.39 1633.85 978.517 840.406 585.616 481.186 373.384 258.35 199.808 186.431 170.988 152.358 140.359 129.187 124.861 118.926 117.501 115.282 112.069 110.576 105.534 103.262 101.826 101.239 100.721 100.403 100.24 100.139 100.082 100.046 100.034 100.02 100.013 100.007 100.005 100.003 100.002 100 100 100 100 100 100 100 100 100 100 100 100 100 100 100 100 100 100 100 100 100 100 100 100 100 100 100 100 100 100 100 100 100 100 100 100 100 100 100 100 100 100 100 100 100 100 100 100 100 100 100 100 100 100 100 100
8211.84 6548.1 3983.12 2313.71 1457.62 1035.04 766.573 494.865 411.324 329.869 247.744 211.962 182.255 152.427 146.854 137.466 126.582 123.391 117.804 116.533 114.401 111.755 108.865 105.545 102.88 101.646 100.888 100.557 100.313 100.222 100.123 100.068 100.041 100.025 100.018 100.01 100.007 100.003 100.002 100.001 100 100 100 100 100 100 100 100 100 100 100 100 100 100 100 100 100 100 100 100 100 100 100 100 100 100 100 100 100 100 100 100 100 100 100 100 100 100 100 100 100 100 100 100 100 100 100 100 100 100 100 100 100 100 100
7410.59 5187.17 3261.97 1332.34 997.231 765.653 474.944 410.882 305.178 238.96 188.464 183.36 162.202 140.293 135.719 125.655 122.843 119.331 117.29 114.733 112.334 108.547 103.78 102.77 101.525 100.795 100.566 100.332 100.188 100.125 100.084 100.047 100.026 100.019 100.011 100.007 100.005 100.003 100.002 100 100 100 100 100 100 100 100 100 100 100 100 100 100 100 100 100 100 100 100 100 100 100 100 100 100 100 100 100 100 100 100 100 100 100 100 100 100 100 100 100 100 100 100 100 100 100 100 100 100 100 100 100 100 100 100
6476.16 5114.29 2890.4 1231.78 907.185 632.199 454.883 396.19 299.911 244.752 199.152 173.456 151.426 143.104 132.246 126.814 121.195 119.048 116.19 114.393 112.277 107.203 105.21 102.86 101.435 100.979 100.452 100.309 100.16 100.119 100.069 100.045 100.027 100.017 100.009 100.006 100.004 100.002 100.002 100 100 100 100 100 100 100 100 100 100 100 100 100 100 100 100 100 100 100 100 100 100 100 100 100 100 100 100 100 100 100 100 100 100 100 100 100 100 100 100 100 100 100 100 100 100 100 100 100 100 100 100 100 100 100 100
7670.71 5577.18 3712.78 1804.06 1163.31 686.485 666.129 510.652 365.193 269.494 217.899 201.406 177.084 152.005 142.834 133.185 124.059 122.436 118.207 115.202 113.146 110.505 106.42 103.384 101.94 101.315 100.734 100.409 100.238 100.147 100.079 100.054 100.034 100.019 100.012 100.008 100.005 100.003 100.002 100 100 100 100 100 100 100 100 100 100 100 100 100 100 100 100 100 100 100 100 100 100 100 100 100 100 100 100 100 100 100 100 100 100 100 100 100 100 100 100 100 100 100 100 100 100 100 100 100 100 100 100 100 100 100 100
7960.89 5277.81 3403.95 1207.85 970.476 697.202 503.471 386.057 304.367 234.396 201.539 173.532 149.557 141.112 130.725 128.458 122.492 119.621 116.34 114.363 112.327 109.062 105.074 102.933 101.713 100.687 100.537 100.307 100.191 100.114 100.072 100.043 100.028 100.017 100.01 100.006 100.005 100.002 100.002 100 100 100 100 100 100 100 100 100 100 100 100 100 100 100 100 100 100 100 100 100 100 100 100 100 100 100 100 100 100 100 100 100 100 100 100 100 100 100 100 100 100 100 100 100 100 100 100 100 100 100 100 100 100 100 100
5021.01 4566.37 2371.23 1528.76 967.572 695.26 521.417 376.131 319.081 251.445 203.692 188.718 158.423 144.776 137.471 126.927 123.024 119.857 116.577 114.381 110.768 108.157 104.916 103.053 101.417 100.899 100.512 100.256 100.198 100.121 100.063 100.035 100.025 100.016 100.01 100.006 100.004 100.002 100.002 100 100 100 100 100 100 100 100 100 100 100 100 100 100 100 100 100 100 100 100 100 100 100 100 100 100 100 100 100 100 100 100 100 100 100 100 100 100 100 100 100 100 100 100 100 100 100 100 100 100 100 100 100 100 100 100
7421.69 3947.13 3467.81 1157.52 1019.69 692.934 415.509 415.466 303.011 241.338 210.337 177.066 163.67 140.837 129.051 127.855 122.039 119.292 116.519 114.627 113.543 110.057 105.956 104.102 101.783 101.099 100.696 100.364 100.168 100.122 100.081 100.052 100.033 100.02 100.013 100.008 100.005 100.003 100.002 100 100 100 100 100 100 100 100 100 100 100 100 100 100 100 100 100 100 100 100 100 100 100 100 100 100 100 100 100 100 100 100 100 100 100 100 100 100 100 100 100 100 100 100 100 100 100 100 100 100 100 100 100 100 100 100
6173.28 5577.15 3153.91 1527.02 967.103 651.842 613.85 447.549 312.045 256.502 208.887 182.543 162.87 145.183 132.186 128.437 123.643 119.236 116.058 114.868 111.826 107.543 105.377 103.681 101.465 100.985 100.566 100.353 100.203 100.109 100.072 100.047 100.027 100.015 100.009 100.006 100.004 100.003 100.002 100 100 100 100 100 100 100 100 100 100 100 100 100 100 100 100 100 100 100 100 100 100 100 100 100 100 100 100 100 100 100 100 100 100 100 100 100 100 100 100 100 100 100 100 100 100 100 100 100 100 100 100 100 100 100 100
6305.93 4953.87 2461.84 1422.46 940.736 613.894 459.374 367.467 288.192 238.474 205.083 170.731 155.351 141.271 127.62 125.028 121.667 118.275 115.666 113.891 112.291 108.172 104.207 102.696 101.097 100.607 100.476 100.297 100.189 100.107 100.065 100.047 100.028 100.017 100.01 100.006 100.004 100.002 100.001 100 100 100 100 100 100 100 100 100 100 100 100 100 100 100 100 100 100 100 100 100 100 100 100 100 100 100 100 100 100 100 100 100 100 100 100 100 100 100 100 100 100 100 100 100 100 100 100 100 100 100 100 100 100 100 100
6424.53 4524 3248.11 1514.57 1000.27 822.986 423.645 414.434 315.385 249.465 231.437 179.547 156.953 148.982 138.195 129.236 120.968 119.131 116.751 113.982 112.803 110.4 106.924 103.059 101.8 101.034 100.572 100.406 100.224 100.116 100.068 100.037 100.028 100.018 100.011 100.007 100.004 100.002 100.002 100 100 100 100 100 100 100 100 100 100 100 100 100 100 100 100 100 100 100 100 100 100 100 100 100 100 100 100 100 100 100 100 100 100 100 100 100 100 100 100 100 100 100 100 100 100 100 100 100 100 100 100 100 100 100 100
6593.42 3318.02 3291.32 1196.28 921.099 718.465 450.6 360.194 271.449 253.434 213.253 172.408 157.676 141.617 131.721 125.241 120.629 118.134 115.885 114.271 109.804 106.595 103.151 102.402 101.321 100.754 100.545 100.257 100.173 100.1 100.056 100.033 100.024 100.015 100.009 100.006 100.004 100.002 100.001 100 100 100 100 100 100 100 100 100 100 100 100 100 100 100 100 100 100 100 100 100 100 100 100 100 100 100 100 100 100 100 100 100 100 100 100 100 100 100 100 100 100 100 100 100 100 100 100 100 100 100 100 100 100 100 100
6002.44 4619.38 2389.44 1182.42 915.935 611.35 511.938 370.618 305.417 252.664 209.165 178.546 161.559 140.879 133.46 126.294 122.991 119.049 116.061 114.43 112.006 107.432 104.13 102.746 101.671 101.002 100.542 100.318 100.183 100.107 100.073 100.039 100.025 100.015 100.01 100.006 100.004 100.002 100.001 100 100 100 100 100 100 100 100 100 100 100 100 100 100 100 100 100 100 100 100 100 100 100 100 100 100 100 100 100 100 100 100 100 100 100 100 100 100 100 100 100 100 100 100 100 100 100 100 100 100 100 100 100 100 100 100
5449.38 4048.29 3480.71 1159.45 1101.77 777.36 551.763 395.85 296.318 255.087 194.94 173.726 157.498 142.859 136.851 129.023 125.251 120.655 117.299 115.126 112.126 110.07 105.415 102.751 102.073 100.944 100.616 100.348 100.187 100.108 100.076 100.045 100.029 100.019 100.012 100.007 100.005 100.003 100.002 100 100 100 100 100 100 100 100 100 100 100 100 100 100 100 100 100 100 100 100 100 100 100 100 100 100 100 100 100 100 100 100 100 100 100 100 100 100 100 100 100 100 100 100 100 100 100 100 100 100 100 100 100 100 100 100
8619.23 5295.62 3161.18 1581.5 974.464 728.139 557.083 443.883 339.884 246.434 198.934 173.807 156.699 143.788 137.696 127.841 122.946 117.873 116.458 114.724 112.17 108.542 105.317 102.801 101.614 100.899 100.617 100.371 100.224 100.155 100.074 100.041 100.026 100.02 100.011 100.007 100.004 100.002 100.002 100 100 100 100 100 100 100 100 100 100 100 100 100 100 100 100 100 100 100 100 100 100 100 100 100 100 100 100 100 100 100 100 100 100 100 100 100 100 100 100 100 100 100 100 100 100 100 100 100 100 100 100 100 100 100 100
6375.69 2814.53 2814.53 1395.9 872.909 636.94 538.233 383.376 284.667 233.464 201.185 170.802 152.962 145.579 132.066 127.062 123.423 119.12 116.541 113.939 111.59 107.043 104.918 102.576 101.751 100.938 100.466 100.328 100.176 100.119 100.083 100.046 100.024 100.016 100.011 100.006 100.004 100.003 100.002 100 100 100 100 100 100 100 100 100 100 100 100 100 100 100 100 100 100 100 100 100 100 100 100 100 100 100 100 100 100 100 100 100 100 100 100 100 100 100 100 100 100 100 100 100 100 100 100 100 100 100 100 100 100 100 100
5428.78 3500.91 2762.98 1196.5 798.898 617.76 446.315 371.981 254.22 235.774 188.346 163.758 150.696 137.951 132.181 126.27 122.259 118.265 115.077 113.973 110.175 107.822 104.637 102.237 101.247 100.751 100.462 100.244 100.157 100.091 100.062 100.029 100.024 100.015 100.009 100.005 100.003 100.002 100.001 100 100 100 100 100 100 100 100 100 100 100 100 100 100 100 100 100 100 100 100 100 100 100 100 100 100 100 100 100 100 100 100 100 100 100 100 100 100 100 100 100 100 100 100 100 100 100 100 100 100 100 100 100 100 100 100
7579.34 4308.91 2886.96 1377.61 964.279 746.305 513.678 447.529 319.387 252.777 218.649 164.591 158.463 143.777 136.362 128.672 122.756 118.707 116.178 115.072 111.78 109.618 106.49 103.31 101.595 101.239 100.587 100.369 100.197 100.136 100.087 100.047 100.036 100.018 100.012 100.007 100.004 100.003 100.002 100 100 100 100 100 100 100 100 100 100 100 100 100 100 100 100 100 100 100 100 100 100 100 100 100 100 100 100 100 100 100 100 100 100 100 100 100 100 100 100 100 100 100 100 100 100 100 100 100 100 100 100 100 100 100 100
7547.56 5058.09 3300.39 1405.03 1070.84 832.124 493.566 380.601 293.57 263.944 213.003 183.295 160.319 146.33 132.002 128.757 124.027 117.281 116.211 114.944 112.123 108.695 104.98 103.414 101.475 101.003 100.512 100.391 100.186 100.124 100.089 100.059 100.033 100.022 100.013 100.008 100.005 100.003 100.002 100 100 100 100 100 100 100 100 100 100 100 100 100 100 100 100 100 100 100 100 100 100 100 100 100 100 100 100 100 100 100 100 100 100 100 100 100 100 100 100 100 100 100 100 100 100 100 100 100 100 100 100 100 100 100 100
7727.17 6549.61 3700.45 1801.8 1115.39 900.413 606.891 446.402 312.171 283.311 217.656 188.222 157.612 149.836 136.96 128.635 123.226 120.176 117.17 114.559 112.776 108.11 104.689 103.294 101.596 100.931 100.623 100.384 100.225 100.117 100.05 100.049 100.031 100.017 100.012 100.008 100.005 100.003 100.002 100 100 100 100 100 100 100 100 100 100 100 100 100 100 100 100 100 100 100 100 100 100 100 100 100 100 100 100 100 100 100 100 100 100 100 100 100 100 100 100 100 100 100 100 100 100 100 100 100 100 100 100 100 100 100 100
7589.34 3778.34 2905.32 1167.51 942.541 790.312 485.83 444.405 287.126 268.554 191.375 174.788 166.371 150.474 137.61 128.646 123.509 119.617 117.638 114.755 112.448 109.862 106.549 103.668 102.237 100.884 100.642 100.427 100.218 100.14 100.098 100.06 100.026 100.022 100.012 100.008 100.005 100.003 100.002 100 100 100 100 100 100 100 100 100 100 100 100 100 100 100 100 100 100 100 100 100 100 100 100 100 100 100 100 100 100 100 100 100 100 100 100 100 100 100 100 100 100 100 100 100 100 100 100 100 100 100 100 100 100 100 100
7173.15 4165.52 3171.77 1692.37 1110.08 726.074 470.176 392.307 341.662 263.841 204.713 178.777 163.608 136.809 133.242 128.098 122.71 119.295 117.106 113.819 113.028 109.274 105.171 103.118 101.56 100.977 100.524 100.306 100.192 100.11 100.075 100.047 100.03 100.017 100.011 100.008 100.004 100.002 100.002 100 100 100 100 100 100 100 100 100 100 100 100 100 100 100 100 100 100 100 100 100 100 100 100 100 100 100 100 100 100 100 100 100 100 100 100 100 100 100 100 100 100 100 100 100 100 100 100 100 100 100 100 100 100 100 100
6812.88 3858.59 2897.05 1437.27 1020.27 729.782 590.704 440.561 316.848 261.942 207.25 180.544 165.234 145.979 135.701 123.778 123.62 119.006 117.628 113.899 112.303 108.072 106.092 103.392 102.144 101.17 100.602 100.435 100.248 100.158 100.088 100.055 100.037 100.026 100.015 100.008 100.005 100.004 100.002 100 100 100 100 100 100 100 100 100 100 100 100 100 100 100 100 100 100 100 100 100 100 100 100 100 100 100 100 100 100 100 100 100 100 100 100 100 100 100 100 100 100 100 100 100 100 100 100 100 100 100 100 100 100 100 100
8050.04 5505.31 3459.72 1378.26 1135.42 574.804 552.868 416.562 318.263 251.326 208.134 186.135 164.804 148.036 137.965 127.561 123.257 122.376 118.25 115.479 113.747 110.013 105.635 103.494 102.159 101.241 100.56 100.375 100.259 100.135 100.095 100.053 100.035 100.021 100.013 100.008 100.005 100.003 100.002 100 100 100 100 100 100 100 100 100 100 100 100 100 100 100 100 100 100 100 100 100 100 100 100 100 100 100 100 100 100 100 100 100 100 100 100 100 100 100 100 100 100 100 100 100 100 100 100 100 100 100 100 100 100 100 100
6114.43 5039.05 3319.05 1286.93 991.42 690.106 386.342 302.685 282.476 249.801 203.901 171.758 157.564 142.217 133.185 124.798 120.855 118.264 116.121 113.261 111.854 107.621 104.854 102.933 101.468 100.815 100.444 100.253 100.154 100.115 100.067 100.041 100.027 100.016 100.011 100.006 100.005 100.002 100.002 100 100 100 100 100 100 100 100 100 100 100 100 100 100 100 100 100 100 100 100 100 100 100 100 100 100 100 100 100 100 100 100 100 100 100 100 100 100 100 100 100 100 100 100 100 100 100 100 100 100 100 100 100 100 100 100
6912 4415.32 2611.78 1303.47 971.614 716.998 501.718 398.588 279.809 245.391 198.969 180.496 148.49 146.631 133.155 127.974 122.643 119.274 116.433 114.587 111.123 108.484 105.237 102.359 101.641 100.898 100.475 100.25 100.174 100.12 100.072 100.039 100.026 100.016 100.01 100.007 100.004 100.003 100.001 100 100 100 100 100 100 100 100 100 100 100 100 100 100 100 100 100 100 100 100 100 100 100 100 100 100 100 100 100 100 100 100 100 100 100 100 100 100 100 100 100 100 100 100 100 100 100 100 100 100 100 100 100 100 100 100
6842.76 4529.49 2984.9 1388.3 842.96 710.638 587.611 490.655 335.419 275.097 223.693 193.004 160.511 148.641 134.001 129.898 123.698 119.301 117.348 114.772 112.733 109.67 105.643 103.697 102.317 101.15 100.635 100.419 100.243 100.135 100.089 100.047 100.031 100.02 100.012 100.007 100.004 100.003 100.001 100 100 100 100 100 100 100 100 100 100 100 100 100 100 100 100 100 100 100 100 100 100 100 100 100 100 100 100 100 100 100 100 100 100 100 100 100 100 100 100 100 100 100 100 100 100 100 100 100 100 100 100 100 100 100 100
