5.58961e+09 1.04931e+09 4.32527e+08 9.36531e+07 5.12912e+07 3.33896e+07 7.1389e+06 7.1389e+06 3.71499e+06 2.21948e+06 1.35791e+06 973551 288648 221336 67148.4 46761.5 15488.6 15488.6 3461.13 2329.28 1320.36 700.113 403.534 58.2958 58.2958 26.8272 12.7776 1.14878 0.468125 0.31252 0.176851 0.0381342 0.0143225 0.0092898 0.00212711 0.000701677 0.000283199 0.000120942 2.81143e-05 7.38647e-06 9.23126e-07 1.8495e-07 9.19512e-08 2.33343e-08 0 0 0 0 0 0 0 0 0 0 0 0 0 0 0 0 0 0 0 0 0 0 0 0 0 0 0 0 0 0 0 0 0 0 0 0 0 0 0 0 0 0 0 0 0 0 0 0 0 0 0 0
4.84771e+09 1.5529e+09 3.89433e+08 8.32198e+07 5.13836e+07 4.35098e+07 2.32007e+07 7.31003e+06 3.35777e+06 1.48549e+06 695499 545616 305156 133816 50369.5 27116.5 26737 11742.1 4840.24 1287.59 851.213 361.782 340.943 110.618 50.3676 13.1798 7.80544 0.742702 0.474807 0.205747 0.0954322 0.0203062 0.00728636 0.0033389 0.00109135 0.000399096 0.000208849 5.50132e-05 8.86751e-06 3.38736e-06 5.70597e-07 1.98231e-07 3.85519e-08 0 0 0 0 0 0 0 0 0 0 0 0 0 0 0 0 0 0 0 0 0 0 0 0 0 0 0 0 0 0 0 0 0 0 0 0 0 0 0 0 0 0 0 0 0 0 0 0 0 0 0 0 0
4.01526e+09 1.38925e+09 2.1071e+08 1.12771e+08 6.8532e+07 3.44334e+07 1.85558e+07 9.49568e+06 4.57271e+06 2.85809e+06 1.52807e+06 694541 251525 77379.2 77379.2 43237.3 26585.9 8680.31 6676.12 2620.81 692.501 342.701 105.452 102.426 29.4546 11.7735 5.03203 0.998965 0.467209 0.153203 0.087404 0.0337028 0.0129064 0.00326194 0.00170126 0.000600951 0.000194636 3.11385e-05 3.11385e-05 5.6351e-06 1.66632e-06 2.16767e-07 5.41419e-08 0 0 0 0 0 0 0 0 0 0 0 0 0 0 0 0 0 0 0 0 0 0 0 0 0 0 0 0 0 0 0 0 0 0 0 0 0 0 0 0 0 0 0 0 0 0 0 0 0 0 0 0 0
3.5518e+09 7.97311e+08 5.53834e+08 1.45064e+08 8.21477e+07 2.92465e+07 1.99674e+07 3.46714e+06 3.46714e+06 2.7045e+06 864079 427965 427965 161080 60140.3 60140.3 28029.2 21575.6 6047.74 4785.02 1562.29 707.598 283.721 123.953 53.2624 14.1893 5.9034 1.93204 0.536444 0.206552 0.0965837 0.0239437 0.0118396 0.00654829 0.00250575 0.00102152 0.000371916 0.000122499 4.11754e-05 9.45381e-06 2.41475e-06 4.22619e-07 9.8873e-08 1.87873e-08 0 0 0 0 0 0 0 0 0 0 0 0 0 0 0 0 0 0 0 0 0 0 0 0 0 0 0 0 0 0 0 0 0 0 0 0 0 0 0 0 0 0 0 0 0 0 0 0 0 0 0 0
3.30394e+09 1.54241e+09 5.21251e+08 1.76531e+08 3.76155e+07 3.30923e+07 1.21675e+07 6.34824e+06 4.45476e+06 2.22333e+06 1.39384e+06 690642 319068 237565 93423.3 45937.6 17611.1 14997.2 6482.76 3995.92 1378.63 718.103 273.281 133.133 68.2579 18.1168 13.4811 1.73318 0.599775 0.368469 0.153006 0.0526212 0.0271784 0.00788732 0.00312807 0.00134764 0.000561581 0.000151398 7.19546e-05 1.34882e-05 6.89164e-06 1.18528e-06 3.29596e-07 6.81887e-08 0 0 0 0 0 0 0 0 0 0 0 0 0 0 0 0 0 0 0 0 0 0 0 0 0 0 0 0 0 0 0 0 0 0 0 0 0 0 0 0 0 0 0 0 0 0 0 0 0 0 0 0
3.17885e+09 1.74616e+09 7.11834e+08 1.37066e+08 1.00663e+08 3.09421e+07 1.09858e+07 1.09858e+07 3.67557e+06 1.75258e+06 789061 789061 430213 216707 85483.8 57229.9 20050.2 6722.03 6722.03 1782.48 714.807 451.798 187.919 84.0217 41.0903 20.1385 7.98866 1.04329 0.199591 0.131689 0.0948254 0.0275192 0.014096 0.00451687 0.00242021 0.00109369 0.000226238 0.00011887 2.71466e-05 7.64285e-06 1.09101e-06 3.08356e-07 6.26315e-08 1.64815e-08 0 0 0 0 0 0 0 0 0 0 0 0 0 0 0 0 0 0 0 0 0 0 0 0 0 0 0 0 0 0 0 0 0 0 0 0 0 0 0 0 0 0 0 0 0 0 0 0 0 0 0 0
4.15143e+09 1.37769e+09 5.3297e+08 1.46968e+08 9.30192e+07 2.22912e+07 1.35281e+07 8.54723e+06 5.24431e+06 1.72377e+06 1.20787e+06 631366 390889 197881 55426.8 55426.8 24463.9 18220.6 7813.41 4326.84 1867.86 366.573 287.634 109.994 46.6235 26.1358 8.74832 1.29256 0.818022 0.340559 0.100224 0.064903 0.00523639 0.00523639 0.0012732 0.00106643 0.000251867 0.00011164 1.86049e-05 3.54641e-06 1.36239e-06 2.4015e-07 4.5014e-08 2.00313e-08 0 0 0 0 0 0 0 0 0 0 0 0 0 0 0 0 0 0 0 0 0 0 0 0 0 0 0 0 0 0 0 0 0 0 0 0 0 0 0 0 0 0 0 0 0 0 0 0 0 0 0 0
1.75537e+09 1.55272e+09 4.71157e+08 1.49162e+08 6.6293e+07 3.54396e+07 1.03109e+07 7.57694e+06 2.67772e+06 2.67772e+06 995036 477564 295015 96311.7 96311.7 53573.9 15844.3 11347.8 5572.38 4197.73 1328.96 586.133 269.004 187.005 40.1263 24.9227 13.3277 1.36079 0.818326 0.303216 0.128534 0.0572992 0.026157 0.0100893 0.00255104 0.0005514 0.000172405 9.92823e-05 2.33643e-05 5.41743e-06 1.44233e-06 3.15584e-07 7.59615e-08 0 0 0 0 0 0 0 0 0 0 0 0 0 0 0 0 0 0 0 0 0 0 0 0 0 0 0 0 0 0 0 0 0 0 0 0 0 0 0 0 0 0 0 0 0 0 0 0 0 0 0 0 0
4.27296e+09 1.38373e+09 8.95128e+08 8.78324e+07 3.9493e+07 1.94462e+07 1.94462e+07 9.76116e+06 6.1734e+06 3.1981e+06 1.88208e+06 953447 376784 187332 103448 39235.7 21310.7 6593.97 6593.97 3366.4 1317.28 502.815 277.84 102.319 48.3124 29.0379 8.79935 1.72577 0.930227 0.391692 0.128182 0.0401228 0.0265429 0.00803718 0.00241801 0.000892817 0.000387717 9.96996e-05 2.33395e-05 6.27213e-06 9.47103e-07 2.66255e-07 9.87361e-08 1.66687e-08 0 0 0 0 0 0 0 0 0 0 0 0 0 0 0 0 0 0 0 0 0 0 0 0 0 0 0 0 0 0 0 0 0 0 0 0 0 0 0 0 0 0 0 0 0 0 0 0 0 0 0 0
6.02331e+09 1.75488e+09 4.71022e+08 7.54913e+07 5.19893e+07 2.84367e+07 1.70054e+07 1.10158e+07 3.92631e+06 1.75473e+06 1.75473e+06 478906 245193 151607 90644.8 40433.2 14188.6 9960.11 5038.68 3298.1 1560.03 583.061 71.9002 71.9002 17.6392 17.6392 4.33027 0.850499 0.403841 0.167498 0.0645342 0.030525 0.0120307 0.00405028 0.00152921 0.000367436 0.000223382 5.10455e-05 1.85792e-05 3.19387e-06 8.51157e-07 4.83736e-07 3.29412e-08 1.38312e-08 0 0 0 0 0 0 0 0 0 0 0 0 0 0 0 0 0 0 0 0 0 0 0 0 0 0 0 0 0 0 0 0 0 0 0 0 0 0 0 0 0 0 0 0 0 0 0 0 0 0 0 0
3.9827e+09 1.12409e+09 8.38262e+08 1.16523e+08 6.15993e+07 1.76631e+07 1.43245e+07 3.92425e+06 3.45454e+06 1.81367e+06 864350 535742 308832 119891 111048 27083.1 5296.16 5296.16 5296.16 2246.23 1356.25 628.434 258.677 60.3584 31.529 19.2594 7.68621 1.65181 0.603184 0.270447 0.111887 0.0411129 0.0105795 0.00639456 0.00154645 0.000777335 0.000180224 6.76936e-05 2.40616e-05 6.76001e-06 8.45944e-07 5.17462e-07 1.20412e-07 1.14726e-08 0 0 0 0 0 0 0 0 0 0 0 0 0 0 0 0 0 0 0 0 0 0 0 0 0 0 0 0 0 0 0 0 0 0 0 0 0 0 0 0 0 0 0 0 0 0 0 0 0 0 0 0
4.47943e+09 1.87342e+09 7.1544e+08 9.12334e+07 5.17137e+07 3.58515e+07 2.6859e+07 8.68934e+06 5.11584e+06 3.39299e+06 1.6069e+06 408601 408601 134639 94914.1 64747.9 20552 9249.35 3890.64 2434.32 1588.71 669.895 503.239 116.208 82.8599 34.773 14.6462 2.3542 0.690095 0.46368 0.210028 0.0791703 0.033157 0.00645921 0.00322079 0.00112169 0.000456883 0.000146766 4.66181e-05 1.50084e-05 2.86578e-06 7.01976e-07 1.93112e-07 2.7591e-08 1.1528e-08 0 0 0 0 0 0 0 0 0 0 0 0 0 0 0 0 0 0 0 0 0 0 0 0 0 0 0 0 0 0 0 0 0 0 0 0 0 0 0 0 0 0 0 0 0 0 0 0 0 0 0
2.61267e+09 1.32959e+09 6.42086e+08 1.03645e+08 4.46572e+07 2.79321e+07 1.93627e+07 7.7067e+06 3.11671e+06 2.62051e+06 1.51007e+06 591311 301752 150424 94109.9 22460.1 10224.6 7375.16 5289.31 1822.02 694.882 491.157 186.734 60.8592 42.5722 15.1867 6.64689 1.6114 0.341166 0.142664 0.0577779 0.0265012 0.00715477 0.00244312 0.0010699 0.000204045 0.000120847 3.67862e-05 1.32344e-05 2.1685e-06 4.40578e-07 8.03752e-08 1.71e-08 0 0 0 0 0 0 0 0 0 0 0 0 0 0 0 0 0 0 0 0 0 0 0 0 0 0 0 0 0 0 0 0 0 0 0 0 0 0 0 0 0 0 0 0 0 0 0 0 0 0 0 0 0
5.63851e+09 1.35659e+09 6.05986e+08 1.35854e+08 4.4477e+07 3.07737e+07 9.76293e+06 7.41588e+06 5.22998e+06 1.10124e+06 708121 380077 138617 98355 76365.1 22787.1 19231.2 2788.76 2788.76 1993.81 387.129 387.129 161.389 63.0155 32.7633 14.0876 5.80464 0.866214 0.604651 0.167129 0.0988223 0.0224261 0.00780216 0.00233301 0.00154173 0.000331022 0.000184559 3.65966e-05 1.20866e-05 3.84076e-06 4.80093e-07 1.92498e-07 3.45419e-08 1.52363e-08 0 0 0 0 0 0 0 0 0 0 0 0 0 0 0 0 0 0 0 0 0 0 0 0 0 0 0 0 0 0 0 0 0 0 0 0 0 0 0 0 0 0 0 0 0 0 0 0 0 0 0 0
4.70041e+09 9.10506e+08 3.6337e+08 1.13777e+08 3.4891e+07 3.41204e+07 1.17847e+07 5.41624e+06 3.95608e+06 3.1615e+06 870320 174200 174200 123896 60953.8 31136.7 12735.6 10325.1 5819.71 2398.04 873.556 556.511 156.982 88.7273 42.3024 16.0293 5.52758 1.13138 0.438552 0.179856 0.090396 0.0198073 0.0123528 0.00224053 0.000781205 0.000368773 0.00020684 5.76526e-05 1.48356e-05 3.40047e-06 1.31839e-06 3.5949e-07 8.29759e-08 2.09592e-08 0 0 0 0 0 0 0 0 0 0 0 0 0 0 0 0 0 0 0 0 0 0 0 0 0 0 0 0 0 0 0 0 0 0 0 0 0 0 0 0 0 0 0 0 0 0 0 0 0 0 0 0
6.41369e+09 9.80749e+08 7.40401e+08 1.46403e+08 1.01106e+08 4.57605e+07 3.06508e+07 1.32535e+07 5.37156e+06 2.0947e+06 1.82034e+06 407314 351929 234069 118373 47169.3 20511.1 2850.26 2850.26 2850.26 1152.32 399.425 138.116 78.3025 44.9855 23.3453 10.344 1.60496 0.464671 0.2525 0.0614787 0.0330081 0.011499 0.00406826 0.001501 0.000519416 0.000117033 8.09811e-05 2.34521e-05 2.68611e-06 8.23378e-07 1.83292e-07 3.9924e-08 1.10702e-08 0 0 0 0 0 0 0 0 0 0 0 0 0 0 0 0 0 0 0 0 0 0 0 0 0 0 0 0 0 0 0 0 0 0 0 0 0 0 0 0 0 0 0 0 0 0 0 0 0 0 0 0
4.25707e+09 9.10783e+08 3.11217e+08 8.79259e+07 5.50722e+07 1.30902e+07 7.90357e+06 7.90357e+06 4.30905e+06 2.73819e+06 1.10681e+06 452612 249948 219255 61146.3 48381.4 27210.4 9036.94 4860.12 3200.15 887.66 461.993 167.355 84.2627 35.9074 11.155 5.76415 1.19936 0.286952 0.142778 0.0829046 0.026091 0.0136722 0.00329055 0.00180173 0.000283914 0.000105496 2.17057e-05 1.24632e-05 3.43749e-06 2.49072e-07 1.3612e-07 2.37044e-08 0 0 0 0 0 0 0 0 0 0 0 0 0 0 0 0 0 0 0 0 0 0 0 0 0 0 0 0 0 0 0 0 0 0 0 0 0 0 0 0 0 0 0 0 0 0 0 0 0 0 0 0 0
6.05495e+09 1.56242e+09 4.65854e+08 5.80478e+07 5.80478e+07 3.33111e+07 8.08663e+06 8.08663e+06 4.69387e+06 2.94773e+06 1.91614e+06 755100 516810 261973 134298 63802.7 36714.7 19776.1 10082.7 2064.54 2064.54 624.816 560.429 151.241 64.6549 31.4994 13.1123 2.09419 1.2678 0.344532 0.137893 0.0772538 0.0237391 0.00961269 0.00385489 0.00107181 0.000510441 0.000101656 3.87258e-05 1.06232e-05 1.85948e-06 4.50756e-07 3.4881e-08 2.74894e-08 0 0 0 0 0 0 0 0 0 0 0 0 0 0 0 0 0 0 0 0 0 0 0 0 0 0 0 0 0 0 0 0 0 0 0 0 0 0 0 0 0 0 0 0 0 0 0 0 0 0 0 0
3.93621e+09 1.27223e+09 5.39907e+08 9.93978e+07 3.40943e+07 3.22496e+07 1.54048e+07 3.93604e+06 3.93604e+06 2.33149e+06 690865 365809 105906 105906 52038 52038 14220.9 14220.9 3907.64 3587.99 629.347 629.347 247.339 73.2133 49.9766 24.0411 5.34628 1.66075 0.664889 0.229365 0.100314 0.036008 0.0105694 0.00515833 0.00169739 0.000600178 9.46316e-05 6.29434e-05 1.35489e-05 3.25061e-06 1.03414e-06 1.44884e-07 2.18211e-08 0 0 0 0 0 0 0 0 0 0 0 0 0 0 0 0 0 0 0 0 0 0 0 0 0 0 0 0 0 0 0 0 0 0 0 0 0 0 0 0 0 0 0 0 0 0 0 0 0 0 0 0 0
3.20104e+09 1.42768e+09 5.45418e+08 1.4679e+08 8.72703e+07 2.44011e+07 1.99062e+07 1.47998e+07 5.27334e+06 2.79701e+06 1.2851e+06 800941 531101 199812 95933.4 69877.1 32569.2 13694.6 9465.58 3519.95 1625.23 750.654 333.108 161.104 61.2484 16.0577 8.44788 2.04058 0.835572 0.175167 0.0675267 0.0322912 0.0228249 0.00830402 0.00219827 0.000947315 0.000256892 7.10939e-05 2.42645e-05 5.16897e-06 1.87521e-06 1.69183e-07 4.87491e-08 1.28694e-08 0 0 0 0 0 0 0 0 0 0 0 0 0 0 0 0 0 0 0 0 0 0 0 0 0 0 0 0 0 0 0 0 0 0 0 0 0 0 0 0 0 0 0 0 0 0 0 0 0 0 0 0
6.13979e+09 1.53738e+09 8.56101e+08 1.31397e+08 5.18592e+07 3.89616e+07 2.57749e+07 1.35667e+07 7.78898e+06 2.70366e+06 1.70195e+06 910165 565065 174742 104509 42323.6 42323.6 12545.2 10177.5 3863.66 782.046 782.046 226.542 106.046 34.5688 12.8025 9.00895 1.25901 0.78052 0.259467 0.112454 0.051224 0.0235428 0.00648616 0.00204341 0.000925721 0.000231649 0.000173251 3.62287e-05 7.98223e-06 2.63506e-06 4.47588e-07 1.00517e-07 2.17245e-08 0 0 0 0 0 0 0 0 0 0 0 0 0 0 0 0 0 0 0 0 0 0 0 0 0 0 0 0 0 0 0 0 0 0 0 0 0 0 0 0 0 0 0 0 0 0 0 0 0 0 0 0
3.12e+09 1.46111e+09 3.00396e+08 1.64086e+08 6.01962e+07 5.17333e+07 1.88946e+07 1.05936e+07 2.77317e+06 2.6438e+06 2.36827e+06 540016 247368 167542 136253 22543.3 22543.3 7221.94 7221.94 4271.03 1904.6 991.457 182.419 171.3 67.8749 31.9067 12.3841 2.21625 0.510834 0.320486 0.151992 0.0269724 0.0111767 0.0051388 0.00223513 0.00106602 0.000268453 0.000109245 2.42002e-05 5.83966e-06 1.40987e-06 5.75042e-07 8.21439e-08 3.0438e-08 0 0 0 0 0 0 0 0 0 0 0 0 0 0 0 0 0 0 0 0 0 0 0 0 0 0 0 0 0 0 0 0 0 0 0 0 0 0 0 0 0 0 0 0 0 0 0 0 0 0 0 0
4.90336e+09 1.41775e+09 5.0496e+08 1.42379e+08 8.42163e+07 2.19955e+07 1.82385e+07 9.94505e+06 6.03732e+06 1.47792e+06 1.46169e+06 719595 473936 148720 93540.5 29397.6 26152 12967.4 4203.4 4107.04 1689.59 757.447 231.38 113.479 34.5531 20.5167 6.94625 1.05144 0.442546 0.278757 0.0630033 0.0519052 0.0136174 0.00510384 0.00222979 0.000793061 0.000277046 0.000137272 3.55038e-05 1.42655e-05 9.25152e-07 2.83941e-07 8.28944e-08 1.03711e-08 0 0 0 0 0 0 0 0 0 0 0 0 0 0 0 0 0 0 0 0 0 0 0 0 0 0 0 0 0 0 0 0 0 0 0 0 0 0 0 0 0 0 0 0 0 0 0 0 0 0 0 0
3.33075e+09 1.35028e+09 4.33088e+08 9.36432e+07 5.69528e+07 3.34018e+07 1.32811e+07 1.26558e+07 6.1703e+06 946600 386170 386170 267699 69002.5 39965 27356.2 18971.5 4870.24 4213.92 1483.63 415.717 263.165 139.997 70.1871 60.3035 20.9241 7.6401 1.51691 0.855857 0.23566 0.145982 0.0484522 0.0144401 0.0074844 0.00324988 0.000999897 0.000617315 0.00021195 3.02224e-05 1.68292e-05 2.53129e-06 5.87208e-07 1.88265e-07 2.62295e-08 0 0 0 0 0 0 0 0 0 0 0 0 0 0 0 0 0 0 0 0 0 0 0 0 0 0 0 0 0 0 0 0 0 0 0 0 0 0 0 0 0 0 0 0 0 0 0 0 0 0 0 0
4.57621e+09 1.76293e+09 4.08175e+08 1.61254e+08 3.83111e+07 2.15982e+07 1.24721e+07 8.07465e+06 4.26422e+06 1.85523e+06 927056 578026 150294 129166 100424 37440.7 17165.6 6863.47 4584.78 716.288 716.288 346.373 144.511 36.0186 32.4223 17.5922 6.90441 0.605792 0.390153 0.0972656 0.0550264 0.0229213 0.00820518 0.00397433 0.0013534 0.000301465 7.77815e-05 5.97803e-05 1.41221e-05 3.59598e-06 1.31733e-06 2.36926e-07 6.2841e-08 0 0 0 0 0 0 0 0 0 0 0 0 0 0 0 0 0 0 0 0 0 0 0 0 0 0 0 0 0 0 0 0 0 0 0 0 0 0 0 0 0 0 0 0 0 0 0 0 0 0 0 0 0
5.96139e+09 1.30811e+09 5.04282e+08 9.75519e+07 6.54891e+07 2.20049e+07 2.04812e+07 4.76793e+06 2.23213e+06 1.5603e+06 825450 701355 252727 63935.3 63935.3 43116.5 9471.95 8771.05 4840.68 1675.79 660.29 556.814 240.924 122.354 33.0508 20.5485 7.54284 1.78523 0.583021 0.210992 0.062851 0.0340657 0.0124371 0.00307054 0.00150206 0.000755265 0.000343189 8.0172e-05 2.07098e-05 2.07218e-06 1.32058e-06 3.16618e-07 8.456e-08 1.6413e-08 0 0 0 0 0 0 0 0 0 0 0 0 0 0 0 0 0 0 0 0 0 0 0 0 0 0 0 0 0 0 0 0 0 0 0 0 0 0 0 0 0 0 0 0 0 0 0 0 0 0 0 0
4.22403e+09 1.03551e+09 5.94096e+08 1.55907e+08 9.54902e+07 4.31676e+07 2.06758e+07 7.15422e+06 3.67029e+06 3.67029e+06 1.81346e+06 1.05933e+06 400027 275860 177489 88808 43117.8 17677.6 9565.74 2476.91 1238.9 644.268 517.062 144.389 42.8548 25.0738 12.6749 2.82828 1.36985 0.644126 0.233928 0.134554 0.0204271 0.0139265 0.00534699 0.0017153 0.000629032 0.000340674 4.33169e-05 1.51593e-05 3.74496e-06 5.19236e-07 1.86354e-07 4.22527e-08 0 0 0 0 0 0 0 0 0 0 0 0 0 0 0 0 0 0 0 0 0 0 0 0 0 0 0 0 0 0 0 0 0 0 0 0 0 0 0 0 0 0 0 0 0 0 0 0 0 0 0 0
5.91216e+09 1.6775e+09 8.10108e+08 5.85271e+07 5.85271e+07 2.81374e+07 1.71527e+07 7.9002e+06 4.29707e+06 1.91585e+06 1.42168e+06 637025 321548 167092 76678.4 36347.4 16592.6 9553.07 4561.08 2186.62 727.543 560.703 156.387 126.702 30.1888 17.6723 5.19942 1.38883 0.63026 0.160749 0.0768018 0.055574 0.0102158 0.00341365 0.00203281 0.00100234 0.00016347 3.91714e-05 3.36772e-05 7.26248e-06 2.30671e-06 4.83304e-07 9.5029e-08 2.24414e-08 0 0 0 0 0 0 0 0 0 0 0 0 0 0 0 0 0 0 0 0 0 0 0 0 0 0 0 0 0 0 0 0 0 0 0 0 0 0 0 0 0 0 0 0 0 0 0 0 0 0 0 0
4.8452e+09 6.08153e+08 6.08153e+08 1.73617e+08 7.64586e+07 2.19834e+07 1.57528e+07 5.10418e+06 3.87247e+06 2.23924e+06 1.20263e+06 680006 420776 251650 82787.9 65690.4 21421.4 12028.2 6786.28 3666.81 1341.4 694.681 281.346 148.737 28.6537 28.6537 13.8523 1.34649 0.679601 0.233616 0.117064 0.0223217 0.0192096 0.00892073 0.00127302 0.00122949 0.000349041 0.000152014 5.59941e-05 1.32538e-05 1.96022e-06 4.2575e-07 1.10881e-07 3.09278e-08 0 0 0 0 0 0 0 0 0 0 0 0 0 0 0 0 0 0 0 0 0 0 0 0 0 0 0 0 0 0 0 0 0 0 0 0 0 0 0 0 0 0 0 0 0 0 0 0 0 0 0 0
3.46615e+09 1.47049e+09 6.68126e+08 1.33804e+08 6.13632e+07 2.58442e+07 1.81306e+07 8.1086e+06 5.34089e+06 2.94943e+06 1.08911e+06 744070 485008 133301 115365 45702.9 26072.9 16878.4 9068.39 3596.99 1202.29 688.792 280.134 89.1932 47.7686 15.8495 8.98702 1.4621 0.678492 0.234301 0.057082 0.0374653 0.0138995 0.00705823 0.00119242 0.00054823 0.000198246 5.1497e-05 1.43636e-05 2.55612e-06 8.61996e-07 2.0806e-07 4.24477e-08 0 0 0 0 0 0 0 0 0 0 0 0 0 0 0 0 0 0 0 0 0 0 0 0 0 0 0 0 0 0 0 0 0 0 0 0 0 0 0 0 0 0 0 0 0 0 0 0 0 0 0 0 0
3.96671e+09 1.46629e+09 7.08279e+08 1.10488e+08 6.60586e+07 4.05855e+07 1.70275e+07 7.18978e+06 6.49572e+06 4.12521e+06 1.51781e+06 747868 463031 107080 80685.9 58589.7 30239.1 13204 8383.17 1526.52 1526.52 786.886 523.255 130.76 57.8226 25.316 5.63764 1.67204 0.515114 0.298019 0.108935 0.0288108 0.0249897 0.00315402 0.00141163 0.000430349 0.000219984 6.02971e-05 1.22298e-05 7.01127e-06 1.2197e-06 5.59124e-07 8.06993e-08 1.30839e-08 0 0 0 0 0 0 0 0 0 0 0 0 0 0 0 0 0 0 0 0 0 0 0 0 0 0 0 0 0 0 0 0 0 0 0 0 0 0 0 0 0 0 0 0 0 0 0 0 0 0 0 0
1.93303e+09 1.36611e+09 8.25783e+08 1.23799e+08 5.67601e+07 1.53969e+07 1.53969e+07 1.1637e+07 5.01192e+06 3.38343e+06 1.3176e+06 883376 316616 135273 135273 29522 27923.7 13690.6 6150.15 1517.51 1030.17 554.748 306.095 77.4073 47.7538 23.733 7.67699 1.83344 0.546633 0.199373 0.193261 0.0355206 0.0163518 0.00606971 0.00248035 0.000976691 0.000408968 0.000100851 3.6142e-05 7.37947e-06 2.32211e-06 5.89373e-07 7.49626e-08 1.40236e-08 0 0 0 0 0 0 0 0 0 0 0 0 0 0 0 0 0 0 0 0 0 0 0 0 0 0 0 0 0 0 0 0 0 0 0 0 0 0 0 0 0 0 0 0 0 0 0 0 0 0 0 0
3.6277e+09 3.80051e+08 3.80051e+08 9.79712e+07 1.49658e+07 1.49658e+07 6.04521e+06 6.04521e+06 3.52868e+06 1.98472e+06 1.08331e+06 189412 189412 146484 62282.8 34913.5 18843.6 7599.42 2526.68 1880.91 902.028 569.077 190.131 83.8329 28.1082 10.2716 6.48269 0.913458 0.309732 0.144232 0.0494948 0.0269858 0.0105404 0.00429649 0.00208891 0.000436053 0.000278646 4.78176e-05 1.9223e-05 4.58521e-06 7.36486e-07 1.8071e-07 2.59281e-08 0 0 0 0 0 0 0 0 0 0 0 0 0 0 0 0 0 0 0 0 0 0 0 0 0 0 0 0 0 0 0 0 0 0 0 0 0 0 0 0 0 0 0 0 0 0 0 0 0 0 0 0 0
5.3375e+09 2.01827e+09 7.9614e+08 1.34467e+08 4.47793e+07 2.36989e+07 1.29295e+07 5.45657e+06 3.64672e+06 2.27258e+06 1.46366e+06 581750 337150 155930 24744.3 24744.3 24742.7 7607.43 3338.71 2307.74 783.73 392.485 150.057 69.8493 32.6514 10.9992 3.73158 1.12739 0.332039 0.0943333 0.0378252 0.0197443 0.00805863 0.00120238 0.00042592 0.000257387 0.000107459 4.02303e-05 6.60698e-06 1.86956e-06 4.1175e-07 1.07205e-07 1.35929e-08 0 0 0 0 0 0 0 0 0 0 0 0 0 0 0 0 0 0 0 0 0 0 0 0 0 0 0 0 0 0 0 0 0 0 0 0 0 0 0 0 0 0 0 0 0 0 0 0 0 0 0 0 0
2.69568e+09 1.29772e+09 4.7952e+08 1.7937e+08 6.04625e+07 2.93368e+07 1.10698e+07 6.56437e+06 4.07806e+06 1.64861e+06 755531 578768 306331 100804 96549.7 50974.4 11438.1 6916.83 3613.26 2259.48 694.956 385.804 197.838 69.8901 44.6727 10.6814 4.83536 0.478805 0.387975 0.220693 0.0424535 0.0243152 0.00871615 0.00397741 0.00161784 0.000674253 0.00025457 9.28247e-05 2.90344e-05 7.50241e-06 1.19082e-06 2.93102e-07 8.65008e-08 1.92356e-08 0 0 0 0 0 0 0 0 0 0 0 0 0 0 0 0 0 0 0 0 0 0 0 0 0 0 0 0 0 0 0 0 0 0 0 0 0 0 0 0 0 0 0 0 0 0 0 0 0 0 0 0
2.62825e+09 9.8447e+08 7.2872e+08 1.1638e+08 8.26625e+07 2.65313e+07 1.34474e+07 1.08983e+07 4.00829e+06 2.80383e+06 1.27869e+06 856680 504585 144574 99306.9 41577.5 19912.6 17010 6490.4 3590.15 1287.96 504.636 239.591 86.7648 80.8703 30.396 11.1112 0.740467 0.672991 0.0991307 0.0729426 0.0204687 0.0129514 0.00505518 0.00188731 0.000593147 0.000185724 9.24683e-05 2.52962e-05 6.54556e-06 9.12016e-07 4.92995e-07 9.98859e-08 1.12038e-08 0 0 0 0 0 0 0 0 0 0 0 0 0 0 0 0 0 0 0 0 0 0 0 0 0 0 0 0 0 0 0 0 0 0 0 0 0 0 0 0 0 0 0 0 0 0 0 0 0 0 0 0
4.17415e+09 1.89638e+09 1.77077e+08 1.34996e+08 5.60105e+07 2.83775e+07 1.46106e+07 9.36588e+06 5.62565e+06 1.74841e+06 868090 533776 357834 125476 99051 55630.9 21086.7 15169.8 6021.26 2481.69 1441.2 404.034 133.847 86.1576 17.167 12.9937 7.56254 0.997158 0.195785 0.113854 0.0568344 0.0265462 0.00598444 0.00276934 0.00171245 0.000420696 0.000159329 3.69504e-05 1.58055e-05 2.69573e-06 6.67078e-07 2.3919e-07 8.15446e-08 1.34136e-08 0 0 0 0 0 0 0 0 0 0 0 0 0 0 0 0 0 0 0 0 0 0 0 0 0 0 0 0 0 0 0 0 0 0 0 0 0 0 0 0 0 0 0 0 0 0 0 0 0 0 0 0
4.30259e+09 1.14966e+09 3.65484e+08 1.36134e+08 8.80666e+07 3.53262e+07 2.333e+07 4.45946e+06 4.45946e+06 2.19199e+06 885483 525491 245856 122618 120653 51764.6 19326.9 9468.28 4611.26 1888.44 344.028 344.028 135.972 82.4157 21.2353 16.0699 7.91545 0.966398 0.693556 0.205942 0.0522632 0.0212709 0.00927348 0.00494352 0.00142839 0.00077584 0.00014679 6.87614e-05 1.0863e-05 3.97065e-06 3.11504e-07 1.49962e-07 4.62441e-08 1.16477e-08 0 0 0 0 0 0 0 0 0 0 0 0 0 0 0 0 0 0 0 0 0 0 0 0 0 0 0 0 0 0 0 0 0 0 0 0 0 0 0 0 0 0 0 0 0 0 0 0 0 0 0 0
4.10653e+09 8.07884e+08 3.92786e+08 1.06418e+08 8.75304e+07 3.34479e+07 1.09541e+07 9.7543e+06 2.86103e+06 2.12615e+06 1.17741e+06 772202 329511 128032 116113 43451.3 25589.8 11981.3 8028.48 2557.11 860.175 598.697 493.867 127.491 62.4143 30.6282 12.979 2.13956 0.630252 0.228351 0.125398 0.0434875 0.0143313 0.00902349 0.00213735 0.000953378 0.000400806 0.000209249 2.22188e-05 1.2465e-05 3.44414e-06 7.48907e-07 2.0094e-07 4.87668e-08 0 0 0 0 0 0 0 0 0 0 0 0 0 0 0 0 0 0 0 0 0 0 0 0 0 0 0 0 0 0 0 0 0 0 0 0 0 0 0 0 0 0 0 0 0 0 0 0 0 0 0 0
4.63294e+09 2.45711e+09 5.24935e+08 7.65578e+07 7.65578e+07 5.19853e+07 2.3021e+07 1.07443e+07 5.08727e+06 3.90656e+06 1.79018e+06 839350 334973 241947 64398.1 50660.4 23892.5 13030.4 8186.98 2751.03 1902.29 744.74 344.783 104.35 54.4179 22.5333 9.41675 1.19958 0.592652 0.153833 0.0793289 0.022182 0.0141434 0.00549651 0.00146219 0.000793474 0.000161183 0.000109182 2.79629e-05 7.86654e-06 1.46333e-06 4.40774e-07 5.30169e-08 1.23793e-08 0 0 0 0 0 0 0 0 0 0 0 0 0 0 0 0 0 0 0 0 0 0 0 0 0 0 0 0 0 0 0 0 0 0 0 0 0 0 0 0 0 0 0 0 0 0 0 0 0 0 0 0
3.62607e+09 1.0801e+09 8.7134e+08 1.42926e+08 7.85016e+07 1.03537e+07 1.03537e+07 1.03537e+07 4.23166e+06 2.45058e+06 1.59932e+06 831837 274011 173941 63506.9 63506.9 25610.2 11643.4 6842.09 3860.86 1839.27 827.75 414.618 137.427 88.6101 29.6191 6.23223 1.59747 0.23243 0.23243 0.0829135 0.0505671 0.0185953 0.00503756 0.00286552 0.000720827 0.000307044 8.82966e-05 2.28086e-05 8.86085e-06 2.35604e-06 6.21574e-07 1.23073e-07 2.50939e-08 0 0 0 0 0 0 0 0 0 0 0 0 0 0 0 0 0 0 0 0 0 0 0 0 0 0 0 0 0 0 0 0 0 0 0 0 0 0 0 0 0 0 0 0 0 0 0 0 0 0 0 0
5.46112e+09 1.78167e+09 7.56323e+08 1.42381e+08 5.26317e+07 5.16661e+07 1.98819e+07 1.27389e+07 7.95199e+06 2.301e+06 1.76894e+06 474357 474357 119082 119082 43279.5 17186.2 16097 4196.93 2144.74 1120.63 550.978 118.275 86.6892 24.1761 19.0861 4.8023 1.2732 0.271693 0.144492 0.080147 0.0392798 0.0119954 0.00338613 0.000986947 0.000562925 9.17741e-05 5.33401e-05 1.43036e-05 3.25419e-06 6.05934e-07 2.55603e-07 3.78334e-08 1.19504e-08 0 0 0 0 0 0 0 0 0 0 0 0 0 0 0 0 0 0 0 0 0 0 0 0 0 0 0 0 0 0 0 0 0 0 0 0 0 0 0 0 0 0 0 0 0 0 0 0 0 0 0 0
4.17359e+09 1.9995e+09 7.02184e+08 5.29589e+07 5.29589e+07 2.62926e+07 2.13725e+07 7.28155e+06 2.70758e+06 2.70758e+06 1.18374e+06 834626 411044 143116 103080 48486.9 18773 10896 4795.51 2548.48 1202.05 506.44 226.006 89.2712 31.11 16.1458 7.13614 0.695901 0.273654 0.213509 0.0320184 0.0253887 0.0111579 0.00450252 0.00115204 0.000421771 0.000211318 7.59302e-05 2.15495e-05 4.09418e-06 1.31795e-06 2.62329e-07 5.62505e-08 1.15779e-08 0 0 0 0 0 0 0 0 0 0 0 0 0 0 0 0 0 0 0 0 0 0 0 0 0 0 0 0 0 0 0 0 0 0 0 0 0 0 0 0 0 0 0 0 0 0 0 0 0 0 0 0
3.64784e+09 2.35288e+09 6.12859e+08 1.29895e+08 7.77847e+07 2.98631e+07 1.40376e+07 1.09593e+07 3.70926e+06 2.19443e+06 1.59434e+06 446172 419225 89959.8 89959.8 44033.1 23525.6 15794.3 3323.47 1583.19 1338.81 904.66 355.001 128.684 58.0794 16.058 10.9207 1.23964 0.664949 0.409731 0.125739 0.0320026 0.00881378 0.00316154 0.0013769 0.000431917 0.000218315 6.32963e-05 2.81252e-05 1.0241e-05 2.38008e-06 8.21298e-07 1.24132e-07 3.87817e-08 0 0 0 0 0 0 0 0 0 0 0 0 0 0 0 0 0 0 0 0 0 0 0 0 0 0 0 0 0 0 0 0 0 0 0 0 0 0 0 0 0 0 0 0 0 0 0 0 0 0 0 0
4.02429e+09 6.74995e+08 6.07973e+08 1.39022e+08 5.96996e+07 2.7499e+07 1.3609e+07 9.34373e+06 4.06383e+06 2.78753e+06 1.67186e+06 698335 254887 143249 72303.8 36778.5 16822.8 4030.43 4030.43 2208.8 584.212 347.765 178.466 46.9593 36.8451 16.8707 7.15254 1.63091 0.42661 0.210907 0.104254 0.0326301 0.011447 0.00513971 0.00154053 0.000463297 0.000303419 0.000141686 4.1511e-05 9.04416e-06 2.36234e-06 7.13227e-07 1.66028e-07 2.15959e-08 0 0 0 0 0 0 0 0 0 0 0 0 0 0 0 0 0 0 0 0 0 0 0 0 0 0 0 0 0 0 0 0 0 0 0 0 0 0 0 0 0 0 0 0 0 0 0 0 0 0 0 0
6.05217e+09 1.20839e+09 5.93296e+08 1.19454e+08 6.59394e+07 3.32155e+07 1.87171e+07 7.07086e+06 4.77229e+06 2.41586e+06 1.81811e+06 859504 444954 156722 116912 46977.2 28645.6 16923.4 5886.32 2818.92 1397.19 740.669 441.464 132.258 11.5567 11.5567 8.05478 1.37782 0.505757 0.203611 0.101164 0.0236092 0.0113008 0.00570169 0.00247247 0.000315793 0.000232994 6.76672e-05 1.91288e-05 1.01962e-05 2.2842e-06 5.14137e-07 1.09391e-07 2.08868e-08 0 0 0 0 0 0 0 0 0 0 0 0 0 0 0 0 0 0 0 0 0 0 0 0 0 0 0 0 0 0 0 0 0 0 0 0 0 0 0 0 0 0 0 0 0 0 0 0 0 0 0 0
6.14628e+09 1.81756e+09 7.74898e+08 1.91236e+08 9.48977e+07 2.46862e+07 1.77852e+07 9.73912e+06 4.38135e+06 2.55358e+06 856020 856020 397034 224207 133937 42032 17897.3 15304.4 5973.55 4086.6 1806.19 963.44 342.452 130.567 55.3216 23.9067 13.3386 2.07647 0.818586 0.487544 0.156868 0.0953202 0.0212982 0.0121999 0.00307088 0.00156453 0.00080301 0.000149947 4.40235e-05 1.3598e-05 3.51406e-06 6.78958e-07 9.16808e-08 1.9448e-08 0 0 0 0 0 0 0 0 0 0 0 0 0 0 0 0 0 0 0 0 0 0 0 0 0 0 0 0 0 0 0 0 0 0 0 0 0 0 0 0 0 0 0 0 0 0 0 0 0 0 0 0
3.17811e+09 1.01379e+09 3.96837e+08 9.04407e+07 5.2292e+07 2.66613e+07 9.67295e+06 4.46315e+06 4.46315e+06 2.04081e+06 785882 340337 328268 196318 94267.3 31774 24063.8 6847.29 3858.15 2825.34 1558.55 530.249 212.884 69.3078 29.8536 18.3517 4.15107 0.664234 0.538905 0.192891 0.100746 0.0286116 0.0128411 0.00413869 0.0014006 0.000644107 0.000150037 4.86747e-05 4.8036e-06 1.46546e-06 7.6348e-07 2.08633e-07 4.46092e-08 1.30788e-08 0 0 0 0 0 0 0 0 0 0 0 0 0 0 0 0 0 0 0 0 0 0 0 0 0 0 0 0 0 0 0 0 0 0 0 0 0 0 0 0 0 0 0 0 0 0 0 0 0 0 0 0
4.35279e+09 1.37713e+09 6.60179e+08 6.88601e+07 6.88601e+07 2.58842e+07 1.49512e+07 5.12421e+06 4.22177e+06 2.91305e+06 1.70136e+06 775133 252774 146279 57410.6 48636.6 9825.78 9825.78 5486.17 3829.81 1568.42 384.245 204.928 103.906 40.2736 13.0316 8.42323 1.22882 0.48647 0.270898 0.10402 0.031677 0.0193301 0.00237584 0.00237584 0.000454093 0.000235401 4.36016e-05 2.54635e-05 2.63594e-06 1.25247e-06 4.91492e-07 8.50609e-08 1.83713e-08 0 0 0 0 0 0 0 0 0 0 0 0 0 0 0 0 0 0 0 0 0 0 0 0 0 0 0 0 0 0 0 0 0 0 0 0 0 0 0 0 0 0 0 0 0 0 0 0 0 0 0 0
4.93578e+09 1.96724e+09 4.67077e+08 2.62572e+08 8.50396e+07 3.26418e+07 3.26418e+07 1.79327e+07 6.96248e+06 4.24627e+06 1.63178e+06 1.41766e+06 489386 212079 143950 54390.1 40011.5 15125.1 8718.83 4118.12 1984.72 840.783 510.977 135.086 100.013 53.1195 24.857 2.1599 1.57244 0.372297 0.137687 0.0869232 0.0168415 0.00733845 0.00144965 0.0010947 0.000436912 8.33235e-05 2.73202e-05 7.24098e-06 1.62431e-06 4.82196e-07 9.78637e-08 1.46106e-08 0 0 0 0 0 0 0 0 0 0 0 0 0 0 0 0 0 0 0 0 0 0 0 0 0 0 0 0 0 0 0 0 0 0 0 0 0 0 0 0 0 0 0 0 0 0 0 0 0 0 0 0
4.7327e+09 8.45946e+08 4.29763e+08 8.40252e+07 8.26455e+07 2.71779e+07 1.7842e+07 9.40793e+06 4.99892e+06 2.77451e+06 1.1622e+06 759099 216731 112093 112093 38928.5 27548.1 16676.9 9117.79 2292.39 1409.48 756.166 293.791 145.125 38.1356 26.8789 9.23452 2.7787 0.818425 0.121773 0.0806739 0.0642119 0.0140654 0.00729033 0.00227169 0.000745563 0.00029895 0.000143005 4.44449e-05 8.17945e-06 1.96199e-06 9.49719e-07 2.099e-07 5.25227e-08 0 0 0 0 0 0 0 0 0 0 0 0 0 0 0 0 0 0 0 0 0 0 0 0 0 0 0 0 0 0 0 0 0 0 0 0 0 0 0 0 0 0 0 0 0 0 0 0 0 0 0 0
