23338 13696.4 13696.4 5597.77 4621.28 1830.82 956.082 737.609 314.488 251.794 69.7806 47.4287 45.6217 16.8119 12.0976 5.7999 2.35938 0.883075 0.55239 0.221697 0.137493 0.0704899 0.0282164 0.00988468 0.00591235 0.00211452 0.000639531 7.9051e-05 2.86827e-05 1.29706e-05 3.71972e-06 2.27001e-06 7.62599e-07 3.59741e-07 6.25413e-08 3.95183e-08 1.96598e-08 0 0 0 0 0 0 0 0 0 0 0 0 0 0 0 0 0 0 0 0 0 0 0 0 0 0 0 0 0 0 0 0 0 0 0 0 0 0 0 0 0 0 0 0 0 0 0 0 0 0 0 0 0 0 0 0 0 0 0
27337.6 12171 12171 3610.97 2854.65 2589.05 1097.23 385.29 360.312 150.72 96.0965 59.9623 54.4529 23.7295 14.5542 8.02589 4.56769 1.40205 0.866316 0.646687 0.182632 0.0788932 0.0475173 0.0104995 0.0062218 0.00277392 0.000974473 0.000180782 6.67048e-05 2.19575e-05 1.17638e-05 2.80747e-06 1.85837e-06 5.25535e-07 1.39098e-07 2.46316e-08 1.87016e-08 0 0 0 0 0 0 0 0 0 0 0 0 0 0 0 0 0 0 0 0 0 0 0 0 0 0 0 0 0 0 0 0 0 0 0 0 0 0 0 0 0 0 0 0 0 0 0 0 0 0 0 0 0 0 0 0 0 0 0
19209.5 11005.7 11005.7 3268.68 3268.68 1284.51 1072.11 470.857 375.532 153.297 96.6801 49.3186 36.1229 15.9795 8.9704 3.98587 1.29011 1.02257 0.319646 0.319646 0.141584 0.0620443 0.0287534 0.0134529 0.00427141 0.00163632 0.000574004 9.01074e-05 3.02193e-05 8.99233e-06 5.29662e-06 3.32343e-06 9.31637e-07 3.47544e-07 9.04028e-08 2.25661e-08 1.23729e-08 0 0 0 0 0 0 0 0 0 0 0 0 0 0 0 0 0 0 0 0 0 0 0 0 0 0 0 0 0 0 0 0 0 0 0 0 0 0 0 0 0 0 0 0 0 0 0 0 0 0 0 0 0 0 0 0 0 0 0
20723.9 14713.6 10184.3 1356.77 1356.77 1356.77 681.04 469.812 200.272 39.6147 24.6212 24.6212 14.952 13.5307 5.02529 2.67343 1.84408 0.592495 0.144199 0.144199 0.0663585 0.0265274 0.0146245 0.00701209 0.00370537 0.00127672 0.000693012 5.92916e-05 3.793e-05 6.47582e-06 6.08173e-06 1.19371e-06 7.3036e-07 1.93763e-07 1.06056e-07 2.3772e-08 1.31932e-08 0 0 0 0 0 0 0 0 0 0 0 0 0 0 0 0 0 0 0 0 0 0 0 0 0 0 0 0 0 0 0 0 0 0 0 0 0 0 0 0 0 0 0 0 0 0 0 0 0 0 0 0 0 0 0 0 0 0 0
19789.2 18957.1 9588.89 5220 1898.55 1098.66 658.735 316.519 245.381 154.687 52.4245 41.7904 31.4014 12.0925 4.6447 3.3769 2.24568 0.471034 0.471034 0.226669 0.0820864 0.046528 0.0169844 0.00742408 0.0022347 0.00103718 0.000502521 0.000110712 3.93641e-05 6.96709e-06 5.91865e-06 1.35626e-06 9.4714e-07 3.81703e-07 1.38211e-07 2.69048e-08 1.11082e-08 0 0 0 0 0 0 0 0 0 0 0 0 0 0 0 0 0 0 0 0 0 0 0 0 0 0 0 0 0 0 0 0 0 0 0 0 0 0 0 0 0 0 0 0 0 0 0 0 0 0 0 0 0 0 0 0 0 0 0
13885.3 13885.3 9461.15 845.449 845.449 845.449 845.449 348.057 240.03 164.143 73.0152 31.474 26.9256 5.96341 5.96341 4.47603 1.35282 0.849729 0.277809 0.144682 0.0603492 0.0327084 0.0178412 0.00373665 0.00288164 0.000807397 0.000743469 0.000120703 2.91881e-05 1.4051e-05 4.92574e-06 2.14175e-06 5.75835e-07 3.32914e-07 9.61278e-08 4.93754e-08 1.51817e-08 0 0 0 0 0 0 0 0 0 0 0 0 0 0 0 0 0 0 0 0 0 0 0 0 0 0 0 0 0 0 0 0 0 0 0 0 0 0 0 0 0 0 0 0 0 0 0 0 0 0 0 0 0 0 0 0 0 0 0
32652.7 15225.1 12654.1 5337.55 1091.99 1091.99 520.237 315.227 189.192 189.192 116.201 45.2531 30.2343 14.7636 5.90159 3.94148 2.20443 0.943771 0.267015 0.174645 0.106623 0.0358451 0.0134289 0.0067929 0.00363428 0.0010003 0.000655326 0.000107812 3.79973e-05 2.24722e-05 5.22624e-06 1.51806e-06 7.74117e-07 2.47303e-07 1.41146e-07 2.43208e-08 1.79969e-08 0 0 0 0 0 0 0 0 0 0 0 0 0 0 0 0 0 0 0 0 0 0 0 0 0 0 0 0 0 0 0 0 0 0 0 0 0 0 0 0 0 0 0 0 0 0 0 0 0 0 0 0 0 0 0 0 0 0 0
19926.4 19926.4 4026.72 2667.18 2633.64 850.32 362.426 322.965 322.965 69.5603 53.9042 23.5995 19.3671 6.15555 3.63102 3.17004 1.18624 0.609938 0.261013 0.124675 0.0719124 0.0138734 0.0138734 0.00671916 0.0032566 0.000774167 0.000416557 8.66744e-05 3.37217e-05 1.37655e-05 5.4034e-06 7.37048e-07 7.37048e-07 2.51552e-07 6.83769e-08 1.7656e-08 1.0476e-08 0 0 0 0 0 0 0 0 0 0 0 0 0 0 0 0 0 0 0 0 0 0 0 0 0 0 0 0 0 0 0 0 0 0 0 0 0 0 0 0 0 0 0 0 0 0 0 0 0 0 0 0 0 0 0 0 0 0 0
23408.9 18449.2 9552.49 3119.45 2216.32 968.663 892.252 307.463 144.372 125.563 77.5787 38.2872 9.28393 9.28393 7.6919 4.45783 0.916526 0.916526 0.315088 0.202477 0.0697128 0.023836 0.00606199 0.00536153 0.00245847 0.000956016 0.000218513 5.91232e-05 1.90598e-05 1.12766e-05 2.99779e-06 1.72115e-06 7.62432e-07 1.00951e-07 4.88627e-08 2.52898e-08 0 0 0 0 0 0 0 0 0 0 0 0 0 0 0 0 0 0 0 0 0 0 0 0 0 0 0 0 0 0 0 0 0 0 0 0 0 0 0 0 0 0 0 0 0 0 0 0 0 0 0 0 0 0 0 0 0 0 0 0
16779.4 16573.9 13757.8 3308.69 3179.7 1292.24 1030.44 399.612 345.697 149.774 52.7585 28.7278 14.8795 7.45043 7.45043 3.27993 1.39943 0.934401 0.380447 0.143105 0.0583245 0.0275196 0.010218 0.00749886 0.00175838 0.0010083 0.000597121 7.4856e-05 3.7607e-05 8.73508e-06 3.27134e-06 1.04472e-06 6.35049e-07 8.91049e-08 4.38977e-08 1.70112e-08 0 0 0 0 0 0 0 0 0 0 0 0 0 0 0 0 0 0 0 0 0 0 0 0 0 0 0 0 0 0 0 0 0 0 0 0 0 0 0 0 0 0 0 0 0 0 0 0 0 0 0 0 0 0 0 0 0 0 0 0
20460.4 10353.1 8692.08 3293.16 1945.26 868.277 868.277 721.147 237.363 237.363 70.8254 42.3263 38.4321 15.8928 7.81618 4.5597 2.59648 1.51678 0.970263 0.3798 0.165352 0.0422374 0.0212393 0.00597498 0.00502348 0.00150078 0.000917857 0.000114772 7.04928e-05 2.62283e-05 8.03799e-06 3.72092e-06 9.69399e-07 5.68133e-07 7.53314e-08 5.60962e-08 1.97263e-08 0 0 0 0 0 0 0 0 0 0 0 0 0 0 0 0 0 0 0 0 0 0 0 0 0 0 0 0 0 0 0 0 0 0 0 0 0 0 0 0 0 0 0 0 0 0 0 0 0 0 0 0 0 0 0 0 0 0 0
29684.7 11735.3 9943.43 3742.7 3589.32 1557.65 441.404 410.961 335.843 112.318 79.7212 57.0393 19.8734 14.6196 9.88679 3.92542 2.34664 1.64231 0.853304 0.297535 0.16053 0.0751171 0.0351309 0.0216161 0.00503776 0.00246772 0.00120451 0.00017002 7.20653e-05 1.40371e-05 1.16584e-05 3.92955e-06 1.1516e-06 3.87115e-07 2.19236e-07 6.71011e-08 3.64658e-08 0 0 0 0 0 0 0 0 0 0 0 0 0 0 0 0 0 0 0 0 0 0 0 0 0 0 0 0 0 0 0 0 0 0 0 0 0 0 0 0 0 0 0 0 0 0 0 0 0 0 0 0 0 0 0 0 0 0 0
16970.3 7260.16 5953.7 3915.51 1787.32 1286.28 711.413 499.057 100.679 100.679 88.8917 32.5393 16.9226 13.0718 5.6731 3.29491 2.07541 1.0864 0.750297 0.266702 0.100658 0.051795 0.0233867 0.0106449 0.00362428 0.0019897 0.000837887 0.000186665 8.08737e-05 2.67084e-05 8.88299e-06 3.97154e-06 1.08101e-06 4.35012e-07 8.81367e-08 6.22259e-08 1.80921e-08 0 0 0 0 0 0 0 0 0 0 0 0 0 0 0 0 0 0 0 0 0 0 0 0 0 0 0 0 0 0 0 0 0 0 0 0 0 0 0 0 0 0 0 0 0 0 0 0 0 0 0 0 0 0 0 0 0 0 0
15935.5 15743.3 9547.89 5711.52 1144.39 1144.39 758.351 642.812 261.492 158.266 94.6706 47.7058 32.4054 13.3717 3.46458 2.58496 2.19258 1.15379 0.455303 0.184718 0.0845326 0.0408989 0.0281563 0.0121216 0.00385071 0.00161992 0.000830716 0.000126687 6.55387e-05 1.52784e-05 7.32956e-06 3.67233e-06 1.66379e-06 6.68664e-07 1.35518e-07 5.30938e-08 2.66693e-08 1.10711e-08 0 0 0 0 0 0 0 0 0 0 0 0 0 0 0 0 0 0 0 0 0 0 0 0 0 0 0 0 0 0 0 0 0 0 0 0 0 0 0 0 0 0 0 0 0 0 0 0 0 0 0 0 0 0 0 0 0 0
20739.6 15440.4 10727.1 6086.41 742.529 742.529 742.529 575.892 438.604 264.234 130.958 66.669 32.3217 18.5919 10.4268 4.47373 1.97166 1.11147 0.443316 0.246984 0.150856 0.0513689 0.0233918 0.0127946 0.00399855 0.00157735 0.000445559 0.000110233 3.683e-05 1.23511e-05 3.8933e-06 2.61529e-06 9.7896e-07 2.01246e-07 1.16731e-07 4.30708e-08 1.27068e-08 0 0 0 0 0 0 0 0 0 0 0 0 0 0 0 0 0 0 0 0 0 0 0 0 0 0 0 0 0 0 0 0 0 0 0 0 0 0 0 0 0 0 0 0 0 0 0 0 0 0 0 0 0 0 0 0 0 0 0
25695.8 8009.44 8009.44 5060.48 3131.74 1615.11 904.171 661.058 165.681 137.555 129.503 51.9611 26.0674 15.5697 5.50216 3.84828 2.50469 1.39651 0.428306 0.128686 0.102847 0.0314029 0.0289093 0.00991139 0.00497044 0.00135545 0.000645593 9.69051e-05 7.01301e-05 5.01012e-06 5.01012e-06 3.17305e-06 8.07115e-07 2.88162e-07 7.00411e-08 4.38669e-08 1.13847e-08 0 0 0 0 0 0 0 0 0 0 0 0 0 0 0 0 0 0 0 0 0 0 0 0 0 0 0 0 0 0 0 0 0 0 0 0 0 0 0 0 0 0 0 0 0 0 0 0 0 0 0 0 0 0 0 0 0 0 0
20982.6 13698.6 13134.7 5924.55 1935.52 1187.11 777.39 763.97 257.461 189.883 99.196 55.2585 33.2213 10.7745 10.0161 3.5201 3.35576 1.14392 0.450704 0.285703 0.125549 0.0619253 0.0303427 0.0108124 0.00431569 0.00170008 0.000669142 0.000119046 3.43111e-05 9.6252e-06 5.88472e-06 2.43522e-06 6.68987e-07 2.71969e-07 1.2727e-07 4.34723e-08 1.76762e-08 0 0 0 0 0 0 0 0 0 0 0 0 0 0 0 0 0 0 0 0 0 0 0 0 0 0 0 0 0 0 0 0 0 0 0 0 0 0 0 0 0 0 0 0 0 0 0 0 0 0 0 0 0 0 0 0 0 0 0
33222.9 14013.6 13989.2 6268.71 4890.38 3323.03 1361.14 579.25 295.624 295.624 189.903 59.3753 57.1447 31.2563 11.1777 4.26321 3.22225 1.50384 1.02578 0.463799 0.255106 0.0618855 0.0305277 0.0162408 0.00452036 0.00394117 0.00104103 0.000144131 3.24491e-05 3.21149e-05 9.39967e-06 2.57291e-06 1.91903e-06 5.92351e-07 2.93769e-07 1.36911e-07 2.92527e-08 0 0 0 0 0 0 0 0 0 0 0 0 0 0 0 0 0 0 0 0 0 0 0 0 0 0 0 0 0 0 0 0 0 0 0 0 0 0 0 0 0 0 0 0 0 0 0 0 0 0 0 0 0 0 0 0 0 0 0
18920.7 16905 8218.81 3007.22 1857.32 1426.03 811.355 709.841 246.729 167.89 57.568 34.8739 21.1865 12.8776 8.58834 3.00249 1.52891 0.961213 0.57533 0.234655 0.13941 0.0377734 0.0197346 0.00874153 0.00417468 0.0018077 0.000718715 0.000145064 4.09176e-05 1.78972e-05 5.42372e-06 4.28239e-06 5.73872e-07 5.07498e-07 7.49182e-08 6.76643e-08 2.05644e-08 0 0 0 0 0 0 0 0 0 0 0 0 0 0 0 0 0 0 0 0 0 0 0 0 0 0 0 0 0 0 0 0 0 0 0 0 0 0 0 0 0 0 0 0 0 0 0 0 0 0 0 0 0 0 0 0 0 0 0
18880.2 18694.7 10374.2 1505.04 1501.19 1118.56 1118.56 358.657 309.743 111.218 89.7492 72.318 15.2687 15.2687 10.2671 5.27218 2.86113 1.45255 0.547366 0.129219 0.10565 0.0611327 0.023409 0.014297 0.0021804 0.00119876 0.000543037 9.76207e-05 2.87153e-05 1.35681e-05 4.5603e-06 1.50621e-06 1.61046e-07 1.39067e-07 1.13516e-07 3.35895e-08 1.48634e-08 0 0 0 0 0 0 0 0 0 0 0 0 0 0 0 0 0 0 0 0 0 0 0 0 0 0 0 0 0 0 0 0 0 0 0 0 0 0 0 0 0 0 0 0 0 0 0 0 0 0 0 0 0 0 0 0 0 0 0
20088.4 11192.3 4844.4 3453.05 1916.18 896.177 536.975 233.42 213.746 163.081 67.7973 37.704 17.9962 10.3594 3.35102 2.67816 1.62973 0.601944 0.31323 0.0997961 0.0779345 0.0268038 0.0117208 0.00496103 0.00199329 0.00059988 0.00034843 2.35657e-05 2.22173e-05 1.19583e-05 3.61217e-06 9.17165e-07 5.29439e-07 2.35402e-07 7.57959e-08 2.59414e-08 0 0 0 0 0 0 0 0 0 0 0 0 0 0 0 0 0 0 0 0 0 0 0 0 0 0 0 0 0 0 0 0 0 0 0 0 0 0 0 0 0 0 0 0 0 0 0 0 0 0 0 0 0 0 0 0 0 0 0 0
26491.8 13542 11809 6258.96 2559.8 1373.57 389.618 389.618 160.093 70.7574 70.7574 25.1826 12.8503 12.1589 7.47133 2.5479 1.53223 0.984631 0.341266 0.144505 0.107693 0.0293329 0.0266948 0.00891966 0.00227744 0.0012996 0.000419357 0.000107414 4.25443e-05 1.13736e-05 5.32408e-06 2.2509e-06 1.03828e-06 2.22621e-07 8.72736e-08 1.72788e-08 1.50795e-08 0 0 0 0 0 0 0 0 0 0 0 0 0 0 0 0 0 0 0 0 0 0 0 0 0 0 0 0 0 0 0 0 0 0 0 0 0 0 0 0 0 0 0 0 0 0 0 0 0 0 0 0 0 0 0 0 0 0 0
27295.9 18208.9 16288.6 6480.02 2757.85 2076.89 661.272 447.004 331.337 260.19 78.3778 41.6634 21.3145 10.9141 4.68536 3.58503 1.92778 1.14628 0.205493 0.145235 0.0718499 0.0700477 0.0161163 0.011024 0.00392318 0.0012395 0.000770673 0.000148486 4.54146e-05 1.32757e-05 6.41092e-06 2.97327e-06 1.03299e-06 2.51546e-07 1.0974e-07 2.36814e-08 1.13525e-08 0 0 0 0 0 0 0 0 0 0 0 0 0 0 0 0 0 0 0 0 0 0 0 0 0 0 0 0 0 0 0 0 0 0 0 0 0 0 0 0 0 0 0 0 0 0 0 0 0 0 0 0 0 0 0 0 0 0 0
16867.4 7298.76 7298.76 2903.2 2903.2 1684.89 767.857 503.557 270.097 148.669 77.0195 56.2127 20.0352 12.9954 5.93624 3.13139 1.50443 0.72658 0.188172 0.188172 0.0686834 0.0239896 0.00889334 0.00448116 0.0028016 0.00113419 0.000292841 5.13082e-05 2.13465e-05 6.60865e-06 3.32303e-06 1.21592e-06 4.60178e-07 1.55012e-07 5.46426e-08 3.1522e-08 0 0 0 0 0 0 0 0 0 0 0 0 0 0 0 0 0 0 0 0 0 0 0 0 0 0 0 0 0 0 0 0 0 0 0 0 0 0 0 0 0 0 0 0 0 0 0 0 0 0 0 0 0 0 0 0 0 0 0 0
14040.9 14040.9 10608 5340.05 5071.18 2279.2 1248.37 482.486 455.377 228.232 86.9085 78.6405 39.7773 14.6998 5.60852 4.58461 2.31237 1.55804 0.362497 0.23444 0.106217 0.0486226 0.0148649 0.0117801 0.00298682 0.00108801 0.000283923 0.000112363 2.24376e-05 1.76425e-05 5.30249e-06 2.01827e-06 9.07054e-07 2.67524e-07 1.03259e-07 3.89093e-08 1.08856e-08 0 0 0 0 0 0 0 0 0 0 0 0 0 0 0 0 0 0 0 0 0 0 0 0 0 0 0 0 0 0 0 0 0 0 0 0 0 0 0 0 0 0 0 0 0 0 0 0 0 0 0 0 0 0 0 0 0 0 0
16301.8 16301.8 10557.5 3473.25 2165.85 1998.27 1241.72 696.205 447.712 210.58 148.718 94.1841 23.7263 18.1242 8.20395 6.98596 3.60039 1.53197 0.639037 0.412003 0.228287 0.111948 0.0275762 0.00753683 0.00472888 0.00250825 0.000794445 0.00017722 9.21136e-05 1.0318e-05 7.74657e-06 4.00984e-06 1.52322e-06 6.96594e-07 1.52929e-07 5.79365e-08 2.52506e-08 0 0 0 0 0 0 0 0 0 0 0 0 0 0 0 0 0 0 0 0 0 0 0 0 0 0 0 0 0 0 0 0 0 0 0 0 0 0 0 0 0 0 0 0 0 0 0 0 0 0 0 0 0 0 0 0 0 0 0
27566.6 4694.52 4694.52 2668.14 2234.23 1344.03 519.732 519.732 339.438 239.898 100.846 54.9947 29.5957 13.8138 5.25238 4.80746 2.44618 0.883509 0.382406 0.164007 0.068369 0.0375442 0.0112439 0.00453117 0.00214924 0.00121069 0.000624223 7.12773e-05 3.06598e-05 1.12034e-05 3.28588e-06 1.70043e-06 6.0924e-07 2.64978e-07 7.04233e-08 4.36796e-08 0 0 0 0 0 0 0 0 0 0 0 0 0 0 0 0 0 0 0 0 0 0 0 0 0 0 0 0 0 0 0 0 0 0 0 0 0 0 0 0 0 0 0 0 0 0 0 0 0 0 0 0 0 0 0 0 0 0 0 0
21982.4 11668.5 11668.5 3287.01 2368.8 510.251 510.251 510.251 283.737 172.824 106.901 48.8051 22.0959 8.96496 5.29356 1.92562 1.30109 0.770442 0.494096 0.146747 0.082592 0.0353157 0.0200978 0.00388149 0.00293438 0.0015339 0.000542699 5.10329e-05 3.46631e-05 9.52136e-06 4.57085e-06 1.93662e-06 8.78168e-07 2.68858e-07 1.2097e-07 4.64813e-08 1.52288e-08 0 0 0 0 0 0 0 0 0 0 0 0 0 0 0 0 0 0 0 0 0 0 0 0 0 0 0 0 0 0 0 0 0 0 0 0 0 0 0 0 0 0 0 0 0 0 0 0 0 0 0 0 0 0 0 0 0 0 0
13862.6 13862.6 6557.44 4440.54 1515.44 1515.44 819.217 276.508 158.721 153.584 82.4819 74.1731 14.5601 11.7238 4.65753 1.76142 1.76142 1.04669 0.647098 0.320925 0.101571 0.0560524 0.00831444 0.00831444 0.00463847 0.00221222 0.0012141 0.000205336 4.99287e-05 2.61569e-05 7.22578e-06 4.6868e-06 1.56211e-06 8.26736e-07 2.47371e-07 6.0968e-08 4.15947e-08 1.33633e-08 0 0 0 0 0 0 0 0 0 0 0 0 0 0 0 0 0 0 0 0 0 0 0 0 0 0 0 0 0 0 0 0 0 0 0 0 0 0 0 0 0 0 0 0 0 0 0 0 0 0 0 0 0 0 0 0 0 0
24804.4 6506.91 6506.91 4575.65 581.128 581.128 581.128 363.486 363.486 134.074 126.291 22.3989 20.6801 15.677 5.14895 5.14895 2.41211 0.93797 0.457093 0.229361 0.157775 0.0692438 0.0312336 0.00725121 0.00377337 0.00185811 0.000592894 9.55637e-05 4.37586e-05 1.61386e-05 4.49896e-06 2.08151e-06 8.65846e-07 2.46306e-07 7.79316e-08 3.45519e-08 1.05369e-08 0 0 0 0 0 0 0 0 0 0 0 0 0 0 0 0 0 0 0 0 0 0 0 0 0 0 0 0 0 0 0 0 0 0 0 0 0 0 0 0 0 0 0 0 0 0 0 0 0 0 0 0 0 0 0 0 0 0 0
14284.8 14284.8 8224.92 1691.09 1691.09 1290.59 995.913 401.594 167.034 148.545 48.3646 42.0416 14.3364 8.68919 3.56089 2.7438 1.6777 0.623698 0.329774 0.101021 0.049746 0.0189591 0.00690748 0.00491051 0.00197183 0.00069183 0.000302554 5.15106e-05 2.4283e-05 1.21008e-05 3.25592e-06 2.29695e-06 3.64524e-07 2.28954e-07 5.64945e-08 2.03119e-08 0 0 0 0 0 0 0 0 0 0 0 0 0 0 0 0 0 0 0 0 0 0 0 0 0 0 0 0 0 0 0 0 0 0 0 0 0 0 0 0 0 0 0 0 0 0 0 0 0 0 0 0 0 0 0 0 0 0 0 0
17527.7 17527.7 3306.96 3306.96 3032.31 1787.22 631.555 631.555 114.311 114.311 47.6254 47.6254 26.0159 16.942 4.58265 3.20591 1.54224 1.2064 0.455063 0.227795 0.0731378 0.0731378 0.0313766 0.0112767 0.00580643 0.00110383 0.000613698 0.000111328 5.72992e-05 2.47297e-05 5.11395e-06 7.25627e-07 6.77127e-07 3.30805e-07 7.27045e-08 3.35771e-08 1.57968e-08 0 0 0 0 0 0 0 0 0 0 0 0 0 0 0 0 0 0 0 0 0 0 0 0 0 0 0 0 0 0 0 0 0 0 0 0 0 0 0 0 0 0 0 0 0 0 0 0 0 0 0 0 0 0 0 0 0 0 0
22259.2 22259.2 10298.6 4282.83 2110.5 1570.99 509.309 509.309 171.251 171.251 104.846 80.0804 17.7071 17.7071 8.62931 7.09873 2.33868 1.77008 0.740222 0.314447 0.219342 0.0883351 0.0415669 0.00804971 0.00598421 0.00246223 0.000709837 0.000154252 7.79059e-05 2.19011e-05 5.90353e-06 3.7102e-06 9.28281e-07 6.53401e-07 1.9516e-07 5.63368e-08 2.10425e-08 1.20125e-08 0 0 0 0 0 0 0 0 0 0 0 0 0 0 0 0 0 0 0 0 0 0 0 0 0 0 0 0 0 0 0 0 0 0 0 0 0 0 0 0 0 0 0 0 0 0 0 0 0 0 0 0 0 0 0 0 0 0
24706.6 10496.4 10496.4 3871.05 2870.91 1414.75 1190.64 422.525 195.644 157.696 115.477 47.1492 23.2332 15.0472 9.51585 2.4611 0.974876 0.80949 0.503754 0.208292 0.114315 0.064148 0.0131755 0.00615866 0.00285419 0.00181505 0.000499104 9.65082e-05 2.95733e-05 7.49695e-06 3.40299e-06 1.27301e-06 6.24072e-07 2.4935e-07 7.48313e-08 3.02312e-08 0 0 0 0 0 0 0 0 0 0 0 0 0 0 0 0 0 0 0 0 0 0 0 0 0 0 0 0 0 0 0 0 0 0 0 0 0 0 0 0 0 0 0 0 0 0 0 0 0 0 0 0 0 0 0 0 0 0 0 0
21956.5 15944.4 11245.4 5998.03 2036.33 1839.15 1155.65 338.481 338.481 134.899 81.9164 66.8763 44.9717 19.3633 8.93524 4.67254 1.57044 1.57044 0.848523 0.220127 0.17913 0.0696869 0.0276298 0.0104966 0.00438131 0.00169628 0.00109433 0.000145855 2.08128e-05 1.52929e-05 9.71947e-06 3.91599e-06 1.46837e-06 5.49129e-07 1.72288e-07 8.17956e-08 1.64815e-08 1.09115e-08 0 0 0 0 0 0 0 0 0 0 0 0 0 0 0 0 0 0 0 0 0 0 0 0 0 0 0 0 0 0 0 0 0 0 0 0 0 0 0 0 0 0 0 0 0 0 0 0 0 0 0 0 0 0 0 0 0 0
13712.3 9682.02 7277.08 5388.59 2568.32 1673.24 405.733 405.733 211.1 211.1 95.3529 46.3731 36.0422 13.4517 6.25401 4.00388 2.69005 0.895516 0.213816 0.192956 0.0882678 0.0268771 0.0228037 0.0100473 0.00356869 0.00118597 0.000577954 0.000165692 4.1987e-05 1.9815e-05 2.93981e-06 1.0922e-06 8.19326e-07 2.62811e-07 1.10858e-07 1.62265e-08 1.15444e-08 0 0 0 0 0 0 0 0 0 0 0 0 0 0 0 0 0 0 0 0 0 0 0 0 0 0 0 0 0 0 0 0 0 0 0 0 0 0 0 0 0 0 0 0 0 0 0 0 0 0 0 0 0 0 0 0 0 0 0
15806.8 12785.1 9124.77 5691.24 3158.35 1438.04 1038.73 391.264 267.78 131.747 74.3017 68.0764 31.9472 20.0354 9.31567 1.97854 1.69773 1.57289 0.353457 0.317092 0.162891 0.0422049 0.0267552 0.00747601 0.0042319 0.00205611 0.000518931 6.33715e-05 5.92062e-05 2.92237e-05 6.915e-06 1.68781e-06 1.07841e-06 2.16865e-07 1.35559e-07 6.32672e-08 1.51768e-08 0 0 0 0 0 0 0 0 0 0 0 0 0 0 0 0 0 0 0 0 0 0 0 0 0 0 0 0 0 0 0 0 0 0 0 0 0 0 0 0 0 0 0 0 0 0 0 0 0 0 0 0 0 0 0 0 0 0 0
27674.2 15072.1 6329.38 4894.79 1275 1238.5 468.224 468.224 456.719 257.354 90.401 74.8113 36.9202 17.3574 10.5779 7.39299 2.7698 2.09511 0.862288 0.381218 0.149996 0.0733644 0.0323139 0.00527084 0.00488703 0.00131112 0.00078005 0.000137739 7.48731e-05 2.64868e-05 1.07559e-05 3.419e-06 2.05473e-06 2.84389e-07 1.82882e-07 7.79858e-08 2.86211e-08 0 0 0 0 0 0 0 0 0 0 0 0 0 0 0 0 0 0 0 0 0 0 0 0 0 0 0 0 0 0 0 0 0 0 0 0 0 0 0 0 0 0 0 0 0 0 0 0 0 0 0 0 0 0 0 0 0 0 0
21384.4 18761.4 9276.86 2277.91 2277.91 2277.91 1291.84 652.911 420.919 326.44 81.8245 61.2355 32.8879 21.1056 8.59222 6.37576 3.76941 1.72794 0.75708 0.501968 0.0896761 0.0421908 0.0375133 0.00770424 0.00770424 0.00359173 0.00091942 0.000197682 9.7081e-05 4.09362e-05 1.41894e-05 5.93509e-06 2.67033e-06 5.64719e-07 2.53624e-07 8.95151e-08 4.59906e-08 1.16554e-08 0 0 0 0 0 0 0 0 0 0 0 0 0 0 0 0 0 0 0 0 0 0 0 0 0 0 0 0 0 0 0 0 0 0 0 0 0 0 0 0 0 0 0 0 0 0 0 0 0 0 0 0 0 0 0 0 0 0
15708.4 15708.4 9514.81 4831.27 3512.21 1113.77 776.472 776.472 374.247 258.248 119.157 73.8432 38.5317 25.6696 15.2806 6.33155 2.96701 1.49712 0.582946 0.099584 0.0855904 0.0656974 0.0243116 0.00760334 0.00330063 0.00174392 0.000731779 7.86335e-05 1.98983e-05 8.27731e-06 8.19849e-06 3.02282e-06 1.396e-06 2.0266e-07 9.33624e-08 2.67904e-08 1.14874e-08 0 0 0 0 0 0 0 0 0 0 0 0 0 0 0 0 0 0 0 0 0 0 0 0 0 0 0 0 0 0 0 0 0 0 0 0 0 0 0 0 0 0 0 0 0 0 0 0 0 0 0 0 0 0 0 0 0 0 0
30313.6 14854.9 8653.38 3940.7 1528.41 865.665 697.154 364.314 211.65 79.1963 79.1963 36.4468 18.745 14.0444 8.58957 2.90973 1.46927 0.915831 0.441974 0.292582 0.0581357 0.0506942 0.0164966 0.00298898 0.00294 0.00151359 0.000624309 8.81268e-05 2.64405e-05 1.70704e-05 2.31498e-06 2.31498e-06 1.03811e-06 3.41416e-07 2.29125e-07 4.32659e-08 1.60384e-08 0 0 0 0 0 0 0 0 0 0 0 0 0 0 0 0 0 0 0 0 0 0 0 0 0 0 0 0 0 0 0 0 0 0 0 0 0 0 0 0 0 0 0 0 0 0 0 0 0 0 0 0 0 0 0 0 0 0 0
31983.5 11712.8 8996.28 4316.34 1773.24 1452.5 1014.83 419.994 264.862 89.1889 66.5949 19.3594 16.6707 7.05002 3.06093 3.06093 0.558372 0.380702 0.34507 0.198726 0.0676923 0.032927 0.00914131 0.00413806 0.000728783 0.000728783 0.000307274 5.76853e-05 1.91921e-05 8.82416e-06 2.90345e-06 1.34422e-06 5.4471e-07 2.61939e-07 7.8647e-08 2.9547e-08 0 0 0 0 0 0 0 0 0 0 0 0 0 0 0 0 0 0 0 0 0 0 0 0 0 0 0 0 0 0 0 0 0 0 0 0 0 0 0 0 0 0 0 0 0 0 0 0 0 0 0 0 0 0 0 0 0 0 0 0
19691.3 13837.7 4306.26 3720.2 1112.51 1030.58 599.961 534.275 164.26 143.936 73.4191 51.0849 30.2747 7.56505 7.56505 2.64317 1.99528 0.903121 0.256315 0.254774 0.103653 0.0520337 0.0168738 0.0102755 0.0021546 0.000848573 0.000342953 6.03915e-05 1.44184e-05 1.44184e-05 5.67178e-06 2.65248e-06 6.24012e-07 2.56093e-07 1.05015e-07 4.45166e-08 0 0 0 0 0 0 0 0 0 0 0 0 0 0 0 0 0 0 0 0 0 0 0 0 0 0 0 0 0 0 0 0 0 0 0 0 0 0 0 0 0 0 0 0 0 0 0 0 0 0 0 0 0 0 0 0 0 0 0 0
21036.6 12875.8 12531.6 5851.77 2415.37 2331.64 1768.7 751.426 434.902 113.907 113.907 48.0972 39.1722 14.5119 4.94434 4.94434 2.89141 1.54686 0.974459 0.33547 0.0965869 0.0698215 0.0112689 0.0112689 0.00542273 0.00143278 0.00082215 0.000146306 4.20964e-05 1.1798e-05 1.02016e-05 3.08997e-06 9.41572e-07 4.28857e-07 1.69337e-07 5.25147e-08 1.95762e-08 0 0 0 0 0 0 0 0 0 0 0 0 0 0 0 0 0 0 0 0 0 0 0 0 0 0 0 0 0 0 0 0 0 0 0 0 0 0 0 0 0 0 0 0 0 0 0 0 0 0 0 0 0 0 0 0 0 0 0
9159.47 9159.47 9159.47 2704.12 1880.89 1019.95 881.826 406.64 322.292 221.174 71.335 71.335 31.4195 21.5579 9.16936 4.59478 2.23484 0.944924 0.460381 0.281835 0.114296 0.073928 0.0310142 0.00845078 0.00414829 0.00225326 0.00102437 0.000120097 6.56501e-05 1.64193e-05 5.43813e-06 2.3914e-06 1.76277e-06 2.52349e-07 1.44921e-07 5.35146e-08 2.61143e-08 0 0 0 0 0 0 0 0 0 0 0 0 0 0 0 0 0 0 0 0 0 0 0 0 0 0 0 0 0 0 0 0 0 0 0 0 0 0 0 0 0 0 0 0 0 0 0 0 0 0 0 0 0 0 0 0 0 0 0
23977.8 15740.1 14347.7 4797.39 2794.21 1925.7 848.624 511.242 249.483 153.807 153.807 44.9227 37.0563 14.4676 5.38511 3.73947 1.54499 0.894503 0.595583 0.163319 0.0496282 0.0333171 0.0221435 0.00777598 0.00230612 0.00121613 0.000942363 0.000132766 4.85849e-05 1.75873e-05 4.94674e-06 2.61821e-06 8.01988e-07 4.67423e-07 1.36994e-07 4.38525e-08 1.8042e-08 0 0 0 0 0 0 0 0 0 0 0 0 0 0 0 0 0 0 0 0 0 0 0 0 0 0 0 0 0 0 0 0 0 0 0 0 0 0 0 0 0 0 0 0 0 0 0 0 0 0 0 0 0 0 0 0 0 0 0
18536.8 15777.4 6332.07 4839.72 2931.03 1939.85 739.117 594.321 222.337 145.813 125.521 41.8354 20.563 8.48266 3.75048 1.69449 1.69449 0.426607 0.31799 0.175526 0.0701016 0.0335343 0.0153591 0.00463087 0.00233585 0.00101393 0.000585538 8.88181e-05 3.98019e-05 1.2318e-05 4.08567e-06 7.2811e-07 7.2811e-07 1.76162e-07 1.07198e-07 3.51039e-08 1.0905e-08 0 0 0 0 0 0 0 0 0 0 0 0 0 0 0 0 0 0 0 0 0 0 0 0 0 0 0 0 0 0 0 0 0 0 0 0 0 0 0 0 0 0 0 0 0 0 0 0 0 0 0 0 0 0 0 0 0 0 0
22176.4 13118.3 4206.34 1721.76 1721.76 1303.58 1179.81 615.04 475.441 156.361 91.2071 62.843 28.1918 6.72496 6.72496 4.82962 1.92673 0.742848 0.374488 0.205967 0.124675 0.0364992 0.0199876 0.00546495 0.00273509 0.00179427 0.00050369 5.82941e-05 3.76923e-05 8.83e-06 3.51461e-06 1.89903e-06 1.98415e-07 1.37314e-07 6.91923e-08 2.09238e-08 0 0 0 0 0 0 0 0 0 0 0 0 0 0 0 0 0 0 0 0 0 0 0 0 0 0 0 0 0 0 0 0 0 0 0 0 0 0 0 0 0 0 0 0 0 0 0 0 0 0 0 0 0 0 0 0 0 0 0 0
16059.3 11053.7 10874.7 4252.85 2363.64 1266.22 752.953 293.475 253.804 119.725 69.6191 38.5263 19.5952 7.65646 5.9576 1.43485 0.809677 0.696288 0.180059 0.168215 0.0213489 0.0213489 0.0094617 0.00269606 0.00203334 0.000783761 0.000395935 2.57356e-05 1.80718e-05 8.16725e-06 3.79002e-06 1.46262e-06 4.3726e-07 2.10785e-07 9.18106e-08 2.0359e-08 1.37504e-08 0 0 0 0 0 0 0 0 0 0 0 0 0 0 0 0 0 0 0 0 0 0 0 0 0 0 0 0 0 0 0 0 0 0 0 0 0 0 0 0 0 0 0 0 0 0 0 0 0 0 0 0 0 0 0 0 0 0 0
16993.5 16531.7 7408.61 5495.97 2480.09 1762.36 864.679 488.762 309.247 277.052 108.675 43.1376 39.6651 10.0586 10.0586 5.03972 4.35864 1.30247 0.720553 0.283861 0.167429 0.0410304 0.0258709 0.0156345 0.00452196 0.00222114 0.000674326 0.000155504 5.23894e-05 2.50762e-05 7.48414e-06 2.33216e-06 1.20382e-06 2.53289e-07 1.98963e-07 6.11321e-08 1.78415e-08 0 0 0 0 0 0 0 0 0 0 0 0 0 0 0 0 0 0 0 0 0 0 0 0 0 0 0 0 0 0 0 0 0 0 0 0 0 0 0 0 0 0 0 0 0 0 0 0 0 0 0 0 0 0 0 0 0 0 0
16810.9 12359.4 12359.4 3333.8 1986.85 1354.3 1015.55 277.12 263.739 75.991 75.991 47.8785 11.5155 11.5155 5.50579 5.29064 1.66531 0.967708 0.340879 0.295845 0.0640591 0.0331293 0.018942 0.00782483 0.00445153 0.00165113 0.000562394 0.000127938 3.9654e-05 1.06762e-05 6.71845e-06 1.81579e-06 8.72602e-07 1.85681e-07 1.02426e-07 3.90726e-08 1.18629e-08 0 0 0 0 0 0 0 0 0 0 0 0 0 0 0 0 0 0 0 0 0 0 0 0 0 0 0 0 0 0 0 0 0 0 0 0 0 0 0 0 0 0 0 0 0 0 0 0 0 0 0 0 0 0 0 0 0 0 0
