384.968 51.8888 42.1174 17.8344 13.2714 9.51252 8.62171 7.25223 6.99332 5.894 5.51977 4.97427 4.42878 4.18706 3.78731 3.34356 2.86562 2.43091 2.07244 1.75524 1.38179 1.04722 0.771774 0.478062 0.317419 0.173679 0.109316 0.0121706 0.00288699 0.000848066 0.000694957 0.000143264 0.000143264 2.1435e-05 2.1435e-05 7.63499e-06 1.9157e-06 1.09915e-06 1.43379e-07 1.1659e-07 1.5601e-08 0 0 0 0 0 0 0 0 0 0 0 0 0 0 0 0 0 0 0 0 0 0 0 0 0 0 0 0 0 0 0 0 0 0 0 0 0 0 0 0 0 0 0 0 0 0 0 0 0 0 0 0 0 0 0
229.654 89.8015 50.9729 23.125 11.0286 10.575 8.05173 6.86906 6.57807 5.49621 5.22218 4.81548 4.46579 4.0365 3.54646 3.13846 2.79503 2.37924 1.986 1.55755 1.27999 0.91673 0.677859 0.438637 0.290535 0.182734 0.0878074 0.0183376 0.00605705 0.00174155 0.000523482 0.00036253 0.000110158 4.43375e-05 3.17261e-05 1.44649e-05 4.53852e-06 1.74078e-06 4.57454e-07 1.23998e-07 3.08797e-08 0 0 0 0 0 0 0 0 0 0 0 0 0 0 0 0 0 0 0 0 0 0 0 0 0 0 0 0 0 0 0 0 0 0 0 0 0 0 0 0 0 0 0 0 0 0 0 0 0 0 0 0 0 0 0
322.736 64.4344 36.8272 16.6919 11.1752 10.9794 8.25493 6.9162 6.18145 6.0051 5.72204 5.1204 4.49658 4.2128 3.90249 3.54148 2.9716 2.51217 2.18986 1.73086 1.3783 1.00364 0.769183 0.488976 0.29 0.169597 0.0811388 0.0133537 0.00360154 0.00175882 0.000730711 0.000243407 0.000218002 4.68516e-05 2.9103e-05 9.25855e-06 3.72881e-06 1.76103e-06 4.03875e-07 9.72404e-08 4.1176e-08 1.20842e-08 0 0 0 0 0 0 0 0 0 0 0 0 0 0 0 0 0 0 0 0 0 0 0 0 0 0 0 0 0 0 0 0 0 0 0 0 0 0 0 0 0 0 0 0 0 0 0 0 0 0 0 0 0 0
352.488 122.195 53.949 19.9934 12.4641 8.72304 8.65971 7.36236 6.65404 5.89942 5.68414 5.00718 4.85791 4.4273 4.04411 3.5035 3.02751 2.54125 2.18724 1.58498 1.19565 0.895793 0.651085 0.429 0.198449 0.114662 0.0293152 0.0106396 0.00261215 0.00147351 0.000395318 9.61173e-05 9.61173e-05 5.33051e-05 9.05092e-06 6.98878e-06 3.30845e-06 7.75268e-07 3.79248e-07 1.40217e-07 3.41453e-08 0 0 0 0 0 0 0 0 0 0 0 0 0 0 0 0 0 0 0 0 0 0 0 0 0 0 0 0 0 0 0 0 0 0 0 0 0 0 0 0 0 0 0 0 0 0 0 0 0 0 0 0 0 0 0
280.399 153.508 32.7207 19.8251 12.1636 7.91369 6.92689 6.92689 5.59776 5.59776 4.96672 4.59359 4.14287 3.74652 3.31679 3.0514 2.47392 2.01268 1.6477 1.23554 0.832535 0.630839 0.387792 0.248827 0.160161 0.0884265 0.0390727 0.00524452 0.00184388 0.000974884 0.000341456 0.000152181 9.7929e-05 4.03094e-05 9.04231e-06 3.26274e-06 1.73401e-06 2.5548e-07 1.77262e-07 3.10558e-08 1.00952e-08 0 0 0 0 0 0 0 0 0 0 0 0 0 0 0 0 0 0 0 0 0 0 0 0 0 0 0 0 0 0 0 0 0 0 0 0 0 0 0 0 0 0 0 0 0 0 0 0 0 0 0 0 0 0 0
198.941 39.4293 39.4293 19.2281 11.365 10.4693 7.48321 6.5963 6.06482 5.65178 5.1916 4.76658 4.32349 3.89908 3.57645 3.21132 2.67382 2.30048 2.00956 1.60643 1.19126 0.853356 0.603575 0.329971 0.231959 0.119755 0.0527822 0.00883783 0.00332585 0.000411466 0.000411466 0.000159756 6.97018e-05 4.10744e-05 1.22195e-05 6.49422e-06 2.54565e-06 9.83144e-07 6.80035e-08 6.80035e-08 2.39525e-08 0 0 0 0 0 0 0 0 0 0 0 0 0 0 0 0 0 0 0 0 0 0 0 0 0 0 0 0 0 0 0 0 0 0 0 0 0 0 0 0 0 0 0 0 0 0 0 0 0 0 0 0 0 0 0
377.616 135.443 49.0579 16.7021 16.7021 10.4465 8.24591 6.3583 6.3583 5.42415 5.15998 4.68958 4.39985 3.87869 3.59777 3.3067 2.84999 2.47618 2.15899 1.64425 1.20923 0.919795 0.664497 0.419274 0.28266 0.134838 0.0708286 0.00694898 0.00281043 0.00141347 0.000669949 0.00019576 0.000107346 6.77299e-05 1.59837e-05 7.68065e-06 4.08563e-06 1.27046e-06 3.67585e-07 1.81013e-07 2.23433e-08 1.14584e-08 0 0 0 0 0 0 0 0 0 0 0 0 0 0 0 0 0 0 0 0 0 0 0 0 0 0 0 0 0 0 0 0 0 0 0 0 0 0 0 0 0 0 0 0 0 0 0 0 0 0 0 0 0 0
213.191 50.0964 50.0964 23.5145 13.6724 10.4055 8.5069 7.64495 6.76334 6.16566 5.72593 5.04148 4.68981 4.48234 4.05354 3.52993 3.11732 2.78458 2.34211 1.92694 1.6522 1.32333 0.845564 0.54866 0.397977 0.229303 0.0961835 0.0133883 0.0057124 0.0032721 0.000569739 0.000367532 0.000206954 6.22996e-05 5.22053e-05 1.33812e-05 2.91157e-06 1.87201e-06 4.6373e-07 1.80388e-07 6.38309e-08 0 0 0 0 0 0 0 0 0 0 0 0 0 0 0 0 0 0 0 0 0 0 0 0 0 0 0 0 0 0 0 0 0 0 0 0 0 0 0 0 0 0 0 0 0 0 0 0 0 0 0 0 0 0 0
202.942 127.203 80.0061 23.8694 16.6305 9.42953 8.71373 7.57913 6.68094 6.25459 5.53535 5.03607 4.64675 4.18033 3.65009 3.21616 2.89207 2.45012 1.89725 1.51369 1.12276 0.849053 0.589532 0.390271 0.24076 0.147608 0.0726783 0.012823 0.00506836 0.00208097 0.000864592 0.000260039 0.000139731 4.81157e-05 2.72874e-05 1.12645e-05 5.10619e-06 1.45084e-06 4.55919e-07 7.1226e-08 2.05e-08 0 0 0 0 0 0 0 0 0 0 0 0 0 0 0 0 0 0 0 0 0 0 0 0 0 0 0 0 0 0 0 0 0 0 0 0 0 0 0 0 0 0 0 0 0 0 0 0 0 0 0 0 0 0 0
339.84 92.4395 61.1375 13.2615 11.628 8.38792 8.0811 6.64304 6.64304 5.74056 5.47447 5.08323 4.60878 4.21138 3.79902 3.49702 3.22618 2.74878 2.25867 1.99455 1.6086 1.21447 0.803868 0.540318 0.387928 0.183834 0.12969 0.0142719 0.00541338 0.00259407 0.000778387 0.000277155 8.21008e-05 5.94377e-05 3.0597e-05 9.95993e-06 2.14804e-06 1.49721e-06 3.67545e-07 4.76161e-08 1.3944e-08 0 0 0 0 0 0 0 0 0 0 0 0 0 0 0 0 0 0 0 0 0 0 0 0 0 0 0 0 0 0 0 0 0 0 0 0 0 0 0 0 0 0 0 0 0 0 0 0 0 0 0 0 0 0 0
428.318 106.825 51.8827 21.7449 14.2172 10.2071 8.68063 7.61052 7.18614 6.60943 6.14185 5.71609 5.43134 4.87891 4.7126 4.17024 3.81701 3.38529 2.86732 2.47035 2.00563 1.48534 1.08985 0.748195 0.580946 0.369081 0.200878 0.0354802 0.0240287 0.0076417 0.00235357 0.0011962 0.000381035 0.000190827 6.22993e-05 2.62656e-05 8.01547e-06 3.02718e-06 4.73724e-07 1.05312e-07 4.78698e-08 1.21244e-08 0 0 0 0 0 0 0 0 0 0 0 0 0 0 0 0 0 0 0 0 0 0 0 0 0 0 0 0 0 0 0 0 0 0 0 0 0 0 0 0 0 0 0 0 0 0 0 0 0 0 0 0 0 0
199.885 102.126 54.474 24.4658 11.7888 9.77576 8.67867 6.00916 6.00916 5.44474 5.24416 4.7354 4.49737 4.09179 3.72163 3.20078 2.9226 2.39885 1.8678 1.46653 0.970898 0.802381 0.522916 0.331579 0.206597 0.0965953 0.0378692 0.0103043 0.00478733 0.00160242 0.00035588 0.000254007 8.93448e-05 4.84148e-05 1.25414e-05 6.48822e-06 2.82748e-06 9.31344e-07 3.30914e-07 7.28903e-08 1.22274e-08 0 0 0 0 0 0 0 0 0 0 0 0 0 0 0 0 0 0 0 0 0 0 0 0 0 0 0 0 0 0 0 0 0 0 0 0 0 0 0 0 0 0 0 0 0 0 0 0 0 0 0 0 0 0 0
246.869 103.019 60.7596 16.4776 14.2244 8.94006 7.25231 6.81985 6.30462 5.45081 5.08924 4.48016 4.15611 3.52049 3.08342 2.66037 2.14144 1.70642 1.32526 0.970306 0.762736 0.533921 0.375639 0.223936 0.0933001 0.0500242 0.0203725 0.00256982 0.000757748 0.000347252 0.000109734 5.55403e-05 3.38259e-05 1.50062e-05 5.71794e-06 1.53373e-06 5.35991e-07 3.21038e-07 9.88721e-08 2.89705e-08 0 0 0 0 0 0 0 0 0 0 0 0 0 0 0 0 0 0 0 0 0 0 0 0 0 0 0 0 0 0 0 0 0 0 0 0 0 0 0 0 0 0 0 0 0 0 0 0 0 0 0 0 0 0 0 0
342.601 59.1735 45.8822 19.9303 11.3693 9.72116 7.059 6.96022 6.50807 6.03568 5.60074 5.05385 4.81949 4.27697 3.88351 3.50218 3.02559 2.5618 2.24698 1.60576 1.2458 1.02959 0.580307 0.433331 0.260712 0.115856 0.0588164 0.0128501 0.00496982 0.00172402 0.000587929 0.000284449 0.000101364 4.60056e-05 1.31098e-05 9.86486e-06 2.2413e-06 9.60764e-07 1.66055e-07 7.67483e-08 1.48615e-08 0 0 0 0 0 0 0 0 0 0 0 0 0 0 0 0 0 0 0 0 0 0 0 0 0 0 0 0 0 0 0 0 0 0 0 0 0 0 0 0 0 0 0 0 0 0 0 0 0 0 0 0 0 0 0
338.79 135.84 71.9324 18.1188 12.1522 12.1058 7.82887 7.52919 6.28967 5.99768 5.42589 4.98595 4.35489 3.8728 3.51714 3.21611 2.71271 2.08513 1.81856 1.47472 1.08135 0.743811 0.491451 0.315322 0.133502 0.057087 0.0293419 0.00387779 0.00171909 0.000281664 0.000224016 0.000133481 5.97073e-05 2.56871e-05 1.20509e-05 2.55693e-06 1.70234e-06 5.88841e-07 1.29877e-07 1.72927e-08 1.72927e-08 0 0 0 0 0 0 0 0 0 0 0 0 0 0 0 0 0 0 0 0 0 0 0 0 0 0 0 0 0 0 0 0 0 0 0 0 0 0 0 0 0 0 0 0 0 0 0 0 0 0 0 0 0 0 0
229.474 88.0991 29.4337 14.5587 12.3548 9.1473 8.6103 6.92179 6.37861 6.16441 5.94307 5.31787 4.92964 4.45158 4.17185 3.75551 3.33755 2.90538 2.46578 2.06228 1.55919 1.21628 0.978127 0.687127 0.47189 0.303138 0.16176 0.0360546 0.0105546 0.00340917 0.0011342 0.000341961 0.000341961 0.000146725 4.67594e-05 7.5269e-06 7.5269e-06 1.31214e-06 4.67843e-07 1.47686e-07 6.72514e-08 1.23884e-08 0 0 0 0 0 0 0 0 0 0 0 0 0 0 0 0 0 0 0 0 0 0 0 0 0 0 0 0 0 0 0 0 0 0 0 0 0 0 0 0 0 0 0 0 0 0 0 0 0 0 0 0 0 0
248.447 122.753 51.1419 16.9176 12.4693 9.49381 8.06166 7.24737 6.70301 5.93117 5.43295 4.68594 4.4214 4.08784 3.49384 3.23495 2.76504 2.42205 1.95752 1.54219 0.9776 0.721422 0.469038 0.282585 0.187452 0.0977318 0.0414192 0.0109518 0.00299639 0.00132694 0.000409862 0.000220648 6.70469e-05 3.92338e-05 1.80272e-05 6.03732e-06 1.88327e-06 1.29935e-06 2.39599e-07 5.92051e-08 1.83217e-08 0 0 0 0 0 0 0 0 0 0 0 0 0 0 0 0 0 0 0 0 0 0 0 0 0 0 0 0 0 0 0 0 0 0 0 0 0 0 0 0 0 0 0 0 0 0 0 0 0 0 0 0 0 0 0
381.348 157.139 58.0281 15.0336 9.21829 9.21829 7.33235 7.33235 6.59392 6.33716 5.69586 5.14628 4.93844 4.61393 4.21303 3.79685 3.2616 2.89628 2.39174 2.01732 1.53511 1.20175 0.877394 0.565934 0.296542 0.196379 0.074641 0.0247118 0.00741642 0.00264933 0.00126203 0.000221183 0.000221183 5.8239e-05 4.65819e-05 1.5365e-05 5.59288e-06 1.75533e-06 5.31795e-07 1.22914e-07 4.42906e-08 0 0 0 0 0 0 0 0 0 0 0 0 0 0 0 0 0 0 0 0 0 0 0 0 0 0 0 0 0 0 0 0 0 0 0 0 0 0 0 0 0 0 0 0 0 0 0 0 0 0 0 0 0 0 0
157.21 106.282 47.6028 18.1226 12.4795 8.86149 6.916 6.916 6.17961 5.07342 4.92758 4.47583 4.00409 3.58962 3.28175 2.98026 2.49486 2.07487 1.642 1.27733 0.8088 0.640774 0.408456 0.239402 0.113732 0.0559037 0.0237056 0.00111547 0.000947974 0.000614623 0.000129788 8.62365e-05 2.4426e-05 1.94232e-05 3.89384e-06 2.54547e-06 9.6771e-07 2.49715e-07 1.42067e-07 0 0 0 0 0 0 0 0 0 0 0 0 0 0 0 0 0 0 0 0 0 0 0 0 0 0 0 0 0 0 0 0 0 0 0 0 0 0 0 0 0 0 0 0 0 0 0 0 0 0 0 0 0 0 0 0 0
218.98 67.55 23.4225 15.8093 11.8143 8.59992 7.69698 6.23463 5.81444 5.59094 4.82176 4.56667 4.0567 3.75486 3.36272 2.87698 2.40172 1.87431 1.54791 1.27183 0.956444 0.665421 0.408158 0.238851 0.132081 0.0682469 0.0361183 0.00234126 0.00231325 0.000651879 0.000220528 0.000127814 3.51334e-05 2.1703e-05 7.86189e-06 4.42288e-06 8.8908e-07 6.0248e-07 1.75974e-07 3.12109e-08 0 0 0 0 0 0 0 0 0 0 0 0 0 0 0 0 0 0 0 0 0 0 0 0 0 0 0 0 0 0 0 0 0 0 0 0 0 0 0 0 0 0 0 0 0 0 0 0 0 0 0 0 0 0 0 0
379.408 176.59 57.5359 20.8502 13.8057 11.2247 7.2458 6.94847 6.07155 5.38316 5.11087 4.70212 4.32086 3.7641 3.54252 3.1791 2.71548 2.18345 1.78525 1.39662 1.00406 0.709363 0.460179 0.323599 0.21281 0.11006 0.0536805 0.00905404 0.00235621 0.000999659 0.000232992 0.000141722 8.21981e-05 4.02967e-05 1.18362e-05 6.08445e-06 2.17657e-06 1.11523e-06 3.88375e-07 1.76945e-07 0 0 0 0 0 0 0 0 0 0 0 0 0 0 0 0 0 0 0 0 0 0 0 0 0 0 0 0 0 0 0 0 0 0 0 0 0 0 0 0 0 0 0 0 0 0 0 0 0 0 0 0 0 0 0 0
460.022 152.794 45.5193 27.9621 17.0654 11.4532 8.22961 7.28296 6.95853 6.31385 5.67179 5.414 4.97974 4.26929 4.00732 3.46122 2.9803 2.39553 1.88845 1.57235 1.13082 0.751272 0.566284 0.316045 0.209226 0.116833 0.0620486 0.0125062 0.00256642 0.000780082 0.000451046 0.000138915 0.000107216 4.3126e-05 1.64925e-05 4.25191e-06 3.02573e-06 6.8805e-07 1.93096e-07 7.92631e-08 1.80767e-08 0 0 0 0 0 0 0 0 0 0 0 0 0 0 0 0 0 0 0 0 0 0 0 0 0 0 0 0 0 0 0 0 0 0 0 0 0 0 0 0 0 0 0 0 0 0 0 0 0 0 0 0 0 0 0
277.33 55.622 54.6868 16.5263 11.2556 10.6147 8.5108 7.78758 6.83579 6.30631 6.01692 5.63532 5.23567 4.87575 4.5941 4.26749 3.90571 3.24207 2.83762 2.47352 2.09333 1.66452 1.30508 0.925093 0.583447 0.390315 0.26702 0.0498285 0.0158774 0.00549959 0.00175755 0.00094891 0.000294697 0.000123258 5.75178e-05 1.27803e-05 9.5365e-06 1.89862e-06 1.3529e-06 2.73669e-07 7.22738e-08 2.64577e-08 0 0 0 0 0 0 0 0 0 0 0 0 0 0 0 0 0 0 0 0 0 0 0 0 0 0 0 0 0 0 0 0 0 0 0 0 0 0 0 0 0 0 0 0 0 0 0 0 0 0 0 0 0 0
73.2088 73.2088 44.9419 16.2873 10.418 8.41635 7.23841 7.10645 6.42758 5.44202 5.18495 4.93458 4.58636 3.99422 3.36803 3.09382 2.50798 2.05188 1.60409 1.20776 0.853316 0.595247 0.431494 0.245562 0.159715 0.0619757 0.0252945 0.00613012 0.00256623 0.000679455 0.000358155 0.000174959 2.57364e-05 2.57364e-05 1.23252e-05 4.86879e-06 1.9612e-06 5.83495e-07 1.27084e-07 4.65408e-08 0 0 0 0 0 0 0 0 0 0 0 0 0 0 0 0 0 0 0 0 0 0 0 0 0 0 0 0 0 0 0 0 0 0 0 0 0 0 0 0 0 0 0 0 0 0 0 0 0 0 0 0 0 0 0 0
352.898 144.559 48.9191 20.1912 11.8264 11.3831 8.46867 8.1573 6.35548 6.35548 5.66723 5.33388 4.76041 4.45607 4.13657 3.65041 3.19146 2.72726 2.30439 1.88352 1.52115 1.2385 0.813146 0.612719 0.463793 0.256425 0.160539 0.0294049 0.0137047 0.00483299 0.000865272 0.000544196 0.000294418 7.49139e-05 5.12893e-05 2.82232e-05 6.83571e-06 4.95477e-06 7.51104e-07 4.35089e-07 8.5141e-08 2.77898e-08 0 0 0 0 0 0 0 0 0 0 0 0 0 0 0 0 0 0 0 0 0 0 0 0 0 0 0 0 0 0 0 0 0 0 0 0 0 0 0 0 0 0 0 0 0 0 0 0 0 0 0 0 0 0
471.282 106.318 67.1926 17.4731 13.78 10.5074 8.71718 7.11319 6.31199 6.15742 5.38165 4.92339 4.60846 3.90491 3.76571 3.25378 2.69331 2.25851 1.63865 1.43539 0.975082 0.63011 0.455873 0.302057 0.179296 0.0734731 0.0385055 0.00654298 0.00283122 0.00100669 0.000416778 0.000210731 6.28214e-05 2.78415e-05 9.52646e-06 2.64663e-06 1.42781e-06 1.06431e-06 2.08947e-07 2.58921e-08 1.44825e-08 0 0 0 0 0 0 0 0 0 0 0 0 0 0 0 0 0 0 0 0 0 0 0 0 0 0 0 0 0 0 0 0 0 0 0 0 0 0 0 0 0 0 0 0 0 0 0 0 0 0 0 0 0 0 0
234.832 70.2955 58.4452 22.5218 14.4689 10.789 9.15032 7.67607 6.84749 6.51114 5.97723 5.47168 4.81864 4.60552 4.0688 3.6414 3.20749 2.71018 2.26951 1.77965 1.52252 1.16985 0.816134 0.527859 0.303519 0.203236 0.116429 0.0211616 0.00589432 0.00159559 0.00105402 0.000547889 0.000192963 6.1182e-05 2.30105e-05 8.28838e-06 4.19359e-06 1.88511e-06 4.19814e-07 8.08685e-08 5.40934e-08 1.09706e-08 0 0 0 0 0 0 0 0 0 0 0 0 0 0 0 0 0 0 0 0 0 0 0 0 0 0 0 0 0 0 0 0 0 0 0 0 0 0 0 0 0 0 0 0 0 0 0 0 0 0 0 0 0 0
401.529 121.856 35.2109 16.5553 14.0978 11.9226 9.12224 8.35703 7.16981 6.74803 6.19683 5.77955 5.32718 5.03424 4.57004 4.19102 3.84269 3.52181 3.05537 2.59709 2.09541 1.71021 1.33547 0.873339 0.54036 0.359084 0.237857 0.0549178 0.0295102 0.00894624 0.00332567 0.00119747 0.000649826 0.000201631 0.000106191 1.01361e-05 1.01361e-05 4.92052e-06 1.6271e-06 3.03788e-07 1.12971e-07 1.81194e-08 0 0 0 0 0 0 0 0 0 0 0 0 0 0 0 0 0 0 0 0 0 0 0 0 0 0 0 0 0 0 0 0 0 0 0 0 0 0 0 0 0 0 0 0 0 0 0 0 0 0 0 0 0 0
270.196 70.051 46.1973 15.264 12.6655 8.37238 7.29774 6.95357 6.406 5.8422 5.24789 4.87537 4.4632 4.09654 3.70413 3.1385 2.71944 2.29605 1.93768 1.56973 1.09806 0.852164 0.561441 0.369313 0.260969 0.135918 0.0705832 0.00746757 0.00449994 0.0016339 0.000790513 0.000231997 0.000123339 3.44039e-05 1.95608e-05 5.42221e-06 3.5085e-06 5.26651e-07 4.46363e-07 8.05638e-08 1.60813e-08 0 0 0 0 0 0 0 0 0 0 0 0 0 0 0 0 0 0 0 0 0 0 0 0 0 0 0 0 0 0 0 0 0 0 0 0 0 0 0 0 0 0 0 0 0 0 0 0 0 0 0 0 0 0 0
381.008 95.1388 44.6265 22.5669 13.8151 8.92995 8.60032 6.69746 6.34375 5.59489 5.14818 4.93007 4.66014 4.17966 3.87036 3.51613 2.99336 2.61439 2.23617 1.80939 1.35327 1.0343 0.750959 0.510692 0.276802 0.184736 0.0815492 0.0125881 0.00435471 0.00178197 0.00070501 0.000207394 8.42856e-05 7.80507e-05 2.88425e-05 6.10534e-06 4.80796e-06 1.58239e-06 5.96062e-07 1.65458e-07 4.65068e-08 0 0 0 0 0 0 0 0 0 0 0 0 0 0 0 0 0 0 0 0 0 0 0 0 0 0 0 0 0 0 0 0 0 0 0 0 0 0 0 0 0 0 0 0 0 0 0 0 0 0 0 0 0 0 0
429.304 111.763 37.5203 20.7669 10.6418 8.45459 7.98212 6.55299 6.29828 5.99444 5.4023 5.10466 4.68816 4.35335 3.91954 3.58038 3.1942 2.67082 2.43006 1.88351 1.43856 0.98807 0.682206 0.447863 0.335308 0.207858 0.115849 0.016439 0.0104427 0.00342758 0.00139965 0.000256927 0.000104382 7.51674e-05 3.19784e-05 1.53208e-05 5.76323e-06 1.48883e-06 5.23695e-07 1.34575e-07 2.96363e-08 0 0 0 0 0 0 0 0 0 0 0 0 0 0 0 0 0 0 0 0 0 0 0 0 0 0 0 0 0 0 0 0 0 0 0 0 0 0 0 0 0 0 0 0 0 0 0 0 0 0 0 0 0 0 0
319.474 89.077 51.7633 13.7717 13.7717 9.66139 7.42855 7.16645 6.61143 6.49332 5.79144 5.36461 5.16466 4.70274 4.41812 3.99334 3.42719 3.09844 2.60747 2.03897 1.65268 1.42238 0.819535 0.556983 0.40024 0.225889 0.109199 0.0187334 0.00772726 0.00242395 0.00175803 0.000586034 0.000177077 8.76533e-05 1.92138e-05 1.27474e-05 3.54613e-06 1.88082e-06 5.87147e-07 1.40706e-07 3.01304e-08 1.31097e-08 0 0 0 0 0 0 0 0 0 0 0 0 0 0 0 0 0 0 0 0 0 0 0 0 0 0 0 0 0 0 0 0 0 0 0 0 0 0 0 0 0 0 0 0 0 0 0 0 0 0 0 0 0 0
401.285 138.842 62.8052 18.0768 12.3799 10.0592 7.64154 6.78794 5.94097 5.78844 5.1805 4.99933 4.42306 4.14208 3.72765 3.38468 3.05617 2.65525 2.11684 1.78002 1.2483 0.942923 0.648916 0.37323 0.20155 0.137508 0.0802607 0.0129365 0.00487319 0.00152605 0.000641516 0.000307402 7.54592e-05 3.94169e-05 1.75032e-05 7.59297e-06 3.33064e-06 8.26624e-07 2.69788e-07 6.41861e-08 1.06489e-08 0 0 0 0 0 0 0 0 0 0 0 0 0 0 0 0 0 0 0 0 0 0 0 0 0 0 0 0 0 0 0 0 0 0 0 0 0 0 0 0 0 0 0 0 0 0 0 0 0 0 0 0 0 0 0
333.109 72.476 52.6815 13.1618 13.1618 10.0992 9.25602 7.42451 6.53603 6.28876 5.75892 5.05362 4.806 4.48909 3.862 3.61628 3.12455 2.73682 2.32627 2.00138 1.51627 1.15021 0.828699 0.575381 0.371524 0.228607 0.0990588 0.015992 0.00692514 0.00261355 0.00101873 0.000288879 3.46879e-05 3.46879e-05 3.45624e-05 1.3938e-05 6.17357e-06 2.11874e-06 9.62472e-07 3.06024e-07 8.54731e-08 1.62304e-08 0 0 0 0 0 0 0 0 0 0 0 0 0 0 0 0 0 0 0 0 0 0 0 0 0 0 0 0 0 0 0 0 0 0 0 0 0 0 0 0 0 0 0 0 0 0 0 0 0 0 0 0 0 0
302.403 116.285 27.893 20.0381 10.0047 9.70964 8.50672 7.20986 6.52349 6.0247 5.97228 5.50784 5.00197 4.56967 4.17118 3.80648 3.30713 2.91335 2.59213 2.18088 1.70675 1.25289 0.910176 0.679947 0.410282 0.228049 0.177805 0.0395898 0.0166984 0.00324684 0.00269772 0.000492621 0.000492621 0.000169511 7.48605e-05 2.77331e-05 1.07618e-05 5.85105e-06 1.40063e-06 3.96813e-07 7.53595e-08 0 0 0 0 0 0 0 0 0 0 0 0 0 0 0 0 0 0 0 0 0 0 0 0 0 0 0 0 0 0 0 0 0 0 0 0 0 0 0 0 0 0 0 0 0 0 0 0 0 0 0 0 0 0 0
365.745 105.051 77.1166 31.6959 14.5765 10.5301 8.56297 7.32014 6.57219 6.03669 5.99081 5.15472 4.78605 4.49427 4.09247 3.67965 3.18767 2.77628 2.24877 1.95347 1.56871 1.17199 0.846804 0.643721 0.434017 0.235845 0.112613 0.0251401 0.0105602 0.00273389 0.000857028 0.00045054 0.000236462 8.46984e-05 1.71876e-05 1.21053e-05 5.78256e-06 1.72978e-06 4.71219e-07 1.26154e-07 4.04453e-08 1.21275e-08 0 0 0 0 0 0 0 0 0 0 0 0 0 0 0 0 0 0 0 0 0 0 0 0 0 0 0 0 0 0 0 0 0 0 0 0 0 0 0 0 0 0 0 0 0 0 0 0 0 0 0 0 0 0
246.042 110.391 57.6067 21.8426 16.0306 12.816 8.64039 7.27844 7.05456 5.95772 5.6618 5.3432 4.74802 4.41081 3.98949 3.61577 3.27836 2.61273 2.32922 1.79351 1.46206 1.07662 0.748713 0.461739 0.295754 0.175638 0.0743696 0.0148537 0.00566101 0.0013563 0.000531438 0.000303161 0.000121149 5.30621e-05 2.01986e-05 4.12407e-06 2.92952e-06 9.86334e-07 1.8093e-07 7.95941e-08 1.99437e-08 0 0 0 0 0 0 0 0 0 0 0 0 0 0 0 0 0 0 0 0 0 0 0 0 0 0 0 0 0 0 0 0 0 0 0 0 0 0 0 0 0 0 0 0 0 0 0 0 0 0 0 0 0 0 0
419.585 93.7187 61.1484 17.1149 13.9132 9.31804 7.89742 7.09603 6.35455 5.90228 5.7109 5.23295 4.81569 4.42192 4.0639 3.61702 3.05879 2.63813 2.14552 1.67421 1.39488 1.04398 0.7397 0.426227 0.223727 0.140019 0.0810802 0.0185745 0.0036258 0.00192057 0.000644615 0.000246354 9.95805e-05 2.86316e-05 1.58325e-05 5.42087e-06 2.71937e-06 7.02436e-07 1.6411e-07 3.06176e-08 1.03472e-08 0 0 0 0 0 0 0 0 0 0 0 0 0 0 0 0 0 0 0 0 0 0 0 0 0 0 0 0 0 0 0 0 0 0 0 0 0 0 0 0 0 0 0 0 0 0 0 0 0 0 0 0 0 0 0
398.919 110.658 82.3193 22.259 12.7076 7.19609 7.19609 6.64754 6.42981 5.49024 5.24713 4.76768 4.39305 3.89626 3.63132 3.15947 2.70909 2.36661 2.01254 1.65812 1.15495 0.899264 0.536484 0.426991 0.233259 0.100354 0.0558389 0.00841472 0.00265632 0.0013371 0.000303495 9.02249e-05 6.28352e-05 2.7874e-05 5.92802e-06 1.95557e-06 9.51979e-07 9.51979e-07 2.05223e-07 6.11378e-08 1.40404e-08 0 0 0 0 0 0 0 0 0 0 0 0 0 0 0 0 0 0 0 0 0 0 0 0 0 0 0 0 0 0 0 0 0 0 0 0 0 0 0 0 0 0 0 0 0 0 0 0 0 0 0 0 0 0 0
366.665 113.237 68.0133 15.9651 13.0094 9.20876 8.8281 8.05607 6.43481 5.72388 5.65472 5.18191 4.66915 4.16935 3.69461 3.31717 2.98736 2.50133 2.07274 1.68613 1.3453 0.902453 0.586803 0.426421 0.289302 0.141658 0.0694223 0.00463698 0.00341161 0.00148942 0.000776435 0.000220376 0.000111065 4.19308e-05 2.51262e-05 4.30395e-06 3.88994e-06 1.21827e-06 8.9978e-08 5.57137e-08 2.37162e-08 0 0 0 0 0 0 0 0 0 0 0 0 0 0 0 0 0 0 0 0 0 0 0 0 0 0 0 0 0 0 0 0 0 0 0 0 0 0 0 0 0 0 0 0 0 0 0 0 0 0 0 0 0 0 0
246.63 125.562 63.9038 19.7554 9.60933 9.45324 8.3967 7.5019 7.01292 6.28265 5.70207 5.57004 5.149 4.63574 4.27913 3.92819 3.31759 2.8572 2.46288 2.03827 1.53346 1.29085 0.938742 0.716161 0.441724 0.237021 0.10722 0.0274735 0.00928621 0.00339224 0.00136259 0.000557842 0.000244446 0.000110855 5.41074e-05 1.66256e-05 8.82962e-06 2.93066e-06 5.37707e-07 3.21614e-07 1.12852e-07 2.83355e-08 0 0 0 0 0 0 0 0 0 0 0 0 0 0 0 0 0 0 0 0 0 0 0 0 0 0 0 0 0 0 0 0 0 0 0 0 0 0 0 0 0 0 0 0 0 0 0 0 0 0 0 0 0 0
357.184 94.4967 51.1173 22.8734 16.2609 10.508 7.6306 7.51839 7.01189 6.0329 5.82994 5.38098 4.64876 4.41611 4.09248 3.65109 3.12527 2.75961 2.22326 1.7802 1.36417 0.969554 0.622778 0.409629 0.256292 0.156365 0.0783631 0.010346 0.00580284 0.00142529 0.000772854 0.000272716 0.000162041 4.13585e-05 9.79574e-06 9.79574e-06 3.00171e-06 7.47407e-07 2.98907e-07 5.40524e-08 2.85852e-08 0 0 0 0 0 0 0 0 0 0 0 0 0 0 0 0 0 0 0 0 0 0 0 0 0 0 0 0 0 0 0 0 0 0 0 0 0 0 0 0 0 0 0 0 0 0 0 0 0 0 0 0 0 0 0
477.625 119.295 49.1878 20.5819 10.3214 10.3214 8.61605 6.40039 6.40039 5.99561 5.28132 4.81232 4.38819 4.09422 3.75097 3.25012 2.75148 2.39238 1.92292 1.58428 1.22312 0.835582 0.534239 0.351365 0.224162 0.104069 0.0499959 0.0039743 0.0027686 0.00100851 0.000197057 0.000171363 8.58558e-05 1.96794e-05 5.94208e-06 4.07854e-06 1.9167e-06 6.50581e-07 1.61567e-07 3.76108e-08 1.33185e-08 0 0 0 0 0 0 0 0 0 0 0 0 0 0 0 0 0 0 0 0 0 0 0 0 0 0 0 0 0 0 0 0 0 0 0 0 0 0 0 0 0 0 0 0 0 0 0 0 0 0 0 0 0 0 0
233.659 97.2706 33.6859 16.4086 16.0063 9.88378 8.37778 6.87027 6.72049 6.20198 5.84404 5.19105 5.01295 4.61368 4.20319 3.72742 3.21575 2.64917 2.32195 1.85093 1.52947 1.12609 0.777011 0.512163 0.307589 0.189356 0.0938929 0.0235838 0.00955406 0.00165599 0.000963114 0.000472265 0.000138515 4.71815e-05 3.54393e-05 1.07083e-05 3.40236e-06 1.68994e-06 3.47409e-07 3.16082e-08 3.16082e-08 0 0 0 0 0 0 0 0 0 0 0 0 0 0 0 0 0 0 0 0 0 0 0 0 0 0 0 0 0 0 0 0 0 0 0 0 0 0 0 0 0 0 0 0 0 0 0 0 0 0 0 0 0 0 0
108.238 108.238 54.3627 19.6037 12.9273 10.5296 8.6362 7.32272 6.30501 6.24162 5.6999 5.18656 4.70692 4.3461 3.90784 3.59138 3.17798 2.68264 2.30211 1.83227 1.41594 1.01302 0.579778 0.37339 0.264959 0.170772 0.0886375 0.014549 0.004276 0.00148165 0.000360512 0.000173396 0.000110788 3.64259e-05 1.93173e-05 7.11058e-06 2.6864e-06 9.84855e-07 2.67858e-07 9.24914e-08 1.50686e-08 0 0 0 0 0 0 0 0 0 0 0 0 0 0 0 0 0 0 0 0 0 0 0 0 0 0 0 0 0 0 0 0 0 0 0 0 0 0 0 0 0 0 0 0 0 0 0 0 0 0 0 0 0 0 0
202.556 74.0509 60.7271 21.5152 12.501 9.77271 8.7065 7.53464 7.27073 6.60028 6.16757 5.46361 5.31012 4.72445 4.31581 3.99627 3.37197 3.0329 2.64627 2.15219 1.77256 1.33428 1.04532 0.804439 0.568124 0.377591 0.221242 0.059287 0.0194828 0.00726552 0.00243874 0.00125143 0.000403072 0.000216332 8.03851e-05 1.88864e-05 1.59039e-05 4.8738e-06 1.3854e-06 3.235e-07 1.47034e-07 1.35504e-08 0 0 0 0 0 0 0 0 0 0 0 0 0 0 0 0 0 0 0 0 0 0 0 0 0 0 0 0 0 0 0 0 0 0 0 0 0 0 0 0 0 0 0 0 0 0 0 0 0 0 0 0 0 0
381.651 121.339 65.7976 22.3115 13.1782 10.7994 8.35808 6.7505 6.07156 5.72998 5.52469 4.98593 4.58222 4.24327 3.80794 3.49268 2.96755 2.38016 2.05351 1.63847 1.22078 0.866359 0.580595 0.412621 0.22895 0.148869 0.0643018 0.00564852 0.0022521 0.00154487 0.000500951 0.000195861 7.83927e-05 4.36639e-05 6.10425e-06 6.10425e-06 3.86821e-06 7.68087e-07 4.33932e-07 6.58831e-08 2.43498e-08 0 0 0 0 0 0 0 0 0 0 0 0 0 0 0 0 0 0 0 0 0 0 0 0 0 0 0 0 0 0 0 0 0 0 0 0 0 0 0 0 0 0 0 0 0 0 0 0 0 0 0 0 0 0 0
360.695 81.7143 71.7724 21.2787 12.9431 11.3542 8.86458 7.28776 6.54311 5.75653 5.44502 4.89685 4.74219 4.2227 3.95959 3.6032 3.36051 2.91022 2.45256 1.98838 1.60973 1.24564 0.862679 0.606484 0.389372 0.234105 0.118136 0.0241971 0.0064444 0.00320526 0.000452849 0.000452849 0.000209834 5.10525e-05 3.3188e-05 7.07485e-06 4.1051e-06 1.80628e-06 1.01686e-06 2.04827e-07 5.05577e-08 1.04758e-08 0 0 0 0 0 0 0 0 0 0 0 0 0 0 0 0 0 0 0 0 0 0 0 0 0 0 0 0 0 0 0 0 0 0 0 0 0 0 0 0 0 0 0 0 0 0 0 0 0 0 0 0 0 0
353.006 93.8244 47.155 12.6887 10.7697 9.18461 7.99073 6.78833 6.23395 5.8719 5.08873 4.72525 4.26007 3.86467 3.32145 3.03944 2.66778 2.32703 1.86993 1.53699 1.02925 0.772924 0.54561 0.351802 0.207915 0.101967 0.0394883 0.00771068 0.00291286 0.00111615 0.000370935 0.000250946 9.68162e-05 4.93511e-05 1.47663e-05 6.75859e-06 3.43613e-06 1.27239e-06 2.44446e-07 4.25285e-08 3.73562e-08 0 0 0 0 0 0 0 0 0 0 0 0 0 0 0 0 0 0 0 0 0 0 0 0 0 0 0 0 0 0 0 0 0 0 0 0 0 0 0 0 0 0 0 0 0 0 0 0 0 0 0 0 0 0 0
108.542 104.586 49.6569 21.4166 14.5059 10.8684 8.8563 7.49807 6.49396 5.37073 5.14928 4.66407 4.38073 3.95557 3.66453 3.22453 2.91911 2.40998 2.00337 1.59453 1.14699 0.848905 0.584555 0.380068 0.209738 0.099843 0.065629 0.00789581 0.00251424 0.00139052 0.000518651 0.000247232 8.09811e-05 3.91585e-05 1.58637e-05 6.69288e-06 1.62701e-06 7.43275e-07 2.00845e-07 5.97398e-08 1.54749e-08 0 0 0 0 0 0 0 0 0 0 0 0 0 0 0 0 0 0 0 0 0 0 0 0 0 0 0 0 0 0 0 0 0 0 0 0 0 0 0 0 0 0 0 0 0 0 0 0 0 0 0 0 0 0 0
330.955 135.414 33.7004 21.5229 14.3609 10.2338 9.04007 7.57741 6.96707 6.20502 5.63512 5.29249 4.91906 4.42249 4.03949 3.54781 3.18979 2.73443 2.28961 1.93188 1.42563 1.10019 0.696921 0.523647 0.233082 0.145336 0.0570475 0.00955339 0.00469702 0.00161031 0.000538379 0.000159874 9.73109e-05 6.34881e-05 8.30289e-06 8.11602e-06 3.7869e-06 1.37833e-06 2.1957e-07 1.31854e-07 3.14537e-08 1.16635e-08 0 0 0 0 0 0 0 0 0 0 0 0 0 0 0 0 0 0 0 0 0 0 0 0 0 0 0 0 0 0 0 0 0 0 0 0 0 0 0 0 0 0 0 0 0 0 0 0 0 0 0 0 0 0
