1039.94 720.492 353.442 85.6171 78.3048 78.3048 42.7239 18.9396 18.9396 15.4227 11.258 9.19754 2.34239 1.77416 1.77416 1.14815 0.615499 0.474048 0.334865 0.242253 0.176909 0.111903 0.0505447 0.0172568 0.00757424 0.00376166 0.00130769 5.81917e-05 5.47878e-05 1.96168e-05 6.54373e-06 2.74079e-06 1.21329e-06 1.91299e-07 8.82992e-08 4.06242e-08 0 0 0 0 0 0 0 0 0 0 0 0 0 0 0 0 0 0 0 0 0 0 0 0 0 0 0 0 0 0 0 0 0 0 0 0 0 0 0 0 0 0 0 0 0 0 0 0 0 0 0 0 0 0 0 0 0 0 0 0
1096.56 666.84 429.125 104.996 104.996 88.0785 49.7988 32.1834 24.0028 14.8067 13.2835 10.8395 5.82101 1.77659 1.77659 0.855584 0.855584 0.665271 0.436596 0.354048 0.197576 0.0869955 0.0242949 0.0223696 0.00649787 0.00191538 0.000775342 0.000140954 5.45989e-05 1.25154e-05 7.50608e-06 2.85788e-06 9.74309e-07 3.47905e-07 1.00679e-07 4.15616e-08 0 0 0 0 0 0 0 0 0 0 0 0 0 0 0 0 0 0 0 0 0 0 0 0 0 0 0 0 0 0 0 0 0 0 0 0 0 0 0 0 0 0 0 0 0 0 0 0 0 0 0 0 0 0 0 0 0 0 0 0
769.478 638.701 354.466 162.1 85.8811 49.4753 33.2146 21.0757 21.0757 7.81722 6.67453 2.3352 2.3352 1.60956 1.41087 0.936802 0.494776 0.28508 0.244337 0.0766545 0.0632916 0.0266802 0.00986855 0.0029169 0.00196202 0.000594802 0.000219507 3.5301e-05 1.33644e-05 4.80301e-06 1.41986e-06 4.01918e-07 2.27044e-07 1.00123e-07 1.87333e-08 0 0 0 0 0 0 0 0 0 0 0 0 0 0 0 0 0 0 0 0 0 0 0 0 0 0 0 0 0 0 0 0 0 0 0 0 0 0 0 0 0 0 0 0 0 0 0 0 0 0 0 0 0 0 0 0 0 0 0 0 0
1316.31 401.271 325.932 181.567 100.97 57.7736 57.7736 31.28 21.4644 19.4478 9.98171 5.95604 3.57012 3.37274 1.79009 1.58352 0.773969 0.59984 0.401827 0.28822 0.155329 0.0853196 0.0287033 0.00815061 0.00408504 0.00109402 0.00071526 0.000106102 3.02984e-05 1.34563e-05 2.3177e-06 9.22481e-07 3.60009e-07 1.30193e-07 3.46723e-08 0 0 0 0 0 0 0 0 0 0 0 0 0 0 0 0 0 0 0 0 0 0 0 0 0 0 0 0 0 0 0 0 0 0 0 0 0 0 0 0 0 0 0 0 0 0 0 0 0 0 0 0 0 0 0 0 0 0 0 0 0
1392.63 867.166 612.567 204.784 83.6685 83.6685 51.9022 27.071 21.2269 16.4817 12.9036 8.61637 4.71589 2.55443 2.05887 0.478962 0.478962 0.478962 0.358778 0.250857 0.0792126 0.062211 0.021742 0.00847513 0.00315531 0.00127458 0.000303413 8.25397e-05 3.83327e-05 9.99507e-06 5.06558e-06 1.48445e-06 5.9137e-07 2.54556e-07 7.27969e-08 1.77142e-08 1.36656e-08 0 0 0 0 0 0 0 0 0 0 0 0 0 0 0 0 0 0 0 0 0 0 0 0 0 0 0 0 0 0 0 0 0 0 0 0 0 0 0 0 0 0 0 0 0 0 0 0 0 0 0 0 0 0 0 0 0 0 0
840.655 498.997 472.257 177.636 177.636 88.515 81.0327 41.3252 29.4528 10.0991 8.38456 8.38456 7.57787 7.26903 2.51656 2.51656 1.62441 0.920341 0.511786 0.340858 0.192369 0.192369 0.0397819 0.0397819 0.012943 0.00316152 0.00168978 0.000336939 0.000142532 3.12077e-05 1.21686e-05 2.51363e-06 1.18691e-06 4.48178e-07 1.72151e-07 3.10487e-08 2.12106e-08 0 0 0 0 0 0 0 0 0 0 0 0 0 0 0 0 0 0 0 0 0 0 0 0 0 0 0 0 0 0 0 0 0 0 0 0 0 0 0 0 0 0 0 0 0 0 0 0 0 0 0 0 0 0 0 0 0 0 0
735.801 735.801 566.404 144.395 38.6304 38.6304 38.6304 33.9522 33.9522 22.0318 9.49523 6.26107 4.48104 3.84198 3.31363 1.74875 0.579481 0.43726 0.385983 0.345584 0.176707 0.106672 0.0405975 0.0294475 0.0102418 0.00415167 0.000769525 0.000169216 8.39555e-05 2.0797e-05 5.98778e-06 1.80644e-06 8.37842e-07 2.90626e-07 8.03908e-08 3.31696e-08 0 0 0 0 0 0 0 0 0 0 0 0 0 0 0 0 0 0 0 0 0 0 0 0 0 0 0 0 0 0 0 0 0 0 0 0 0 0 0 0 0 0 0 0 0 0 0 0 0 0 0 0 0 0 0 0 0 0 0 0
1152.87 620.17 402.128 154.328 36.3355 36.3355 35.1677 33.7623 24.5562 11.1703 8.78151 4.60322 3.69673 3.3469 1.90407 1.65186 0.547098 0.43583 0.339924 0.138005 0.112835 0.0499848 0.021431 0.00936962 0.0040617 0.00142521 0.000570788 6.94849e-05 2.30379e-05 4.96525e-06 3.11854e-06 1.26758e-06 3.23754e-07 1.44446e-07 3.4382e-08 1.61764e-08 0 0 0 0 0 0 0 0 0 0 0 0 0 0 0 0 0 0 0 0 0 0 0 0 0 0 0 0 0 0 0 0 0 0 0 0 0 0 0 0 0 0 0 0 0 0 0 0 0 0 0 0 0 0 0 0 0 0 0 0
1348 516.793 461.839 208.199 208.199 92.0052 92.0052 43.0717 20.2983 20.2983 19.8583 14.9538 5.55319 3.29909 2.39566 2.39566 1.58344 0.767573 0.606034 0.234503 0.234503 0.094217 0.0864441 0.0316999 0.0104606 0.00167592 0.00167592 0.000276616 0.000113127 2.433e-05 1.19508e-05 5.12658e-06 1.22856e-06 4.04874e-07 1.31477e-07 3.37765e-08 1.44502e-08 0 0 0 0 0 0 0 0 0 0 0 0 0 0 0 0 0 0 0 0 0 0 0 0 0 0 0 0 0 0 0 0 0 0 0 0 0 0 0 0 0 0 0 0 0 0 0 0 0 0 0 0 0 0 0 0 0 0 0
1396.15 503.914 454.928 167.185 139.258 83.8667 43.8615 39.2451 15.8876 9.92047 8.35412 3.25619 2.29723 1.46099 1.30142 0.890713 0.432569 0.432569 0.268191 0.171633 0.0778451 0.0350695 0.027215 0.0110307 0.00269429 0.00144758 0.000641675 7.80829e-05 3.21506e-05 8.62882e-06 2.16442e-06 8.57151e-07 3.31623e-07 1.36584e-07 3.638e-08 1.14655e-08 0 0 0 0 0 0 0 0 0 0 0 0 0 0 0 0 0 0 0 0 0 0 0 0 0 0 0 0 0 0 0 0 0 0 0 0 0 0 0 0 0 0 0 0 0 0 0 0 0 0 0 0 0 0 0 0 0 0 0 0
1317.57 229.697 229.697 168.388 120.087 68.0283 50.4118 40.9986 25.8509 25.8509 15.2369 3.73466 3.73466 3.52293 2.54931 1.71533 1.15416 0.501191 0.319002 0.268786 0.117396 0.0710046 0.023875 0.0179097 0.0047977 0.00347145 0.000921928 0.000164324 7.08625e-05 2.04492e-05 5.28835e-06 2.90444e-06 4.60579e-07 2.32195e-07 7.44302e-08 1.57338e-08 0 0 0 0 0 0 0 0 0 0 0 0 0 0 0 0 0 0 0 0 0 0 0 0 0 0 0 0 0 0 0 0 0 0 0 0 0 0 0 0 0 0 0 0 0 0 0 0 0 0 0 0 0 0 0 0 0 0 0 0
1099.53 456.721 263.91 199.755 120.654 64.6266 51.4268 51.4268 38.997 22.6337 12.5473 7.25734 4.70942 2.23442 2.23442 1.58501 0.885302 0.614291 0.343028 0.179788 0.080869 0.0714829 0.0250227 0.0106567 0.00422918 0.00149365 0.000561588 6.22602e-05 3.22924e-05 4.54462e-06 2.62381e-06 1.00964e-06 3.07956e-07 1.28559e-07 3.68429e-08 1.07001e-08 0 0 0 0 0 0 0 0 0 0 0 0 0 0 0 0 0 0 0 0 0 0 0 0 0 0 0 0 0 0 0 0 0 0 0 0 0 0 0 0 0 0 0 0 0 0 0 0 0 0 0 0 0 0 0 0 0 0 0 0
1760.03 486.375 272.126 185.259 125.063 96.2628 95.1517 30.0797 30.0797 13.6736 8.3276 8.20728 6.91663 2.10497 2.10497 0.724896 0.724896 0.525708 0.390355 0.260652 0.237027 0.115181 0.0370756 0.0097404 0.00617684 0.00254928 0.00123051 0.000106821 4.48337e-05 1.63034e-05 4.24409e-06 4.24409e-06 1.1116e-06 2.98963e-07 1.09113e-07 3.33814e-08 1.09736e-08 0 0 0 0 0 0 0 0 0 0 0 0 0 0 0 0 0 0 0 0 0 0 0 0 0 0 0 0 0 0 0 0 0 0 0 0 0 0 0 0 0 0 0 0 0 0 0 0 0 0 0 0 0 0 0 0 0 0 0
1065.98 728.489 420.604 194.879 74.0261 74.0261 70.9935 31.5862 28.581 19.0357 11.1911 4.0829 4.0829 3.48616 2.27089 1.67248 0.794704 0.478149 0.27989 0.27989 0.111635 0.0560276 0.0326277 0.011849 0.00334092 0.00166984 0.000411647 5.60246e-05 2.59819e-05 7.70188e-06 4.74699e-06 1.6032e-06 4.49191e-07 1.81354e-07 4.6273e-08 1.73653e-08 0 0 0 0 0 0 0 0 0 0 0 0 0 0 0 0 0 0 0 0 0 0 0 0 0 0 0 0 0 0 0 0 0 0 0 0 0 0 0 0 0 0 0 0 0 0 0 0 0 0 0 0 0 0 0 0 0 0 0 0
1664.09 1145.77 587.254 243.841 207.592 82.5889 48.0406 18.1978 18.1978 18.1978 7.57691 7.57691 7.57691 4.06845 2.96161 0.804492 0.804492 0.480407 0.427847 0.277421 0.153596 0.0987644 0.0278685 0.0193041 0.00761739 0.00184457 0.00071532 8.64069e-05 2.78376e-05 1.09633e-05 5.23955e-06 2.20542e-06 6.26613e-07 1.77988e-07 4.89231e-08 1.36552e-08 0 0 0 0 0 0 0 0 0 0 0 0 0 0 0 0 0 0 0 0 0 0 0 0 0 0 0 0 0 0 0 0 0 0 0 0 0 0 0 0 0 0 0 0 0 0 0 0 0 0 0 0 0 0 0 0 0 0 0 0
1568.09 842.975 381.878 192.669 127.844 84.205 54.2074 36.8866 20.8253 20.2644 3.17259 3.17259 3.17259 1.24323 0.543001 0.543001 0.543001 0.488988 0.303066 0.162489 0.0841485 0.0337336 0.0159699 0.00788312 0.00294713 0.00121974 0.000436271 5.70763e-05 3.06467e-05 1.14299e-05 3.77703e-06 1.23904e-06 3.25451e-07 7.86902e-08 2.42521e-08 1.79498e-08 0 0 0 0 0 0 0 0 0 0 0 0 0 0 0 0 0 0 0 0 0 0 0 0 0 0 0 0 0 0 0 0 0 0 0 0 0 0 0 0 0 0 0 0 0 0 0 0 0 0 0 0 0 0 0 0 0 0 0 0
707.714 707.714 372.93 176.203 176.203 98.2372 57.0709 31.7356 30.3155 17.8275 15.054 12.69 4.97957 3.61165 3.38898 1.68979 0.783437 0.771051 0.418001 0.310866 0.173373 0.102175 0.0504398 0.0147614 0.00611731 0.0019465 0.000646274 0.000154587 6.22036e-05 2.46773e-05 6.34086e-06 3.01907e-06 6.96915e-07 1.49802e-07 5.92971e-08 1.13182e-08 1.06415e-08 0 0 0 0 0 0 0 0 0 0 0 0 0 0 0 0 0 0 0 0 0 0 0 0 0 0 0 0 0 0 0 0 0 0 0 0 0 0 0 0 0 0 0 0 0 0 0 0 0 0 0 0 0 0 0 0 0 0 0
1723.09 849.553 623.369 205.51 160.476 99.4216 90.4919 28.119 28.119 18.8564 2.87178 1.33888 1.33888 1.33888 1.33888 1.10442 0.557606 0.45526 0.290862 0.210261 0.152493 0.0530887 0.0302877 0.0137537 0.00521976 0.00138774 0.000718498 3.90877e-05 3.62788e-05 9.86249e-06 4.56981e-06 1.1326e-06 4.04427e-07 8.47555e-08 2.7494e-08 0 0 0 0 0 0 0 0 0 0 0 0 0 0 0 0 0 0 0 0 0 0 0 0 0 0 0 0 0 0 0 0 0 0 0 0 0 0 0 0 0 0 0 0 0 0 0 0 0 0 0 0 0 0 0 0 0 0 0 0 0
890.224 437.088 365.777 186.687 50.6101 18.7385 18.7385 18.7385 18.7385 9.57035 6.89778 5.63264 2.75174 2.75174 2.15507 1.11533 0.953575 0.436934 0.26338 0.20932 0.131683 0.0529885 0.0325259 0.00443967 0.00354734 0.000996191 0.000394999 5.78327e-05 2.38349e-05 5.81683e-06 1.98451e-06 9.58318e-07 2.97725e-07 8.86878e-08 3.8268e-08 0 0 0 0 0 0 0 0 0 0 0 0 0 0 0 0 0 0 0 0 0 0 0 0 0 0 0 0 0 0 0 0 0 0 0 0 0 0 0 0 0 0 0 0 0 0 0 0 0 0 0 0 0 0 0 0 0 0 0 0 0
565.327 531.15 531.15 133.49 102.361 79.5616 39.9076 19.1089 19.1089 12.3683 5.96138 5.6848 2.53578 1.74636 0.94848 0.901428 0.479412 0.39456 0.239721 0.158601 0.0954908 0.041585 0.0146664 0.00380342 0.00115666 0.000803596 0.000431135 4.71174e-05 1.70636e-05 7.95212e-06 2.56288e-06 9.17131e-07 2.19926e-07 9.58706e-08 2.2746e-08 1.22578e-08 0 0 0 0 0 0 0 0 0 0 0 0 0 0 0 0 0 0 0 0 0 0 0 0 0 0 0 0 0 0 0 0 0 0 0 0 0 0 0 0 0 0 0 0 0 0 0 0 0 0 0 0 0 0 0 0 0 0 0 0
971.66 546.398 305.172 112.971 100.637 70.0028 31.7663 26.6341 16.7807 11.3679 10.9158 6.77119 2.70626 2.44248 1.69349 0.898067 0.603448 0.408707 0.284967 0.235728 0.119622 0.0557885 0.0169225 0.00829177 0.00125485 0.000823375 0.000351125 3.75094e-05 2.08236e-05 5.55203e-06 3.87662e-06 7.31533e-07 3.4843e-07 1.30134e-07 6.84818e-08 1.77465e-08 0 0 0 0 0 0 0 0 0 0 0 0 0 0 0 0 0 0 0 0 0 0 0 0 0 0 0 0 0 0 0 0 0 0 0 0 0 0 0 0 0 0 0 0 0 0 0 0 0 0 0 0 0 0 0 0 0 0 0 0
893.927 893.927 545.166 156.677 142.266 84.6951 84.6951 49.5736 35.8728 26.4647 14.226 10.894 6.884 3.362 3.362 0.959611 0.959611 0.671205 0.519616 0.336864 0.151163 0.125785 0.0404572 0.0257602 0.00755776 0.0029035 0.0013594 6.63736e-05 5.42114e-05 2.5675e-05 3.83939e-06 2.68945e-06 6.45306e-07 2.70073e-07 5.68029e-08 2.45592e-08 1.40622e-08 0 0 0 0 0 0 0 0 0 0 0 0 0 0 0 0 0 0 0 0 0 0 0 0 0 0 0 0 0 0 0 0 0 0 0 0 0 0 0 0 0 0 0 0 0 0 0 0 0 0 0 0 0 0 0 0 0 0 0
1222.14 820.903 258.719 117.487 117.413 53.6532 13.5938 13.5938 13.5938 13.5938 13.5938 5.74412 1.58504 1.48616 1.48616 1.41255 0.753939 0.361433 0.326136 0.231584 0.0932106 0.0536684 0.0302814 0.0144653 0.00617301 0.00107117 0.000496093 7.05453e-05 3.13893e-05 6.13174e-06 3.16247e-06 1.23208e-06 3.93293e-07 1.21613e-07 4.1974e-08 1.41617e-08 0 0 0 0 0 0 0 0 0 0 0 0 0 0 0 0 0 0 0 0 0 0 0 0 0 0 0 0 0 0 0 0 0 0 0 0 0 0 0 0 0 0 0 0 0 0 0 0 0 0 0 0 0 0 0 0 0 0 0 0
1289.78 698.257 397.601 186.318 98.4288 86.2903 54.0398 44.6379 16.642 16.642 12.5298 6.91575 4.68273 2.94504 1.58121 1.58121 0.943225 0.488718 0.318632 0.198858 0.137639 0.039473 0.0181399 0.00941101 0.00339601 0.00103475 0.000557858 7.63844e-05 2.40034e-05 1.67369e-05 5.30523e-06 3.30502e-07 3.30502e-07 1.60423e-07 3.96946e-08 1.57538e-08 0 0 0 0 0 0 0 0 0 0 0 0 0 0 0 0 0 0 0 0 0 0 0 0 0 0 0 0 0 0 0 0 0 0 0 0 0 0 0 0 0 0 0 0 0 0 0 0 0 0 0 0 0 0 0 0 0 0 0 0
1387.94 666.204 497.417 168.297 75.7385 75.7385 51.3184 38.6833 18.7864 16.3116 12.5347 5.89123 3.59227 2.82088 2.27419 1.6402 0.888035 0.520236 0.484466 0.238182 0.174178 0.0630554 0.0600543 0.0208969 0.010202 0.00318812 0.000900676 0.000180728 5.85212e-05 1.42605e-05 4.87262e-06 1.88299e-06 6.72341e-07 1.406e-07 6.50678e-08 2.43018e-08 0 0 0 0 0 0 0 0 0 0 0 0 0 0 0 0 0 0 0 0 0 0 0 0 0 0 0 0 0 0 0 0 0 0 0 0 0 0 0 0 0 0 0 0 0 0 0 0 0 0 0 0 0 0 0 0 0 0 0 0
1781.36 613.086 337.098 137.85 137.85 126.685 105.128 8.28898 8.28898 8.28898 8.28898 5.42775 5.42775 3.80664 3.61644 1.99487 1.10078 1.10078 0.347809 0.339945 0.19746 0.0949727 0.0949727 0.0364176 0.00630417 0.00204029 0.00190076 0.000417144 0.000111237 3.229e-05 1.77583e-05 4.71158e-06 9.23764e-07 3.86001e-07 1.2343e-07 3.2371e-08 1.55387e-08 0 0 0 0 0 0 0 0 0 0 0 0 0 0 0 0 0 0 0 0 0 0 0 0 0 0 0 0 0 0 0 0 0 0 0 0 0 0 0 0 0 0 0 0 0 0 0 0 0 0 0 0 0 0 0 0 0 0 0
770.088 770.088 352.68 182.801 106.903 47.5627 32.8709 32.8709 14.0195 8.6256 6.61516 2.79009 2.79009 2.08974 1.28946 1.28946 0.732427 0.478611 0.356674 0.230068 0.138239 0.0721063 0.0202889 0.00893015 0.00241545 0.00123325 0.000633034 5.91012e-05 2.3234e-05 4.77946e-06 3.49906e-06 7.94539e-07 2.91334e-07 4.99114e-08 2.70477e-08 1.15176e-08 0 0 0 0 0 0 0 0 0 0 0 0 0 0 0 0 0 0 0 0 0 0 0 0 0 0 0 0 0 0 0 0 0 0 0 0 0 0 0 0 0 0 0 0 0 0 0 0 0 0 0 0 0 0 0 0 0 0 0 0
1632.41 573.271 316.847 177.049 60.0476 60.0476 59.5217 52.0316 16.1135 16.1135 11.342 9.57221 5.02433 5.00523 1.31417 1.31417 1.20989 0.952936 0.444422 0.406487 0.197413 0.129475 0.0256667 0.0219401 0.00665381 0.00126085 0.00126085 0.000122525 7.12618e-05 1.62142e-05 1.09599e-05 2.74066e-06 1.1649e-06 2.29587e-07 8.69643e-08 3.66404e-08 1.04808e-08 0 0 0 0 0 0 0 0 0 0 0 0 0 0 0 0 0 0 0 0 0 0 0 0 0 0 0 0 0 0 0 0 0 0 0 0 0 0 0 0 0 0 0 0 0 0 0 0 0 0 0 0 0 0 0 0 0 0 0
1252.32 871.239 530.549 223.391 147.463 82.9204 81.2879 42.4339 18.4478 18.4478 18.4478 9.29604 7.7609 3.2034 3.14772 2.20652 1.87322 0.415141 0.415141 0.288911 0.203908 0.0992316 0.0681983 0.0158355 0.00639546 0.00172428 0.000952251 9.93753e-05 9.93753e-05 2.57986e-05 6.99993e-06 3.49964e-06 6.21595e-07 2.74212e-07 5.02939e-08 3.50464e-08 0 0 0 0 0 0 0 0 0 0 0 0 0 0 0 0 0 0 0 0 0 0 0 0 0 0 0 0 0 0 0 0 0 0 0 0 0 0 0 0 0 0 0 0 0 0 0 0 0 0 0 0 0 0 0 0 0 0 0 0
975.159 571.971 503.467 136.384 77.0611 41.2441 41.2441 26.0748 11.2697 8.59796 8.45039 6.25319 3.55092 3.25685 1.82615 0.95283 0.679542 0.341437 0.341437 0.174351 0.121803 0.0456175 0.0230818 0.00416089 0.00177163 0.00136215 0.000520068 8.66929e-05 3.20346e-05 1.28711e-05 3.92171e-06 1.0951e-06 3.50397e-07 1.18464e-07 2.70294e-08 0 0 0 0 0 0 0 0 0 0 0 0 0 0 0 0 0 0 0 0 0 0 0 0 0 0 0 0 0 0 0 0 0 0 0 0 0 0 0 0 0 0 0 0 0 0 0 0 0 0 0 0 0 0 0 0 0 0 0 0 0
1905.78 776.247 655.53 114.474 114.474 111.66 49.0706 49.0706 19.2486 19.2486 4.15621 4.15621 4.15621 3.66121 2.45153 1.39527 1.11653 0.631752 0.434198 0.257542 0.155923 0.0852227 0.0308271 0.0152485 0.0027299 0.00208875 0.00097936 5.69512e-05 3.72237e-05 1.29299e-05 4.71578e-06 1.8799e-06 5.5314e-07 2.09024e-07 4.84332e-08 2.08206e-08 0 0 0 0 0 0 0 0 0 0 0 0 0 0 0 0 0 0 0 0 0 0 0 0 0 0 0 0 0 0 0 0 0 0 0 0 0 0 0 0 0 0 0 0 0 0 0 0 0 0 0 0 0 0 0 0 0 0 0 0
1284.97 578.314 396.072 149.827 149.827 81.5438 81.5438 43.3227 19.3979 19.3979 12.521 5.38256 2.53779 1.863 1.07954 0.800864 0.727615 0.395282 0.306625 0.253495 0.121047 0.0455703 0.0280428 0.0094561 0.00254968 0.00129298 0.000550077 4.29334e-05 2.66854e-05 9.40768e-06 1.76195e-06 9.05551e-07 2.48718e-07 9.25971e-08 5.01295e-08 1.58811e-08 0 0 0 0 0 0 0 0 0 0 0 0 0 0 0 0 0 0 0 0 0 0 0 0 0 0 0 0 0 0 0 0 0 0 0 0 0 0 0 0 0 0 0 0 0 0 0 0 0 0 0 0 0 0 0 0 0 0 0 0
1124.07 430.718 312.989 116.792 70.8628 70.8628 70.8628 36.1698 14.2585 12.5547 8.22486 4.78248 4.78248 3.26437 2.50238 1.60794 0.980706 0.439896 0.439896 0.340194 0.129259 0.07195 0.0547907 0.0213059 0.00419453 0.00203965 0.000770765 0.000120878 3.08604e-05 6.17564e-06 5.73749e-06 1.7503e-06 2.32046e-07 1.59303e-07 5.89686e-08 1.44439e-08 0 0 0 0 0 0 0 0 0 0 0 0 0 0 0 0 0 0 0 0 0 0 0 0 0 0 0 0 0 0 0 0 0 0 0 0 0 0 0 0 0 0 0 0 0 0 0 0 0 0 0 0 0 0 0 0 0 0 0 0
1021.52 268.548 226.567 142.529 100.554 100.554 60.6154 40.4037 16.3586 16.3586 14.8238 11.3707 5.86241 2.87026 1.86983 1.57405 0.86157 0.542849 0.370235 0.236245 0.133435 0.0506682 0.032382 0.00765461 0.00500511 0.00181396 0.000620979 9.65709e-05 4.17602e-05 1.79062e-05 5.69481e-06 1.87966e-06 4.66535e-07 1.52633e-07 5.78252e-08 1.45451e-08 0 0 0 0 0 0 0 0 0 0 0 0 0 0 0 0 0 0 0 0 0 0 0 0 0 0 0 0 0 0 0 0 0 0 0 0 0 0 0 0 0 0 0 0 0 0 0 0 0 0 0 0 0 0 0 0 0 0 0 0
929.241 279.312 279.312 133.044 101.81 90.2856 54.8441 20.9451 20.9451 20.9451 3.83577 3.83577 3.19835 3.19835 2.43994 1.05282 0.952253 0.486045 0.170642 0.170642 0.120171 0.0325131 0.0288871 0.00922244 0.00490948 0.00182137 0.000778457 5.05379e-05 2.37849e-05 1.2615e-05 2.44112e-06 1.06228e-06 4.81143e-07 1.8496e-07 4.59912e-08 0 0 0 0 0 0 0 0 0 0 0 0 0 0 0 0 0 0 0 0 0 0 0 0 0 0 0 0 0 0 0 0 0 0 0 0 0 0 0 0 0 0 0 0 0 0 0 0 0 0 0 0 0 0 0 0 0 0 0 0 0
878.726 510.619 424.904 140.4 66.9427 56.8276 45.2637 31.8714 29.7752 6.80066 6.80066 4.65404 3.14338 2.19887 1.30248 1.22967 0.373123 0.348187 0.286803 0.232205 0.0972203 0.0630148 0.0190076 0.00941731 0.00230398 0.000705103 0.000427112 4.1111e-05 1.85625e-05 9.87859e-06 2.48596e-06 1.38468e-06 3.47978e-07 1.24241e-07 3.57306e-08 1.10122e-08 0 0 0 0 0 0 0 0 0 0 0 0 0 0 0 0 0 0 0 0 0 0 0 0 0 0 0 0 0 0 0 0 0 0 0 0 0 0 0 0 0 0 0 0 0 0 0 0 0 0 0 0 0 0 0 0 0 0 0 0
1165.63 463.959 332.049 123.971 123.971 15.3524 15.3524 15.3524 9.58705 9.58705 9.58705 6.54783 4.01422 2.45402 1.81183 0.788738 0.578047 0.383499 0.306284 0.233862 0.098504 0.0405796 0.00871243 0.00871243 0.0032064 0.00156513 0.000541534 7.73265e-05 1.05592e-05 9.26522e-06 1.90674e-06 7.86066e-07 8.84128e-08 7.52636e-08 3.49797e-08 0 0 0 0 0 0 0 0 0 0 0 0 0 0 0 0 0 0 0 0 0 0 0 0 0 0 0 0 0 0 0 0 0 0 0 0 0 0 0 0 0 0 0 0 0 0 0 0 0 0 0 0 0 0 0 0 0 0 0 0 0
840.434 840.434 531.599 131.384 131.384 123.752 91.0318 46.0969 22.8246 22.8246 19.0053 19.0053 9.7272 4.29143 2.55183 1.43163 1.43163 0.762468 0.475694 0.370708 0.15999 0.109557 0.0532209 0.0193948 0.00687331 0.00325675 0.00116513 0.000230989 5.99876e-05 1.45914e-05 9.66067e-06 2.75766e-06 9.62218e-07 2.05876e-07 3.62362e-08 2.30137e-08 0 0 0 0 0 0 0 0 0 0 0 0 0 0 0 0 0 0 0 0 0 0 0 0 0 0 0 0 0 0 0 0 0 0 0 0 0 0 0 0 0 0 0 0 0 0 0 0 0 0 0 0 0 0 0 0 0 0 0 0
1377.84 402.375 245.665 139.877 135.971 104.123 53.7568 33.0336 30.4317 5.51435 5.51435 5.51435 5.51435 4.53834 1.96628 1.43719 0.519677 0.519677 0.392944 0.215605 0.0755577 0.051907 0.0244512 0.0112955 0.00385223 0.00153184 0.00050908 6.66168e-05 3.30806e-05 1.09595e-05 3.13525e-06 1.52798e-06 2.9849e-07 9.22388e-08 4.40461e-08 0 0 0 0 0 0 0 0 0 0 0 0 0 0 0 0 0 0 0 0 0 0 0 0 0 0 0 0 0 0 0 0 0 0 0 0 0 0 0 0 0 0 0 0 0 0 0 0 0 0 0 0 0 0 0 0 0 0 0 0 0
1281.94 318.341 318.341 176.917 176.917 120.682 32.3134 26.9861 22.9336 11.0639 5.87182 2.69772 2.69772 2.69772 1.89433 0.843096 0.491898 0.251482 0.251482 0.150455 0.0922902 0.0749075 0.0421044 0.0118115 0.00367333 0.00182805 0.000544547 0.000117388 1.37674e-05 1.16634e-05 5.24698e-06 1.62363e-06 4.53581e-07 1.13539e-07 4.66594e-08 1.90504e-08 0 0 0 0 0 0 0 0 0 0 0 0 0 0 0 0 0 0 0 0 0 0 0 0 0 0 0 0 0 0 0 0 0 0 0 0 0 0 0 0 0 0 0 0 0 0 0 0 0 0 0 0 0 0 0 0 0 0 0 0
643.129 502.266 326.989 181.427 141.021 67.6782 51.3172 42.6226 20.0992 8.41734 4.07214 4.07214 3.07727 3.07727 1.35948 0.881943 0.644357 0.506041 0.268344 0.203579 0.15735 0.0384997 0.0272268 0.00763241 0.00152801 0.00098853 0.000258235 4.48507e-05 1.72704e-05 7.386e-06 4.25581e-06 7.82652e-07 4.34603e-07 1.1864e-07 2.45084e-08 1.95615e-08 0 0 0 0 0 0 0 0 0 0 0 0 0 0 0 0 0 0 0 0 0 0 0 0 0 0 0 0 0 0 0 0 0 0 0 0 0 0 0 0 0 0 0 0 0 0 0 0 0 0 0 0 0 0 0 0 0 0 0 0
1155.9 742.064 464.523 211.714 146.097 75.2446 75.2446 51.9454 36.7918 18.6825 7.70166 6.1895 5.09499 3.49132 2.26418 0.985201 0.80739 0.80739 0.667733 0.261985 0.172769 0.124653 0.0682854 0.0264503 0.0131737 0.00509989 0.00131135 0.000204641 6.95395e-05 1.02679e-05 1.02679e-05 2.66283e-06 1.22868e-06 5.17389e-07 1.34433e-07 1.65893e-08 1.08055e-08 0 0 0 0 0 0 0 0 0 0 0 0 0 0 0 0 0 0 0 0 0 0 0 0 0 0 0 0 0 0 0 0 0 0 0 0 0 0 0 0 0 0 0 0 0 0 0 0 0 0 0 0 0 0 0 0 0 0 0
978.662 506.137 327.248 125.413 67.3999 65.8355 46.6759 18.6926 16.7687 7.02653 5.88376 4.00479 3.62083 1.95815 1.2298 0.5468 0.5468 0.35117 0.191165 0.168455 0.0676903 0.0244304 0.0110733 0.00623666 0.00250579 0.00146312 0.000333174 3.61148e-05 1.51253e-05 5.45385e-06 1.78458e-06 6.0814e-07 2.82131e-07 1.22914e-07 3.59829e-08 1.03852e-08 0 0 0 0 0 0 0 0 0 0 0 0 0 0 0 0 0 0 0 0 0 0 0 0 0 0 0 0 0 0 0 0 0 0 0 0 0 0 0 0 0 0 0 0 0 0 0 0 0 0 0 0 0 0 0 0 0 0 0 0
1044.42 606.434 502.997 180.2 141.581 118.747 43.8874 24.0635 24.0635 21.1075 10.8023 7.56213 5.0738 2.98714 1.62497 1.36443 0.937688 0.620515 0.201953 0.201953 0.118855 0.0789768 0.0244036 0.0174552 0.00377652 0.00188433 0.000377046 9.60619e-05 3.6969e-05 9.87862e-06 3.07055e-06 1.29058e-06 1.70721e-07 6.08912e-08 4.11685e-08 1.73058e-08 0 0 0 0 0 0 0 0 0 0 0 0 0 0 0 0 0 0 0 0 0 0 0 0 0 0 0 0 0 0 0 0 0 0 0 0 0 0 0 0 0 0 0 0 0 0 0 0 0 0 0 0 0 0 0 0 0 0 0 0
1258.31 664.494 294.189 123.86 86.4085 86.4085 29.4273 29.4273 19.5316 17.7292 6.07515 2.93131 2.93131 2.93131 2.40753 1.64613 1.20849 0.365745 0.357977 0.265981 0.119991 0.065566 0.0248871 0.0163953 0.00407728 0.00142644 0.000755206 0.000111221 2.9047e-05 1.05741e-05 3.69575e-06 1.52817e-06 8.26206e-07 2.33508e-07 8.28185e-08 3.12341e-08 0 0 0 0 0 0 0 0 0 0 0 0 0 0 0 0 0 0 0 0 0 0 0 0 0 0 0 0 0 0 0 0 0 0 0 0 0 0 0 0 0 0 0 0 0 0 0 0 0 0 0 0 0 0 0 0 0 0 0 0
1234.95 646.02 280.357 103.145 103.145 65.0984 60.844 47.6992 20.6006 20.6006 15.5334 7.19549 4.52881 1.75292 0.948864 0.948864 0.948864 0.65764 0.377229 0.22054 0.153181 0.0642632 0.0380826 0.0217974 0.006843 0.00174012 0.000716725 0.000135753 4.48931e-05 2.14427e-05 5.30081e-06 1.82504e-06 8.72291e-07 1.35872e-07 7.12248e-08 1.55406e-08 0 0 0 0 0 0 0 0 0 0 0 0 0 0 0 0 0 0 0 0 0 0 0 0 0 0 0 0 0 0 0 0 0 0 0 0 0 0 0 0 0 0 0 0 0 0 0 0 0 0 0 0 0 0 0 0 0 0 0 0
749.354 483.03 458.075 171.336 130.347 104.077 32.4749 21.4429 19.8948 12.7291 11.5605 8.46866 1.42375 1.42375 0.808044 0.808044 0.609847 0.274295 0.274295 0.203303 0.0647713 0.0523121 0.019353 0.00708142 0.00296929 0.0013293 0.000248612 7.57783e-05 3.08422e-05 8.92925e-06 4.56892e-06 1.01807e-06 3.89057e-07 1.56325e-07 3.71386e-08 1.25135e-08 0 0 0 0 0 0 0 0 0 0 0 0 0 0 0 0 0 0 0 0 0 0 0 0 0 0 0 0 0 0 0 0 0 0 0 0 0 0 0 0 0 0 0 0 0 0 0 0 0 0 0 0 0 0 0 0 0 0 0 0
1246.08 954.204 528.878 148.186 75.4152 75.4152 54.9637 30.4381 30.4381 30.4381 15.3378 13.1174 10.1883 6.09166 0.93459 0.93459 0.774044 0.774044 0.399787 0.21401 0.197407 0.133831 0.0495659 0.0253179 0.00932961 0.00223796 0.00126419 0.000142558 2.93521e-05 8.8938e-06 4.42645e-06 1.99936e-06 4.36416e-07 4.0451e-07 9.1194e-08 1.47112e-08 0 0 0 0 0 0 0 0 0 0 0 0 0 0 0 0 0 0 0 0 0 0 0 0 0 0 0 0 0 0 0 0 0 0 0 0 0 0 0 0 0 0 0 0 0 0 0 0 0 0 0 0 0 0 0 0 0 0 0 0
1618.27 449.391 354.727 183.968 90.2787 78.1741 49.7174 36.6096 17.1885 13.9523 8.023 4.35872 3.69394 3.33425 2.59961 0.931896 0.871976 0.511078 0.316786 0.29779 0.201838 0.082656 0.0616978 0.024427 0.00814486 0.00437882 0.00131334 0.000222973 7.78492e-05 2.02566e-05 1.26823e-05 1.57707e-06 1.45861e-06 4.37324e-07 8.17446e-08 2.27768e-08 1.21862e-08 0 0 0 0 0 0 0 0 0 0 0 0 0 0 0 0 0 0 0 0 0 0 0 0 0 0 0 0 0 0 0 0 0 0 0 0 0 0 0 0 0 0 0 0 0 0 0 0 0 0 0 0 0 0 0 0 0 0 0
1005.59 380.815 260.98 200.295 108.575 55.9197 55.9197 44.3051 17.78 17.1176 17.1176 7.627 3.05652 1.81627 1.81627 1.38399 0.580119 0.454963 0.294836 0.222379 0.168739 0.0985611 0.0283304 0.0113842 0.00443298 0.00174953 0.000394351 6.51819e-05 3.17985e-05 1.16233e-05 2.89538e-06 8.21594e-07 4.57202e-07 1.39673e-07 4.78027e-08 1.49604e-08 0 0 0 0 0 0 0 0 0 0 0 0 0 0 0 0 0 0 0 0 0 0 0 0 0 0 0 0 0 0 0 0 0 0 0 0 0 0 0 0 0 0 0 0 0 0 0 0 0 0 0 0 0 0 0 0 0 0 0 0
1264.62 485.924 351.047 145.268 110.37 102.576 70.0631 53.3635 33.542 15.7548 14.6394 7.99302 5.14419 3.30407 2.54977 1.07105 1.07105 0.655439 0.330131 0.279349 0.169729 0.0894973 0.0304526 0.0199448 0.0041122 0.0024499 0.000841996 0.000108947 5.31558e-05 1.87094e-05 7.40345e-06 3.00723e-06 9.06753e-07 4.13058e-07 1.11425e-07 3.14456e-08 0 0 0 0 0 0 0 0 0 0 0 0 0 0 0 0 0 0 0 0 0 0 0 0 0 0 0 0 0 0 0 0 0 0 0 0 0 0 0 0 0 0 0 0 0 0 0 0 0 0 0 0 0 0 0 0 0 0 0 0
