2.17398 2.91264e-05 2.77519e-08 0 0 0 0 0 0 0 0 0 0 0 0 0 0 0 0 0 0 0 0 0 0 0 0 0 0 0 0 0 0 0 0 0 0 0 0 0 0 0 0 0 0 0 0 0 0 0 0 0 0 0 0 0 0 0 0 0 0 0 0 0 0 0 0 0 0 0 0 0 0 0 0 0 0 0 0 0 0 0 0 0 0 0 0 0 0 0 0 0 0 0 0 0
2.52227 5.21234e-05 1.11113e-06 0 0 0 0 0 0 0 0 0 0 0 0 0 0 0 0 0 0 0 0 0 0 0 0 0 0 0 0 0 0 0 0 0 0 0 0 0 0 0 0 0 0 0 0 0 0 0 0 0 0 0 0 0 0 0 0 0 0 0 0 0 0 0 0 0 0 0 0 0 0 0 0 0 0 0 0 0 0 0 0 0 0 0 0 0 0 0 0 0 0 0 0 0
1.34345 0.000244141 1.15238e-07 0 0 0 0 0 0 0 0 0 0 0 0 0 0 0 0 0 0 0 0 0 0 0 0 0 0 0 0 0 0 0 0 0 0 0 0 0 0 0 0 0 0 0 0 0 0 0 0 0 0 0 0 0 0 0 0 0 0 0 0 0 0 0 0 0 0 0 0 0 0 0 0 0 0 0 0 0 0 0 0 0 0 0 0 0 0 0 0 0 0 0 0 0
4.21455 0.000244141 2.81288e-07 2.81288e-07 2.81288e-07 2.81288e-07 0 0 0 0 0 0 0 0 0 0 0 0 0 0 0 0 0 0 0 0 0 0 0 0 0 0 0 0 0 0 0 0 0 0 0 0 0 0 0 0 0 0 0 0 0 0 0 0 0 0 0 0 0 0 0 0 0 0 0 0 0 0 0 0 0 0 0 0 0 0 0 0 0 0 0 0 0 0 0 0 0 0 0 0 0 0 0 0 0 0
6.4971 1.31129e-07 5.26171e-08 0 0 0 0 0 0 0 0 0 0 0 0 0 0 0 0 0 0 0 0 0 0 0 0 0 0 0 0 0 0 0 0 0 0 0 0 0 0 0 0 0 0 0 0 0 0 0 0 0 0 0 0 0 0 0 0 0 0 0 0 0 0 0 0 0 0 0 0 0 0 0 0 0 0 0 0 0 0 0 0 0 0 0 0 0 0 0 0 0 0 0 0 0
2.72537 0.000244141 5.44494e-07 0 0 0 0 0 0 0 0 0 0 0 0 0 0 0 0 0 0 0 0 0 0 0 0 0 0 0 0 0 0 0 0 0 0 0 0 0 0 0 0 0 0 0 0 0 0 0 0 0 0 0 0 0 0 0 0 0 0 0 0 0 0 0 0 0 0 0 0 0 0 0 0 0 0 0 0 0 0 0 0 0 0 0 0 0 0 0 0 0 0 0 0 0
5.21852 0.000157046 1.19163e-06 6.72007e-08 6.72007e-08 6.72007e-08 6.72007e-08 6.72007e-08 6.72007e-08 6.72007e-08 6.72007e-08 6.72007e-08 6.72007e-08 6.72007e-08 6.72007e-08 6.72007e-08 6.72007e-08 6.72007e-08 6.72007e-08 6.72007e-08 6.72007e-08 6.72007e-08 6.72007e-08 6.72007e-08 6.72007e-08 6.72007e-08 6.72007e-08 6.72007e-08 6.72007e-08 6.72007e-08 6.72007e-08 6.72007e-08 0 0 0 0 0 0 0 0 0 0 0 0 0 0 0 0 0 0 0 0 0 0 0 0 0 0 0 0 0 0 0 0 0 0 0 0 0 0 0 0 0 0 0 0 0 0 0 0 0 0 0 0 0 0 0 0 0 0 0 0 0 0 0 0
6.17274 7.13953e-05 3.17653e-07 3.17653e-07 3.17653e-07 3.17653e-07 3.17653e-07 3.17653e-07 3.17653e-07 3.17653e-07 3.17653e-07 3.17653e-07 3.17653e-07 3.17653e-07 3.17653e-07 3.17653e-07 3.17653e-07 3.17653e-07 3.17653e-07 3.17653e-07 3.17653e-07 3.17653e-07 3.17653e-07 3.17653e-07 3.17653e-07 3.17653e-07 3.17653e-07 3.17653e-07 3.17653e-07 3.17653e-07 3.17653e-07 3.17653e-07 3.17653e-07 3.17653e-07 3.17653e-07 3.17653e-07 3.17653e-07 3.17653e-07 3.17653e-07 3.17653e-07 3.17653e-07 3.17653e-07 3.17653e-07 3.17653e-07 3.17653e-07 3.17653e-07 3.17653e-07 3.17653e-07 3.17653e-07 3.17653e-07 3.17653e-07 3.17653e-07 3.17653e-07 3.17653e-07 3.17653e-07 3.17653e-07 3.17653e-07 3.17653e-07 3.17653e-07 3.17653e-07 3.17653e-07 3.17653e-07 3.17653e-07 3.17653e-07 3.17653e-07 3.17653e-07 3.17653e-07 3.17653e-07 3.17653e-07 3.17653e-07 3.17653e-07 3.17653e-07 3.17653e-07 3.17653e-07 3.17653e-07 3.17653e-07 3.17653e-07 3.17653e-07 1.3056e-07 1.3056e-07 1.27605e-07 1.27605e-07 1.27605e-07 1.27605e-07 0 0 0 0 0 0 0 0 0 0 0 0
4.6107 0.000175177 1.55754e-08 1.55754e-08 1.55754e-08 1.55754e-08 1.55754e-08 1.55754e-08 1.55754e-08 1.55754e-08 1.55754e-08 1.55754e-08 1.55754e-08 1.55754e-08 1.55754e-08 1.55754e-08 1.55754e-08 1.55754e-08 1.55754e-08 1.55754e-08 1.55754e-08 1.55754e-08 1.55754e-08 1.55754e-08 1.55754e-08 1.55754e-08 1.55754e-08 1.55754e-08 1.55754e-08 1.55754e-08 1.55754e-08 1.55754e-08 1.55754e-08 1.55754e-08 1.55754e-08 1.55754e-08 1.55754e-08 1.55754e-08 1.55754e-08 1.55754e-08 1.55754e-08 1.55754e-08 1.55754e-08 1.55754e-08 1.55754e-08 1.55754e-08 1.55754e-08 1.55754e-08 1.55754e-08 1.55754e-08 1.55754e-08 1.55754e-08 1.55754e-08 1.55754e-08 1.55754e-08 1.55754e-08 1.55754e-08 1.55754e-08 1.55754e-08 1.55754e-08 1.55754e-08 1.55754e-08 1.55754e-08 1.55754e-08 1.55754e-08 1.55754e-08 1.55754e-08 1.55754e-08 1.55754e-08 1.55754e-08 1.55754e-08 1.55754e-08 1.55754e-08 1.55754e-08 1.55754e-08 1.55754e-08 1.55754e-08 1.55754e-08 1.55754e-08 1.55754e-08 1.55754e-08 1.55754e-08 0 0 0 0 0 0 0 0 0 0 0 0 0 0
0.865668 3.61078e-05 4.96737e-08 4.96737e-08 4.96737e-08 4.96737e-08 4.96737e-08 4.96737e-08 4.96737e-08 4.96737e-08 4.96737e-08 4.96737e-08 4.96737e-08 4.96737e-08 4.96737e-08 4.96737e-08 4.96737e-08 4.96737e-08 4.96737e-08 4.96737e-08 4.96737e-08 4.96737e-08 4.96737e-08 3.62122e-08 3.62122e-08 3.62122e-08 3.62122e-08 3.62122e-08 3.62122e-08 3.62122e-08 3.62122e-08 3.62122e-08 3.62122e-08 3.62122e-08 3.62122e-08 3.62122e-08 3.62122e-08 3.62122e-08 3.62122e-08 3.62122e-08 3.62122e-08 3.62122e-08 3.62122e-08 3.62122e-08 3.62122e-08 3.62122e-08 3.62122e-08 3.62122e-08 3.62122e-08 3.62122e-08 3.62122e-08 3.62122e-08 3.62122e-08 3.62122e-08 3.62122e-08 0 0 0 0 0 0 0 0 0 0 0 0 0 0 0 0 0 0 0 0 0 0 0 0 0 0 0 0 0 0 0 0 0 0 0 0 0 0 0 0 0
7.51171 0.000244141 8.3949e-07 7.15728e-08 7.15728e-08 7.15728e-08 7.15728e-08 7.15728e-08 7.15728e-08 7.15728e-08 7.15728e-08 7.15728e-08 7.15728e-08 7.15728e-08 7.15728e-08 7.15728e-08 7.15728e-08 7.15728e-08 7.15728e-08 7.15728e-08 7.15728e-08 7.15728e-08 7.15728e-08 7.15728e-08 7.15728e-08 7.15728e-08 7.15728e-08 7.15728e-08 7.15728e-08 7.15728e-08 7.15728e-08 7.15728e-08 7.15728e-08 7.15728e-08 7.15728e-08 7.15728e-08 7.15728e-08 7.15728e-08 7.15728e-08 7.15728e-08 7.15728e-08 7.15728e-08 7.15728e-08 7.15728e-08 7.15728e-08 7.15728e-08 7.15728e-08 7.15728e-08 7.15728e-08 7.15728e-08 7.15728e-08 7.15728e-08 7.15728e-08 7.15728e-08 7.15728e-08 7.15728e-08 7.15728e-08 7.15728e-08 7.15728e-08 7.15728e-08 7.15728e-08 7.15728e-08 7.15728e-08 7.15728e-08 7.15728e-08 7.15728e-08 7.15728e-08 7.15728e-08 7.15728e-08 7.15728e-08 5.70616e-08 5.70616e-08 5.70616e-08 5.70616e-08 0 0 0 0 0 0 0 0 0 0 0 0 0 0 0 0 0 0 0 0 0 0
5.56341 7.19116e-05 0 0 0 0 0 0 0 0 0 0 0 0 0 0 0 0 0 0 0 0 0 0 0 0 0 0 0 0 0 0 0 0 0 0 0 0 0 0 0 0 0 0 0 0 0 0 0 0 0 0 0 0 0 0 0 0 0 0 0 0 0 0 0 0 0 0 0 0 0 0 0 0 0 0 0 0 0 0 0 0 0 0 0 0 0 0 0 0 0 0 0 0 0 0
6.1315 2.28801e-05 1.72519e-06 1.72519e-06 1.72519e-06 1.72519e-06 1.72519e-06 1.72519e-06 2.5653e-08 1.04841e-08 1.04841e-08 1.04841e-08 1.04841e-08 1.04841e-08 1.04841e-08 1.04841e-08 1.04841e-08 1.04841e-08 1.04841e-08 1.04841e-08 1.04841e-08 1.04841e-08 1.04841e-08 1.04841e-08 1.04841e-08 1.04841e-08 1.04841e-08 1.04841e-08 1.04841e-08 1.04841e-08 1.04841e-08 1.04841e-08 1.04841e-08 1.04841e-08 1.04841e-08 1.04841e-08 1.04841e-08 1.04841e-08 1.04841e-08 1.04841e-08 1.04841e-08 1.04841e-08 1.04841e-08 1.04841e-08 1.04841e-08 1.04841e-08 1.04841e-08 1.04841e-08 1.04841e-08 1.04841e-08 1.04841e-08 1.04841e-08 1.04841e-08 1.04841e-08 0 0 0 0 0 0 0 0 0 0 0 0 0 0 0 0 0 0 0 0 0 0 0 0 0 0 0 0 0 0 0 0 0 0 0 0 0 0 0 0 0 0
2.07414 0.000157594 8.71502e-08 8.71502e-08 8.71502e-08 8.71502e-08 8.71502e-08 8.71502e-08 8.71502e-08 8.71502e-08 8.71502e-08 8.71502e-08 8.71502e-08 8.71502e-08 8.71502e-08 8.71502e-08 8.71502e-08 8.71502e-08 8.71502e-08 8.71502e-08 8.71502e-08 8.71502e-08 8.71502e-08 8.71502e-08 8.71502e-08 8.71502e-08 8.71502e-08 8.71502e-08 8.71502e-08 8.71502e-08 8.71502e-08 8.71502e-08 8.71502e-08 8.71502e-08 8.71502e-08 8.71502e-08 8.71502e-08 8.71502e-08 8.71502e-08 8.71502e-08 8.71502e-08 8.71502e-08 8.71502e-08 8.71502e-08 8.71502e-08 8.71502e-08 8.71502e-08 8.71502e-08 8.71502e-08 8.71502e-08 8.71502e-08 8.71502e-08 8.71502e-08 8.71502e-08 8.71502e-08 8.71502e-08 8.71502e-08 8.71502e-08 8.71502e-08 8.71502e-08 8.71502e-08 8.71502e-08 8.71502e-08 8.71502e-08 0 0 0 0 0 0 0 0 0 0 0 0 0 0 0 0 0 0 0 0 0 0 0 0 0 0 0 0 0 0 0 0
4.06049 0.000149767 0 0 0 0 0 0 0 0 0 0 0 0 0 0 0 0 0 0 0 0 0 0 0 0 0 0 0 0 0 0 0 0 0 0 0 0 0 0 0 0 0 0 0 0 0 0 0 0 0 0 0 0 0 0 0 0 0 0 0 0 0 0 0 0 0 0 0 0 0 0 0 0 0 0 0 0 0 0 0 0 0 0 0 0 0 0 0 0 0 0 0 0 0 0
3.48097 0.000244141 3.50312e-06 5.45935e-08 5.45935e-08 5.45935e-08 5.45935e-08 5.45935e-08 5.45935e-08 5.45935e-08 5.45935e-08 5.45935e-08 5.45935e-08 5.45935e-08 5.45935e-08 5.45935e-08 5.45935e-08 5.45935e-08 5.45935e-08 5.45935e-08 5.45935e-08 5.45935e-08 5.45935e-08 5.45935e-08 5.45935e-08 5.45935e-08 5.45935e-08 5.45935e-08 5.45935e-08 5.45935e-08 5.45935e-08 5.45935e-08 5.45935e-08 5.45935e-08 5.45935e-08 5.45935e-08 5.45935e-08 5.45935e-08 5.45935e-08 5.45935e-08 5.45935e-08 5.45935e-08 5.45935e-08 5.45935e-08 5.45935e-08 5.45935e-08 5.45935e-08 5.45935e-08 5.45935e-08 5.45935e-08 5.45935e-08 5.45935e-08 5.45935e-08 5.45935e-08 5.45935e-08 5.45935e-08 5.45935e-08 5.45935e-08 5.45935e-08 5.45935e-08 5.45935e-08 5.45935e-08 5.45935e-08 5.45935e-08 5.45935e-08 5.17802e-08 0 0 0 0 0 0 0 0 0 0 0 0 0 0 0 0 0 0 0 0 0 0 0 0 0 0 0 0 0 0
6.58487 0.000100957 8.55943e-08 8.55943e-08 8.55943e-08 8.55943e-08 8.55943e-08 8.55943e-08 5.44776e-08 5.44776e-08 5.44776e-08 5.44776e-08 5.44776e-08 5.44776e-08 5.44776e-08 5.44776e-08 5.44776e-08 5.44776e-08 5.44776e-08 5.44776e-08 5.44776e-08 5.44776e-08 5.44776e-08 5.44776e-08 5.44776e-08 5.44776e-08 5.44776e-08 5.44776e-08 5.44776e-08 5.44776e-08 5.44776e-08 5.44776e-08 5.44776e-08 5.44776e-08 5.44776e-08 5.44776e-08 5.44776e-08 5.44776e-08 5.44776e-08 5.44776e-08 5.44776e-08 5.44776e-08 5.44776e-08 5.44776e-08 5.44776e-08 5.44776e-08 5.44776e-08 5.44776e-08 5.44776e-08 5.44776e-08 5.44776e-08 0 0 0 0 0 0 0 0 0 0 0 0 0 0 0 0 0 0 0 0 0 0 0 0 0 0 0 0 0 0 0 0 0 0 0 0 0 0 0 0 0 0 0 0 0
6.25622 2.66748e-06 0 0 0 0 0 0 0 0 0 0 0 0 0 0 0 0 0 0 0 0 0 0 0 0 0 0 0 0 0 0 0 0 0 0 0 0 0 0 0 0 0 0 0 0 0 0 0 0 0 0 0 0 0 0 0 0 0 0 0 0 0 0 0 0 0 0 0 0 0 0 0 0 0 0 0 0 0 0 0 0 0 0 0 0 0 0 0 0 0 0 0 0 0 0
2.44514 0.000198507 2.64484e-06 5.66871e-07 5.66871e-07 5.66871e-07 5.66871e-07 5.66871e-07 5.66871e-07 5.66871e-07 5.66871e-07 5.66871e-07 5.66871e-07 5.66871e-07 5.66871e-07 5.66871e-07 5.66871e-07 5.66871e-07 5.66871e-07 5.66871e-07 5.66871e-07 5.66871e-07 5.66871e-07 5.66871e-07 5.66871e-07 5.66871e-07 5.66871e-07 5.66871e-07 5.66871e-07 5.66871e-07 5.66871e-07 5.66871e-07 5.66871e-07 5.66871e-07 5.66871e-07 5.66871e-07 5.66871e-07 5.66871e-07 5.66871e-07 5.66871e-07 5.66871e-07 5.66871e-07 5.66871e-07 5.66871e-07 5.66871e-07 5.66871e-07 5.66871e-07 5.66871e-07 5.66871e-07 5.66871e-07 5.66871e-07 5.66871e-07 5.66871e-07 5.66871e-07 5.66871e-07 5.66871e-07 5.66871e-07 5.66871e-07 5.66871e-07 5.66871e-07 5.66871e-07 5.66871e-07 5.66871e-07 2.23086e-07 2.23086e-07 2.23086e-07 2.23086e-07 2.23086e-07 2.23086e-07 2.23086e-07 2.23086e-07 1.64785e-07 1.64785e-07 1.64785e-07 1.64785e-07 1.64785e-07 1.64785e-07 1.64785e-07 1.64785e-07 1.64785e-07 0 0 0 0 0 0 0 0 0 0 0 0 0 0 0 0
2.00912 0.000244141 2.96132e-07 2.96132e-07 2.96132e-07 2.96132e-07 2.96132e-07 0 0 0 0 0 0 0 0 0 0 0 0 0 0 0 0 0 0 0 0 0 0 0 0 0 0 0 0 0 0 0 0 0 0 0 0 0 0 0 0 0 0 0 0 0 0 0 0 0 0 0 0 0 0 0 0 0 0 0 0 0 0 0 0 0 0 0 0 0 0 0 0 0 0 0 0 0 0 0 0 0 0 0 0 0 0 0 0 0
0.987331 4.53798e-07 1.8481e-07 1.8481e-07 1.8481e-07 6.85274e-08 6.85274e-08 6.85274e-08 6.85274e-08 6.85274e-08 6.85274e-08 6.85274e-08 0 0 0 0 0 0 0 0 0 0 0 0 0 0 0 0 0 0 0 0 0 0 0 0 0 0 0 0 0 0 0 0 0 0 0 0 0 0 0 0 0 0 0 0 0 0 0 0 0 0 0 0 0 0 0 0 0 0 0 0 0 0 0 0 0 0 0 0 0 0 0 0 0 0 0 0 0 0 0 0 0 0 0 0
2.14318 8.68986e-05 4.66843e-08 4.66843e-08 4.66843e-08 4.66843e-08 4.66843e-08 4.66843e-08 4.66843e-08 4.66843e-08 4.66843e-08 4.66843e-08 4.66843e-08 4.66843e-08 4.66843e-08 4.66843e-08 4.66843e-08 4.66843e-08 4.66843e-08 4.66843e-08 4.66843e-08 4.66843e-08 4.66843e-08 4.66843e-08 4.66843e-08 4.66843e-08 4.66843e-08 4.66843e-08 4.66843e-08 4.66843e-08 4.66843e-08 4.66843e-08 4.66843e-08 4.66843e-08 4.66843e-08 4.66843e-08 4.66843e-08 4.66843e-08 4.66843e-08 4.66843e-08 4.66843e-08 4.66843e-08 4.66843e-08 4.66843e-08 4.66843e-08 4.66843e-08 4.66843e-08 4.66843e-08 4.66843e-08 4.66843e-08 4.66843e-08 4.66843e-08 4.66843e-08 4.66843e-08 4.66843e-08 4.66843e-08 4.66843e-08 4.66843e-08 4.66843e-08 4.66843e-08 4.66843e-08 4.66843e-08 4.66843e-08 4.66843e-08 4.66843e-08 4.66843e-08 4.66843e-08 4.66843e-08 4.66843e-08 4.66843e-08 4.66843e-08 4.66843e-08 4.66843e-08 4.66843e-08 4.66843e-08 4.66843e-08 4.66843e-08 4.66843e-08 4.66843e-08 4.66843e-08 4.66843e-08 4.66843e-08 4.66843e-08 2.24563e-08 0 0 0 0 0 0 0 0 0 0 0 0
3.89594 0.000244141 5.09066e-08 1.51359e-08 1.51359e-08 1.51359e-08 1.51359e-08 1.51359e-08 1.51359e-08 1.51359e-08 1.51359e-08 1.51359e-08 1.51359e-08 1.51359e-08 1.51359e-08 1.51359e-08 1.51359e-08 1.51359e-08 1.51359e-08 1.51359e-08 1.51359e-08 1.51359e-08 1.51359e-08 1.51359e-08 1.51359e-08 1.51359e-08 1.51359e-08 1.51359e-08 1.51359e-08 1.51359e-08 1.51359e-08 1.51359e-08 1.51359e-08 1.51359e-08 1.51359e-08 1.51359e-08 1.51359e-08 1.51359e-08 1.51359e-08 1.51359e-08 1.51359e-08 1.51359e-08 1.51359e-08 1.51359e-08 1.51359e-08 1.51359e-08 1.51359e-08 1.51359e-08 1.51359e-08 1.51359e-08 1.51359e-08 1.51359e-08 1.51359e-08 1.51359e-08 1.51359e-08 1.51359e-08 1.51359e-08 1.51359e-08 1.51359e-08 1.51359e-08 1.51359e-08 1.51359e-08 1.51359e-08 1.51359e-08 1.51359e-08 1.51359e-08 1.51359e-08 1.51359e-08 1.51359e-08 1.51359e-08 1.51359e-08 1.51359e-08 1.51359e-08 1.51359e-08 1.51359e-08 0 0 0 0 0 0 0 0 0 0 0 0 0 0 0 0 0 0 0 0 0
5.70415 6.56005e-05 1.57395e-06 0 0 0 0 0 0 0 0 0 0 0 0 0 0 0 0 0 0 0 0 0 0 0 0 0 0 0 0 0 0 0 0 0 0 0 0 0 0 0 0 0 0 0 0 0 0 0 0 0 0 0 0 0 0 0 0 0 0 0 0 0 0 0 0 0 0 0 0 0 0 0 0 0 0 0 0 0 0 0 0 0 0 0 0 0 0 0 0 0 0 0 0 0
5.02237 3.40958e-05 1.17864e-08 1.17864e-08 1.17864e-08 1.17864e-08 1.17864e-08 1.17864e-08 1.17864e-08 1.17864e-08 1.17864e-08 1.17864e-08 1.17864e-08 1.17864e-08 1.17864e-08 1.17864e-08 1.17864e-08 1.17864e-08 1.17864e-08 1.17864e-08 1.17864e-08 1.17864e-08 1.17864e-08 1.17864e-08 1.17864e-08 1.17864e-08 1.17864e-08 1.17864e-08 1.17864e-08 1.17864e-08 1.17864e-08 1.17864e-08 1.17864e-08 1.17864e-08 1.17864e-08 1.17864e-08 1.17864e-08 1.17864e-08 1.17864e-08 1.17864e-08 1.17864e-08 1.17864e-08 1.17864e-08 1.17864e-08 1.17864e-08 1.17864e-08 1.17864e-08 1.17864e-08 1.17864e-08 1.17864e-08 1.17864e-08 1.17864e-08 1.17864e-08 1.17864e-08 1.17864e-08 1.17864e-08 1.17864e-08 1.17864e-08 1.17864e-08 1.17864e-08 1.17864e-08 1.17864e-08 1.17864e-08 1.17864e-08 1.17864e-08 1.17864e-08 1.17864e-08 0 0 0 0 0 0 0 0 0 0 0 0 0 0 0 0 0 0 0 0 0 0 0 0 0 0 0 0 0
2.77444 0.000193148 1.1851e-05 0 0 0 0 0 0 0 0 0 0 0 0 0 0 0 0 0 0 0 0 0 0 0 0 0 0 0 0 0 0 0 0 0 0 0 0 0 0 0 0 0 0 0 0 0 0 0 0 0 0 0 0 0 0 0 0 0 0 0 0 0 0 0 0 0 0 0 0 0 0 0 0 0 0 0 0 0 0 0 0 0 0 0 0 0 0 0 0 0 0 0 0 0
0.91083 2.46898e-05 5.84597e-08 0 0 0 0 0 0 0 0 0 0 0 0 0 0 0 0 0 0 0 0 0 0 0 0 0 0 0 0 0 0 0 0 0 0 0 0 0 0 0 0 0 0 0 0 0 0 0 0 0 0 0 0 0 0 0 0 0 0 0 0 0 0 0 0 0 0 0 0 0 0 0 0 0 0 0 0 0 0 0 0 0 0 0 0 0 0 0 0 0 0 0 0 0
5.51907 1.86886e-06 5.06718e-07 4.05638e-08 4.05638e-08 4.05638e-08 4.05638e-08 4.05638e-08 4.05638e-08 4.05638e-08 4.05638e-08 4.05638e-08 4.05638e-08 4.05638e-08 4.05638e-08 4.05638e-08 4.05638e-08 4.05638e-08 4.05638e-08 4.05638e-08 4.05638e-08 4.05638e-08 4.05638e-08 4.05638e-08 4.05638e-08 4.05638e-08 4.05638e-08 4.05638e-08 4.05638e-08 4.05638e-08 4.05638e-08 4.05638e-08 4.05638e-08 4.05638e-08 4.05638e-08 4.05638e-08 4.05638e-08 4.05638e-08 4.05638e-08 4.05638e-08 4.05638e-08 4.05638e-08 4.05638e-08 4.05638e-08 4.05638e-08 4.05638e-08 4.05638e-08 4.05638e-08 4.05638e-08 4.05638e-08 4.05638e-08 4.05638e-08 4.05638e-08 4.05638e-08 4.05638e-08 4.05638e-08 4.05638e-08 4.05638e-08 4.05638e-08 4.05638e-08 4.05638e-08 4.05638e-08 4.05638e-08 4.05638e-08 4.05638e-08 4.05638e-08 4.05638e-08 4.05638e-08 4.05638e-08 4.05638e-08 4.05638e-08 4.05638e-08 0 0 0 0 0 0 0 0 0 0 0 0 0 0 0 0 0 0 0 0 0 0 0 0
1.17355 2.2771e-05 5.62986e-07 5.62986e-07 5.62986e-07 5.62986e-07 1.83155e-08 1.83155e-08 0 0 0 0 0 0 0 0 0 0 0 0 0 0 0 0 0 0 0 0 0 0 0 0 0 0 0 0 0 0 0 0 0 0 0 0 0 0 0 0 0 0 0 0 0 0 0 0 0 0 0 0 0 0 0 0 0 0 0 0 0 0 0 0 0 0 0 0 0 0 0 0 0 0 0 0 0 0 0 0 0 0 0 0 0 0 0 0
2.14471 3.56024e-05 8.83767e-07 8.83767e-07 8.83767e-07 8.83767e-07 8.83767e-07 8.83767e-07 8.83767e-07 8.83767e-07 8.83767e-07 8.83767e-07 8.83767e-07 8.83767e-07 8.83767e-07 8.83767e-07 8.83767e-07 8.83767e-07 8.83767e-07 8.83767e-07 8.83767e-07 8.83767e-07 8.83767e-07 8.83767e-07 8.83767e-07 8.83767e-07 8.83767e-07 8.83767e-07 8.83767e-07 8.83767e-07 8.83767e-07 8.83767e-07 8.83767e-07 8.83767e-07 8.83767e-07 8.83767e-07 8.83767e-07 8.83767e-07 8.83767e-07 8.83767e-07 8.83767e-07 8.83767e-07 8.83767e-07 8.83767e-07 8.83767e-07 8.83767e-07 8.83767e-07 8.83767e-07 8.83767e-07 8.83767e-07 8.83767e-07 8.83767e-07 8.83767e-07 8.83767e-07 8.83767e-07 8.83767e-07 8.83767e-07 8.83767e-07 8.83767e-07 8.83767e-07 8.83767e-07 8.83767e-07 8.83767e-07 8.83767e-07 8.83767e-07 8.83767e-07 8.83767e-07 8.83767e-07 8.83767e-07 8.83767e-07 8.83767e-07 8.83767e-07 8.83767e-07 8.83767e-07 8.83767e-07 8.83767e-07 0 0 0 0 0 0 0 0 0 0 0 0 0 0 0 0 0 0 0 0
1.56468 3.93288e-05 3.01846e-07 3.01846e-07 3.01846e-07 3.01846e-07 3.01846e-07 3.01846e-07 0 0 0 0 0 0 0 0 0 0 0 0 0 0 0 0 0 0 0 0 0 0 0 0 0 0 0 0 0 0 0 0 0 0 0 0 0 0 0 0 0 0 0 0 0 0 0 0 0 0 0 0 0 0 0 0 0 0 0 0 0 0 0 0 0 0 0 0 0 0 0 0 0 0 0 0 0 0 0 0 0 0 0 0 0 0 0 0
2.79022 2.75835e-05 4.61488e-08 4.61488e-08 4.61488e-08 4.61488e-08 1.10705e-08 1.10705e-08 1.10705e-08 1.10705e-08 1.10705e-08 1.10705e-08 1.10705e-08 1.10705e-08 1.10705e-08 1.10705e-08 1.10705e-08 1.10705e-08 1.10705e-08 1.10705e-08 1.10705e-08 1.10705e-08 1.10705e-08 1.10705e-08 1.10705e-08 1.10705e-08 1.10705e-08 1.10705e-08 1.10705e-08 1.10705e-08 1.10705e-08 1.10705e-08 1.10705e-08 1.10705e-08 1.10705e-08 1.10705e-08 1.10705e-08 1.10705e-08 1.10705e-08 1.10705e-08 1.10705e-08 1.10705e-08 1.10705e-08 1.10705e-08 1.10705e-08 1.10705e-08 1.10705e-08 1.10705e-08 1.10705e-08 1.10705e-08 1.10705e-08 1.10705e-08 1.10705e-08 1.10705e-08 1.10705e-08 1.10705e-08 1.10705e-08 1.10705e-08 1.10705e-08 1.10705e-08 1.10705e-08 1.10705e-08 1.10705e-08 1.10705e-08 1.10705e-08 1.10705e-08 1.10705e-08 1.10705e-08 1.10705e-08 1.10705e-08 1.10705e-08 1.10705e-08 1.10705e-08 1.10705e-08 1.10705e-08 1.10705e-08 0 0 0 0 0 0 0 0 0 0 0 0 0 0 0 0 0 0 0 0
3.76256 0.000244141 3.98157e-07 3.98157e-07 3.98157e-07 3.98157e-07 3.98157e-07 3.98157e-07 3.98157e-07 3.98157e-07 3.98157e-07 3.98157e-07 3.98157e-07 3.98157e-07 3.98157e-07 3.98157e-07 3.98157e-07 3.98157e-07 3.98157e-07 3.98157e-07 3.98157e-07 3.98157e-07 3.98157e-07 3.98157e-07 3.98157e-07 3.98157e-07 3.98157e-07 3.98157e-07 3.98157e-07 3.98157e-07 3.98157e-07 3.98157e-07 3.98157e-07 3.98157e-07 3.98157e-07 3.98157e-07 3.98157e-07 3.98157e-07 3.98157e-07 3.98157e-07 3.98157e-07 3.98157e-07 3.98157e-07 3.98157e-07 3.98157e-07 3.98157e-07 3.98157e-07 3.98157e-07 3.98157e-07 3.98157e-07 3.98157e-07 3.98157e-07 3.98157e-07 0 0 0 0 0 0 0 0 0 0 0 0 0 0 0 0 0 0 0 0 0 0 0 0 0 0 0 0 0 0 0 0 0 0 0 0 0 0 0 0 0 0 0
0.419185 7.24553e-07 7.24553e-07 3.17836e-07 3.17836e-07 3.17836e-07 3.17836e-07 3.17836e-07 3.17836e-07 3.17836e-07 3.17836e-07 3.17836e-07 3.17836e-07 3.17836e-07 3.17836e-07 3.17836e-07 3.17836e-07 3.17836e-07 3.17836e-07 3.17836e-07 3.17836e-07 3.17836e-07 3.17836e-07 3.17836e-07 3.17836e-07 3.17836e-07 3.17836e-07 3.17836e-07 3.17836e-07 3.17836e-07 3.17836e-07 3.17836e-07 3.17836e-07 3.17836e-07 3.17836e-07 3.17836e-07 3.17836e-07 3.17836e-07 3.17836e-07 3.17836e-07 3.17836e-07 3.17836e-07 3.17836e-07 3.17836e-07 3.17836e-07 3.17836e-07 3.17836e-07 3.17836e-07 3.17836e-07 3.17836e-07 3.17836e-07 3.17836e-07 3.17836e-07 3.17836e-07 3.17836e-07 3.17836e-07 3.17836e-07 3.17836e-07 3.17836e-07 3.17836e-07 3.17836e-07 3.17836e-07 3.17836e-07 3.17836e-07 3.17836e-07 3.17836e-07 3.17836e-07 3.17836e-07 3.17836e-07 3.17836e-07 3.17836e-07 3.17836e-07 3.17836e-07 3.17836e-07 3.17836e-07 3.17836e-07 3.17836e-07 3.17836e-07 3.17836e-07 3.17836e-07 3.17836e-07 3.17836e-07 3.17836e-07 2.84646e-08 2.84646e-08 0 0 0 0 0 0 0 0 0 0 0
5.42079 5.27616e-05 1.99274e-06 4.10442e-07 4.10442e-07 4.10442e-07 4.10442e-07 4.10442e-07 4.10442e-07 4.10442e-07 4.10442e-07 4.10442e-07 4.10442e-07 4.10442e-07 4.10442e-07 4.10442e-07 4.10442e-07 4.10442e-07 4.10442e-07 4.10442e-07 4.10442e-07 4.10442e-07 4.10442e-07 4.10442e-07 4.10442e-07 4.10442e-07 4.10442e-07 4.10442e-07 4.10442e-07 4.10442e-07 4.10442e-07 4.10442e-07 4.10442e-07 4.10442e-07 4.10442e-07 4.10442e-07 4.10442e-07 4.10442e-07 4.10442e-07 4.10442e-07 4.10442e-07 4.10442e-07 4.10442e-07 7.3679e-08 7.3679e-08 7.3679e-08 7.3679e-08 0 0 0 0 0 0 0 0 0 0 0 0 0 0 0 0 0 0 0 0 0 0 0 0 0 0 0 0 0 0 0 0 0 0 0 0 0 0 0 0 0 0 0 0 0 0 0 0 0
2.7023 3.94323e-05 4.50803e-07 4.50803e-07 4.50803e-07 4.50803e-07 4.50803e-07 4.50803e-07 4.50803e-07 4.50803e-07 4.50803e-07 1.36098e-08 1.36098e-08 1.36098e-08 1.36098e-08 1.36098e-08 1.36098e-08 1.36098e-08 1.36098e-08 1.36098e-08 1.36098e-08 1.36098e-08 1.36098e-08 1.36098e-08 1.36098e-08 1.36098e-08 1.36098e-08 1.36098e-08 1.36098e-08 1.36098e-08 1.36098e-08 1.36098e-08 1.36098e-08 1.36098e-08 1.36098e-08 1.36098e-08 1.36098e-08 1.36098e-08 1.36098e-08 1.36098e-08 1.36098e-08 1.36098e-08 1.36098e-08 1.36098e-08 1.36098e-08 1.36098e-08 1.36098e-08 1.36098e-08 1.36098e-08 1.36098e-08 1.36098e-08 1.36098e-08 1.36098e-08 0 0 0 0 0 0 0 0 0 0 0 0 0 0 0 0 0 0 0 0 0 0 0 0 0 0 0 0 0 0 0 0 0 0 0 0 0 0 0 0 0 0 0
4.97032 0.000244141 2.54661e-05 1.70155e-07 1.70155e-07 1.70155e-07 1.70155e-07 1.70155e-07 1.70155e-07 1.70155e-07 1.70155e-07 1.70155e-07 1.70155e-07 1.70155e-07 1.70155e-07 1.70155e-07 1.70155e-07 1.70155e-07 1.70155e-07 1.70155e-07 1.70155e-07 1.70155e-07 1.70155e-07 1.70155e-07 1.70155e-07 1.70155e-07 1.70155e-07 1.70155e-07 1.70155e-07 1.70155e-07 1.70155e-07 1.70155e-07 1.70155e-07 1.70155e-07 1.70155e-07 1.70155e-07 1.70155e-07 1.70155e-07 1.70155e-07 1.70155e-07 1.70155e-07 1.70155e-07 1.70155e-07 1.70155e-07 1.70155e-07 1.70155e-07 1.70155e-07 1.70155e-07 1.70155e-07 1.70155e-07 1.70155e-07 1.70155e-07 1.70155e-07 1.70155e-07 1.70155e-07 1.70155e-07 1.70155e-07 1.70155e-07 1.70155e-07 1.70155e-07 1.70155e-07 1.70155e-07 1.70155e-07 1.70155e-07 1.70155e-07 1.70155e-07 1.70155e-07 1.70155e-07 1.70155e-07 1.70155e-07 1.70155e-07 1.70155e-07 1.70155e-07 1.70155e-07 1.70155e-07 1.70155e-07 1.70155e-07 1.70155e-07 1.70155e-07 1.70155e-07 1.70155e-07 1.70155e-07 1.70155e-07 1.70155e-07 1.70155e-07 1.70155e-07 1.70155e-07 1.70155e-07 1.70155e-07 1.70155e-07 1.70155e-07 1.70155e-07 1.70155e-07 1.70155e-07 1.70155e-07 1.70155e-07
1.39601 1.07164e-07 1.07164e-07 1.07164e-07 1.07164e-07 1.07164e-07 1.07164e-07 1.07164e-07 1.07164e-07 1.07164e-07 1.07164e-07 1.07164e-07 1.07164e-07 1.07164e-07 1.07164e-07 1.07164e-07 1.07164e-07 1.07164e-07 1.07164e-07 1.07164e-07 1.07164e-07 1.07164e-07 1.07164e-07 1.07164e-07 1.07164e-07 1.07164e-07 1.07164e-07 1.07164e-07 1.07164e-07 1.07164e-07 1.07164e-07 1.07164e-07 1.07164e-07 1.07164e-07 1.07164e-07 1.07164e-07 1.07164e-07 1.07164e-07 1.07164e-07 1.07164e-07 1.07164e-07 1.07164e-07 1.07164e-07 1.07164e-07 1.07164e-07 1.07164e-07 1.07164e-07 1.07164e-07 1.07164e-07 1.07164e-07 1.07164e-07 1.07164e-07 1.07164e-07 1.07164e-07 1.07164e-07 1.07164e-07 1.07164e-07 1.07164e-07 1.07164e-07 1.07164e-07 1.07164e-07 1.07164e-07 1.07164e-07 1.07164e-07 1.07164e-07 1.07164e-07 1.07164e-07 1.07164e-07 1.07164e-07 1.07164e-07 1.07164e-07 1.07164e-07 1.07164e-07 1.07164e-07 1.07164e-07 7.16374e-08 7.16374e-08 7.16374e-08 7.16374e-08 0 0 0 0 0 0 0 0 0 0 0 0 0 0 0 0 0
4.61676 0.000244141 0 0 0 0 0 0 0 0 0 0 0 0 0 0 0 0 0 0 0 0 0 0 0 0 0 0 0 0 0 0 0 0 0 0 0 0 0 0 0 0 0 0 0 0 0 0 0 0 0 0 0 0 0 0 0 0 0 0 0 0 0 0 0 0 0 0 0 0 0 0 0 0 0 0 0 0 0 0 0 0 0 0 0 0 0 0 0 0 0 0 0 0 0 0
4.37782 5.55709e-06 3.30815e-06 3.30815e-06 3.30815e-06 3.30815e-06 3.30815e-06 3.30815e-06 3.30815e-06 3.30815e-06 3.30815e-06 3.30815e-06 3.30815e-06 3.30815e-06 3.30815e-06 3.30815e-06 3.30815e-06 3.30815e-06 3.30815e-06 3.30815e-06 3.30815e-06 3.30815e-06 3.30815e-06 3.30815e-06 3.30815e-06 3.30815e-06 3.30815e-06 3.30815e-06 3.30815e-06 3.30815e-06 3.30815e-06 3.30815e-06 3.30815e-06 3.30815e-06 3.30815e-06 3.30815e-06 3.30815e-06 3.30815e-06 3.30815e-06 3.30815e-06 3.30815e-06 3.30815e-06 3.30815e-06 3.30815e-06 3.30815e-06 3.30815e-06 3.30815e-06 3.30815e-06 3.30815e-06 3.30815e-06 3.30815e-06 3.30815e-06 3.30815e-06 3.30815e-06 3.30815e-06 3.30815e-06 3.30815e-06 3.30815e-06 3.30815e-06 3.30815e-06 3.30815e-06 3.30815e-06 3.30815e-06 3.30815e-06 3.30815e-06 3.30815e-06 3.30815e-06 3.30815e-06 3.30815e-06 3.30815e-06 3.30815e-06 3.30815e-06 3.30815e-06 3.30815e-06 3.30815e-06 3.30815e-06 3.30815e-06 3.30815e-06 3.30815e-06 3.30815e-06 3.30815e-06 3.30815e-06 3.30815e-06 3.30815e-06 3.30815e-06 3.30815e-06 3.99766e-07 3.99766e-07 0 0 0 0 0 0 0 0
2.14865 5.34618e-05 3.61972e-08 3.61972e-08 3.61972e-08 3.61972e-08 3.61972e-08 3.61972e-08 3.61972e-08 3.61972e-08 3.61972e-08 3.61972e-08 3.61972e-08 3.61972e-08 3.61972e-08 3.61972e-08 3.61972e-08 3.61972e-08 3.61972e-08 3.61972e-08 3.61972e-08 3.61972e-08 3.61972e-08 3.61972e-08 3.61972e-08 3.61972e-08 3.61972e-08 3.61972e-08 3.61972e-08 3.61972e-08 3.61972e-08 3.61972e-08 3.61972e-08 3.61972e-08 3.61972e-08 3.61972e-08 3.61972e-08 3.61972e-08 3.61972e-08 3.61972e-08 3.61972e-08 3.61972e-08 3.61972e-08 3.61972e-08 3.61972e-08 3.61972e-08 3.61972e-08 3.61972e-08 3.61972e-08 3.61972e-08 3.61972e-08 3.61972e-08 3.61972e-08 3.61972e-08 3.61972e-08 3.61972e-08 3.61972e-08 3.61972e-08 3.61972e-08 3.61972e-08 3.61972e-08 3.61972e-08 3.61972e-08 3.61972e-08 3.61972e-08 3.61972e-08 3.61972e-08 3.61972e-08 3.61972e-08 3.61972e-08 3.61972e-08 3.61972e-08 3.61972e-08 3.61972e-08 3.61972e-08 3.61972e-08 3.61972e-08 3.61972e-08 3.61972e-08 2.5783e-08 0 0 0 0 0 0 0 0 0 0 0 0 0 0 0 0
0.142704 1.70953e-07 8.86329e-08 4.7436e-08 4.7436e-08 4.7436e-08 4.7436e-08 4.7436e-08 4.7436e-08 4.7436e-08 4.7436e-08 4.7436e-08 4.7436e-08 4.7436e-08 4.7436e-08 4.7436e-08 4.7436e-08 4.7436e-08 4.7436e-08 4.7436e-08 4.7436e-08 4.7436e-08 4.7436e-08 4.7436e-08 4.7436e-08 4.7436e-08 4.7436e-08 4.7436e-08 4.7436e-08 4.7436e-08 4.7436e-08 4.7436e-08 4.7436e-08 4.7436e-08 4.7436e-08 4.7436e-08 4.7436e-08 4.7436e-08 4.7436e-08 4.7436e-08 4.7436e-08 4.7436e-08 4.7436e-08 4.7436e-08 4.7436e-08 4.7436e-08 4.7436e-08 4.7436e-08 4.7436e-08 4.7436e-08 4.7436e-08 4.7436e-08 4.7436e-08 4.7436e-08 4.7436e-08 4.7436e-08 4.7436e-08 4.7436e-08 4.7436e-08 4.7436e-08 4.7436e-08 4.7436e-08 4.7436e-08 4.7436e-08 4.7436e-08 4.7436e-08 4.7436e-08 4.7436e-08 4.7436e-08 4.7436e-08 4.7436e-08 4.7436e-08 4.7436e-08 4.7436e-08 4.7436e-08 4.7436e-08 4.7436e-08 4.7436e-08 4.7436e-08 4.7436e-08 4.7436e-08 4.7436e-08 4.7436e-08 4.7436e-08 4.7436e-08 4.7436e-08 4.7436e-08 0 0 0 0 0 0 0 0 0
4.6239 8.74596e-05 6.25181e-07 0 0 0 0 0 0 0 0 0 0 0 0 0 0 0 0 0 0 0 0 0 0 0 0 0 0 0 0 0 0 0 0 0 0 0 0 0 0 0 0 0 0 0 0 0 0 0 0 0 0 0 0 0 0 0 0 0 0 0 0 0 0 0 0 0 0 0 0 0 0 0 0 0 0 0 0 0 0 0 0 0 0 0 0 0 0 0 0 0 0 0 0 0
1.96741 5.62417e-07 5.62417e-07 5.62417e-07 5.62417e-07 5.62417e-07 5.62417e-07 5.62417e-07 5.62417e-07 5.62417e-07 5.62417e-07 5.62417e-07 5.62417e-07 5.62417e-07 5.62417e-07 5.62417e-07 5.62417e-07 5.62417e-07 5.62417e-07 5.62417e-07 5.62417e-07 5.62417e-07 5.62417e-07 5.62417e-07 5.62417e-07 5.62417e-07 5.62417e-07 5.62417e-07 5.62417e-07 5.62417e-07 5.62417e-07 5.62417e-07 5.62417e-07 5.62417e-07 5.62417e-07 5.62417e-07 5.62417e-07 5.62417e-07 5.62417e-07 5.62417e-07 5.62417e-07 5.62417e-07 5.62417e-07 5.62417e-07 5.62417e-07 5.62417e-07 5.62417e-07 5.62417e-07 5.62417e-07 5.62417e-07 5.62417e-07 5.62417e-07 5.62417e-07 5.62417e-07 5.62417e-07 5.62417e-07 5.62417e-07 5.62417e-07 5.62417e-07 5.62417e-07 5.62417e-07 5.62417e-07 5.62417e-07 5.62417e-07 5.62417e-07 5.62417e-07 5.62417e-07 5.62417e-07 5.62417e-07 5.62417e-07 5.62417e-07 5.62417e-07 5.62417e-07 5.62417e-07 5.62417e-07 5.62417e-07 5.62417e-07 5.62417e-07 5.62417e-07 5.62417e-07 5.55134e-08 5.55134e-08 0 0 0 0 0 0 0 0 0 0 0 0 0 0
5.89505 9.67855e-05 7.37991e-08 7.37991e-08 7.37991e-08 7.37991e-08 7.37991e-08 7.37991e-08 7.37991e-08 7.37991e-08 7.37991e-08 7.37991e-08 7.37991e-08 7.37991e-08 7.37991e-08 7.37991e-08 7.37991e-08 7.37991e-08 7.37991e-08 7.37991e-08 7.37991e-08 7.37991e-08 7.37991e-08 7.37991e-08 7.37991e-08 7.37991e-08 7.37991e-08 7.37991e-08 7.37991e-08 7.37991e-08 7.37991e-08 7.37991e-08 7.37991e-08 7.37991e-08 7.37991e-08 7.37991e-08 7.37991e-08 7.37991e-08 7.37991e-08 7.37991e-08 7.37991e-08 7.37991e-08 7.37991e-08 7.37991e-08 7.37991e-08 7.37991e-08 7.37991e-08 7.37991e-08 7.37991e-08 7.37991e-08 7.37991e-08 7.37991e-08 7.37991e-08 7.37991e-08 7.37991e-08 7.37991e-08 7.37991e-08 7.37991e-08 7.37991e-08 7.37991e-08 7.37991e-08 7.37991e-08 7.37991e-08 7.37991e-08 7.37991e-08 7.37991e-08 7.37991e-08 7.37991e-08 7.37991e-08 7.37991e-08 7.37991e-08 7.37991e-08 7.37991e-08 7.37991e-08 7.37991e-08 7.37991e-08 7.37991e-08 7.37991e-08 7.37991e-08 7.37991e-08 7.37991e-08 7.37991e-08 4.36283e-08 0 0 0 0 0 0 0 0 0 0 0 0 0
2.47068 1.98379e-05 7.75844e-08 7.75844e-08 7.75844e-08 7.75844e-08 7.75844e-08 7.75844e-08 7.75844e-08 7.75844e-08 7.75844e-08 7.75844e-08 7.75844e-08 7.75844e-08 7.75844e-08 7.75844e-08 7.75844e-08 7.75844e-08 7.75844e-08 7.75844e-08 7.75844e-08 7.75844e-08 7.75844e-08 7.75844e-08 7.75844e-08 7.75844e-08 7.75844e-08 7.75844e-08 7.75844e-08 7.75844e-08 7.75844e-08 7.75844e-08 7.75844e-08 7.75844e-08 7.75844e-08 7.75844e-08 7.75844e-08 7.75844e-08 7.75844e-08 7.75844e-08 7.75844e-08 7.75844e-08 7.75844e-08 7.75844e-08 7.75844e-08 7.75844e-08 7.75844e-08 7.75844e-08 7.75844e-08 7.75844e-08 7.75844e-08 7.75844e-08 7.75844e-08 7.75844e-08 7.75844e-08 7.75844e-08 7.75844e-08 7.75844e-08 7.75844e-08 7.75844e-08 7.75844e-08 7.75844e-08 7.75844e-08 7.75844e-08 7.75844e-08 7.75844e-08 7.75844e-08 7.75844e-08 7.75844e-08 7.75844e-08 7.75844e-08 7.75844e-08 7.75844e-08 7.75844e-08 7.75844e-08 0 0 0 0 0 0 0 0 0 0 0 0 0 0 0 0 0 0 0 0 0
3.64447 2.435e-05 1.07709e-06 1.07709e-06 1.07709e-06 1.07709e-06 1.07709e-06 1.07709e-06 1.07709e-06 1.07709e-06 1.07709e-06 1.07709e-06 1.07709e-06 1.07709e-06 1.07709e-06 1.07709e-06 1.07709e-06 1.07709e-06 1.07709e-06 1.07709e-06 1.07709e-06 1.07709e-06 1.07709e-06 1.07709e-06 1.07709e-06 1.07709e-06 1.07709e-06 1.07709e-06 1.07709e-06 1.07709e-06 1.07709e-06 1.54109e-07 1.54109e-07 1.54109e-07 1.54109e-07 1.54109e-07 1.54109e-07 1.54109e-07 1.54109e-07 1.54109e-07 1.54109e-07 1.54109e-07 1.54109e-07 1.54109e-07 1.54109e-07 1.54109e-07 1.54109e-07 1.54109e-07 1.54109e-07 1.54109e-07 1.54109e-07 1.54109e-07 1.54109e-07 1.54109e-07 1.54109e-07 1.54109e-07 4.69005e-08 4.69005e-08 4.69005e-08 4.69005e-08 4.69005e-08 4.69005e-08 4.69005e-08 4.69005e-08 3.39306e-08 3.39306e-08 3.39306e-08 0 0 0 0 0 0 0 0 0 0 0 0 0 0 0 0 0 0 0 0 0 0 0 0 0 0 0 0 0
6.46085 0.000244141 0 0 0 0 0 0 0 0 0 0 0 0 0 0 0 0 0 0 0 0 0 0 0 0 0 0 0 0 0 0 0 0 0 0 0 0 0 0 0 0 0 0 0 0 0 0 0 0 0 0 0 0 0 0 0 0 0 0 0 0 0 0 0 0 0 0 0 0 0 0 0 0 0 0 0 0 0 0 0 0 0 0 0 0 0 0 0 0 0 0 0 0 0 0
5.53949 0.000238875 0 0 0 0 0 0 0 0 0 0 0 0 0 0 0 0 0 0 0 0 0 0 0 0 0 0 0 0 0 0 0 0 0 0 0 0 0 0 0 0 0 0 0 0 0 0 0 0 0 0 0 0 0 0 0 0 0 0 0 0 0 0 0 0 0 0 0 0 0 0 0 0 0 0 0 0 0 0 0 0 0 0 0 0 0 0 0 0 0 0 0 0 0 0
3.26373 9.57184e-05 8.34579e-06 1.50763e-06 1.50763e-06 1.50763e-06 1.50763e-06 1.50763e-06 1.50763e-06 1.50763e-06 1.50763e-06 1.50763e-06 1.50763e-06 1.50763e-06 1.50763e-06 1.50763e-06 1.50763e-06 1.50763e-06 1.50763e-06 1.50763e-06 1.50763e-06 1.50763e-06 1.50763e-06 1.50763e-06 1.50763e-06 1.50763e-06 1.50763e-06 1.50763e-06 1.50763e-06 1.50763e-06 1.50763e-06 1.50763e-06 1.50763e-06 1.50763e-06 1.50763e-06 1.50763e-06 1.50763e-06 1.50763e-06 1.50763e-06 1.50763e-06 1.50763e-06 1.50763e-06 1.50763e-06 1.50763e-06 1.50763e-06 1.50763e-06 1.50763e-06 1.50763e-06 1.50763e-06 1.50763e-06 1.50763e-06 1.50763e-06 1.50763e-06 1.50763e-06 1.50763e-06 1.50763e-06 1.50763e-06 1.50763e-06 1.50763e-06 1.50763e-06 1.50763e-06 1.50763e-06 1.50763e-06 1.50763e-06 1.50763e-06 1.50763e-06 1.50763e-06 1.50763e-06 1.50763e-06 1.50763e-06 1.61065e-08 1.61065e-08 1.61065e-08 1.61065e-08 1.61065e-08 1.61065e-08 1.61065e-08 1.61065e-08 0 0 0 0 0 0 0 0 0 0 0 0 0 0 0 0 0 0
2.08849 3.00966e-07 0 0 0 0 0 0 0 0 0 0 0 0 0 0 0 0 0 0 0 0 0 0 0 0 0 0 0 0 0 0 0 0 0 0 0 0 0 0 0 0 0 0 0 0 0 0 0 0 0 0 0 0 0 0 0 0 0 0 0 0 0 0 0 0 0 0 0 0 0 0 0 0 0 0 0 0 0 0 0 0 0 0 0 0 0 0 0 0 0 0 0 0 0 0
