2.03399 1.06161e-05 3.43956e-06 2.16546e-07 5.76387e-08 5.76387e-08 0 0 0 0 0 0 0 0 0 0 0 0 0 0 0 0 0 0 0 0 0 0 0 0 0 0 0 0 0 0 0 0 0 0 0 0 0 0 0 0 0 0 0 0 0 0 0 0 0 0 0 0 0 0 0 0 0 0 0 0 0 0 0 0 0 0 0 0 0 0 0 0 0 0 0 0 0 0 0 0 0 0 0 0 0 0 0 0 0 0
6.4764 0.000501865 1.91377e-07 3.98688e-08 3.98688e-08 3.98688e-08 3.98688e-08 3.98688e-08 3.98688e-08 2.00286e-08 2.00286e-08 0 0 0 0 0 0 0 0 0 0 0 0 0 0 0 0 0 0 0 0 0 0 0 0 0 0 0 0 0 0 0 0 0 0 0 0 0 0 0 0 0 0 0 0 0 0 0 0 0 0 0 0 0 0 0 0 0 0 0 0 0 0 0 0 0 0 0 0 0 0 0 0 0 0 0 0 0 0 0 0 0 0 0 0 0
1.36167 0.000290031 1.11247e-06 2.04969e-07 2.04969e-07 2.04969e-07 2.04969e-07 2.04969e-07 2.04969e-07 2.04969e-07 2.04969e-07 2.04969e-07 2.04969e-07 2.04969e-07 1.42565e-07 1.42565e-07 1.42565e-07 1.42565e-07 1.42565e-07 1.42565e-07 1.42565e-07 1.42565e-07 1.42565e-07 1.42565e-07 1.42565e-07 1.42565e-07 1.42565e-07 1.42565e-07 1.42565e-07 1.42565e-07 2.34144e-08 2.34144e-08 2.34144e-08 2.34144e-08 2.34144e-08 2.34144e-08 2.34144e-08 2.34144e-08 2.34144e-08 2.34144e-08 0 0 0 0 0 0 0 0 0 0 0 0 0 0 0 0 0 0 0 0 0 0 0 0 0 0 0 0 0 0 0 0 0 0 0 0 0 0 0 0 0 0 0 0 0 0 0 0 0 0 0 0 0 0 0 0
5.93766 8.66679e-05 7.91141e-07 4.21592e-08 4.21592e-08 4.21592e-08 4.21592e-08 4.21592e-08 4.21592e-08 4.21592e-08 4.21592e-08 4.21592e-08 4.21592e-08 0 0 0 0 0 0 0 0 0 0 0 0 0 0 0 0 0 0 0 0 0 0 0 0 0 0 0 0 0 0 0 0 0 0 0 0 0 0 0 0 0 0 0 0 0 0 0 0 0 0 0 0 0 0 0 0 0 0 0 0 0 0 0 0 0 0 0 0 0 0 0 0 0 0 0 0 0 0 0 0 0 0 0
4.11083 4.88077e-05 8.26223e-07 5.76375e-07 5.76375e-07 5.76375e-07 5.76375e-07 5.76375e-07 5.76375e-07 5.76375e-07 5.76375e-07 1.8028e-08 1.8028e-08 1.8028e-08 1.8028e-08 1.8028e-08 1.8028e-08 1.8028e-08 1.8028e-08 1.8028e-08 1.8028e-08 1.8028e-08 1.8028e-08 1.8028e-08 1.8028e-08 1.8028e-08 1.8028e-08 1.8028e-08 1.8028e-08 1.8028e-08 1.8028e-08 1.8028e-08 1.8028e-08 1.8028e-08 1.8028e-08 1.8028e-08 1.8028e-08 1.8028e-08 1.8028e-08 1.8028e-08 1.8028e-08 1.8028e-08 1.8028e-08 1.8028e-08 0 0 0 0 0 0 0 0 0 0 0 0 0 0 0 0 0 0 0 0 0 0 0 0 0 0 0 0 0 0 0 0 0 0 0 0 0 0 0 0 0 0 0 0 0 0 0 0 0 0 0 0
1.027 4.43041e-05 9.6445e-07 9.6445e-07 9.6445e-07 9.6445e-07 9.6445e-07 9.6445e-07 9.76544e-08 9.76544e-08 9.76544e-08 9.76544e-08 9.76544e-08 9.76544e-08 9.76544e-08 9.76544e-08 9.76544e-08 9.76544e-08 9.76544e-08 9.76544e-08 9.76544e-08 3.86873e-08 3.86873e-08 3.86873e-08 3.86873e-08 3.86873e-08 3.86873e-08 3.86873e-08 3.86873e-08 3.86873e-08 3.86873e-08 3.86873e-08 3.86873e-08 3.86873e-08 3.86873e-08 3.86873e-08 0 0 0 0 0 0 0 0 0 0 0 0 0 0 0 0 0 0 0 0 0 0 0 0 0 0 0 0 0 0 0 0 0 0 0 0 0 0 0 0 0 0 0 0 0 0 0 0 0 0 0 0 0 0 0 0 0 0 0 0
1.17087 0.000296731 1.20399e-06 0 0 0 0 0 0 0 0 0 0 0 0 0 0 0 0 0 0 0 0 0 0 0 0 0 0 0 0 0 0 0 0 0 0 0 0 0 0 0 0 0 0 0 0 0 0 0 0 0 0 0 0 0 0 0 0 0 0 0 0 0 0 0 0 0 0 0 0 0 0 0 0 0 0 0 0 0 0 0 0 0 0 0 0 0 0 0 0 0 0 0 0 0
2.78976 0.000976563 1.02367e-08 1.02367e-08 1.02367e-08 1.02367e-08 1.02367e-08 1.02367e-08 1.02367e-08 1.02367e-08 0 0 0 0 0 0 0 0 0 0 0 0 0 0 0 0 0 0 0 0 0 0 0 0 0 0 0 0 0 0 0 0 0 0 0 0 0 0 0 0 0 0 0 0 0 0 0 0 0 0 0 0 0 0 0 0 0 0 0 0 0 0 0 0 0 0 0 0 0 0 0 0 0 0 0 0 0 0 0 0 0 0 0 0 0 0
3.86644 0.000649733 1.99116e-07 0 0 0 0 0 0 0 0 0 0 0 0 0 0 0 0 0 0 0 0 0 0 0 0 0 0 0 0 0 0 0 0 0 0 0 0 0 0 0 0 0 0 0 0 0 0 0 0 0 0 0 0 0 0 0 0 0 0 0 0 0 0 0 0 0 0 0 0 0 0 0 0 0 0 0 0 0 0 0 0 0 0 0 0 0 0 0 0 0 0 0 0 0
2.16442 2.32064e-05 0 0 0 0 0 0 0 0 0 0 0 0 0 0 0 0 0 0 0 0 0 0 0 0 0 0 0 0 0 0 0 0 0 0 0 0 0 0 0 0 0 0 0 0 0 0 0 0 0 0 0 0 0 0 0 0 0 0 0 0 0 0 0 0 0 0 0 0 0 0 0 0 0 0 0 0 0 0 0 0 0 0 0 0 0 0 0 0 0 0 0 0 0 0
2.74008 5.14423e-06 4.69138e-06 1.25399e-07 0 0 0 0 0 0 0 0 0 0 0 0 0 0 0 0 0 0 0 0 0 0 0 0 0 0 0 0 0 0 0 0 0 0 0 0 0 0 0 0 0 0 0 0 0 0 0 0 0 0 0 0 0 0 0 0 0 0 0 0 0 0 0 0 0 0 0 0 0 0 0 0 0 0 0 0 0 0 0 0 0 0 0 0 0 0 0 0 0 0 0 0
3.01279 3.64362e-05 0 0 0 0 0 0 0 0 0 0 0 0 0 0 0 0 0 0 0 0 0 0 0 0 0 0 0 0 0 0 0 0 0 0 0 0 0 0 0 0 0 0 0 0 0 0 0 0 0 0 0 0 0 0 0 0 0 0 0 0 0 0 0 0 0 0 0 0 0 0 0 0 0 0 0 0 0 0 0 0 0 0 0 0 0 0 0 0 0 0 0 0 0 0
2.6931 0.000245542 4.70643e-07 0 0 0 0 0 0 0 0 0 0 0 0 0 0 0 0 0 0 0 0 0 0 0 0 0 0 0 0 0 0 0 0 0 0 0 0 0 0 0 0 0 0 0 0 0 0 0 0 0 0 0 0 0 0 0 0 0 0 0 0 0 0 0 0 0 0 0 0 0 0 0 0 0 0 0 0 0 0 0 0 0 0 0 0 0 0 0 0 0 0 0 0 0
3.51221 0.000228778 3.79848e-07 0 0 0 0 0 0 0 0 0 0 0 0 0 0 0 0 0 0 0 0 0 0 0 0 0 0 0 0 0 0 0 0 0 0 0 0 0 0 0 0 0 0 0 0 0 0 0 0 0 0 0 0 0 0 0 0 0 0 0 0 0 0 0 0 0 0 0 0 0 0 0 0 0 0 0 0 0 0 0 0 0 0 0 0 0 0 0 0 0 0 0 0 0
1.35537 0.000132319 0 0 0 0 0 0 0 0 0 0 0 0 0 0 0 0 0 0 0 0 0 0 0 0 0 0 0 0 0 0 0 0 0 0 0 0 0 0 0 0 0 0 0 0 0 0 0 0 0 0 0 0 0 0 0 0 0 0 0 0 0 0 0 0 0 0 0 0 0 0 0 0 0 0 0 0 0 0 0 0 0 0 0 0 0 0 0 0 0 0 0 0 0 0
3.6241 0.000354679 6.67054e-08 0 0 0 0 0 0 0 0 0 0 0 0 0 0 0 0 0 0 0 0 0 0 0 0 0 0 0 0 0 0 0 0 0 0 0 0 0 0 0 0 0 0 0 0 0 0 0 0 0 0 0 0 0 0 0 0 0 0 0 0 0 0 0 0 0 0 0 0 0 0 0 0 0 0 0 0 0 0 0 0 0 0 0 0 0 0 0 0 0 0 0 0 0
1.44461 3.97932e-06 1.00398e-06 7.452e-07 7.452e-07 7.452e-07 7.452e-07 4.42264e-08 4.42264e-08 4.42264e-08 4.42264e-08 4.42264e-08 4.35178e-08 4.35178e-08 4.35178e-08 0 0 0 0 0 0 0 0 0 0 0 0 0 0 0 0 0 0 0 0 0 0 0 0 0 0 0 0 0 0 0 0 0 0 0 0 0 0 0 0 0 0 0 0 0 0 0 0 0 0 0 0 0 0 0 0 0 0 0 0 0 0 0 0 0 0 0 0 0 0 0 0 0 0 0 0 0 0 0 0 0
3.09997 0.00011434 7.61388e-08 4.03898e-08 4.03898e-08 4.03898e-08 4.03898e-08 4.03898e-08 4.03898e-08 4.03898e-08 4.03898e-08 0 0 0 0 0 0 0 0 0 0 0 0 0 0 0 0 0 0 0 0 0 0 0 0 0 0 0 0 0 0 0 0 0 0 0 0 0 0 0 0 0 0 0 0 0 0 0 0 0 0 0 0 0 0 0 0 0 0 0 0 0 0 0 0 0 0 0 0 0 0 0 0 0 0 0 0 0 0 0 0 0 0 0 0 0
4.52436 1.10092e-05 9.5475e-07 6.72527e-08 6.72527e-08 6.72527e-08 6.72527e-08 1.76355e-08 1.19396e-08 1.19396e-08 1.19396e-08 1.19396e-08 1.19396e-08 1.19396e-08 1.19396e-08 1.19396e-08 1.19396e-08 1.19396e-08 1.19396e-08 1.19396e-08 1.19396e-08 1.19396e-08 1.19396e-08 1.19396e-08 1.19396e-08 1.19396e-08 1.19396e-08 0 0 0 0 0 0 0 0 0 0 0 0 0 0 0 0 0 0 0 0 0 0 0 0 0 0 0 0 0 0 0 0 0 0 0 0 0 0 0 0 0 0 0 0 0 0 0 0 0 0 0 0 0 0 0 0 0 0 0 0 0 0 0 0 0 0 0 0 0
4.79376 0.000165848 4.41845e-08 4.41845e-08 2.28093e-08 2.28093e-08 2.28093e-08 2.28093e-08 2.28093e-08 1.71247e-08 1.71247e-08 1.71247e-08 1.71247e-08 0 0 0 0 0 0 0 0 0 0 0 0 0 0 0 0 0 0 0 0 0 0 0 0 0 0 0 0 0 0 0 0 0 0 0 0 0 0 0 0 0 0 0 0 0 0 0 0 0 0 0 0 0 0 0 0 0 0 0 0 0 0 0 0 0 0 0 0 0 0 0 0 0 0 0 0 0 0 0 0 0 0 0
3.85769 0.000976563 9.13339e-07 3.79629e-08 1.5479e-08 0 0 0 0 0 0 0 0 0 0 0 0 0 0 0 0 0 0 0 0 0 0 0 0 0 0 0 0 0 0 0 0 0 0 0 0 0 0 0 0 0 0 0 0 0 0 0 0 0 0 0 0 0 0 0 0 0 0 0 0 0 0 0 0 0 0 0 0 0 0 0 0 0 0 0 0 0 0 0 0 0 0 0 0 0 0 0 0 0 0 0
3.1096 5.71948e-06 2.71977e-06 2.26611e-08 2.26611e-08 2.26611e-08 2.26611e-08 2.26611e-08 2.26611e-08 2.26611e-08 2.26611e-08 2.26611e-08 2.26611e-08 2.26611e-08 2.26611e-08 2.26611e-08 1.45038e-08 0 0 0 0 0 0 0 0 0 0 0 0 0 0 0 0 0 0 0 0 0 0 0 0 0 0 0 0 0 0 0 0 0 0 0 0 0 0 0 0 0 0 0 0 0 0 0 0 0 0 0 0 0 0 0 0 0 0 0 0 0 0 0 0 0 0 0 0 0 0 0 0 0 0 0 0 0 0 0
7.30421 5.77289e-06 0 0 0 0 0 0 0 0 0 0 0 0 0 0 0 0 0 0 0 0 0 0 0 0 0 0 0 0 0 0 0 0 0 0 0 0 0 0 0 0 0 0 0 0 0 0 0 0 0 0 0 0 0 0 0 0 0 0 0 0 0 0 0 0 0 0 0 0 0 0 0 0 0 0 0 0 0 0 0 0 0 0 0 0 0 0 0 0 0 0 0 0 0 0
3.81695 2.72695e-07 2.72695e-07 2.72695e-07 2.72695e-07 1.28622e-07 5.83285e-08 5.83285e-08 5.83285e-08 5.83285e-08 1.04238e-08 1.04238e-08 1.04238e-08 1.04238e-08 1.04238e-08 1.04238e-08 1.04238e-08 0 0 0 0 0 0 0 0 0 0 0 0 0 0 0 0 0 0 0 0 0 0 0 0 0 0 0 0 0 0 0 0 0 0 0 0 0 0 0 0 0 0 0 0 0 0 0 0 0 0 0 0 0 0 0 0 0 0 0 0 0 0 0 0 0 0 0 0 0 0 0 0 0 0 0 0 0 0 0
3.03662 2.46507e-06 1.88227e-07 7.64228e-08 7.64228e-08 0 0 0 0 0 0 0 0 0 0 0 0 0 0 0 0 0 0 0 0 0 0 0 0 0 0 0 0 0 0 0 0 0 0 0 0 0 0 0 0 0 0 0 0 0 0 0 0 0 0 0 0 0 0 0 0 0 0 0 0 0 0 0 0 0 0 0 0 0 0 0 0 0 0 0 0 0 0 0 0 0 0 0 0 0 0 0 0 0 0 0
2.5148 1.22909e-06 3.74995e-08 3.74995e-08 3.74995e-08 3.74995e-08 3.74995e-08 3.74995e-08 3.74995e-08 3.74995e-08 2.01294e-08 2.01294e-08 2.01294e-08 0 0 0 0 0 0 0 0 0 0 0 0 0 0 0 0 0 0 0 0 0 0 0 0 0 0 0 0 0 0 0 0 0 0 0 0 0 0 0 0 0 0 0 0 0 0 0 0 0 0 0 0 0 0 0 0 0 0 0 0 0 0 0 0 0 0 0 0 0 0 0 0 0 0 0 0 0 0 0 0 0 0 0
1.42274 0.0009081 5.33815e-08 5.33815e-08 5.33815e-08 5.33815e-08 5.33815e-08 5.33815e-08 0 0 0 0 0 0 0 0 0 0 0 0 0 0 0 0 0 0 0 0 0 0 0 0 0 0 0 0 0 0 0 0 0 0 0 0 0 0 0 0 0 0 0 0 0 0 0 0 0 0 0 0 0 0 0 0 0 0 0 0 0 0 0 0 0 0 0 0 0 0 0 0 0 0 0 0 0 0 0 0 0 0 0 0 0 0 0 0
5.37938 0.000976563 2.84012e-07 2.84012e-07 2.84012e-07 2.25458e-08 0 0 0 0 0 0 0 0 0 0 0 0 0 0 0 0 0 0 0 0 0 0 0 0 0 0 0 0 0 0 0 0 0 0 0 0 0 0 0 0 0 0 0 0 0 0 0 0 0 0 0 0 0 0 0 0 0 0 0 0 0 0 0 0 0 0 0 0 0 0 0 0 0 0 0 0 0 0 0 0 0 0 0 0 0 0 0 0 0 0
6.00766 2.90287e-06 1.80703e-08 1.80703e-08 1.80703e-08 1.80703e-08 1.80703e-08 1.80703e-08 1.80703e-08 1.80703e-08 1.80703e-08 1.80703e-08 1.80703e-08 1.80703e-08 1.80703e-08 1.80703e-08 1.80703e-08 1.80703e-08 1.80703e-08 0 0 0 0 0 0 0 0 0 0 0 0 0 0 0 0 0 0 0 0 0 0 0 0 0 0 0 0 0 0 0 0 0 0 0 0 0 0 0 0 0 0 0 0 0 0 0 0 0 0 0 0 0 0 0 0 0 0 0 0 0 0 0 0 0 0 0 0 0 0 0 0 0 0 0 0 0
1.86379 0.000133924 1.18914e-06 1.85726e-07 5.26026e-08 2.42784e-08 2.42784e-08 2.42784e-08 2.42784e-08 2.42784e-08 2.42784e-08 2.42784e-08 0 0 0 0 0 0 0 0 0 0 0 0 0 0 0 0 0 0 0 0 0 0 0 0 0 0 0 0 0 0 0 0 0 0 0 0 0 0 0 0 0 0 0 0 0 0 0 0 0 0 0 0 0 0 0 0 0 0 0 0 0 0 0 0 0 0 0 0 0 0 0 0 0 0 0 0 0 0 0 0 0 0 0 0
1.38854 7.69691e-06 7.74752e-07 2.88456e-07 2.88456e-07 4.223e-08 4.223e-08 4.223e-08 4.223e-08 4.223e-08 4.223e-08 4.223e-08 1.70229e-08 1.70229e-08 1.70229e-08 1.70229e-08 0 0 0 0 0 0 0 0 0 0 0 0 0 0 0 0 0 0 0 0 0 0 0 0 0 0 0 0 0 0 0 0 0 0 0 0 0 0 0 0 0 0 0 0 0 0 0 0 0 0 0 0 0 0 0 0 0 0 0 0 0 0 0 0 0 0 0 0 0 0 0 0 0 0 0 0 0 0 0 0
2.62254 0.000976563 8.49452e-08 8.49452e-08 8.49452e-08 8.49452e-08 1.79082e-08 1.79082e-08 1.79082e-08 1.79082e-08 1.79082e-08 1.79082e-08 1.79082e-08 1.79082e-08 1.79082e-08 1.79082e-08 1.79082e-08 1.79082e-08 1.79082e-08 1.79082e-08 1.79082e-08 1.79082e-08 1.79082e-08 1.79082e-08 1.79082e-08 1.79082e-08 1.79082e-08 1.79082e-08 1.79082e-08 0 0 0 0 0 0 0 0 0 0 0 0 0 0 0 0 0 0 0 0 0 0 0 0 0 0 0 0 0 0 0 0 0 0 0 0 0 0 0 0 0 0 0 0 0 0 0 0 0 0 0 0 0 0 0 0 0 0 0 0 0 0 0 0 0 0 0
2.49732 2.79045e-05 0 0 0 0 0 0 0 0 0 0 0 0 0 0 0 0 0 0 0 0 0 0 0 0 0 0 0 0 0 0 0 0 0 0 0 0 0 0 0 0 0 0 0 0 0 0 0 0 0 0 0 0 0 0 0 0 0 0 0 0 0 0 0 0 0 0 0 0 0 0 0 0 0 0 0 0 0 0 0 0 0 0 0 0 0 0 0 0 0 0 0 0 0 0
2.08275 2.87258e-05 1.98843e-07 9.55164e-08 9.55164e-08 9.55164e-08 9.55164e-08 9.55164e-08 0 0 0 0 0 0 0 0 0 0 0 0 0 0 0 0 0 0 0 0 0 0 0 0 0 0 0 0 0 0 0 0 0 0 0 0 0 0 0 0 0 0 0 0 0 0 0 0 0 0 0 0 0 0 0 0 0 0 0 0 0 0 0 0 0 0 0 0 0 0 0 0 0 0 0 0 0 0 0 0 0 0 0 0 0 0 0 0
6.92352 1.04319e-06 1.04319e-06 9.04715e-08 9.04715e-08 9.04715e-08 0 0 0 0 0 0 0 0 0 0 0 0 0 0 0 0 0 0 0 0 0 0 0 0 0 0 0 0 0 0 0 0 0 0 0 0 0 0 0 0 0 0 0 0 0 0 0 0 0 0 0 0 0 0 0 0 0 0 0 0 0 0 0 0 0 0 0 0 0 0 0 0 0 0 0 0 0 0 0 0 0 0 0 0 0 0 0 0 0 0
3.79272 3.25112e-06 1.47903e-07 6.43957e-08 6.43957e-08 6.43957e-08 6.43957e-08 6.43957e-08 6.43957e-08 5.62238e-08 5.62238e-08 5.62238e-08 5.62238e-08 5.62238e-08 0 0 0 0 0 0 0 0 0 0 0 0 0 0 0 0 0 0 0 0 0 0 0 0 0 0 0 0 0 0 0 0 0 0 0 0 0 0 0 0 0 0 0 0 0 0 0 0 0 0 0 0 0 0 0 0 0 0 0 0 0 0 0 0 0 0 0 0 0 0 0 0 0 0 0 0 0 0 0 0 0 0
3.2177 4.92318e-06 6.05688e-07 6.05688e-07 6.05688e-07 1.48569e-07 2.21569e-08 2.21569e-08 2.21569e-08 2.21569e-08 2.21569e-08 2.21569e-08 0 0 0 0 0 0 0 0 0 0 0 0 0 0 0 0 0 0 0 0 0 0 0 0 0 0 0 0 0 0 0 0 0 0 0 0 0 0 0 0 0 0 0 0 0 0 0 0 0 0 0 0 0 0 0 0 0 0 0 0 0 0 0 0 0 0 0 0 0 0 0 0 0 0 0 0 0 0 0 0 0 0 0 0
2.27497 6.42023e-06 1.33123e-08 0 0 0 0 0 0 0 0 0 0 0 0 0 0 0 0 0 0 0 0 0 0 0 0 0 0 0 0 0 0 0 0 0 0 0 0 0 0 0 0 0 0 0 0 0 0 0 0 0 0 0 0 0 0 0 0 0 0 0 0 0 0 0 0 0 0 0 0 0 0 0 0 0 0 0 0 0 0 0 0 0 0 0 0 0 0 0 0 0 0 0 0 0
9.80753 0.00012763 5.37923e-06 9.07692e-08 9.07692e-08 9.07692e-08 9.07692e-08 9.07692e-08 9.07692e-08 9.07692e-08 9.07692e-08 9.07692e-08 1.2439e-08 1.2439e-08 1.2439e-08 1.2439e-08 0 0 0 0 0 0 0 0 0 0 0 0 0 0 0 0 0 0 0 0 0 0 0 0 0 0 0 0 0 0 0 0 0 0 0 0 0 0 0 0 0 0 0 0 0 0 0 0 0 0 0 0 0 0 0 0 0 0 0 0 0 0 0 0 0 0 0 0 0 0 0 0 0 0 0 0 0 0 0 0
3.48679 0 0 0 0 0 0 0 0 0 0 0 0 0 0 0 0 0 0 0 0 0 0 0 0 0 0 0 0 0 0 0 0 0 0 0 0 0 0 0 0 0 0 0 0 0 0 0 0 0 0 0 0 0 0 0 0 0 0 0 0 0 0 0 0 0 0 0 0 0 0 0 0 0 0 0 0 0 0 0 0 0 0 0 0 0 0 0 0 0 0 0 0 0 0 0
4.98379 0.0753527 5.45594e-08 0 0 0 0 0 0 0 0 0 0 0 0 0 0 0 0 0 0 0 0 0 0 0 0 0 0 0 0 0 0 0 0 0 0 0 0 0 0 0 0 0 0 0 0 0 0 0 0 0 0 0 0 0 0 0 0 0 0 0 0 0 0 0 0 0 0 0 0 0 0 0 0 0 0 0 0 0 0 0 0 0 0 0 0 0 0 0 0 0 0 0 0 0
5.09013 0.000132861 0 0 0 0 0 0 0 0 0 0 0 0 0 0 0 0 0 0 0 0 0 0 0 0 0 0 0 0 0 0 0 0 0 0 0 0 0 0 0 0 0 0 0 0 0 0 0 0 0 0 0 0 0 0 0 0 0 0 0 0 0 0 0 0 0 0 0 0 0 0 0 0 0 0 0 0 0 0 0 0 0 0 0 0 0 0 0 0 0 0 0 0 0 0
3.74532 7.47974e-06 2.40048e-07 7.87104e-08 7.87104e-08 7.87104e-08 7.87104e-08 7.87104e-08 7.87104e-08 7.87104e-08 7.87104e-08 7.87104e-08 7.87104e-08 5.31916e-08 4.38646e-08 4.38646e-08 4.38646e-08 4.38646e-08 4.38646e-08 4.38646e-08 4.38646e-08 0 0 0 0 0 0 0 0 0 0 0 0 0 0 0 0 0 0 0 0 0 0 0 0 0 0 0 0 0 0 0 0 0 0 0 0 0 0 0 0 0 0 0 0 0 0 0 0 0 0 0 0 0 0 0 0 0 0 0 0 0 0 0 0 0 0 0 0 0 0 0 0 0 0 0
3.81585 0.000976563 1.55029e-06 8.02191e-07 8.02191e-07 7.7927e-07 4.33377e-07 4.33377e-07 1.23906e-08 1.23906e-08 1.23906e-08 1.23906e-08 1.23906e-08 1.23906e-08 1.23906e-08 1.23906e-08 1.23906e-08 1.23906e-08 1.23906e-08 0 0 0 0 0 0 0 0 0 0 0 0 0 0 0 0 0 0 0 0 0 0 0 0 0 0 0 0 0 0 0 0 0 0 0 0 0 0 0 0 0 0 0 0 0 0 0 0 0 0 0 0 0 0 0 0 0 0 0 0 0 0 0 0 0 0 0 0 0 0 0 0 0 0 0 0 0
3.07997 2.68264e-05 2.42025e-07 1.62545e-08 1.62545e-08 1.62545e-08 1.62545e-08 1.62545e-08 1.62545e-08 1.62545e-08 1.62545e-08 1.62545e-08 1.62545e-08 1.62545e-08 1.62545e-08 1.62545e-08 1.26737e-08 0 0 0 0 0 0 0 0 0 0 0 0 0 0 0 0 0 0 0 0 0 0 0 0 0 0 0 0 0 0 0 0 0 0 0 0 0 0 0 0 0 0 0 0 0 0 0 0 0 0 0 0 0 0 0 0 0 0 0 0 0 0 0 0 0 0 0 0 0 0 0 0 0 0 0 0 0 0 0
2.55473 8.91579e-08 8.91579e-08 0 0 0 0 0 0 0 0 0 0 0 0 0 0 0 0 0 0 0 0 0 0 0 0 0 0 0 0 0 0 0 0 0 0 0 0 0 0 0 0 0 0 0 0 0 0 0 0 0 0 0 0 0 0 0 0 0 0 0 0 0 0 0 0 0 0 0 0 0 0 0 0 0 0 0 0 0 0 0 0 0 0 0 0 0 0 0 0 0 0 0 0 0
1.77567 3.63828e-05 0 0 0 0 0 0 0 0 0 0 0 0 0 0 0 0 0 0 0 0 0 0 0 0 0 0 0 0 0 0 0 0 0 0 0 0 0 0 0 0 0 0 0 0 0 0 0 0 0 0 0 0 0 0 0 0 0 0 0 0 0 0 0 0 0 0 0 0 0 0 0 0 0 0 0 0 0 0 0 0 0 0 0 0 0 0 0 0 0 0 0 0 0 0
4.83951 5.01361e-05 7.86089e-07 7.86089e-07 2.63204e-08 2.63204e-08 2.63204e-08 0 0 0 0 0 0 0 0 0 0 0 0 0 0 0 0 0 0 0 0 0 0 0 0 0 0 0 0 0 0 0 0 0 0 0 0 0 0 0 0 0 0 0 0 0 0 0 0 0 0 0 0 0 0 0 0 0 0 0 0 0 0 0 0 0 0 0 0 0 0 0 0 0 0 0 0 0 0 0 0 0 0 0 0 0 0 0 0 0
1.63496 9.91302e-06 0 0 0 0 0 0 0 0 0 0 0 0 0 0 0 0 0 0 0 0 0 0 0 0 0 0 0 0 0 0 0 0 0 0 0 0 0 0 0 0 0 0 0 0 0 0 0 0 0 0 0 0 0 0 0 0 0 0 0 0 0 0 0 0 0 0 0 0 0 0 0 0 0 0 0 0 0 0 0 0 0 0 0 0 0 0 0 0 0 0 0 0 0 0
0.975839 2.19363e-07 2.19363e-07 0 0 0 0 0 0 0 0 0 0 0 0 0 0 0 0 0 0 0 0 0 0 0 0 0 0 0 0 0 0 0 0 0 0 0 0 0 0 0 0 0 0 0 0 0 0 0 0 0 0 0 0 0 0 0 0 0 0 0 0 0 0 0 0 0 0 0 0 0 0 0 0 0 0 0 0 0 0 0 0 0 0 0 0 0 0 0 0 0 0 0 0 0
3.56522 1.54455e-05 2.60687e-06 3.6965e-07 1.28981e-07 1.28981e-07 1.28981e-07 1.28981e-07 1.28981e-07 1.28981e-07 1.25839e-07 1.25839e-07 1.25839e-07 1.25839e-07 1.25839e-07 1.25839e-07 1.25839e-07 1.25839e-07 1.25839e-07 1.25839e-07 6.43836e-08 6.43836e-08 6.43836e-08 6.43836e-08 6.43836e-08 6.43836e-08 1.99536e-08 1.99536e-08 1.99536e-08 1.99536e-08 0 0 0 0 0 0 0 0 0 0 0 0 0 0 0 0 0 0 0 0 0 0 0 0 0 0 0 0 0 0 0 0 0 0 0 0 0 0 0 0 0 0 0 0 0 0 0 0 0 0 0 0 0 0 0 0 0 0 0 0 0 0 0 0 0 0
