671.658 390.056 228.639 140.66 130.356 118.969 114.389 113.222 110.806 109.491 109.491 107.717 107.717 107.547 107.547 106.231 105.616 105.616 105.616 105.616 105.616 104.289 104.289 103.588 103.588 103.513 102.68 101.942 101.942 101.942 101.612 101.394 101.394 101.394 101.248 100.978 100.978 100.88 100.451 100.451 100.27 100.27 100.177 100.062 100.019 100.005 100.002 100.001 100 100 100 100 100 100 100 100 100 100 100 100 100 100 100 100 100 100 100 100 100 100 100 100 100 100 100 100 100 100 100 100 100 100 100 100 100 100 100 100 100 100 100 100 100 100 100 100
812.173 312.842 241.171 165.194 124.166 119.425 115.652 113.165 111.672 110.351 109.492 108.73 108.556 108.403 107.621 106.986 106.956 106.295 103.879 103.879 103.879 103.879 103.879 103.879 101.595 101.595 101.389 101.389 101.389 101.389 100.518 100.518 100.205 100.205 100.205 100.205 100.205 100.205 100.205 100.165 100.082 100.082 100.028 100.013 100.005 100.001 100 100 100 100 100 100 100 100 100 100 100 100 100 100 100 100 100 100 100 100 100 100 100 100 100 100 100 100 100 100 100 100 100 100 100 100 100 100 100 100 100 100 100 100 100 100 100 100 100 100
244.551 244.551 214.383 143.69 118.941 118.941 114.918 111.605 111.583 110.926 109.699 107.106 107.106 106.767 105.197 105.197 105.197 105.197 104.896 104.896 103.517 103.517 103.517 103.517 103.517 103.037 102.842 102.433 101.82 101.82 101.82 101.781 101.781 101.439 101.439 101.439 101.439 101.439 100.801 100.801 100.801 100.696 100.371 100.371 100.271 100.161 100.045 100.025 100.01 100.002 100.001 100 100 100 100 100 100 100 100 100 100 100 100 100 100 100 100 100 100 100 100 100 100 100 100 100 100 100 100 100 100 100 100 100 100 100 100 100 100 100 100 100 100 100 100 100
495.056 297.911 237.089 145.144 127.351 114.991 114.991 112.749 111.332 109.625 109.552 108.583 108.583 108.505 107.843 107.82 107.82 105.866 105.688 105.688 104.132 104.132 104.132 104.077 103.846 103.271 102.777 102.597 102.402 102.402 102.402 102.277 102.277 102.105 102.105 101.412 100.955 100.955 100.907 100.883 100.464 100.464 100.4 100.325 100.157 100.057 100.029 100.008 100.002 100.001 100 100 100 100 100 100 100 100 100 100 100 100 100 100 100 100 100 100 100 100 100 100 100 100 100 100 100 100 100 100 100 100 100 100 100 100 100 100 100 100 100 100 100 100 100 100
337.291 323.578 248.164 136.2 126.029 121.723 114.204 113.079 111.405 110.468 107.591 107.591 107.591 106.83 105.929 105.929 105.579 105.579 105.579 105.579 104.975 104.616 103.554 103.207 102.597 102.425 102.425 102.077 102.005 102.005 101.302 101.302 101.302 101.302 101.302 101.253 101.181 101.051 100.525 100.316 100.316 100.256 100.093 100.028 100.014 100.006 100.002 100.001 100 100 100 100 100 100 100 100 100 100 100 100 100 100 100 100 100 100 100 100 100 100 100 100 100 100 100 100 100 100 100 100 100 100 100 100 100 100 100 100 100 100 100 100 100 100 100 100
466.781 298.877 220.219 135.797 120.574 116.609 114.785 112.596 111.522 110.987 109.522 108.082 108.082 107.724 105.391 105.391 105.391 102.277 102.277 102.277 102.277 102.277 102.277 102.277 102.277 102.277 102.277 102.277 102.277 102.277 101.569 101.569 101.477 101.477 101.477 101.477 100.582 100.569 100.387 100.387 100.387 100.387 100.387 100.387 100.361 100.199 100.056 100.008 100.006 100.002 100 100 100 100 100 100 100 100 100 100 100 100 100 100 100 100 100 100 100 100 100 100 100 100 100 100 100 100 100 100 100 100 100 100 100 100 100 100 100 100 100 100 100 100 100 100
435.155 363.011 208.703 135.659 119.934 118.451 114.06 112.187 111.669 110.215 109.137 107.498 107.498 107.08 106.83 106.83 104.654 104.654 104.654 104.654 103.992 103.992 103.992 103.992 103.992 103.189 102.382 102.168 102.168 102.043 101.706 101.555 101.553 101.193 101.193 101.193 101.006 100.637 100.368 100.368 100.368 100.368 100.3 100.3 100.3 100.16 100.121 100.026 100.012 100.004 100.001 100 100 100 100 100 100 100 100 100 100 100 100 100 100 100 100 100 100 100 100 100 100 100 100 100 100 100 100 100 100 100 100 100 100 100 100 100 100 100 100 100 100 100 100 100
555.025 312.493 216.819 157.822 124.238 117.618 115.333 112.647 111.632 111.045 108.908 108.066 108.066 106.503 106.503 105.348 103.932 103.932 103.932 103.932 103.932 103.561 103.561 102.329 101.7 101.7 101.7 101.221 100.936 100.936 100.936 100.936 100.778 100.778 100.778 100.393 100.393 100.379 100.249 100.116 100.078 100.03 100.009 100.003 100.001 100 100 100 100 100 100 100 100 100 100 100 100 100 100 100 100 100 100 100 100 100 100 100 100 100 100 100 100 100 100 100 100 100 100 100 100 100 100 100 100 100 100 100 100 100 100 100 100 100 100 100
773.361 319.208 234.77 143.231 127.789 119.058 112.948 110.768 110.768 110.654 109.939 108.376 108.151 107.97 107.508 107.508 106.538 105.748 105.633 105.633 105.3 105.3 103.957 103.957 103.957 103.482 103.482 102.17 102.17 102.083 102.005 102.005 101.969 101.969 101.465 101.465 101.211 101.125 101.125 101.125 101.125 101.125 101.089 100.529 100.182 100.095 100.03 100.011 100.003 100 100 100 100 100 100 100 100 100 100 100 100 100 100 100 100 100 100 100 100 100 100 100 100 100 100 100 100 100 100 100 100 100 100 100 100 100 100 100 100 100 100 100 100 100 100 100
551.617 252.068 212.996 137.95 123.032 117.53 113.966 112.393 110.796 109.678 109.678 108.156 108.152 108.152 108.121 106.517 104.261 103.201 103.201 103.201 103.201 103.201 103.201 101.637 101.637 101.637 101.512 101.512 101.282 101.1 101.1 100.832 100.832 100.598 100.265 100.245 100.245 100.245 100.164 100.156 100.155 100.063 100.023 100.009 100.004 100.001 100 100 100 100 100 100 100 100 100 100 100 100 100 100 100 100 100 100 100 100 100 100 100 100 100 100 100 100 100 100 100 100 100 100 100 100 100 100 100 100 100 100 100 100 100 100 100 100 100 100
758.887 369.671 181.925 128.893 122.105 117.145 115.482 112.926 110.831 110.715 109.576 108.623 107.721 107.721 105.154 105.154 105.154 105.014 105.014 103.081 103.081 103.081 102.854 102.452 102.452 102.452 102.452 101.657 101.657 101.657 101.657 101.657 101.642 101.642 101.206 100.849 100.77 100.563 100.522 100.369 100.141 100.085 100.032 100.013 100.003 100.001 100 100 100 100 100 100 100 100 100 100 100 100 100 100 100 100 100 100 100 100 100 100 100 100 100 100 100 100 100 100 100 100 100 100 100 100 100 100 100 100 100 100 100 100 100 100 100 100 100 100
702.254 285.256 221.761 126.105 120.902 117.812 112.848 111.945 110.937 110.795 106.994 106.697 106.371 106.371 106.371 106.371 106.371 103.831 103.831 103.831 103.831 103.831 103.831 102.167 102.167 102.167 101.51 101.51 101.222 101.192 101.192 101.192 100.614 100.614 100.614 100.614 100.575 100.315 100.256 100.168 100.099 100.03 100.016 100.006 100.002 100.001 100 100 100 100 100 100 100 100 100 100 100 100 100 100 100 100 100 100 100 100 100 100 100 100 100 100 100 100 100 100 100 100 100 100 100 100 100 100 100 100 100 100 100 100 100 100 100 100 100 100
762.676 255.386 234.259 144.606 127.914 120.49 115.84 114.076 111.544 110.301 109.42 109.041 107.531 107.531 107.531 107.25 105.266 105.266 105.266 105.266 104.684 104.684 104.684 104.327 104.327 103.427 102.673 101.829 101.829 101.501 101.501 101.383 101.383 101.383 101.383 101.383 101.383 101.285 101.066 100.691 100.618 100.419 100.236 100.078 100.027 100.006 100.001 100 100 100 100 100 100 100 100 100 100 100 100 100 100 100 100 100 100 100 100 100 100 100 100 100 100 100 100 100 100 100 100 100 100 100 100 100 100 100 100 100 100 100 100 100 100 100 100 100
551.576 225.978 214.282 132.848 117.895 117.895 114.256 112.366 111.019 108.044 108.044 108.044 108.044 104.518 104.518 104.518 104.518 104.518 102.74 102.74 102.74 102.74 102.41 102.41 102.41 102.168 102.168 101.833 101.648 100.88 100.88 100.88 100.88 100.88 100.88 100.88 100.787 100.787 100.511 100.361 100.229 100.165 100.052 100.033 100.012 100.003 100.001 100 100 100 100 100 100 100 100 100 100 100 100 100 100 100 100 100 100 100 100 100 100 100 100 100 100 100 100 100 100 100 100 100 100 100 100 100 100 100 100 100 100 100 100 100 100 100 100 100
840.045 244.887 233.2 142.882 131.354 120.532 113.748 111.198 111.198 109.014 109.014 108.73 107.246 104.53 104.53 104.53 104.53 104.53 104.53 103.573 103.573 103.022 103.022 103.022 103.022 102.44 102.44 102.298 101.794 101.202 101.202 101.159 101.159 100.574 100.275 100.275 100.275 100.275 100.275 100.251 100.111 100.056 100.021 100.005 100.002 100.001 100 100 100 100 100 100 100 100 100 100 100 100 100 100 100 100 100 100 100 100 100 100 100 100 100 100 100 100 100 100 100 100 100 100 100 100 100 100 100 100 100 100 100 100 100 100 100 100 100 100
672.713 346.564 227.024 128.12 122.191 116.231 115.844 112.547 110.579 109.365 109.365 107.993 106.327 105.959 104.891 104.298 104.298 102.686 102.686 102.686 102.686 102.686 102.062 102.062 102.062 102.062 102.062 102.051 102.051 101.954 101.473 100.906 100.906 100.892 100.892 100.892 100.829 100.705 100.489 100.249 100.13 100.098 100.049 100.01 100.003 100.001 100 100 100 100 100 100 100 100 100 100 100 100 100 100 100 100 100 100 100 100 100 100 100 100 100 100 100 100 100 100 100 100 100 100 100 100 100 100 100 100 100 100 100 100 100 100 100 100 100 100
382.875 304.802 183.264 143.169 127.526 119.026 113.776 111.996 110.95 110.717 110.072 108.743 107.26 106.416 106.416 106.416 103.264 103.264 103.264 103.264 103.264 103.264 102.824 102.824 102.824 102.824 102.536 102.536 101.501 101.501 101.467 101.271 101.156 100.962 100.631 100.587 100.587 100.587 100.256 100.256 100.246 100.245 100.096 100.025 100.005 100.002 100.001 100 100 100 100 100 100 100 100 100 100 100 100 100 100 100 100 100 100 100 100 100 100 100 100 100 100 100 100 100 100 100 100 100 100 100 100 100 100 100 100 100 100 100 100 100 100 100 100 100
614.635 352.009 209.118 145.435 121.894 121.894 115.246 114.059 111.253 111.12 110.054 104.559 104.559 104.559 104.559 103.614 103.614 103.614 103.614 103.614 103.614 103.614 103.614 103.614 103.614 101.823 101.823 101.823 101.823 100.976 100.976 100.976 100.976 100.976 100.976 100.745 100.374 100.374 100.374 100.194 100.106 100.063 100.01 100.004 100.001 100 100 100 100 100 100 100 100 100 100 100 100 100 100 100 100 100 100 100 100 100 100 100 100 100 100 100 100 100 100 100 100 100 100 100 100 100 100 100 100 100 100 100 100 100 100 100 100 100 100 100
456.605 274.692 187.275 128.168 124.917 116.931 114.628 111.43 110.104 109.906 109.906 108.242 107.51 107.136 106.831 106.831 104.651 104.651 104.651 104.651 104.651 104.651 104.635 103.461 102.498 102.498 102.498 101.76 101.018 101.018 100.763 100.763 100.725 100.544 100.515 100.319 100.171 100.171 100.171 100.089 100.048 100.014 100.005 100.002 100.001 100 100 100 100 100 100 100 100 100 100 100 100 100 100 100 100 100 100 100 100 100 100 100 100 100 100 100 100 100 100 100 100 100 100 100 100 100 100 100 100 100 100 100 100 100 100 100 100 100 100 100
609.435 265.553 249.666 150.174 132.057 118.839 115.784 113.798 111.572 110.573 107.957 106.57 106.57 106.57 105.271 105.271 105.271 105.271 105.271 105.271 104.774 104.774 104.774 104.774 104.774 104.063 103.469 102.963 102.649 102.649 102.648 101.691 101.665 101.665 101.435 100.751 100.751 100.751 100.645 100.645 100.428 100.428 100.359 100.266 100.135 100.06 100.014 100.005 100.001 100 100 100 100 100 100 100 100 100 100 100 100 100 100 100 100 100 100 100 100 100 100 100 100 100 100 100 100 100 100 100 100 100 100 100 100 100 100 100 100 100 100 100 100 100 100 100
379.66 281.628 242.493 137.313 128.355 117.26 114.505 113.912 110.955 109.872 109.356 107.517 106.741 106.741 106.741 105.496 105.496 105.496 104.474 104.474 104.474 104.474 103.023 103.009 102.799 102.408 101.741 101.603 101.603 101.603 101.603 101.015 101.015 100.777 100.576 100.576 100.497 100.419 100.4 100.298 100.16 100.16 100.088 100.041 100.015 100.005 100.001 100 100 100 100 100 100 100 100 100 100 100 100 100 100 100 100 100 100 100 100 100 100 100 100 100 100 100 100 100 100 100 100 100 100 100 100 100 100 100 100 100 100 100 100 100 100 100 100 100
456.67 313.62 220.222 129.423 123.361 117.104 113.12 112.004 110.805 108.59 108.59 108.01 108.01 107.189 107.189 107.189 106.912 106.912 104.226 104.226 104.226 103.696 103.355 103.355 102.734 102.734 102.734 102.202 101.306 101.306 101.306 101.306 101.306 101.209 101.209 101.209 100.976 100.687 100.478 100.354 100.354 100.177 100.165 100.086 100.025 100.005 100.003 100.001 100 100 100 100 100 100 100 100 100 100 100 100 100 100 100 100 100 100 100 100 100 100 100 100 100 100 100 100 100 100 100 100 100 100 100 100 100 100 100 100 100 100 100 100 100 100 100 100
692.44 336.07 262.625 160.123 125.656 119.358 116.686 112.621 110.3 110.3 108.991 108.548 108.215 108.215 106.384 106.384 105.804 104.561 104.561 104.561 104.561 104.561 102.444 102.444 102.444 102.444 102.444 102.444 102.194 102.194 101.657 101.576 101.576 101.401 100.466 100.466 100.466 100.466 100.466 100.325 100.246 100.095 100.02 100.008 100.002 100.001 100 100 100 100 100 100 100 100 100 100 100 100 100 100 100 100 100 100 100 100 100 100 100 100 100 100 100 100 100 100 100 100 100 100 100 100 100 100 100 100 100 100 100 100 100 100 100 100 100 100
587.357 303.079 181.632 144.445 127.649 118.587 115.222 113.097 109.904 106.559 106.559 106.559 106.559 106.559 106.559 106.559 106.559 106.559 106.559 106.26 104.998 104.998 104.998 104.998 104.878 104.878 103.97 103.309 103.309 101.487 101.487 100.571 100.571 100.531 100.531 100.531 100.51 100.34 100.34 100.201 100.201 100.201 100.201 100.201 100.201 100.1 100.028 100.008 100.003 100.001 100 100 100 100 100 100 100 100 100 100 100 100 100 100 100 100 100 100 100 100 100 100 100 100 100 100 100 100 100 100 100 100 100 100 100 100 100 100 100 100 100 100 100 100 100 100
552.973 337.69 261.704 131.904 126.55 116.67 115.976 112.687 111.429 108.345 108.345 105.509 104.552 104.552 104.552 104.552 104.552 104.167 104.167 104.167 104.167 103.413 103.413 102.732 102.732 102.732 102.732 101.962 101.962 101.5 101.435 101.189 100.74 100.629 100.597 100.482 100.368 100.368 100.129 100.129 100.065 100.019 100.005 100.002 100.001 100 100 100 100 100 100 100 100 100 100 100 100 100 100 100 100 100 100 100 100 100 100 100 100 100 100 100 100 100 100 100 100 100 100 100 100 100 100 100 100 100 100 100 100 100 100 100 100 100 100 100
820.601 285.242 245.079 128.561 126.077 118.164 114.728 113.157 111.103 110.75 105.895 105.895 105.895 105.895 105.895 105.895 105.895 105.895 105.895 105.895 105.895 104.75 104.508 103.871 101.961 101.961 101.961 101.961 101.961 101.211 101.211 101.061 100.828 100.579 100.556 100.309 100.309 100.309 100.253 100.102 100.032 100.011 100.002 100.001 100 100 100 100 100 100 100 100 100 100 100 100 100 100 100 100 100 100 100 100 100 100 100 100 100 100 100 100 100 100 100 100 100 100 100 100 100 100 100 100 100 100 100 100 100 100 100 100 100 100 100 100
581.547 423.03 230.194 135.723 123.863 116.262 112.361 112.361 110.573 110.482 109.354 108.758 106.626 103.674 103.674 103.674 103.674 103.674 103.647 103.647 103.647 103.647 103.647 103.097 103.097 103.097 102.211 101.783 101.783 101.783 101.56 101.56 101.56 101.359 101.306 100.878 100.878 100.801 100.801 100.588 100.344 100.277 100.08 100.061 100.018 100.008 100.002 100.001 100 100 100 100 100 100 100 100 100 100 100 100 100 100 100 100 100 100 100 100 100 100 100 100 100 100 100 100 100 100 100 100 100 100 100 100 100 100 100 100 100 100 100 100 100 100 100 100
687.098 229.568 179.461 148.255 126.811 118.948 113.917 113.318 110.956 110.731 110.215 109.042 103.953 103.953 103.953 103.953 103.953 103.953 103.885 103.885 103.457 103.457 103.361 103.361 103.361 101.983 101.983 101.983 101.983 101.94 101.94 101.94 101.259 101.222 101.222 101.222 100.927 100.927 100.832 100.426 100.353 100.317 100.051 100.051 100.035 100.023 100.004 100.002 100.001 100 100 100 100 100 100 100 100 100 100 100 100 100 100 100 100 100 100 100 100 100 100 100 100 100 100 100 100 100 100 100 100 100 100 100 100 100 100 100 100 100 100 100 100 100 100 100
708.342 310.792 244.31 131.025 126.029 118.337 113.754 112.499 110.417 109.813 108.025 108.025 107.078 107.078 107.078 106.307 105.894 105.87 105.87 105.87 104.256 104.256 104.256 102.742 102.742 102.742 102.742 102.742 102.742 102.742 102.68 102.68 102.68 102.68 102.103 101.904 101.904 101.904 101.196 101.096 101.096 101.062 100.644 100.644 100.644 100.365 100.215 100.208 100.142 100.06 100.01 100.002 100.001 100 100 100 100 100 100 100 100 100 100 100 100 100 100 100 100 100 100 100 100 100 100 100 100 100 100 100 100 100 100 100 100 100 100 100 100 100 100 100 100 100 100 100
728.783 417.05 232.399 131.839 124.936 119.764 114.89 112.603 111.04 110.931 110.141 109.829 104.881 104.881 104.881 104.881 104.881 104.223 103.326 103.326 103.326 103.326 102.635 102.635 101.903 101.903 101.903 101.903 101.903 101.645 101.485 101.485 101.337 101.337 101.134 100.495 100.486 100.486 100.486 100.404 100.33 100.33 100.33 100.291 100.255 100.101 100.101 100.087 100.025 100.015 100.004 100.002 100.001 100 100 100 100 100 100 100 100 100 100 100 100 100 100 100 100 100 100 100 100 100 100 100 100 100 100 100 100 100 100 100 100 100 100 100 100 100 100 100 100 100 100 100
598.227 346.618 243.621 141.538 120.879 120.879 115.771 112.333 111.935 109.299 107.167 107.167 107.167 106.729 106.343 106.343 105.512 104.576 104.576 104.576 104.576 104.576 104.576 104.576 104.218 104.218 103.342 102.909 102.909 102.693 102.142 101.484 101.484 101.484 101.484 101.314 100.992 100.697 100.697 100.697 100.697 100.697 100.697 100.697 100.682 100.682 100.682 100.404 100.404 100.39 100.39 100.331 100.291 100.206 100.053 100.023 100.007 100.004 100.001 100 100 100 100 100 100 100 100 100 100 100 100 100 100 100 100 100 100 100 100 100 100 100 100 100 100 100 100 100 100 100 100 100 100 100 100 100
884.379 293.412 225.282 142.075 131.839 117.622 114.579 112.378 111.589 109.253 109.253 109.253 108.17 108.17 105.702 105.702 105.702 104.74 104.189 102.967 102.967 102.967 102.967 102.355 102.355 102.355 102.355 101.894 101.806 101.806 101.806 101.806 101.675 101.675 101.593 101.069 100.79 100.79 100.752 100.752 100.752 100.601 100.543 100.455 100.455 100.455 100.455 100.343 100.335 100.186 100.095 100.069 100.032 100.014 100.002 100.001 100 100 100 100 100 100 100 100 100 100 100 100 100 100 100 100 100 100 100 100 100 100 100 100 100 100 100 100 100 100 100 100 100 100 100 100 100 100 100 100
430.826 212.284 212.284 147.236 132.203 118.725 115.175 112.93 111.749 109.108 109.108 108.363 108.363 107.236 107.145 106.061 106.061 104.948 104.948 104.56 104.441 103.822 103.822 103.822 103.266 102.988 102.988 101.963 101.79 101.79 101.79 100.868 100.729 100.729 100.729 100.226 100.226 100.226 100.201 100.133 100.06 100.015 100.008 100.003 100.001 100 100 100 100 100 100 100 100 100 100 100 100 100 100 100 100 100 100 100 100 100 100 100 100 100 100 100 100 100 100 100 100 100 100 100 100 100 100 100 100 100 100 100 100 100 100 100 100 100 100 100
413.478 286.126 190.776 140.247 126.922 117.269 114.842 112.597 110.553 109.951 108.331 107.96 107.579 107.579 103.399 102.273 102.273 102.273 102.273 102.273 102.273 102.273 102.273 102.273 102.273 102.273 102.273 102.273 101.337 101.337 101.337 100.894 100.776 100.776 100.515 100.377 100.377 100.337 100.229 100.085 100.037 100.011 100.004 100.001 100 100 100 100 100 100 100 100 100 100 100 100 100 100 100 100 100 100 100 100 100 100 100 100 100 100 100 100 100 100 100 100 100 100 100 100 100 100 100 100 100 100 100 100 100 100 100 100 100 100 100 100
616.157 298.675 212.679 138.005 125.988 119.473 113.792 112.3 110.709 110.453 108.432 108.133 108.001 107 103.02 103.02 103.02 103.02 103.02 103.02 103.02 103 103 103 102.782 102.782 102.782 102.782 102.782 102.782 102.782 102.234 102.234 101.766 101.766 101.523 101.28 101.165 100.633 100.633 100.633 100.407 100.407 100.243 100.138 100.082 100.02 100.006 100.003 100.001 100 100 100 100 100 100 100 100 100 100 100 100 100 100 100 100 100 100 100 100 100 100 100 100 100 100 100 100 100 100 100 100 100 100 100 100 100 100 100 100 100 100 100 100 100 100
759.212 286.93 157.124 133.871 122.94 121.362 115.098 113.146 111.097 110.65 109.804 108.445 108.445 104.783 104.394 104.394 104.394 103.617 103.617 102.342 102.342 102.342 101.972 101.929 101.929 101.929 101.929 101.929 101.151 101.151 101.151 100.916 100.916 100.683 100.419 100.419 100.255 100.094 100.094 100.03 100.018 100.006 100.003 100.001 100 100 100 100 100 100 100 100 100 100 100 100 100 100 100 100 100 100 100 100 100 100 100 100 100 100 100 100 100 100 100 100 100 100 100 100 100 100 100 100 100 100 100 100 100 100 100 100 100 100 100 100
642.175 334.04 219.088 131.054 122.119 119.935 116.323 112.286 111.159 107.882 107.882 106.925 105.535 105.535 105.535 105.535 105.535 105.535 102.375 102.375 102.375 102.375 102.375 102.375 102.375 102.375 102.375 102.375 102.375 102.375 101.993 101.855 101.842 101.842 101.641 101.557 101.357 100.906 100.768 100.768 100.768 100.768 100.768 100.768 100.304 100.304 100.304 100.276 100.206 100.16 100.044 100.017 100.007 100.002 100 100 100 100 100 100 100 100 100 100 100 100 100 100 100 100 100 100 100 100 100 100 100 100 100 100 100 100 100 100 100 100 100 100 100 100 100 100 100 100 100 100
506.996 298.878 222.768 143.196 119.291 116.771 113.586 112.452 110.526 110.037 105.506 105.506 105.506 105.506 105.506 105.506 105.506 105.506 105.506 104.433 104.184 104.184 104.184 103.176 103.176 102.721 102.553 101.941 101.643 101.643 101.643 101.544 101.544 101.544 101.544 101.316 101.316 100.926 100.926 100.926 100.926 100.545 100.218 100.218 100.218 100.211 100.211 100.121 100.065 100.031 100.011 100.005 100.001 100.001 100 100 100 100 100 100 100 100 100 100 100 100 100 100 100 100 100 100 100 100 100 100 100 100 100 100 100 100 100 100 100 100 100 100 100 100 100 100 100 100 100 100
507.656 288.399 162.647 132.49 119.101 119.101 114.536 111.582 111.28 109.689 109.08 107.382 105.894 105.894 105.894 105.894 104.859 104.859 103.771 103.689 103.275 103.275 102.502 102.502 102.502 102.502 102.502 102.434 101.685 101.685 101.685 101.578 101.29 101.127 100.542 100.542 100.46 100.368 100.193 100.068 100.022 100.008 100.002 100.001 100 100 100 100 100 100 100 100 100 100 100 100 100 100 100 100 100 100 100 100 100 100 100 100 100 100 100 100 100 100 100 100 100 100 100 100 100 100 100 100 100 100 100 100 100 100 100 100 100 100 100 100
609.568 345.001 195.024 131.661 128.482 118.486 113.728 111.795 111.051 109.416 109.416 106.6 106.6 106.6 105.863 105.863 105.863 105.775 105.775 104.69 104.212 104.136 104.136 103.471 102.783 102.783 102.783 102.631 102.631 102.631 102.144 101.903 101.739 101.097 100.974 100.611 100.611 100.611 100.485 100.473 100.473 100.273 100.2 100.047 100.025 100.009 100.003 100.001 100 100 100 100 100 100 100 100 100 100 100 100 100 100 100 100 100 100 100 100 100 100 100 100 100 100 100 100 100 100 100 100 100 100 100 100 100 100 100 100 100 100 100 100 100 100 100 100
343.029 343.029 199.725 140.621 132.714 119.084 114.9 112.922 111.767 110.113 109.232 108.218 108.188 108.188 107.508 106.778 106.778 103.967 103.967 103.967 103.046 103.046 103.046 103.046 103.046 103.046 103.046 102.217 102.217 102.217 102.217 102.103 101.703 101.049 101.018 100.757 100.757 100.617 100.478 100.472 100.472 100.243 100.204 100.048 100.031 100.01 100.003 100.001 100 100 100 100 100 100 100 100 100 100 100 100 100 100 100 100 100 100 100 100 100 100 100 100 100 100 100 100 100 100 100 100 100 100 100 100 100 100 100 100 100 100 100 100 100 100 100 100
795.866 289.562 269.099 140.261 127.6 119.448 115.547 112.11 111.615 110.562 108.032 108.032 108.032 107.623 107.185 106.895 105.778 105.636 105.636 105.601 105.163 105.072 105.072 104.925 104.618 102.205 102.205 102.205 102.205 102.205 102.205 102.205 101.796 101.796 101.651 101.319 101.319 101.125 101.125 101.094 101.094 101.02 100.699 100.492 100.483 100.255 100.066 100.024 100.005 100.003 100.001 100 100 100 100 100 100 100 100 100 100 100 100 100 100 100 100 100 100 100 100 100 100 100 100 100 100 100 100 100 100 100 100 100 100 100 100 100 100 100 100 100 100 100 100 100
436.834 282.597 202.972 137.443 127.616 117.048 115.551 113.099 111.527 110.869 109.372 108.449 107.712 105.897 104.589 104.589 104.589 104.589 104.589 104.589 104.589 104.589 104.589 104.079 103.642 103.642 103.642 101.455 101.455 101.397 101.381 101.235 101.202 101.202 100.693 100.693 100.657 100.657 100.315 100.315 100.044 100.039 100.004 100.002 100.001 100 100 100 100 100 100 100 100 100 100 100 100 100 100 100 100 100 100 100 100 100 100 100 100 100 100 100 100 100 100 100 100 100 100 100 100 100 100 100 100 100 100 100 100 100 100 100 100 100 100 100
815.451 411.284 246.58 142.406 122.902 116.307 115.422 111.735 111.454 109.049 109.049 106.26 106.26 106.26 106.26 106.26 106.26 106.26 104.628 104.628 104.264 104.264 104.264 104.264 104.264 103.991 103.626 102.208 102.032 101.963 101.882 101.844 101.587 101.318 101.318 101.318 101.142 101.036 101.036 101.036 101.036 101.036 101.036 101.036 100.906 100.826 100.771 100.566 100.549 100.464 100.296 100.296 100.296 100.221 100.148 100.058 100.058 100.031 100.016 100.006 100.002 100.001 100 100 100 100 100 100 100 100 100 100 100 100 100 100 100 100 100 100 100 100 100 100 100 100 100 100 100 100 100 100 100 100 100 100
703.15 350.845 239.274 130.302 118.941 118.941 114.778 112.001 112.001 111.37 110.022 109.111 108.043 108.043 108.043 107.92 105.773 105.773 105.773 105.773 105.773 104.986 104.832 104.832 104.703 102.795 102.795 102.758 101.886 101.886 101.886 100.711 100.711 100.711 100.711 100.711 100.711 100.711 100.711 100.711 100.37 100.37 100.19 100.163 100.051 100.022 100.008 100.004 100.002 100.001 100 100 100 100 100 100 100 100 100 100 100 100 100 100 100 100 100 100 100 100 100 100 100 100 100 100 100 100 100 100 100 100 100 100 100 100 100 100 100 100 100 100 100 100 100 100
649.815 247.424 226.299 126.461 124.531 115.412 113.711 112.98 111.749 109.724 107.433 107.433 107.4 107.145 105.425 105.425 105.425 105.425 105.425 105.425 104.097 104.097 104.097 102.62 102.375 102.375 102.375 101.772 101.772 101.33 101.33 101.253 101.253 101.253 101.253 101.253 100.621 100.621 100.621 100.487 100.423 100.423 100.423 100.423 100.35 100.226 100.071 100.057 100.009 100.005 100.002 100.001 100 100 100 100 100 100 100 100 100 100 100 100 100 100 100 100 100 100 100 100 100 100 100 100 100 100 100 100 100 100 100 100 100 100 100 100 100 100 100 100 100 100 100 100
631.29 331.815 257.323 137.423 129.345 120.731 114.633 113.328 111.987 109.582 109.582 108.768 107.895 107.895 106.932 106.932 106.932 106.932 106.348 106.348 105.116 105.116 105.026 104.437 103.568 103.564 103.039 103.039 103.039 101.041 101.041 101.041 101.041 101.041 101.041 101.041 101.041 101.041 101.041 100.829 100.782 100.405 100.307 100.161 100.094 100.021 100.007 100.001 100.001 100 100 100 100 100 100 100 100 100 100 100 100 100 100 100 100 100 100 100 100 100 100 100 100 100 100 100 100 100 100 100 100 100 100 100 100 100 100 100 100 100 100 100 100 100 100 100
531.652 333.804 187.386 141.055 124.183 118.397 111.51 111.51 110.543 110.508 109.341 108.38 108.38 104.955 102.888 102.888 102.888 102.888 102.888 102.888 102.888 102.888 102.888 102.888 102.888 102.888 102.888 102.714 102.714 102.468 101.636 101.636 101.636 101.498 101.333 101.171 101.171 101.066 100.681 100.647 100.505 100.314 100.253 100.109 100.042 100.015 100.006 100.002 100 100 100 100 100 100 100 100 100 100 100 100 100 100 100 100 100 100 100 100 100 100 100 100 100 100 100 100 100 100 100 100 100 100 100 100 100 100 100 100 100 100 100 100 100 100 100 100
784.112 320.093 271.583 132.163 127.05 115.111 112.631 111.453 111.071 110.279 109.711 108.89 108.062 107.91 106.356 106.356 105.792 105.792 103.588 103.588 103.188 103.188 103.188 103.067 102.874 101.762 101.726 100.954 100.954 100.893 100.591 100.265 100.265 100.18 100.09 100.09 100.062 100.05 100.015 100.011 100.003 100.001 100 100 100 100 100 100 100 100 100 100 100 100 100 100 100 100 100 100 100 100 100 100 100 100 100 100 100 100 100 100 100 100 100 100 100 100 100 100 100 100 100 100 100 100 100 100 100 100 100 100 100 100 100 100
467.845 381.46 198.66 141.491 123.689 119.605 116.34 111.546 111.546 109.684 109.684 107.45 107.45 107.45 107.45 107.45 106.234 106.234 106.234 106.219 105.63 105.63 104.244 104.207 104.207 103.846 102.509 101.789 101.789 101.743 101.535 101.154 101.077 101.077 101.072 101.072 100.986 100.986 100.823 100.571 100.559 100.559 100.343 100.322 100.126 100.07 100.018 100.013 100.003 100.001 100.001 100 100 100 100 100 100 100 100 100 100 100 100 100 100 100 100 100 100 100 100 100 100 100 100 100 100 100 100 100 100 100 100 100 100 100 100 100 100 100 100 100 100 100 100 100
788.692 287.075 202.553 145.443 119.663 118.648 115.062 113.209 111.359 110.017 108.94 108.94 107.81 106.343 106.343 106.343 106.343 105.978 105.336 105.336 105.336 104.693 104.409 104.409 102.974 102.974 102.974 101.962 101.962 101.958 101.958 101.958 100.944 100.944 100.944 100.929 100.721 100.647 100.54 100.54 100.523 100.523 100.371 100.231 100.113 100.075 100.03 100.007 100.003 100.001 100 100 100 100 100 100 100 100 100 100 100 100 100 100 100 100 100 100 100 100 100 100 100 100 100 100 100 100 100 100 100 100 100 100 100 100 100 100 100 100 100 100 100 100 100 100
