43251.6 26339.1 24675.7 13728.8 10943.7 8695.21 8190.02 5501.37 3978.34 3110.47 2062.35 1909.58 1217.58 903.887 545.278 501.137 421.133 300.357 167.548 109.033 33.6282 31.6029 18.7072 12.8634 9.28541 4.19084 2.27496 1.52948 1.01839 0.591475 0.281873 0.119848 0.0486982 0.0163206 0.00596233 0.00286168 0.00110062 0.000394585 0.000155948 3.7713e-05 9.21105e-06 1.72961e-06 3.96231e-07 1.02426e-07 2.16348e-08 0 0 0 0 0 0 0 0 0 0 0 0 0 0 0 0 0 0 0 0 0 0 0 0 0 0 0 0 0 0 0 0 0 0 0 0 0 0 0 0 0 0 0 0 0 0 0 0 0 0 0 0 0 0
45481.9 25677.9 20872.8 12211 9663.61 8858.16 5205.49 4875.26 3437.08 2437.53 2016.13 1399.57 1105.83 805.934 592.55 296.232 274.929 203.336 133.511 67.7525 48.5537 29.5008 16.0757 9.5501 5.91374 2.74769 1.95513 1.33739 0.903179 0.392636 0.156219 0.0845244 0.039157 0.0144895 0.00598438 0.00215004 0.00105509 0.000317136 0.000120831 2.43267e-05 5.69116e-06 1.31313e-06 2.3229e-07 5.43398e-08 0 0 0 0 0 0 0 0 0 0 0 0 0 0 0 0 0 0 0 0 0 0 0 0 0 0 0 0 0 0 0 0 0 0 0 0 0 0 0 0 0 0 0 0 0 0 0 0 0 0 0 0 0 0 0
35624.3 32347.7 18991.7 9524.41 9524.41 8707.23 6289.92 5301.55 3621.4 3191.11 1788.09 1681.35 1121.18 897.76 692.181 482.146 218.033 218.033 176.983 103.208 60.6728 31.1531 15.9102 9.23423 6.13532 3.2233 1.95646 1.3036 0.852958 0.436362 0.213428 0.0803763 0.0262608 0.0109382 0.0046723 0.00188493 0.000762196 0.000255473 0.00011107 2.45315e-05 5.49444e-06 1.5164e-06 2.7553e-07 5.71279e-08 1.37909e-08 0 0 0 0 0 0 0 0 0 0 0 0 0 0 0 0 0 0 0 0 0 0 0 0 0 0 0 0 0 0 0 0 0 0 0 0 0 0 0 0 0 0 0 0 0 0 0 0 0 0 0 0 0 0
44597.4 34906.7 24743.3 12567.2 11304.3 7173.45 7173.45 5550.51 3664.36 2798.67 2204 1685.22 1377.84 925.021 699.073 363.807 281.002 180.362 142.886 67.0526 50.2034 25.4068 20.7925 11.3916 7.71314 4.08488 1.80467 1.35584 0.910715 0.53847 0.166727 0.0977134 0.0465531 0.0171585 0.00551032 0.00225332 0.000882289 0.000387587 0.00012954 3.16367e-05 6.79898e-06 1.75512e-06 3.50951e-07 7.834e-08 1.37694e-08 0 0 0 0 0 0 0 0 0 0 0 0 0 0 0 0 0 0 0 0 0 0 0 0 0 0 0 0 0 0 0 0 0 0 0 0 0 0 0 0 0 0 0 0 0 0 0 0 0 0 0 0 0 0
43538.6 28215.7 22323.1 14338.8 9636.13 9348.43 7662.82 5990.65 3830.26 2933.22 2553.48 1751.15 992.739 872.949 495.949 467.149 355.56 210.877 182.269 115.318 51.8389 21.0088 14.484 9.67172 6.0389 3.36254 1.89002 1.31599 0.73888 0.441835 0.203291 0.0871822 0.0344407 0.00949637 0.00492789 0.00200752 0.000780228 0.000260184 0.000125807 2.44195e-05 5.86008e-06 1.11687e-06 2.19418e-07 5.09851e-08 0 0 0 0 0 0 0 0 0 0 0 0 0 0 0 0 0 0 0 0 0 0 0 0 0 0 0 0 0 0 0 0 0 0 0 0 0 0 0 0 0 0 0 0 0 0 0 0 0 0 0 0 0 0 0
47541.4 27847.7 22188.7 15527.2 10942.3 7935.36 6025.26 4959.44 3492.49 2313.52 1700.61 1169.66 917.359 720.735 435.384 363.627 264.914 207.763 152.431 94.1072 48.1032 25.5968 12.7738 7.96426 4.74198 2.90674 1.67565 1.03814 0.642665 0.382502 0.158738 0.0731598 0.0303723 0.00879231 0.00380693 0.00146374 0.000544981 0.000198626 7.28049e-05 1.37901e-05 3.49571e-06 7.51026e-07 2.03944e-07 4.54002e-08 1.04658e-08 0 0 0 0 0 0 0 0 0 0 0 0 0 0 0 0 0 0 0 0 0 0 0 0 0 0 0 0 0 0 0 0 0 0 0 0 0 0 0 0 0 0 0 0 0 0 0 0 0 0 0 0 0 0
41897.8 31686 19431 12668.2 9468.81 7513.91 5484.36 3161.44 3161.44 2813.75 1924.19 1508.84 1168.58 768.825 481.677 403.776 301.108 174.747 148.885 73.5783 54.2176 25.0313 17.4889 10.9451 6.11412 3.18544 1.81123 1.13751 0.823357 0.428867 0.183343 0.0824218 0.039383 0.0148259 0.00775784 0.0026684 0.00106525 0.000485542 0.000183048 3.68293e-05 6.0522e-06 1.81002e-06 3.89269e-07 8.48095e-08 1.25331e-08 0 0 0 0 0 0 0 0 0 0 0 0 0 0 0 0 0 0 0 0 0 0 0 0 0 0 0 0 0 0 0 0 0 0 0 0 0 0 0 0 0 0 0 0 0 0 0 0 0 0 0 0 0 0
44440.7 27063.3 22292.5 12537.2 11472.5 7193.48 6655.14 5461.97 3947.15 2688.72 2081.64 1534.42 1251.44 833.676 630.32 520.916 237.74 209.543 158.002 90.422 54.9495 24.4491 13.8328 8.58055 5.85584 2.86557 1.29417 1.25497 0.782 0.394217 0.17872 0.0783347 0.0341997 0.0149004 0.0058674 0.00201564 0.000983725 0.000336669 0.000132527 2.76766e-05 5.55836e-06 1.18988e-06 2.44419e-07 4.70141e-08 1.18259e-08 0 0 0 0 0 0 0 0 0 0 0 0 0 0 0 0 0 0 0 0 0 0 0 0 0 0 0 0 0 0 0 0 0 0 0 0 0 0 0 0 0 0 0 0 0 0 0 0 0 0 0 0 0 0
44978.4 30824.9 22235.4 11309.1 7891.63 7891.63 6950.56 5348.81 4175.53 2831.46 1856.72 1492.14 1158.73 847.19 580.067 453.93 280.599 183.38 135.193 95.8807 44.8242 19.0484 13.5195 8.04275 4.96201 2.12465 1.46684 0.986425 0.508813 0.180688 0.10786 0.0404995 0.0218253 0.00692062 0.00345921 0.00150397 0.000630375 0.000247559 9.70976e-05 1.99916e-05 4.93375e-06 1.49521e-06 3.38975e-07 9.43966e-08 2.228e-08 0 0 0 0 0 0 0 0 0 0 0 0 0 0 0 0 0 0 0 0 0 0 0 0 0 0 0 0 0 0 0 0 0 0 0 0 0 0 0 0 0 0 0 0 0 0 0 0 0 0 0 0 0 0
40576.2 26825.8 24164.3 12568.8 9268.58 8081.75 5860.71 5509.45 4492.37 2999.16 2040.76 1329.13 1260.59 826.863 627.978 436.908 267.44 217.185 167 101.381 56.3331 33.1643 15.4636 11.5648 5.96454 3.02677 1.94462 1.41326 0.99355 0.512249 0.281559 0.113439 0.0484751 0.0216677 0.00876803 0.00373569 0.000987238 0.000593879 0.000169763 4.54016e-05 8.55717e-06 2.41049e-06 5.91084e-07 1.42291e-07 2.58989e-08 0 0 0 0 0 0 0 0 0 0 0 0 0 0 0 0 0 0 0 0 0 0 0 0 0 0 0 0 0 0 0 0 0 0 0 0 0 0 0 0 0 0 0 0 0 0 0 0 0 0 0 0 0 0
46742.8 29179 20778.9 13097.7 8092.92 8092.92 6987.66 4565.85 3120.31 3120.31 1878.87 1438.97 1099.71 656.569 543.683 444.371 234.805 182.567 143.714 101.974 55.7919 18.3921 15.4452 9.55949 6.27807 3.14644 1.85604 1.29973 0.843664 0.50836 0.20153 0.092776 0.0386432 0.0151043 0.00677442 0.0027327 0.000711435 0.000275206 0.000131928 2.80756e-05 6.16051e-06 1.33696e-06 3.27004e-07 6.59458e-08 1.52534e-08 0 0 0 0 0 0 0 0 0 0 0 0 0 0 0 0 0 0 0 0 0 0 0 0 0 0 0 0 0 0 0 0 0 0 0 0 0 0 0 0 0 0 0 0 0 0 0 0 0 0 0 0 0 0
46416.6 28415.9 25045.5 14430.7 11466.1 9308.26 6658 5977.62 5144.42 3734.59 1793.7 1559.06 1226.67 757.726 564.197 367.33 270.698 230.659 140.811 81.4767 51.56 26.3802 15.1842 7.87708 5.65808 2.7885 1.75887 1.1258 0.757577 0.418089 0.202192 0.0820262 0.0335998 0.0104774 0.00495291 0.00201032 0.000668447 0.000243558 0.000107308 2.29389e-05 5.54029e-06 1.24481e-06 2.66447e-07 7.14185e-08 1.7406e-08 0 0 0 0 0 0 0 0 0 0 0 0 0 0 0 0 0 0 0 0 0 0 0 0 0 0 0 0 0 0 0 0 0 0 0 0 0 0 0 0 0 0 0 0 0 0 0 0 0 0 0 0 0 0
38476.2 27786.3 24224 12082.9 10693.1 8718.54 6526.43 5382.03 4692.51 2867.54 2809.91 2032.11 1588.61 929.717 629.834 577.085 350.696 285.626 182.441 124.696 55.6991 46.2615 21.9642 13.8945 9.05509 5.13015 2.60417 1.72865 1.13697 0.781207 0.407437 0.208174 0.100174 0.0399447 0.0157126 0.0065486 0.00239957 0.000889806 0.000341454 7.08762e-05 1.37971e-05 3.32567e-06 5.89761e-07 1.411e-07 3.34539e-08 0 0 0 0 0 0 0 0 0 0 0 0 0 0 0 0 0 0 0 0 0 0 0 0 0 0 0 0 0 0 0 0 0 0 0 0 0 0 0 0 0 0 0 0 0 0 0 0 0 0 0 0 0 0
45810 35206 22344.4 15014.7 11015.8 8582.14 4853.88 4800.22 3887.69 3290.04 2547.82 1707.35 1085.66 869.814 673.2 512.339 339.017 159.853 159.853 121.614 60.163 36.8569 19.6401 12.8618 8.23019 5.12627 1.79415 1.49538 1.00062 0.611395 0.316081 0.145941 0.0549579 0.0224928 0.0113583 0.00397577 0.00134475 0.000700909 0.000276273 6.33067e-05 1.35835e-05 2.80434e-06 5.75272e-07 1.22077e-07 2.54697e-08 0 0 0 0 0 0 0 0 0 0 0 0 0 0 0 0 0 0 0 0 0 0 0 0 0 0 0 0 0 0 0 0 0 0 0 0 0 0 0 0 0 0 0 0 0 0 0 0 0 0 0 0 0 0
43693.2 29249.1 23695.9 15658.1 8921.18 8921.18 4804.41 4697.12 3612.93 2456.68 2456.68 1611.31 1146.68 923.562 611.379 424.155 303.705 211.658 128.838 99.7663 47.8374 35.7161 11.3532 9.10676 5.96001 2.78641 1.84465 1.31664 0.888023 0.437511 0.198571 0.0897553 0.0438139 0.0125778 0.00614351 0.0019907 0.000959862 0.000350397 8.60311e-05 2.98253e-05 4.87683e-06 1.23301e-06 3.08235e-07 5.67492e-08 1.74816e-08 0 0 0 0 0 0 0 0 0 0 0 0 0 0 0 0 0 0 0 0 0 0 0 0 0 0 0 0 0 0 0 0 0 0 0 0 0 0 0 0 0 0 0 0 0 0 0 0 0 0 0 0 0 0
44418.8 33523.3 25631.6 15481.4 10972.4 7940.18 5255.62 3753.36 3654.19 2524.76 2467.06 1931.96 1423.21 928.729 311.13 311.13 311.13 181.339 163.381 94.3781 75.4701 36.2263 27.5763 13.0738 7.95089 4.27772 2.12808 1.50867 1.05668 0.600273 0.288048 0.111866 0.0554272 0.0198692 0.00728316 0.00315069 0.0011121 0.000457162 0.000171695 3.09191e-05 8.77967e-06 2.33262e-06 4.96922e-07 1.49787e-07 2.71617e-08 0 0 0 0 0 0 0 0 0 0 0 0 0 0 0 0 0 0 0 0 0 0 0 0 0 0 0 0 0 0 0 0 0 0 0 0 0 0 0 0 0 0 0 0 0 0 0 0 0 0 0 0 0 0
44445.4 34034.7 20174 13906.5 9218.82 7752.67 7022.83 4928.02 4110.94 2784.07 2065.53 1528.41 1071.84 819.74 473.009 346.678 257.479 197.602 130.79 76.0851 41.4667 29.2743 15.8416 9.81151 5.20467 2.49681 1.59251 1.20938 0.744326 0.32465 0.186519 0.0771162 0.0345412 0.0142067 0.00541067 0.00216638 0.000764763 0.000253491 0.000108748 1.97739e-05 5.28857e-06 1.00245e-06 2.26366e-07 4.44772e-08 0 0 0 0 0 0 0 0 0 0 0 0 0 0 0 0 0 0 0 0 0 0 0 0 0 0 0 0 0 0 0 0 0 0 0 0 0 0 0 0 0 0 0 0 0 0 0 0 0 0 0 0 0 0 0
44820 29454.5 22335.1 16383.6 9109.14 8672.4 5906.81 5023.97 4207.85 3185.83 2492.79 1625.29 1257.2 649.197 360.792 360.792 244.259 204.283 149.399 70.6581 59.8619 23.6857 17.2534 10.2325 5.1766 3.24354 1.80805 1.3027 0.795533 0.459888 0.207521 0.095458 0.0382473 0.0165442 0.00629003 0.00231836 0.000806361 0.000293598 0.000124031 2.54817e-05 5.3898e-06 1.324e-06 2.39173e-07 6.69919e-08 1.40665e-08 0 0 0 0 0 0 0 0 0 0 0 0 0 0 0 0 0 0 0 0 0 0 0 0 0 0 0 0 0 0 0 0 0 0 0 0 0 0 0 0 0 0 0 0 0 0 0 0 0 0 0 0 0 0
44999.1 34859.7 25816.8 15119.5 11688.8 6487.17 6487.17 4780.78 3018.4 2671.91 2331.4 1457.62 1170.53 754.995 592.13 400.015 307.48 208.277 146.295 96.3994 43.1603 27.7714 12.8101 8.42516 5.06822 2.33692 1.64765 1.08917 0.671251 0.341224 0.128766 0.0550998 0.0262884 0.0112725 0.00408477 0.00148546 0.000603652 0.000212664 9.04257e-05 2.05429e-05 4.33915e-06 9.99217e-07 1.89706e-07 4.85862e-08 0 0 0 0 0 0 0 0 0 0 0 0 0 0 0 0 0 0 0 0 0 0 0 0 0 0 0 0 0 0 0 0 0 0 0 0 0 0 0 0 0 0 0 0 0 0 0 0 0 0 0 0 0 0 0
44998.7 32485.4 22093.7 13870.4 10992 8273.1 5773.09 4463.17 3469.41 2651.85 2083.05 1643.87 1372.76 770.974 681.735 443.033 361.155 198.424 155.393 87.5108 63.4334 36.3145 18.7352 11.2744 6.51052 4.25299 1.9229 1.35651 0.908653 0.470479 0.294474 0.131269 0.0595729 0.0163348 0.00669369 0.00356996 0.00140372 0.000464613 0.000166477 4.40053e-05 9.01528e-06 1.8733e-06 3.93068e-07 7.57788e-08 1.52677e-08 0 0 0 0 0 0 0 0 0 0 0 0 0 0 0 0 0 0 0 0 0 0 0 0 0 0 0 0 0 0 0 0 0 0 0 0 0 0 0 0 0 0 0 0 0 0 0 0 0 0 0 0 0 0
45946.3 27428.1 20826 13936.6 9021.78 8488.49 7323.29 5389.71 4055.22 2637.96 2173.54 1600.1 1299.05 1068.6 661.962 514.046 327.808 196.094 170.931 117.354 66.0322 38.89 19.1774 10.0547 7.02197 3.31167 1.89936 1.36482 0.713693 0.521992 0.262839 0.11131 0.051136 0.0186852 0.00741511 0.00306849 0.00113829 0.000486393 0.000160602 3.0864e-05 6.46757e-06 1.5028e-06 3.47708e-07 7.35138e-08 1.74515e-08 0 0 0 0 0 0 0 0 0 0 0 0 0 0 0 0 0 0 0 0 0 0 0 0 0 0 0 0 0 0 0 0 0 0 0 0 0 0 0 0 0 0 0 0 0 0 0 0 0 0 0 0 0 0
36389.7 27688.9 26617.6 14980.6 13055.3 8795.94 8255.36 5787.94 4410.13 3537.99 2686.88 1639.65 1238.02 985.607 730.219 544.425 292.995 230.072 169.806 81.5603 51.7178 35.8173 22.2624 12.7266 7.73317 4.14651 1.76516 1.21212 0.719581 0.487079 0.242379 0.10154 0.0350149 0.0152125 0.00673929 0.00258425 0.000874093 0.000428645 0.000147355 3.12954e-05 8.48145e-06 1.71693e-06 5.93855e-07 1.41483e-07 3.09592e-08 0 0 0 0 0 0 0 0 0 0 0 0 0 0 0 0 0 0 0 0 0 0 0 0 0 0 0 0 0 0 0 0 0 0 0 0 0 0 0 0 0 0 0 0 0 0 0 0 0 0 0 0 0 0
46514.8 35018.1 23846.6 16658.3 11604.2 8214.13 6893.01 4828.08 3863.07 3719.97 2821.04 2101.59 1454.45 754.885 646.561 527.164 374.205 254.933 160.686 108.969 75.7063 34.527 22.071 11.7343 7.82562 4.17618 2.23846 1.46182 1.02485 0.632268 0.341105 0.135784 0.0585501 0.0191869 0.0092853 0.0035285 0.00131493 0.000546757 0.000175591 2.43774e-05 6.04385e-06 1.34937e-06 3.29058e-07 6.7829e-08 1.16777e-08 0 0 0 0 0 0 0 0 0 0 0 0 0 0 0 0 0 0 0 0 0 0 0 0 0 0 0 0 0 0 0 0 0 0 0 0 0 0 0 0 0 0 0 0 0 0 0 0 0 0 0 0 0 0
44807.4 29557.9 20088.1 14226.7 11633.1 9310.73 6552.53 4987.69 3370.06 2179.78 1730.75 1730.75 1043.96 746.102 562.406 399.797 272.894 176.504 101.473 75.217 36.3914 21.6624 13.1847 8.3327 4.06567 2.70452 1.58367 1.07914 0.601818 0.303612 0.127866 0.0601724 0.0199534 0.0101456 0.00337615 0.00153324 0.000559339 0.000180516 7.27275e-05 1.40831e-05 3.68382e-06 9.352e-07 2.46014e-07 6.02635e-08 1.09861e-08 0 0 0 0 0 0 0 0 0 0 0 0 0 0 0 0 0 0 0 0 0 0 0 0 0 0 0 0 0 0 0 0 0 0 0 0 0 0 0 0 0 0 0 0 0 0 0 0 0 0 0 0 0 0
45232 27911.8 23374.6 12150 10911.2 8982.71 5613.48 5374.28 4016.34 2649.68 1826.44 1824.1 1202.53 870.598 562.002 437.388 298.772 175.899 126.124 82.2241 38.2185 29.9835 17.3125 9.31483 5.61142 3.2029 1.93749 1.27352 0.852591 0.454308 0.187668 0.0798834 0.0324724 0.0131743 0.00558833 0.00210418 0.000874905 0.000354694 0.000118087 2.97129e-05 7.78795e-06 1.5575e-06 3.57448e-07 9.01388e-08 1.66576e-08 0 0 0 0 0 0 0 0 0 0 0 0 0 0 0 0 0 0 0 0 0 0 0 0 0 0 0 0 0 0 0 0 0 0 0 0 0 0 0 0 0 0 0 0 0 0 0 0 0 0 0 0 0 0
40612.2 32613.9 22589.7 17453.1 11807.7 9262.57 7399.16 5076.99 4056.66 2463.39 2463.39 1671.37 1271.62 972.504 736.281 427.311 399.453 291.467 200.738 125.311 80.2156 43.1646 21.1043 10.6067 7.84341 4.76062 2.88003 1.68116 1.2272 0.805917 0.377835 0.183351 0.0754691 0.0307851 0.0110939 0.00519606 0.00173647 0.000682722 0.000290724 6.13306e-05 1.31109e-05 3.44428e-06 8.96972e-07 1.63026e-07 3.98697e-08 0 0 0 0 0 0 0 0 0 0 0 0 0 0 0 0 0 0 0 0 0 0 0 0 0 0 0 0 0 0 0 0 0 0 0 0 0 0 0 0 0 0 0 0 0 0 0 0 0 0 0 0 0 0
43494.8 25875.9 24431.9 15064.6 12121.1 8203.31 6583.12 3968.37 3933.35 3480.93 2654.88 1663.35 1078.08 922.996 763.296 539.744 337.616 183.06 130.824 80.004 58.2828 34.1717 19.4189 10.265 5.29939 3.07434 1.57116 1.27102 0.741606 0.420531 0.156686 0.0748929 0.0248751 0.0116938 0.00541322 0.00190838 0.000636239 0.000237474 9.78836e-05 2.10806e-05 4.3392e-06 1.00584e-06 2.347e-07 5.28364e-08 1.15895e-08 0 0 0 0 0 0 0 0 0 0 0 0 0 0 0 0 0 0 0 0 0 0 0 0 0 0 0 0 0 0 0 0 0 0 0 0 0 0 0 0 0 0 0 0 0 0 0 0 0 0 0 0 0 0
45038.9 33608 25473.4 12193.7 11346 8237.49 7199.05 5437.24 4288.97 2832.72 2135.96 1340.92 1289.5 849.342 555.524 482.35 330.546 175.79 160.286 84.8481 51.5216 32.0006 14.6972 10.6297 6.16404 3.2236 1.89277 1.04495 0.766894 0.362662 0.147048 0.0783546 0.0335787 0.0112732 0.00570714 0.00168598 0.000810948 0.000299552 0.000117249 2.4661e-05 5.34336e-06 1.45792e-06 3.39277e-07 8.70133e-08 2.00973e-08 0 0 0 0 0 0 0 0 0 0 0 0 0 0 0 0 0 0 0 0 0 0 0 0 0 0 0 0 0 0 0 0 0 0 0 0 0 0 0 0 0 0 0 0 0 0 0 0 0 0 0 0 0 0
41797.2 29517.9 16232.6 14360.9 10986 9263.16 7124.9 5732.5 4554.51 3018.04 2409.04 1735.46 846.701 846.701 567.472 406.034 355.341 222.571 184.473 101.793 53.0468 28.9725 18.7985 11.2228 5.82998 2.83743 1.74296 1.34862 0.840909 0.419844 0.181642 0.0913829 0.0380027 0.0122716 0.00685791 0.00240983 0.000826355 0.000321485 0.000118683 2.20425e-05 6.06103e-06 1.22911e-06 2.18618e-07 6.70716e-08 1.6835e-08 0 0 0 0 0 0 0 0 0 0 0 0 0 0 0 0 0 0 0 0 0 0 0 0 0 0 0 0 0 0 0 0 0 0 0 0 0 0 0 0 0 0 0 0 0 0 0 0 0 0 0 0 0 0
47774.6 28714.3 22074.2 9338.97 9338.97 9101.35 8639.04 5326.25 4485 3251.33 2165.6 1800.28 1445.02 1017.37 514.567 514.567 301.311 290.512 190.829 128.544 73.8138 31.144 22.0336 9.96532 6.73078 3.01213 2.11219 1.1826 0.926195 0.451046 0.218566 0.112483 0.0478369 0.0169844 0.00627668 0.00294549 0.00123971 0.00045201 0.000177212 3.44243e-05 8.96939e-06 2.66665e-06 5.46335e-07 1.26221e-07 2.60342e-08 0 0 0 0 0 0 0 0 0 0 0 0 0 0 0 0 0 0 0 0 0 0 0 0 0 0 0 0 0 0 0 0 0 0 0 0 0 0 0 0 0 0 0 0 0 0 0 0 0 0 0 0 0 0
49604.8 30271 21913.3 12771.3 11452.1 8976.75 6633.16 6151.45 3620.85 3620.85 2462.27 1691.95 1179.7 1012.42 799.333 378.848 378.848 261.902 218.51 88.1932 64.7392 29.3535 15.3837 12.873 7.91057 3.7904 2.13936 1.33631 0.89624 0.556542 0.242247 0.109361 0.0494077 0.0214548 0.00737917 0.00351596 0.00126395 0.000459193 0.000157264 3.25945e-05 8.03154e-06 1.4126e-06 3.98942e-07 7.92817e-08 1.3824e-08 0 0 0 0 0 0 0 0 0 0 0 0 0 0 0 0 0 0 0 0 0 0 0 0 0 0 0 0 0 0 0 0 0 0 0 0 0 0 0 0 0 0 0 0 0 0 0 0 0 0 0 0 0 0
46330 34187.4 22244.1 14840.7 11785 9016.92 8295.21 5634.18 4862.06 2308.88 2308.88 1759.35 1396.53 1005.54 513.89 389.733 320.918 275.749 158.919 120.457 48.2618 22.0635 15.8025 11.6173 7.32567 3.15643 1.94728 1.20894 0.852433 0.499118 0.230236 0.106882 0.0342001 0.0124964 0.00519271 0.00256343 0.000913003 0.000324817 0.000134564 2.32929e-05 5.13674e-06 1.18414e-06 2.51549e-07 5.29781e-08 1.57524e-08 0 0 0 0 0 0 0 0 0 0 0 0 0 0 0 0 0 0 0 0 0 0 0 0 0 0 0 0 0 0 0 0 0 0 0 0 0 0 0 0 0 0 0 0 0 0 0 0 0 0 0 0 0 0
46623.5 30930 22565.7 14495.1 12427.5 9584.89 7172.65 4586.97 3909.71 2556.33 2556.33 1683.1 1166.69 792.388 460.757 394.343 327.812 224.896 156.24 95.6262 57.7351 34.106 16.0702 10.5234 6.34547 3.7552 1.67099 1.33464 0.991526 0.578112 0.300733 0.122162 0.0496225 0.0202154 0.00935594 0.00353928 0.00165667 0.000552536 0.000169922 4.6479e-05 9.02542e-06 1.84528e-06 2.0427e-07 7.69327e-08 1.60462e-08 0 0 0 0 0 0 0 0 0 0 0 0 0 0 0 0 0 0 0 0 0 0 0 0 0 0 0 0 0 0 0 0 0 0 0 0 0 0 0 0 0 0 0 0 0 0 0 0 0 0 0 0 0 0
41008.1 24009.7 23785.2 10200.3 10200.3 9103.45 5590.92 5195.93 3815.04 3338.24 2308.41 1789.79 1333.23 772.055 604.433 445.069 326.08 254.64 97.584 91.2119 67.7898 32.7809 18.177 11.051 7.04559 3.57883 2.00584 1.29039 0.785476 0.458775 0.225462 0.0936375 0.0345253 0.0135335 0.00490962 0.00229637 0.000813789 0.000202389 9.25751e-05 2.32319e-05 4.77804e-06 9.70552e-07 1.88e-07 4.5423e-08 0 0 0 0 0 0 0 0 0 0 0 0 0 0 0 0 0 0 0 0 0 0 0 0 0 0 0 0 0 0 0 0 0 0 0 0 0 0 0 0 0 0 0 0 0 0 0 0 0 0 0 0 0 0 0
48389.3 36596.3 23276.6 15498 13044.1 8321.61 7111.29 4825.21 4813.28 3269.74 2168.97 1683.25 1100.59 783.921 579.524 424.816 326.699 233.568 165.842 98.3019 56.0042 29.6685 16.6542 10.0751 5.93932 3.27858 1.6633 1.3712 0.856884 0.532402 0.207087 0.0723878 0.0369432 0.0156489 0.00671434 0.00229833 0.000879654 0.000361491 0.000121734 3.0815e-05 6.88875e-06 1.08254e-06 3.91772e-07 9.32562e-08 2.60317e-08 0 0 0 0 0 0 0 0 0 0 0 0 0 0 0 0 0 0 0 0 0 0 0 0 0 0 0 0 0 0 0 0 0 0 0 0 0 0 0 0 0 0 0 0 0 0 0 0 0 0 0 0 0 0
38400.8 30091.7 23722.2 13121.8 10026.5 8493.07 6759.06 5215.99 2781.56 2329.03 2034.06 1543.45 1002.26 493.071 493.071 343.643 251.139 204.442 142.767 80.674 43.1967 23.9471 13.9735 10.0353 5.10979 2.45029 1.59565 1.11767 0.691321 0.355407 0.14269 0.0586099 0.0250157 0.00957273 0.00392079 0.00128571 0.000600628 0.000227622 7.97911e-05 1.61394e-05 3.42468e-06 8.04762e-07 2.12552e-07 5.72297e-08 1.24967e-08 0 0 0 0 0 0 0 0 0 0 0 0 0 0 0 0 0 0 0 0 0 0 0 0 0 0 0 0 0 0 0 0 0 0 0 0 0 0 0 0 0 0 0 0 0 0 0 0 0 0 0 0 0 0
43863.8 29339.6 24272.8 11668.8 9797.65 9699.01 7361.77 4646.01 4235.71 3148.43 2038.31 1648.27 1423.08 594.897 594.897 418.153 265.79 251.688 162.399 105.022 53.709 32.7468 14.268 9.46914 6.52335 3.22314 1.87509 1.30421 0.740659 0.442051 0.178309 0.0826202 0.0310204 0.0135706 0.00582049 0.00164326 0.000758516 0.00031722 0.000117075 2.2179e-05 5.43005e-06 1.26481e-06 2.72674e-07 5.93348e-08 1.355e-08 0 0 0 0 0 0 0 0 0 0 0 0 0 0 0 0 0 0 0 0 0 0 0 0 0 0 0 0 0 0 0 0 0 0 0 0 0 0 0 0 0 0 0 0 0 0 0 0 0 0 0 0 0 0
43525.4 26113.7 26113.7 13281.2 10849 8220.03 5703.3 5072.79 3647.74 2858.95 1277.58 1277.58 1174.3 883.874 632.383 374.356 347.845 257.91 140.61 108.637 55.9187 19.7858 15.7796 10.2664 5.9489 2.27976 1.62613 1.18578 0.700309 0.335427 0.147227 0.0431866 0.026234 0.00983947 0.00391476 0.00107113 0.000657482 0.00019509 7.20698e-05 1.56927e-05 3.19509e-06 6.90983e-07 1.6358e-07 3.20936e-08 0 0 0 0 0 0 0 0 0 0 0 0 0 0 0 0 0 0 0 0 0 0 0 0 0 0 0 0 0 0 0 0 0 0 0 0 0 0 0 0 0 0 0 0 0 0 0 0 0 0 0 0 0 0 0
33198.6 33198.6 20482.9 13625.5 9391.64 8730.02 5579.59 3990.93 3613.94 2696.85 1920.67 740.686 740.686 722.722 455.266 437.181 290.93 154.679 150.648 87.9027 50.0441 34.1553 14.6776 9.46962 5.67836 2.68865 1.89131 1.15293 0.701671 0.367352 0.160047 0.0637034 0.0317866 0.0111803 0.00421293 0.00187634 0.000772426 0.00027752 9.90881e-05 1.90159e-05 5.21018e-06 1.06119e-06 2.68874e-07 6.33416e-08 1.06855e-08 0 0 0 0 0 0 0 0 0 0 0 0 0 0 0 0 0 0 0 0 0 0 0 0 0 0 0 0 0 0 0 0 0 0 0 0 0 0 0 0 0 0 0 0 0 0 0 0 0 0 0 0 0 0
38668.7 25560.3 25211.6 11998.3 10387.1 6534.65 6534.65 4453.15 3049.34 3019.58 2041.93 1672.59 996.204 678.101 523.038 442.511 241.443 224.307 159.215 94.4153 49.1765 25.3527 14.7591 10.2578 5.87185 3.03456 1.901 1.30201 0.803153 0.493441 0.209488 0.0773782 0.0364618 0.0130774 0.00612155 0.00187787 0.000741984 0.000335052 0.000110992 2.10279e-05 4.8576e-06 1.01976e-06 2.90163e-07 6.28758e-08 1.28877e-08 0 0 0 0 0 0 0 0 0 0 0 0 0 0 0 0 0 0 0 0 0 0 0 0 0 0 0 0 0 0 0 0 0 0 0 0 0 0 0 0 0 0 0 0 0 0 0 0 0 0 0 0 0 0
36943 32151.5 23592.1 14279.2 10389.7 7006.7 6641.05 3681.23 2751.12 2685.99 1731.52 1367.74 1045.25 783.507 586.618 323.025 256.077 171.459 127.769 65.4329 47.3554 18.3748 13.2705 8.64796 4.58541 2.55854 1.4624 0.990751 0.579907 0.288813 0.107011 0.0582702 0.0275005 0.0116655 0.00404028 0.00173198 0.000683355 0.000258396 8.95588e-05 1.69661e-05 4.74348e-06 9.02852e-07 2.24606e-07 5.11133e-08 1.25592e-08 0 0 0 0 0 0 0 0 0 0 0 0 0 0 0 0 0 0 0 0 0 0 0 0 0 0 0 0 0 0 0 0 0 0 0 0 0 0 0 0 0 0 0 0 0 0 0 0 0 0 0 0 0 0
47289.3 30937.8 26211.9 16668.9 10813 9016.61 5367.11 5367.11 4552.61 3197.51 2673.73 2071.67 1274.57 981.085 699.319 545.172 265.892 199.564 175.504 113.814 62.6656 34.9197 22.9639 12.4561 7.72443 5.007 2.34352 1.36742 0.859562 0.60383 0.318489 0.131888 0.0629395 0.0241955 0.00998721 0.00399189 0.00133046 0.000420783 0.000197834 4.00878e-05 7.17926e-06 1.91178e-06 3.74657e-07 7.57437e-08 1.4804e-08 0 0 0 0 0 0 0 0 0 0 0 0 0 0 0 0 0 0 0 0 0 0 0 0 0 0 0 0 0 0 0 0 0 0 0 0 0 0 0 0 0 0 0 0 0 0 0 0 0 0 0 0 0 0
47418.5 25489.3 23690.9 15622.5 11467.4 8081.31 8081.31 5779.96 4406.98 3645.97 2799.17 1881.83 1245.14 1018.04 648.793 527.537 345.63 253.536 179.165 129.602 78.255 30.5266 20.3805 12.2474 6.79425 4.6862 2.21822 1.4894 1.03331 0.542757 0.27783 0.128484 0.0569972 0.024599 0.00833822 0.00346235 0.00139885 0.000506891 0.000204916 3.38276e-05 7.72002e-06 1.41102e-06 3.46651e-07 8.00678e-08 1.86336e-08 0 0 0 0 0 0 0 0 0 0 0 0 0 0 0 0 0 0 0 0 0 0 0 0 0 0 0 0 0 0 0 0 0 0 0 0 0 0 0 0 0 0 0 0 0 0 0 0 0 0 0 0 0 0
50700.3 30503.1 22349.3 13800.7 10100.2 9078.42 6534.61 5762.83 3926.43 3410.42 1822.14 1806.62 1154.16 766.772 491.197 376.156 303.466 168.923 141.599 96.3042 50.2939 25.8953 17.2406 11.8973 6.50838 2.80225 1.71605 1.28312 0.7507 0.421991 0.206277 0.0931974 0.0387488 0.0173314 0.00621036 0.00264163 0.000866439 0.000356821 0.000131079 2.54233e-05 4.06806e-06 1.31315e-06 3.45551e-07 8.53856e-08 2.01446e-08 0 0 0 0 0 0 0 0 0 0 0 0 0 0 0 0 0 0 0 0 0 0 0 0 0 0 0 0 0 0 0 0 0 0 0 0 0 0 0 0 0 0 0 0 0 0 0 0 0 0 0 0 0 0
49690.6 33301.9 25182.9 16595.7 14290.1 8667.49 8066.28 5569.69 4412.66 3214.81 2553.17 2064.78 970.35 801.902 676.679 468.698 280.891 193.251 121.808 91.8735 42.8201 28.8887 14.7003 8.32235 5.3422 2.99624 1.47972 1.15798 0.796261 0.473316 0.201378 0.0840608 0.0442298 0.0179676 0.0063047 0.00234755 0.000865132 0.000329353 9.47103e-05 2.12701e-05 4.443e-06 9.2302e-07 1.99822e-07 3.80543e-08 0 0 0 0 0 0 0 0 0 0 0 0 0 0 0 0 0 0 0 0 0 0 0 0 0 0 0 0 0 0 0 0 0 0 0 0 0 0 0 0 0 0 0 0 0 0 0 0 0 0 0 0 0 0 0
41129.6 31155.6 24133.7 15633.9 11223.8 7958.97 6614.36 5269.79 3910.46 2304.25 1710.32 1169.9 1045.06 731.636 480.621 401.033 248.111 181.579 115.168 77.4553 28.6993 15.1315 13.196 6.83704 4.57944 2.30523 1.60387 1.16972 0.648908 0.316723 0.153139 0.0539208 0.0259995 0.0109043 0.00401333 0.00157603 0.000563039 0.000235673 7.01554e-05 2.21958e-05 4.71553e-06 1.25712e-06 3.09077e-07 6.26419e-08 1.21163e-08 0 0 0 0 0 0 0 0 0 0 0 0 0 0 0 0 0 0 0 0 0 0 0 0 0 0 0 0 0 0 0 0 0 0 0 0 0 0 0 0 0 0 0 0 0 0 0 0 0 0 0 0 0 0
49275.8 26025 23058 14867.4 11856.4 8878.94 6399.71 4752.82 4198.73 3008.23 2135.88 1889.74 869.179 703.748 700.183 454.647 345.021 247.734 180.046 106.959 49.6708 23.1614 17.5729 12.9022 7.2683 4.9038 2.2837 1.49257 1.09766 0.738854 0.275591 0.13288 0.0561943 0.0207828 0.00969363 0.00374791 0.00153716 0.00063164 0.000220151 4.28592e-05 9.34027e-06 1.8847e-06 4.54237e-07 8.52384e-08 2.36037e-08 0 0 0 0 0 0 0 0 0 0 0 0 0 0 0 0 0 0 0 0 0 0 0 0 0 0 0 0 0 0 0 0 0 0 0 0 0 0 0 0 0 0 0 0 0 0 0 0 0 0 0 0 0 0
48307 33779.9 23914.9 13254.7 10847.7 8603.62 8094.88 6029.5 3932.22 3437.23 1977.31 1645.18 1233.67 799.344 597.473 414.787 319.237 219.812 129.735 86.0575 43.2127 25.7713 15.5466 10.5899 5.5721 2.99012 1.84101 1.30839 0.836342 0.486441 0.230369 0.0941326 0.0411041 0.018373 0.00653755 0.00296229 0.00108899 0.000280147 0.00018156 3.53537e-05 8.62175e-06 1.47856e-06 3.95929e-07 9.00554e-08 2.16108e-08 0 0 0 0 0 0 0 0 0 0 0 0 0 0 0 0 0 0 0 0 0 0 0 0 0 0 0 0 0 0 0 0 0 0 0 0 0 0 0 0 0 0 0 0 0 0 0 0 0 0 0 0 0 0
47578.6 31742.7 21669.2 15422.7 10961 8353.46 6893.54 5071.86 3894.12 2706.74 1600.19 1270.39 982.873 611.116 536.727 416.743 276.305 171.679 142.548 95.7514 53.5848 27.8164 13.6701 10.4139 4.42457 3.05587 1.6432 1.08209 0.749922 0.476807 0.212879 0.0725578 0.0320135 0.0135617 0.00489494 0.00169094 0.000546034 0.000232929 8.89083e-05 1.98391e-05 4.30323e-06 8.77696e-07 1.69086e-07 3.16857e-08 0 0 0 0 0 0 0 0 0 0 0 0 0 0 0 0 0 0 0 0 0 0 0 0 0 0 0 0 0 0 0 0 0 0 0 0 0 0 0 0 0 0 0 0 0 0 0 0 0 0 0 0 0 0 0
44564.3 28466.4 21996.2 12078.5 11613.8 7645.34 6268.86 4735.16 3416.09 2488.04 2092.53 1466.31 950.823 742.463 545.601 290.206 248.472 143.034 133.52 76.1502 44.0154 25.1753 11.4533 9.07589 4.39467 2.31681 1.69611 1.26613 0.677691 0.351487 0.148914 0.0679613 0.0293861 0.00736371 0.00447225 0.00189361 0.000774534 0.000279842 0.0001047 2.28109e-05 4.02914e-06 9.64846e-07 2.07283e-07 4.30987e-08 0 0 0 0 0 0 0 0 0 0 0 0 0 0 0 0 0 0 0 0 0 0 0 0 0 0 0 0 0 0 0 0 0 0 0 0 0 0 0 0 0 0 0 0 0 0 0 0 0 0 0 0 0 0 0
36930.9 21752.8 21752.8 15662.3 12177 10874.8 7245.76 6162.6 3935.38 3059.25 2189.81 1799.98 1226.2 856.982 564.929 508.845 304.098 273.386 155.942 87.5875 54.8373 39.2934 20.5821 10.2276 5.89002 3.17509 1.72269 1.35224 0.689 0.46945 0.244114 0.100042 0.0380193 0.0172388 0.00804099 0.00274966 0.00135757 0.000531127 0.000187718 3.39799e-05 6.6382e-06 1.48337e-06 2.64099e-07 5.65412e-08 0 0 0 0 0 0 0 0 0 0 0 0 0 0 0 0 0 0 0 0 0 0 0 0 0 0 0 0 0 0 0 0 0 0 0 0 0 0 0 0 0 0 0 0 0 0 0 0 0 0 0 0 0 0 0
