162387 114045 107561 70778.9 70778.9 56536.7 56536.7 50931.4 40936.7 27311.9 19421.8 15269 9386.73 6036.98 5138.61 2883.93 1768.81 1313.1 848.383 365.282 214.326 151.489 111.018 59.9975 29.8882 21.0342 11.4483 5.26381 1.45504 1.40991 0.529611 0.329568 0.12434 0.11508 0.0340576 0.0254457 0.013294 0.0054943 0.00310548 0.000345038 0.000120151 3.53522e-05 1.46839e-05 4.74546e-06 1.51812e-06 5.33303e-07 1.0544e-07 5.2805e-08 1.45545e-08 0 0 0 0 0 0 0 0 0 0 0 0 0 0 0 0 0 0 0 0 0 0 0 0 0 0 0 0 0 0 0 0 0 0 0 0 0 0 0 0 0 0 0 0 0 0
140392 72428.5 72428.5 72428.5 72428.5 58428.8 52340.2 39119.5 37217.2 23755.7 19378.8 11489.1 9603.42 5685.45 4049.31 2352.72 1895.24 1251.62 665.71 337.133 245.527 82.7342 82.7342 40.8015 28.4181 13.4495 7.24667 4.80266 2.77073 1.40784 0.559261 0.265878 0.176491 0.0788453 0.0386484 0.0254143 0.0119619 0.00599025 0.00335793 0.000337192 0.000102107 2.52609e-05 8.58211e-06 3.53695e-06 1.12269e-06 3.5486e-07 1.15576e-07 5.00936e-08 1.66096e-08 0 0 0 0 0 0 0 0 0 0 0 0 0 0 0 0 0 0 0 0 0 0 0 0 0 0 0 0 0 0 0 0 0 0 0 0 0 0 0 0 0 0 0 0 0 0
138777 115303 103880 85187.9 66696.4 52226.9 36842 36842 35493 22663.2 19173.2 14363.3 7189.3 6977.24 3944.31 2492.87 1656.64 1076.77 661.794 437.112 244.139 141.096 63.6765 50.5317 28.1551 14.2498 9.62749 4.82675 2.01887 1.22703 0.641805 0.295591 0.156084 0.062052 0.0409967 0.017181 0.00969296 0.00472263 0.00262012 0.000319913 8.80432e-05 2.59795e-05 8.11578e-06 2.89578e-06 1.08788e-06 2.38175e-07 6.87755e-08 2.27779e-08 0 0 0 0 0 0 0 0 0 0 0 0 0 0 0 0 0 0 0 0 0 0 0 0 0 0 0 0 0 0 0 0 0 0 0 0 0 0 0 0 0 0 0 0 0 0 0
165062 121353 77266.9 77266.9 77266.9 70994.1 49490.4 39287.5 31718.5 17556.5 16877.8 11090.7 7954.11 6044.16 3866.33 2281.05 1865 1282.45 643.4 311.549 187.804 125.661 61.1393 43.2102 24.1823 9.59374 6.79226 3.85329 2.29863 1.21318 0.669543 0.344643 0.181568 0.0578491 0.0316202 0.0210617 0.00936443 0.0048381 0.0024111 0.00029086 8.08264e-05 2.62057e-05 9.18453e-06 3.18427e-06 8.91808e-07 3.00607e-07 9.86582e-08 3.49549e-08 1.43033e-08 0 0 0 0 0 0 0 0 0 0 0 0 0 0 0 0 0 0 0 0 0 0 0 0 0 0 0 0 0 0 0 0 0 0 0 0 0 0 0 0 0 0 0 0 0 0
138124 129168 114815 92943.8 84294.2 69842.6 69842.6 53142.8 33760.2 24815.8 17848.4 12761.4 7239.21 5853.87 3622.75 2766.47 1742.97 1034.07 623.66 444.246 266.762 124.909 85.6746 42.0325 25.1401 14.6733 5.46746 5.01769 2.73428 0.639413 0.639413 0.397998 0.156375 0.0847962 0.0418659 0.0242688 0.0114364 0.00482867 0.00318001 0.000254659 8.93573e-05 3.63573e-05 1.31572e-05 5.14431e-06 1.70187e-06 4.84806e-07 2.23817e-07 5.65325e-08 2.25293e-08 0 0 0 0 0 0 0 0 0 0 0 0 0 0 0 0 0 0 0 0 0 0 0 0 0 0 0 0 0 0 0 0 0 0 0 0 0 0 0 0 0 0 0 0 0 0
213115 106019 106019 77671.8 77671.8 73040.1 61326.7 52275.9 34120.9 30231.2 22530.2 14649.7 10667.8 7208.4 4697.93 3009.67 2572.79 1583.96 699.192 499.197 305.436 169.774 120.812 67.4576 30.5832 15.3472 11.0274 5.74966 2.97823 1.85775 0.842219 0.548739 0.299019 0.11384 0.0779598 0.0286225 0.01454 0.00794509 0.00334593 0.00030126 0.000100789 2.63075e-05 1.14757e-05 3.98446e-06 1.06441e-06 4.44948e-07 1.02725e-07 4.35064e-08 0 0 0 0 0 0 0 0 0 0 0 0 0 0 0 0 0 0 0 0 0 0 0 0 0 0 0 0 0 0 0 0 0 0 0 0 0 0 0 0 0 0 0 0 0 0 0
123401 123401 113967 104775 77479.2 75314.4 63737.2 39617.5 39617.5 21860.1 18733 12445.9 9807.28 6336.07 4075.06 2950.85 1869.4 1044.52 695.764 505.02 254.322 159.306 105.956 55.7836 35.3276 17.5693 10.826 5.31773 3.4664 1.67011 0.927236 0.587699 0.200688 0.143386 0.0624375 0.0363212 0.0194747 0.00746973 0.00418284 0.000355942 0.000118313 4.15011e-05 1.26804e-05 4.34658e-06 1.67334e-06 4.10883e-07 1.89984e-07 7.3082e-08 2.68409e-08 0 0 0 0 0 0 0 0 0 0 0 0 0 0 0 0 0 0 0 0 0 0 0 0 0 0 0 0 0 0 0 0 0 0 0 0 0 0 0 0 0 0 0 0 0 0
116951 116951 105285 82474.1 67790.2 67790.2 63788.6 48236.4 41032.9 17196.1 17196.1 13279.4 10117.8 8600.98 4521.18 3480.03 1425.3 1425.3 890.755 551.715 369.399 211.546 110.944 68.0978 32.577 17.9808 11.2095 5.25778 3.41893 2.16618 1.21466 0.597874 0.334012 0.146975 0.082805 0.0390859 0.0216046 0.00961541 0.00421955 0.000417877 0.000145968 4.00463e-05 1.40284e-05 4.08969e-06 1.54952e-06 6.7241e-07 1.53854e-07 5.79551e-08 1.7008e-08 0 0 0 0 0 0 0 0 0 0 0 0 0 0 0 0 0 0 0 0 0 0 0 0 0 0 0 0 0 0 0 0 0 0 0 0 0 0 0 0 0 0 0 0 0 0
164035 120484 115307 93010.3 93010.3 56239.4 56239.4 53786.5 43782.3 31257.8 24818.1 15592.3 13008.2 8403.65 4959.62 4465.88 3350.62 1961.57 926.306 660.595 498.215 285.668 173.128 93.4483 52.223 27.3438 17.1975 7.09622 5.78351 2.41471 1.24725 0.64634 0.312849 0.154708 0.0762455 0.0405448 0.0188913 0.0091333 0.00443467 0.00040725 0.000218964 7.6823e-05 2.40613e-05 1.16287e-05 4.08167e-06 1.10814e-06 3.61665e-07 1.47124e-07 3.64266e-08 1.38204e-08 0 0 0 0 0 0 0 0 0 0 0 0 0 0 0 0 0 0 0 0 0 0 0 0 0 0 0 0 0 0 0 0 0 0 0 0 0 0 0 0 0 0 0 0 0
134577 93382.3 93382.3 93382.3 92823.4 71403.8 54074.2 44813.8 39160.6 30300.7 17357.4 14114.3 9704.01 6281.79 4702.52 3395.09 2194.08 1409.99 778.236 338.014 307.44 216.797 96.1049 45.4099 35.4169 20.0426 13.4592 5.86985 3.74176 1.84949 0.909967 0.474948 0.271926 0.137008 0.0656944 0.03173 0.0170789 0.00728104 0.00414885 0.000350235 0.00011792 4.17689e-05 1.28514e-05 3.44094e-06 9.27432e-07 3.21754e-07 1.20815e-07 2.58748e-08 0 0 0 0 0 0 0 0 0 0 0 0 0 0 0 0 0 0 0 0 0 0 0 0 0 0 0 0 0 0 0 0 0 0 0 0 0 0 0 0 0 0 0 0 0 0 0
142079 123267 91713.5 87702.1 87702.1 76152.7 46522.6 46522.6 40067.2 25022.7 18029.7 10669 8438.87 5547.3 3170.98 2715.21 1645.96 880.738 638.2 493.666 300.054 178.239 92.3249 52.4263 27.7192 16.8276 8.90106 4.63629 2.74663 1.28209 0.934912 0.433083 0.198949 0.0994772 0.046796 0.0225866 0.00987046 0.00582172 0.00239836 0.000303731 0.00010425 3.26635e-05 1.21666e-05 4.43212e-06 1.47717e-06 4.91713e-07 2.03705e-07 7.33187e-08 2.76733e-08 0 0 0 0 0 0 0 0 0 0 0 0 0 0 0 0 0 0 0 0 0 0 0 0 0 0 0 0 0 0 0 0 0 0 0 0 0 0 0 0 0 0 0 0 0 0
182946 121055 115585 67612.2 67612.2 67612.2 50022 35337.8 26950.9 19299.3 15741.4 11738.2 8345.33 4521.71 3105.94 2063.68 1527.54 832.56 691.294 390.81 217.269 122.431 95.8611 56.3795 33.503 16.8565 8.97475 3.81055 2.83453 0.944672 0.636182 0.35007 0.225907 0.0706533 0.0360936 0.0207941 0.011099 0.00441007 0.00231427 0.000288912 9.4291e-05 2.47887e-05 5.74135e-06 1.90755e-06 5.2664e-07 1.79397e-07 5.13697e-08 1.69072e-08 0 0 0 0 0 0 0 0 0 0 0 0 0 0 0 0 0 0 0 0 0 0 0 0 0 0 0 0 0 0 0 0 0 0 0 0 0 0 0 0 0 0 0 0 0 0 0
121915 99201.6 99201.6 99201.6 77843.5 70421.5 47068.3 43614.1 37528.5 19176.4 14832.2 7789.81 7789.81 5138.54 3203.48 2236.06 1249.57 1249.57 690.735 423.507 200.866 113.994 67.2055 34.6544 25.1112 14.512 4.4194 3.42455 2.56261 1.10202 0.571512 0.234854 0.149468 0.0942544 0.0435212 0.0192692 0.0110194 0.00411584 0.00218652 0.000211785 6.99133e-05 1.58152e-05 7.94653e-06 3.09246e-06 1.19304e-06 4.6933e-07 1.76348e-07 6.19837e-08 2.32329e-08 1.1682e-08 0 0 0 0 0 0 0 0 0 0 0 0 0 0 0 0 0 0 0 0 0 0 0 0 0 0 0 0 0 0 0 0 0 0 0 0 0 0 0 0 0 0 0 0 0
125072 125072 125072 87606.9 63115.4 63115.4 63115.4 51320.4 30175.4 21058.7 19940.1 13482.1 10277.7 6179.42 4047.39 2858.96 1956.09 1082.63 654.997 350.667 218.132 170.142 73.925 45.1669 27.6301 12.2014 8.54887 5.28781 2.48238 1.61322 0.706871 0.352164 0.21547 0.0870827 0.0406899 0.0257163 0.0106325 0.00518801 0.00245771 0.000238209 6.69726e-05 2.49455e-05 7.61865e-06 2.34151e-06 6.02166e-07 3.03696e-07 1.29142e-07 4.5394e-08 2.05246e-08 0 0 0 0 0 0 0 0 0 0 0 0 0 0 0 0 0 0 0 0 0 0 0 0 0 0 0 0 0 0 0 0 0 0 0 0 0 0 0 0 0 0 0 0 0 0
155275 155275 90947.6 90947.6 83631.6 69338.5 68705.8 57112.4 39677.6 26940.2 19351.7 14092.2 9556.15 6161.09 4004.38 2554.43 1560.5 1049.02 603.138 369.786 260.72 146.482 80.4377 57.5897 30.0116 18.0605 8.79679 4.13023 2.46314 1.10425 0.678231 0.36008 0.192504 0.0830762 0.0443919 0.0171154 0.00854172 0.00562784 0.00219609 0.000312566 0.000102217 3.59718e-05 9.45983e-06 3.07872e-06 1.24246e-06 3.75156e-07 1.27751e-07 4.5804e-08 1.68353e-08 0 0 0 0 0 0 0 0 0 0 0 0 0 0 0 0 0 0 0 0 0 0 0 0 0 0 0 0 0 0 0 0 0 0 0 0 0 0 0 0 0 0 0 0 0 0
186764 109098 109098 90896.1 90896.1 71847 64751 43192.9 36524.8 21348.8 14517.4 8065.94 6821.73 3758.8 2790.37 1684.04 1397.47 804.891 607.432 382.759 172.006 117.169 52.6769 38.251 21.449 10.8122 8.44436 4.07497 2.13239 1.03884 0.568698 0.303875 0.129398 0.0630931 0.0402851 0.0157785 0.00833013 0.00413192 0.00230252 0.000204177 6.39696e-05 2.77922e-05 9.78239e-06 3.11178e-06 1.09617e-06 4.86389e-07 1.40676e-07 5.50722e-08 2.66701e-08 0 0 0 0 0 0 0 0 0 0 0 0 0 0 0 0 0 0 0 0 0 0 0 0 0 0 0 0 0 0 0 0 0 0 0 0 0 0 0 0 0 0 0 0 0 0
143886 143886 127200 88415.4 88415.4 79455.9 63093.4 44332.2 34565.2 15321.6 15321.6 15321.6 8885.08 6491.7 3946.47 2673.83 1902.99 1129.98 728.001 478.09 205.425 204.598 109.786 57.196 22.0692 17.123 5.08006 5.08006 2.55334 1.6718 0.875629 0.55088 0.277765 0.132993 0.0546162 0.0258508 0.0157089 0.0069765 0.00270071 0.000304023 8.80149e-05 4.17379e-05 1.32967e-05 5.43485e-06 1.67219e-06 6.05683e-07 1.81341e-07 6.43159e-08 1.8362e-08 0 0 0 0 0 0 0 0 0 0 0 0 0 0 0 0 0 0 0 0 0 0 0 0 0 0 0 0 0 0 0 0 0 0 0 0 0 0 0 0 0 0 0 0 0 0
148291 110351 110351 73033.7 71274.2 71274.2 58526.6 58526.6 50029.4 38895 27330.4 21021.2 16174.9 7589.25 6765.33 4676.39 3265.17 2302.45 1429.13 722.837 389.919 266.768 134.306 104.046 37.1402 32.1884 17.1469 8.28959 4.07858 3.18036 1.55708 0.711173 0.418309 0.191238 0.122399 0.0594703 0.0222244 0.00819852 0.00706222 0.000766168 0.000227339 9.37157e-05 2.81533e-05 8.03993e-06 3.20075e-06 1.10879e-06 3.22682e-07 1.05478e-07 4.54979e-08 1.83583e-08 0 0 0 0 0 0 0 0 0 0 0 0 0 0 0 0 0 0 0 0 0 0 0 0 0 0 0 0 0 0 0 0 0 0 0 0 0 0 0 0 0 0 0 0 0
117587 115005 108087 95008.9 88576.4 71408.9 58088.5 48246.6 26562.5 18461.2 16232.1 12540.2 7419.58 4758.06 2684.04 1413.16 1413.16 872.609 557.825 273.144 144.881 131.261 60.9464 42.4238 24.1013 13.8336 8.23777 3.49827 2.01103 0.874448 0.444409 0.268777 0.154394 0.0725405 0.028959 0.0191122 0.0108808 0.00524712 0.00251756 0.000278703 6.13105e-05 3.11796e-05 9.24298e-06 4.74229e-06 1.30763e-06 3.878e-07 1.41473e-07 5.86439e-08 2.79044e-08 0 0 0 0 0 0 0 0 0 0 0 0 0 0 0 0 0 0 0 0 0 0 0 0 0 0 0 0 0 0 0 0 0 0 0 0 0 0 0 0 0 0 0 0 0 0
145833 125875 94718.2 94718.2 87347.7 72999.7 55393.6 34093.3 24927.9 19292.4 14235.4 10799.6 8089.56 4678.31 3472.01 1853.87 1700.51 818.011 683.511 430.469 231.481 110.171 79.6651 35.875 17.5381 14.1603 7.88865 3.938 1.82041 1.03729 0.510714 0.300778 0.123699 0.0792017 0.0441761 0.0176308 0.00787734 0.00424404 0.00173672 0.000199299 6.14867e-05 1.7949e-05 6.06934e-06 1.9e-06 4.24833e-07 1.38147e-07 5.44661e-08 1.50142e-08 0 0 0 0 0 0 0 0 0 0 0 0 0 0 0 0 0 0 0 0 0 0 0 0 0 0 0 0 0 0 0 0 0 0 0 0 0 0 0 0 0 0 0 0 0 0 0
156353 124459 96119.1 94410.4 93463.1 79912.7 62617.3 45590.7 37544.7 23862.6 20655.6 13162.3 7753.09 5900.57 4710.15 2933.26 2015.47 1285.89 691.57 482.048 296.294 154.932 140.024 66.5945 38.8205 20.8704 8.74796 7.2428 3.50689 1.80547 0.570481 0.421141 0.231909 0.135741 0.0616556 0.0233282 0.0146899 0.00649318 0.00334685 0.000391824 0.000115808 3.52311e-05 1.08292e-05 3.89912e-06 1.5723e-06 5.03168e-07 1.47148e-07 3.81953e-08 1.03092e-08 0 0 0 0 0 0 0 0 0 0 0 0 0 0 0 0 0 0 0 0 0 0 0 0 0 0 0 0 0 0 0 0 0 0 0 0 0 0 0 0 0 0 0 0 0 0
212350 132835 117171 77417.1 77417.1 77417.1 74003 49703.7 38405.1 24620.5 15402 12887.7 9085.09 6642.77 3595.47 2910.29 1838.06 1403.27 585.198 423.962 284.239 170.299 99.7041 55.1728 29.2129 15.4303 9.46635 4.74368 2.46611 1.38462 0.8708 0.358237 0.14852 0.0915953 0.0288209 0.0186938 0.0105101 0.00343296 0.00321723 0.000169332 6.80305e-05 2.39544e-05 9.223e-06 2.24894e-06 1.10251e-06 3.0623e-07 8.78172e-08 3.59377e-08 1.40558e-08 0 0 0 0 0 0 0 0 0 0 0 0 0 0 0 0 0 0 0 0 0 0 0 0 0 0 0 0 0 0 0 0 0 0 0 0 0 0 0 0 0 0 0 0 0 0
173843 107130 107130 90230.4 83052.2 66175.1 66175.1 49319.3 37577.3 27124.1 18926.9 12458.9 8165.37 5520.47 3076.89 1666.48 1293.11 1077.88 665.658 384.761 241.545 96.7302 79.3538 37.2909 23.5837 10.9494 7.89973 3.62478 2.28563 1.61697 0.572311 0.323606 0.217507 0.0660906 0.0439565 0.010712 0.00966011 0.00480475 0.00262043 0.000258227 0.000101666 3.11571e-05 1.08174e-05 3.59294e-06 9.62632e-07 2.70244e-07 6.58249e-08 2.10259e-08 0 0 0 0 0 0 0 0 0 0 0 0 0 0 0 0 0 0 0 0 0 0 0 0 0 0 0 0 0 0 0 0 0 0 0 0 0 0 0 0 0 0 0 0 0 0 0
135896 126283 88105.5 85834.4 76120.1 62043.9 55269.1 43071.9 29982.3 21990.5 17934.5 11786.5 8258.79 5671.91 3931.11 2757.86 1961.42 1246.75 904.578 332.197 251.629 160.172 77.7471 65.5648 23.1867 17.2004 12.9947 5.54031 4.32054 2.21592 1.24968 0.471788 0.313338 0.158462 0.0710631 0.0295593 0.0146703 0.00828776 0.00317935 0.000508514 0.000120365 4.32482e-05 1.4442e-05 5.58265e-06 1.90077e-06 7.50553e-07 3.53586e-07 9.18993e-08 2.59181e-08 0 0 0 0 0 0 0 0 0 0 0 0 0 0 0 0 0 0 0 0 0 0 0 0 0 0 0 0 0 0 0 0 0 0 0 0 0 0 0 0 0 0 0 0 0 0
122657 122657 122657 109052 90779.5 77950.4 50907.6 32668.5 32668.5 31146 22112.6 14979.2 9388.06 5793.73 4666.62 2635.24 1923.25 846.065 647.4 459.895 277.225 166.248 113.023 56.6046 36.7427 19.9969 12.3399 5.90733 3.24638 1.79088 0.855862 0.453297 0.184449 0.0970172 0.0573242 0.0180639 0.0118744 0.00656274 0.00267495 0.000297793 0.000114881 2.96621e-05 7.93036e-06 3.24774e-06 9.66355e-07 3.41861e-07 8.91445e-08 3.22497e-08 1.29397e-08 0 0 0 0 0 0 0 0 0 0 0 0 0 0 0 0 0 0 0 0 0 0 0 0 0 0 0 0 0 0 0 0 0 0 0 0 0 0 0 0 0 0 0 0 0 0
159388 130172 100008 88148.6 88148.6 82955.8 57470.7 56963.2 35742.8 24419.4 19976.9 14335.9 8705.96 7540.33 5341.11 3145.79 1942.56 1316.92 912.308 545.017 314.772 189.701 135.645 60.6246 42.5722 20.5771 13.3296 7.57168 3.38938 1.87376 1.01379 0.478224 0.155476 0.12805 0.0677464 0.0331849 0.0138013 0.00679787 0.00306535 0.000311292 0.000135714 4.01618e-05 1.4709e-05 4.90309e-06 1.39188e-06 3.99777e-07 1.68012e-07 4.29102e-08 1.27002e-08 0 0 0 0 0 0 0 0 0 0 0 0 0 0 0 0 0 0 0 0 0 0 0 0 0 0 0 0 0 0 0 0 0 0 0 0 0 0 0 0 0 0 0 0 0 0
99211.3 99211.3 99211.3 94302.3 87626.3 67023.1 52395.7 46996.9 28416.8 28416.8 15416.6 14912.4 9243.43 6678.52 4497.64 2707.33 2374.84 1459.85 826.299 600.432 292.668 201.023 93.9989 61.8334 23.1831 15.7139 10.1717 4.75382 3.00563 1.60986 0.629493 0.473341 0.172014 0.117102 0.0448434 0.0263247 0.0121102 0.00553847 0.00282151 0.000313682 5.1261e-05 3.18082e-05 9.38935e-06 3.23631e-06 1.73916e-06 5.42696e-07 1.79406e-07 5.67424e-08 1.93076e-08 0 0 0 0 0 0 0 0 0 0 0 0 0 0 0 0 0 0 0 0 0 0 0 0 0 0 0 0 0 0 0 0 0 0 0 0 0 0 0 0 0 0 0 0 0 0
157311 151377 105201 70700.9 70700.9 70700.9 54699.5 50190.9 44489.4 33543.5 22909.3 14832.5 10742.1 8275.08 4295.27 4107.47 2711.17 1992.05 888.01 565.83 437.294 201.982 115.572 93.1785 39.5492 22.0327 13.9608 6.65166 3.03956 2.42622 1.06685 0.476466 0.264192 0.135568 0.064892 0.0279829 0.0130452 0.00628662 0.00398038 0.000403516 0.000140179 4.64305e-05 1.45319e-05 3.90446e-06 1.28864e-06 3.40708e-07 1.24339e-07 3.63121e-08 0 0 0 0 0 0 0 0 0 0 0 0 0 0 0 0 0 0 0 0 0 0 0 0 0 0 0 0 0 0 0 0 0 0 0 0 0 0 0 0 0 0 0 0 0 0 0
153860 147027 126530 98706 94820.6 75357.1 61934.4 52872.8 28909.1 24780.3 14768.5 11236.5 6758.89 4594.46 3274.14 2949.46 1608.27 882.389 387.038 387.038 241.474 106.003 90.8367 53.2571 30.4134 14.3071 10.384 4.72651 2.91025 1.58674 0.72105 0.323505 0.219444 0.100275 0.0348282 0.0215453 0.00739402 0.00530703 0.00239326 0.000205838 4.31394e-05 1.57455e-05 4.47587e-06 1.34568e-06 3.88885e-07 1.3391e-07 4.36439e-08 1.34632e-08 0 0 0 0 0 0 0 0 0 0 0 0 0 0 0 0 0 0 0 0 0 0 0 0 0 0 0 0 0 0 0 0 0 0 0 0 0 0 0 0 0 0 0 0 0 0 0
161020 111638 82480.8 82480.8 80918.3 79136.2 46132.6 38516.7 36113.3 25301.9 16004.7 10911.4 7667.3 5464.4 3867.94 2473.48 1451.06 1177.68 709.491 406.88 311.041 130.759 91.4508 58.5309 24.1285 17.7621 11.6561 5.64259 2.45097 1.89546 0.879263 0.292222 0.2309 0.114482 0.0623564 0.026893 0.0145513 0.00714687 0.00449625 0.000418919 0.000155492 3.66106e-05 9.40806e-06 3.41913e-06 1.32308e-06 4.18828e-07 9.21949e-08 4.45123e-08 0 0 0 0 0 0 0 0 0 0 0 0 0 0 0 0 0 0 0 0 0 0 0 0 0 0 0 0 0 0 0 0 0 0 0 0 0 0 0 0 0 0 0 0 0 0 0
113414 97514.1 97514.1 79771.5 79771.5 79771.5 76392.4 55693.9 50868.8 36474.4 24562.8 19287.7 9697.75 8457.14 5665.7 4223.85 2340.35 1756.88 927.788 563.254 422.393 236.177 127.802 71.7851 49.8064 23.7402 10.2459 7.19523 2.8361 1.6953 1.27582 0.532728 0.285363 0.139905 0.0604849 0.0329209 0.0131731 0.00794062 0.00368132 0.000317812 0.000120113 4.3912e-05 1.27539e-05 4.68303e-06 1.10932e-06 3.56852e-07 9.75802e-08 3.06089e-08 0 0 0 0 0 0 0 0 0 0 0 0 0 0 0 0 0 0 0 0 0 0 0 0 0 0 0 0 0 0 0 0 0 0 0 0 0 0 0 0 0 0 0 0 0 0 0
174211 147929 147929 88680.4 77699.1 77699.1 73667.3 61805.7 42107.2 35833 18883.1 14080.4 10501.4 7054.45 4098.44 3249.66 1789.04 1448.25 818.76 631.947 316.677 209.457 128.155 60.6579 37.9973 18.5028 8.7641 6.24564 3.45586 1.98173 0.931471 0.481578 0.237176 0.134321 0.0627212 0.0434779 0.0206801 0.00790739 0.00468134 0.000424676 0.000117108 3.50714e-05 1.38836e-05 5.16531e-06 1.51777e-06 6.05996e-07 1.55825e-07 5.29736e-08 1.50005e-08 0 0 0 0 0 0 0 0 0 0 0 0 0 0 0 0 0 0 0 0 0 0 0 0 0 0 0 0 0 0 0 0 0 0 0 0 0 0 0 0 0 0 0 0 0 0
137588 107442 92852.9 80908.7 80908.7 80908.7 57180.6 52475.1 36748.4 22675.1 14333 14333 11111.4 7778.91 5582.15 3774.6 2082.5 1080.96 953.087 659.418 372.613 190.049 149.92 63.3656 45.5671 21.6569 13.2987 7.24005 4.06111 2.23572 1.12824 0.453391 0.305093 0.178524 0.0635055 0.0404655 0.0236912 0.00802818 0.00497249 0.000484847 0.000156072 3.85102e-05 1.656e-05 6.92319e-06 2.58845e-06 5.70417e-07 2.57822e-07 6.73489e-08 3.02706e-08 0 0 0 0 0 0 0 0 0 0 0 0 0 0 0 0 0 0 0 0 0 0 0 0 0 0 0 0 0 0 0 0 0 0 0 0 0 0 0 0 0 0 0 0 0 0
164112 120250 111395 92559 86734.4 68873.6 63886.4 47080.6 34647.1 24961.8 15717 13647.7 10250.1 4620.38 2990.43 2356.57 1610.55 1134.84 622.708 255.872 231.595 110.311 93.2991 41.6462 28.9541 13.9844 8.13172 4.47397 2.40584 1.43174 0.575868 0.223304 0.189107 0.0832116 0.0410397 0.0181944 0.0107332 0.00429009 0.00217964 0.000204125 7.8147e-05 1.57242e-05 6.21651e-06 2.13073e-06 6.75105e-07 2.26068e-07 5.32327e-08 2.1697e-08 0 0 0 0 0 0 0 0 0 0 0 0 0 0 0 0 0 0 0 0 0 0 0 0 0 0 0 0 0 0 0 0 0 0 0 0 0 0 0 0 0 0 0 0 0 0 0
121384 121384 99804.3 82430.3 61612.2 61612.2 61612.2 46313.4 35164.8 33275.2 17928.5 16607.5 13054.5 5931.16 4636.66 3280.79 2698.52 1469.12 716.957 504.336 200.742 170.274 84.4405 55.5702 29.2069 16.1536 10.9125 4.45666 2.44527 1.21384 0.871396 0.429842 0.19338 0.0896644 0.0471546 0.0260464 0.0130686 0.00633693 0.002445 0.000267928 8.76299e-05 2.73851e-05 1.07467e-05 4.02488e-06 1.18899e-06 3.15094e-07 9.88746e-08 3.39774e-08 0 0 0 0 0 0 0 0 0 0 0 0 0 0 0 0 0 0 0 0 0 0 0 0 0 0 0 0 0 0 0 0 0 0 0 0 0 0 0 0 0 0 0 0 0 0 0
126822 107005 107005 88239.8 84127.6 65450.2 51543.2 49748 36565.4 31172.4 24866.5 17272.2 9070.85 6629.1 4456.86 2783.08 1912.93 1275.75 709.562 363.173 326.045 193.558 89.8311 44.9845 32.0662 15.5556 11.9655 5.91102 2.71303 1.16998 0.767398 0.433391 0.170168 0.117404 0.0530729 0.0269854 0.0129879 0.00545391 0.00303918 0.000285927 7.56533e-05 2.67465e-05 8.60387e-06 3.31856e-06 8.77303e-07 2.43726e-07 6.49903e-08 2.7203e-08 0 0 0 0 0 0 0 0 0 0 0 0 0 0 0 0 0 0 0 0 0 0 0 0 0 0 0 0 0 0 0 0 0 0 0 0 0 0 0 0 0 0 0 0 0 0 0
144050 109701 109701 83383.9 83383.9 80809.9 50120.8 37754.6 25286.5 22095.3 15433.7 8981.33 6754.36 4774.37 3356.58 2047.82 1298.43 1158.97 593.148 346.051 248.997 140.391 82.1018 42.039 33.7143 17.9299 9.49605 3.77836 2.36263 1.85142 0.729743 0.34631 0.215499 0.110425 0.0518827 0.0257656 0.009439 0.00571191 0.00222024 0.000295572 8.47413e-05 2.49462e-05 1.05994e-05 3.29996e-06 6.38776e-07 2.55217e-07 6.01263e-08 1.75816e-08 0 0 0 0 0 0 0 0 0 0 0 0 0 0 0 0 0 0 0 0 0 0 0 0 0 0 0 0 0 0 0 0 0 0 0 0 0 0 0 0 0 0 0 0 0 0 0
155455 111259 102651 99007.1 82176.6 82176.6 65913.9 47500.7 44677.2 26180.6 24494.1 16789.2 10180.4 7209.66 4927.15 3123.53 1772.64 1654.78 1047.37 518.994 343.726 179.517 124.262 69.3335 29.9188 17.4685 12.2175 5.04735 2.72791 1.26999 0.826427 0.38731 0.232775 0.119046 0.0567882 0.0293197 0.0134737 0.00578263 0.00251209 0.000300892 8.5822e-05 3.39696e-05 9.18598e-06 3.24612e-06 8.86014e-07 3.11376e-07 9.74409e-08 2.68283e-08 0 0 0 0 0 0 0 0 0 0 0 0 0 0 0 0 0 0 0 0 0 0 0 0 0 0 0 0 0 0 0 0 0 0 0 0 0 0 0 0 0 0 0 0 0 0 0
143855 137597 100011 65068.3 65068.3 62800 53479.1 52806.6 33254.2 22057.4 19315.1 13007.7 5990.76 5990.76 4065.36 2618.39 1695.02 1016.7 854.43 457.946 331.916 158.117 125.472 68.9194 40.4825 18.853 7.00868 5.98545 3.68967 1.59393 0.905997 0.3363 0.261459 0.10733 0.0521086 0.034493 0.02009 0.00854571 0.00432507 0.000412117 0.000107375 3.85219e-05 1.14414e-05 3.59598e-06 1.37598e-06 4.90897e-07 1.79895e-07 5.63679e-08 2.02035e-08 0 0 0 0 0 0 0 0 0 0 0 0 0 0 0 0 0 0 0 0 0 0 0 0 0 0 0 0 0 0 0 0 0 0 0 0 0 0 0 0 0 0 0 0 0 0
126461 126461 122259 87824.5 80479.5 73592.9 61447.2 50254.2 42617.4 24899.2 19027.4 9864.17 9864.17 5245.5 3814.43 2796.95 1829.04 1472.04 1033.76 469.188 241.033 190.785 87.4031 62.257 32.94 14.4731 11.0772 6.01638 2.92008 1.31545 0.959632 0.423626 0.227214 0.106004 0.0622962 0.0308643 0.0154189 0.00807696 0.00261741 0.000323888 9.77343e-05 2.76095e-05 8.91745e-06 2.29219e-06 8.31203e-07 2.96432e-07 9.84641e-08 3.32303e-08 0 0 0 0 0 0 0 0 0 0 0 0 0 0 0 0 0 0 0 0 0 0 0 0 0 0 0 0 0 0 0 0 0 0 0 0 0 0 0 0 0 0 0 0 0 0 0
144087 138213 113237 103429 103429 74969.5 74969.5 51785.6 35444 19267.2 13551.8 13551.8 10304.4 7184.88 5010.03 2730.06 2195.74 1538.81 701.09 701.09 384.457 198.121 133.431 80.9697 35.0626 23.9556 9.27015 7.68113 3.87874 1.7406 0.807992 0.459321 0.251891 0.119217 0.0597349 0.0288758 0.013892 0.00804837 0.00309247 0.000193471 8.34876e-05 2.92172e-05 7.90504e-06 2.81583e-06 8.10454e-07 2.81026e-07 9.90439e-08 3.23985e-08 0 0 0 0 0 0 0 0 0 0 0 0 0 0 0 0 0 0 0 0 0 0 0 0 0 0 0 0 0 0 0 0 0 0 0 0 0 0 0 0 0 0 0 0 0 0 0
131701 128146 68901.1 68901.1 68901.1 68901.1 57440.4 42806.3 28262.1 24532.3 18587.5 10540.7 9048.29 5988.46 3714.79 3022.07 2097.9 1051.72 910.627 552.44 284.288 173.716 111.988 64.4303 33.6361 18.6933 8.95096 7.00844 3.98502 2.29811 1.0813 0.656065 0.26678 0.17292 0.0741105 0.0394711 0.0174299 0.00909116 0.00432303 0.000369409 0.000129384 2.04549e-05 1.44291e-05 6.31172e-06 2.70884e-06 8.50109e-07 3.0481e-07 1.15991e-07 3.18636e-08 0 0 0 0 0 0 0 0 0 0 0 0 0 0 0 0 0 0 0 0 0 0 0 0 0 0 0 0 0 0 0 0 0 0 0 0 0 0 0 0 0 0 0 0 0 0
131590 127359 120306 111017 90627.9 83885.9 80719.7 65666.9 41878.1 34046.7 23404.9 21077.2 15514.2 8428.6 5796.43 4017.13 2430.13 1855.45 1152.79 651.256 428.452 203.451 156.554 106.508 62.9021 28.9799 15.4577 7.55565 3.49459 1.84292 0.886497 0.661688 0.260687 0.154544 0.0674665 0.05027 0.0196195 0.0128629 0.00495872 0.000473989 0.00011726 4.1467e-05 1.33109e-05 5.12589e-06 1.32428e-06 5.77438e-07 1.25399e-07 2.86104e-08 1.05856e-08 0 0 0 0 0 0 0 0 0 0 0 0 0 0 0 0 0 0 0 0 0 0 0 0 0 0 0 0 0 0 0 0 0 0 0 0 0 0 0 0 0 0 0 0 0 0
197529 90136 90136 60966.5 60966.5 60966.5 43585.4 43585.4 31355.5 24473 18088.4 10017.3 7573.54 4913.87 3472.92 1859.47 1418.46 831.768 417.988 362.422 216.156 95.5428 63.7024 40.2512 21.3128 12.8749 5.90547 2.66666 1.18809 0.718938 0.490286 0.276403 0.137211 0.0639988 0.0359972 0.0195478 0.00961599 0.00459523 0.00232664 0.000205695 4.78482e-05 1.50208e-05 3.98013e-06 1.66282e-06 6.89374e-07 1.55583e-07 7.67316e-08 1.90993e-08 0 0 0 0 0 0 0 0 0 0 0 0 0 0 0 0 0 0 0 0 0 0 0 0 0 0 0 0 0 0 0 0 0 0 0 0 0 0 0 0 0 0 0 0 0 0 0
125575 117675 96045.7 96045.7 87793.1 82962.9 58721.6 52277.8 33931.5 31298.4 19277.3 11167.9 8855 5982.45 3719.04 2909.19 2158.68 1195.16 732.475 483.969 290.028 134.148 83.0962 63.4584 36.168 22.4972 8.14318 5.45033 2.54466 2.15816 0.651232 0.495236 0.230073 0.133339 0.0569952 0.0290256 0.0166765 0.00801855 0.00347502 0.000413294 0.000107033 3.66058e-05 9.17667e-06 3.09544e-06 1.1518e-06 2.10932e-07 9.36959e-08 2.76261e-08 0 0 0 0 0 0 0 0 0 0 0 0 0 0 0 0 0 0 0 0 0 0 0 0 0 0 0 0 0 0 0 0 0 0 0 0 0 0 0 0 0 0 0 0 0 0 0
170268 111785 111785 64096.2 64096.2 60189.1 60189.1 45443.9 35450 25718.2 17549.9 13932.8 9220.32 5363.17 3738.67 3327.2 1689.63 1243.49 723.353 424.784 283.091 155.2 86.4373 52.1911 27.3175 17.0844 10.8628 5.0636 2.08506 1.32285 0.876568 0.346543 0.192908 0.0881778 0.0566706 0.0308003 0.0133014 0.00784697 0.00238127 0.0002564 7.31354e-05 2.67453e-05 1.0045e-05 4.56224e-06 1.3745e-06 5.09166e-07 1.48082e-07 5.86867e-08 1.75908e-08 0 0 0 0 0 0 0 0 0 0 0 0 0 0 0 0 0 0 0 0 0 0 0 0 0 0 0 0 0 0 0 0 0 0 0 0 0 0 0 0 0 0 0 0 0 0
132727 132727 126804 90695.7 84405.3 51490 42470.9 42470.9 29134.5 22947.1 15149.5 14528 8907.25 5051.7 3533.06 2396.2 1958.74 953.991 752.424 324.827 227.312 138.415 74.9237 47.3127 23.3049 10.1146 6.89776 4.04633 2.08466 1.18071 0.623983 0.303104 0.154073 0.0701372 0.0497222 0.0235989 0.0105306 0.00510742 0.00224113 0.000252261 8.01029e-05 2.72489e-05 7.9022e-06 3.26607e-06 1.05835e-06 4.02284e-07 1.08695e-07 3.92209e-08 1.07378e-08 0 0 0 0 0 0 0 0 0 0 0 0 0 0 0 0 0 0 0 0 0 0 0 0 0 0 0 0 0 0 0 0 0 0 0 0 0 0 0 0 0 0 0 0 0 0
133481 132106 101633 86578.6 69060.7 69060.7 69060.7 45342.6 41003 26693.4 10180.9 10180.9 9897.48 5974.68 3488.39 2562.72 2129.41 1080.51 889.338 509.194 303.81 144.3 111.564 47.2887 29.7288 19.4161 11.2874 7.67308 3.24154 1.86501 1.04156 0.577176 0.283769 0.11956 0.0718136 0.0225984 0.0138489 0.00540971 0.002998 0.000303235 0.000110126 1.99938e-05 1.05791e-05 2.58378e-06 1.01698e-06 4.59774e-07 1.77247e-07 6.71813e-08 2.16133e-08 0 0 0 0 0 0 0 0 0 0 0 0 0 0 0 0 0 0 0 0 0 0 0 0 0 0 0 0 0 0 0 0 0 0 0 0 0 0 0 0 0 0 0 0 0 0
134676 106244 106244 94851.4 80756.5 80756.5 72800 55440.1 53171.7 35847.8 24844.3 15134.8 12183.6 9251.74 5676.29 4545.46 2827.88 1643.46 1088.34 701.286 499.148 250.242 142.842 71.4328 41.3459 24.4666 14.8607 9.3207 5.22891 1.66428 1.41657 0.618536 0.309928 0.144043 0.0751346 0.0466325 0.0220127 0.00995398 0.00540366 0.000587301 0.000173213 8.37422e-05 2.38108e-05 7.97561e-06 2.67812e-06 7.76282e-07 2.92712e-07 1.02657e-07 4.18946e-08 1.51593e-08 0 0 0 0 0 0 0 0 0 0 0 0 0 0 0 0 0 0 0 0 0 0 0 0 0 0 0 0 0 0 0 0 0 0 0 0 0 0 0 0 0 0 0 0 0
132171 132171 132171 112947 93577.5 80998.9 45473.4 45473.4 29045.8 21087.4 16958.9 13732 9926.16 6146.78 3509.2 2946.28 1534.99 1215.08 794.893 515.255 328.096 116.98 86.6369 65.4493 25.067 18.6648 8.51082 4.61576 2.4224 1.5998 0.876141 0.271923 0.194439 0.0980288 0.0525223 0.0290604 0.0135059 0.0048776 0.00303083 0.000225032 9.25941e-05 2.19437e-05 5.55876e-06 2.17395e-06 4.53546e-07 1.30677e-07 5.43559e-08 1.68101e-08 0 0 0 0 0 0 0 0 0 0 0 0 0 0 0 0 0 0 0 0 0 0 0 0 0 0 0 0 0 0 0 0 0 0 0 0 0 0 0 0 0 0 0 0 0 0 0
186679 132574 91661.3 91661.3 91661.3 56413.2 56413.2 50093.9 35536 25622.2 18606.1 13377.3 9749.67 6200.22 4108.78 2772.35 1719.65 998.266 572.343 384.432 297.644 121.522 107.23 45.7708 22.6459 16.6049 10.1671 4.34254 2.89589 1.13452 0.468385 0.375273 0.112516 0.0905164 0.0490021 0.0224326 0.0101847 0.00505404 0.00248399 0.000233778 6.52944e-05 1.9961e-05 5.46701e-06 2.31094e-06 7.42386e-07 2.00795e-07 4.14091e-08 1.03827e-08 0 0 0 0 0 0 0 0 0 0 0 0 0 0 0 0 0 0 0 0 0 0 0 0 0 0 0 0 0 0 0 0 0 0 0 0 0 0 0 0 0 0 0 0 0 0 0
