849.244 743.071 616.234 463.044 424.827 375.951 375.951 375.951 375.045 355.721 322.308 322.308 316.99 308.189 306.57 303.952 303.117 301.617 300.854 300.772 300.396 300.239 300.153 300.103 300.064 300.043 300.021 300.006 300.005 300.002 300.001 300.001 300 300 300 300 300 300 300 300 300 300 300 300 300 300 300 300 300 300 300 300 300 300 300 300 300 300 300 300 300 300 300 300 300 300 300 300 300 300 300 300 300 300 300 300 300 300 300 300 300 300 300 300 300 300 300 300 300 300 300 300 300 300 300 300
737.189 652.429 639.708 450.762 406.31 397.821 395.984 366.606 360.571 333.533 328.206 315.792 312.71 309.456 305.86 303.618 302.849 301.634 301.09 300.737 300.416 300.292 300.2 300.124 300.081 300.049 300.028 300.008 300.005 300.003 300.002 300.001 300.001 300 300 300 300 300 300 300 300 300 300 300 300 300 300 300 300 300 300 300 300 300 300 300 300 300 300 300 300 300 300 300 300 300 300 300 300 300 300 300 300 300 300 300 300 300 300 300 300 300 300 300 300 300 300 300 300 300 300 300 300 300 300 300
916.492 758.463 685.38 640.055 600.981 572.985 469.686 443.683 438 413.993 402.326 379.917 336.665 332.812 323.197 312.74 308.932 303.569 303.569 302.48 301.568 300.822 300.584 300.376 300.186 300.12 300.048 300.023 300.014 300.008 300.005 300.003 300.001 300.001 300.001 300 300 300 300 300 300 300 300 300 300 300 300 300 300 300 300 300 300 300 300 300 300 300 300 300 300 300 300 300 300 300 300 300 300 300 300 300 300 300 300 300 300 300 300 300 300 300 300 300 300 300 300 300 300 300 300 300 300 300 300 300
1009.4 800.658 706.329 488.317 464.591 441.931 415.275 412.7 380.516 369.639 362.107 333.119 329.205 310.366 310.366 306.267 303.679 302.083 301.897 301.177 300.679 300.311 300.197 300.159 300.093 300.056 300.028 300.015 300.008 300.003 300.002 300.001 300.001 300 300 300 300 300 300 300 300 300 300 300 300 300 300 300 300 300 300 300 300 300 300 300 300 300 300 300 300 300 300 300 300 300 300 300 300 300 300 300 300 300 300 300 300 300 300 300 300 300 300 300 300 300 300 300 300 300 300 300 300 300 300 300
653.11 624.938 624.938 461.616 461.616 417.773 401.74 379.804 377.345 372.034 350.293 336.921 320.296 313.964 310.37 308.231 304.687 302.781 301.817 301.194 300.791 300.445 300.26 300.14 300.103 300.062 300.031 300.011 300.008 300.005 300.002 300.001 300.001 300 300 300 300 300 300 300 300 300 300 300 300 300 300 300 300 300 300 300 300 300 300 300 300 300 300 300 300 300 300 300 300 300 300 300 300 300 300 300 300 300 300 300 300 300 300 300 300 300 300 300 300 300 300 300 300 300 300 300 300 300 300 300
853.11 672.116 576.844 498.647 392.36 388.954 379.878 367.351 336.461 335.496 326.804 313.46 309.884 305.805 303.674 302.591 301.834 300.878 300.674 300.483 300.3 300.236 300.119 300.081 300.049 300.031 300.015 300.005 300.002 300.002 300.001 300.001 300 300 300 300 300 300 300 300 300 300 300 300 300 300 300 300 300 300 300 300 300 300 300 300 300 300 300 300 300 300 300 300 300 300 300 300 300 300 300 300 300 300 300 300 300 300 300 300 300 300 300 300 300 300 300 300 300 300 300 300 300 300 300 300
919.251 683.919 638.08 447.058 408.186 397.442 377.995 354.843 354.843 332.267 322.503 314.121 308.49 306.998 304.614 303.423 302.205 300.667 300.667 300.541 300.329 300.188 300.132 300.056 300.043 300.019 300.013 300.005 300.003 300.002 300.001 300.001 300 300 300 300 300 300 300 300 300 300 300 300 300 300 300 300 300 300 300 300 300 300 300 300 300 300 300 300 300 300 300 300 300 300 300 300 300 300 300 300 300 300 300 300 300 300 300 300 300 300 300 300 300 300 300 300 300 300 300 300 300 300 300 300
827.896 726.32 440.849 440.849 435.702 400.663 387.386 381.707 359.318 344.815 333.442 322.374 314.629 308.173 305.175 303.638 302.12 301.423 300.967 300.502 300.467 300.199 300.19 300.09 300.06 300.035 300.017 300.007 300.004 300.002 300.001 300.001 300 300 300 300 300 300 300 300 300 300 300 300 300 300 300 300 300 300 300 300 300 300 300 300 300 300 300 300 300 300 300 300 300 300 300 300 300 300 300 300 300 300 300 300 300 300 300 300 300 300 300 300 300 300 300 300 300 300 300 300 300 300 300 300
817.428 651.432 521.952 447.435 426.604 424.259 390.278 383.922 375.468 360.902 336.115 323.455 318.209 313.319 306.685 305.246 302.926 301.956 301.492 300.563 300.544 300.321 300.201 300.116 300.059 300.03 300.024 300.01 300.004 300.002 300.002 300.001 300.001 300 300 300 300 300 300 300 300 300 300 300 300 300 300 300 300 300 300 300 300 300 300 300 300 300 300 300 300 300 300 300 300 300 300 300 300 300 300 300 300 300 300 300 300 300 300 300 300 300 300 300 300 300 300 300 300 300 300 300 300 300 300 300
852.849 574.024 574.024 481.344 408.285 390.019 368.061 368.061 342.286 340.429 320.491 315.455 310.95 306.11 304.313 302.478 302.131 301.313 300.951 300.588 300.301 300.174 300.125 300.059 300.036 300.021 300.015 300.005 300.004 300.002 300.001 300.001 300 300 300 300 300 300 300 300 300 300 300 300 300 300 300 300 300 300 300 300 300 300 300 300 300 300 300 300 300 300 300 300 300 300 300 300 300 300 300 300 300 300 300 300 300 300 300 300 300 300 300 300 300 300 300 300 300 300 300 300 300 300 300 300
770.086 658.713 626.689 514.558 497.195 456.776 452.793 416.234 413.15 387.228 375.05 369.316 353.047 327.946 316.061 312.208 307.086 305.267 304.073 302.183 301.515 301.052 300.546 300.337 300.19 300.13 300.065 300.02 300.012 300.01 300.004 300.002 300.001 300.001 300 300 300 300 300 300 300 300 300 300 300 300 300 300 300 300 300 300 300 300 300 300 300 300 300 300 300 300 300 300 300 300 300 300 300 300 300 300 300 300 300 300 300 300 300 300 300 300 300 300 300 300 300 300 300 300 300 300 300 300 300 300
999.695 727.522 645.102 502.189 458.28 428.29 405.904 396.3 382.631 341.979 341.979 333.289 317.378 311.773 307.808 304.324 303.691 302.41 301.701 300.902 300.498 300.255 300.181 300.111 300.088 300.05 300.025 300.008 300.005 300.004 300.002 300.001 300.001 300 300 300 300 300 300 300 300 300 300 300 300 300 300 300 300 300 300 300 300 300 300 300 300 300 300 300 300 300 300 300 300 300 300 300 300 300 300 300 300 300 300 300 300 300 300 300 300 300 300 300 300 300 300 300 300 300 300 300 300 300 300 300
846.652 832.178 554.944 465.229 431.871 417.688 413.305 386.647 366.537 351.042 336.759 320.615 314.158 311.778 307.229 304.451 303.313 301.681 301.553 300.906 300.52 300.298 300.195 300.061 300.061 300.021 300.02 300.006 300.004 300.002 300.002 300.001 300 300 300 300 300 300 300 300 300 300 300 300 300 300 300 300 300 300 300 300 300 300 300 300 300 300 300 300 300 300 300 300 300 300 300 300 300 300 300 300 300 300 300 300 300 300 300 300 300 300 300 300 300 300 300 300 300 300 300 300 300 300 300 300
845.652 756.233 558.03 472.049 448.24 390.576 390.32 378.761 340.673 340.673 321.988 319.889 312.616 309.136 304.972 303.47 302.179 301.536 300.844 300.565 300.246 300.179 300.08 300.072 300.046 300.025 300.02 300.005 300.005 300.002 300.001 300.001 300 300 300 300 300 300 300 300 300 300 300 300 300 300 300 300 300 300 300 300 300 300 300 300 300 300 300 300 300 300 300 300 300 300 300 300 300 300 300 300 300 300 300 300 300 300 300 300 300 300 300 300 300 300 300 300 300 300 300 300 300 300 300 300
896.553 684.244 530.94 484.924 452.208 401.493 401.493 385.958 376.26 353.32 347.693 320.898 317.793 314.138 308.687 305.392 303.051 302.233 301.193 301.018 300.306 300.259 300.181 300.094 300.063 300.041 300.027 300.007 300.005 300.002 300.001 300.001 300 300 300 300 300 300 300 300 300 300 300 300 300 300 300 300 300 300 300 300 300 300 300 300 300 300 300 300 300 300 300 300 300 300 300 300 300 300 300 300 300 300 300 300 300 300 300 300 300 300 300 300 300 300 300 300 300 300 300 300 300 300 300 300
799.72 784.592 713.511 538.359 463.855 438.76 412.701 404.255 374.967 371.299 347.333 333.748 324.223 314.845 312.496 303.832 303.832 303.154 301.767 301.2 300.361 300.361 300.269 300.137 300.061 300.049 300.035 300.011 300.006 300.003 300.002 300.001 300.001 300 300 300 300 300 300 300 300 300 300 300 300 300 300 300 300 300 300 300 300 300 300 300 300 300 300 300 300 300 300 300 300 300 300 300 300 300 300 300 300 300 300 300 300 300 300 300 300 300 300 300 300 300 300 300 300 300 300 300 300 300 300 300
868.82 665.019 462.006 451.57 435.82 388.872 375.897 372.956 336.976 334.966 310.526 310.526 308.87 306.835 302.996 302.098 301.805 300.848 300.566 300.407 300.245 300.14 300.068 300.051 300.037 300.022 300.011 300.004 300.003 300.002 300.001 300.001 300 300 300 300 300 300 300 300 300 300 300 300 300 300 300 300 300 300 300 300 300 300 300 300 300 300 300 300 300 300 300 300 300 300 300 300 300 300 300 300 300 300 300 300 300 300 300 300 300 300 300 300 300 300 300 300 300 300 300 300 300 300 300 300
914.411 629.28 587.655 462.432 437.287 424.561 390.658 368.613 368.613 346.86 339.06 322.744 317.2 309.922 306.616 304.587 302.079 301.55 301.414 300.849 300.493 300.291 300.17 300.097 300.078 300.032 300.024 300.009 300.006 300.002 300.001 300.001 300.001 300 300 300 300 300 300 300 300 300 300 300 300 300 300 300 300 300 300 300 300 300 300 300 300 300 300 300 300 300 300 300 300 300 300 300 300 300 300 300 300 300 300 300 300 300 300 300 300 300 300 300 300 300 300 300 300 300 300 300 300 300 300 300
937.302 719.63 600.436 495.638 418.534 418.534 404.934 375.021 375.021 366.238 328.623 328.519 323.76 311.506 306.397 304.351 303.309 301.894 301.248 300.794 300.529 300.351 300.164 300.099 300.066 300.045 300.024 300.01 300.005 300.003 300.002 300.001 300.001 300 300 300 300 300 300 300 300 300 300 300 300 300 300 300 300 300 300 300 300 300 300 300 300 300 300 300 300 300 300 300 300 300 300 300 300 300 300 300 300 300 300 300 300 300 300 300 300 300 300 300 300 300 300 300 300 300 300 300 300 300 300 300
727.794 727.794 700.391 487.541 448.824 418.195 387.815 378.529 371.38 364.397 337.586 327.811 315.456 309.041 306.97 304.833 303.086 302.185 301.191 300.836 300.504 300.292 300.186 300.115 300.07 300.029 300.017 300.008 300.005 300.003 300.002 300.001 300.001 300 300 300 300 300 300 300 300 300 300 300 300 300 300 300 300 300 300 300 300 300 300 300 300 300 300 300 300 300 300 300 300 300 300 300 300 300 300 300 300 300 300 300 300 300 300 300 300 300 300 300 300 300 300 300 300 300 300 300 300 300 300 300
944.219 573.45 573.45 412.176 412.176 386.008 384.515 368.835 368.373 334.625 327.353 314.924 311.491 307.63 304.742 303.647 302.585 301.533 301.027 300.723 300.471 300.201 300.171 300.086 300.063 300.034 300.025 300.007 300.004 300.002 300.001 300.001 300 300 300 300 300 300 300 300 300 300 300 300 300 300 300 300 300 300 300 300 300 300 300 300 300 300 300 300 300 300 300 300 300 300 300 300 300 300 300 300 300 300 300 300 300 300 300 300 300 300 300 300 300 300 300 300 300 300 300 300 300 300 300 300
989.887 815.905 710.164 646.084 604.376 604.376 596.474 595.275 592.573 588.035 588.035 586.252 585.19 584.532 584.293 584.062 583.992 583.863 583.812 583.783 583.764 583.757 583.753 583.75 583.747 583.746 583.745 583.74 583.74 583.739 583.738 583.738 583.736 583.736 583.735 583.735 583.735 583.735 583.734 583.734 583.734 583.734 583.734 583.734 583.734 583.734 583.734 583.734 583.734 583.734 583.734 583.734 583.734 583.734 583.734 583.734 583.734 583.734 583.734 583.734 583.734 583.734 583.734 583.734 583.734 583.734 583.734 583.734 583.734 583.734 583.734 583.734 583.734 583.734 583.734 583.734 583.734 583.734 583.734 583.734 583.734 583.734 583.734 583.734 583.734 583.734 583.734 583.734 583.734 583.734 583.734 583.734 583.734 583.734 583.734 583.734
941.105 568.613 568.613 462.52 424.436 380.656 380.656 372.267 349.871 342.724 320.869 314.973 309.909 307.157 303.735 303.001 301.432 301.282 300.838 300.524 300.37 300.243 300.109 300.067 300.042 300.03 300.013 300.005 300.003 300.002 300.001 300 300 300 300 300 300 300 300 300 300 300 300 300 300 300 300 300 300 300 300 300 300 300 300 300 300 300 300 300 300 300 300 300 300 300 300 300 300 300 300 300 300 300 300 300 300 300 300 300 300 300 300 300 300 300 300 300 300 300 300 300 300 300 300 300
967.876 688.526 636.626 469.573 469.349 417.868 403.695 393.715 375.775 351.746 338.601 323.063 320.545 315.625 307.542 305.589 304.361 302.72 301.645 300.985 300.572 300.418 300.229 300.061 300.061 300.046 300.029 300.008 300.005 300.003 300.002 300.001 300.001 300 300 300 300 300 300 300 300 300 300 300 300 300 300 300 300 300 300 300 300 300 300 300 300 300 300 300 300 300 300 300 300 300 300 300 300 300 300 300 300 300 300 300 300 300 300 300 300 300 300 300 300 300 300 300 300 300 300 300 300 300 300 300
602.839 602.839 575.012 422.546 422.546 385.835 365.657 362.556 335.263 329.669 322.581 313.428 308.648 304.95 304.078 303.016 301.676 300.965 300.74 300.401 300.342 300.198 300.126 300.075 300.04 300.02 300.015 300.005 300.003 300.002 300.001 300.001 300 300 300 300 300 300 300 300 300 300 300 300 300 300 300 300 300 300 300 300 300 300 300 300 300 300 300 300 300 300 300 300 300 300 300 300 300 300 300 300 300 300 300 300 300 300 300 300 300 300 300 300 300 300 300 300 300 300 300 300 300 300 300 300
795.235 520.44 497.348 459.944 440.624 386.017 383.122 375.329 363.858 339.326 331.895 327.218 316.004 310.581 307.008 303.642 302.611 301.467 301.297 300.7 300.355 300.232 300.106 300.064 300.049 300.038 300.021 300.008 300.003 300.002 300.001 300.001 300 300 300 300 300 300 300 300 300 300 300 300 300 300 300 300 300 300 300 300 300 300 300 300 300 300 300 300 300 300 300 300 300 300 300 300 300 300 300 300 300 300 300 300 300 300 300 300 300 300 300 300 300 300 300 300 300 300 300 300 300 300 300 300
1062.24 820.658 591.735 591.735 591.735 591.735 570.707 570.707 547.074 487.837 425.732 415.471 395.949 360.11 339.495 324.564 313.659 310.951 307.017 304.892 302.365 301.704 300.923 300.527 300.402 300.225 300.145 300.04 300.026 300.017 300.008 300.004 300.003 300.001 300.001 300 300 300 300 300 300 300 300 300 300 300 300 300 300 300 300 300 300 300 300 300 300 300 300 300 300 300 300 300 300 300 300 300 300 300 300 300 300 300 300 300 300 300 300 300 300 300 300 300 300 300 300 300 300 300 300 300 300 300 300 300
855.057 637.633 554.749 480.13 435.888 398.031 371.587 362.868 348.276 348.276 326.672 321.454 312.819 310.06 306.091 303.214 302.143 301.367 301.096 300.557 300.308 300.274 300.178 300.11 300.063 300.034 300.022 300.006 300.005 300.002 300.002 300.001 300 300 300 300 300 300 300 300 300 300 300 300 300 300 300 300 300 300 300 300 300 300 300 300 300 300 300 300 300 300 300 300 300 300 300 300 300 300 300 300 300 300 300 300 300 300 300 300 300 300 300 300 300 300 300 300 300 300 300 300 300 300 300 300
793.638 666.978 539.588 488.802 430.203 420.325 404.982 381.603 371.873 355.482 341.691 321.245 313.27 310.355 306.028 304.09 302.819 302.026 301.168 300.61 300.481 300.269 300.147 300.069 300.063 300.028 300.018 300.008 300.004 300.002 300.002 300.001 300 300 300 300 300 300 300 300 300 300 300 300 300 300 300 300 300 300 300 300 300 300 300 300 300 300 300 300 300 300 300 300 300 300 300 300 300 300 300 300 300 300 300 300 300 300 300 300 300 300 300 300 300 300 300 300 300 300 300 300 300 300 300 300
824.06 602.018 602.018 461.162 419.671 418.114 389.311 389.311 355.727 347.239 334.374 322.592 316.82 310.955 307.262 304.776 303.562 301.795 301.287 300.881 300.342 300.205 300.142 300.11 300.045 300.033 300.024 300.009 300.005 300.003 300.001 300.001 300 300 300 300 300 300 300 300 300 300 300 300 300 300 300 300 300 300 300 300 300 300 300 300 300 300 300 300 300 300 300 300 300 300 300 300 300 300 300 300 300 300 300 300 300 300 300 300 300 300 300 300 300 300 300 300 300 300 300 300 300 300 300 300
765.482 765.482 630.057 431.812 431.812 404.385 393.293 372.801 366.578 356.857 332.099 327.344 317.357 306.892 305.573 304.874 303.223 301.681 301.296 300.832 300.276 300.23 300.146 300.078 300.067 300.031 300.02 300.007 300.004 300.003 300.002 300.001 300 300 300 300 300 300 300 300 300 300 300 300 300 300 300 300 300 300 300 300 300 300 300 300 300 300 300 300 300 300 300 300 300 300 300 300 300 300 300 300 300 300 300 300 300 300 300 300 300 300 300 300 300 300 300 300 300 300 300 300 300 300 300 300
998.148 794.1 624.592 436.541 415.812 401.671 401.671 354.929 353.448 344.736 335.327 317.591 310.503 309.171 305.445 303.551 302.27 300.914 300.914 300.342 300.342 300.232 300.132 300.091 300.038 300.027 300.018 300.004 300.003 300.001 300.001 300.001 300 300 300 300 300 300 300 300 300 300 300 300 300 300 300 300 300 300 300 300 300 300 300 300 300 300 300 300 300 300 300 300 300 300 300 300 300 300 300 300 300 300 300 300 300 300 300 300 300 300 300 300 300 300 300 300 300 300 300 300 300 300 300 300
588.727 570.339 553.148 453.157 417.51 417.51 396.695 372.27 338.166 338.166 329.233 320.879 316.013 310.948 305.789 304.57 302.796 301.76 301.342 300.678 300.41 300.285 300.143 300.117 300.069 300.041 300.025 300.007 300.005 300.003 300.002 300.001 300.001 300 300 300 300 300 300 300 300 300 300 300 300 300 300 300 300 300 300 300 300 300 300 300 300 300 300 300 300 300 300 300 300 300 300 300 300 300 300 300 300 300 300 300 300 300 300 300 300 300 300 300 300 300 300 300 300 300 300 300 300 300 300 300
882.396 609.361 535.632 461.369 436.482 387.904 365.659 347.85 333.275 330.256 321.638 313.775 308.221 307.429 304.106 302.956 302.064 301.039 300.624 300.495 300.263 300.172 300.091 300.065 300.04 300.026 300.01 300.004 300.003 300.002 300.001 300.001 300 300 300 300 300 300 300 300 300 300 300 300 300 300 300 300 300 300 300 300 300 300 300 300 300 300 300 300 300 300 300 300 300 300 300 300 300 300 300 300 300 300 300 300 300 300 300 300 300 300 300 300 300 300 300 300 300 300 300 300 300 300 300 300
870.947 659.714 520.1 389.351 389.351 378.272 359.269 359.269 344.367 328.182 320.032 312.506 310.229 306.326 304.912 303.084 301.768 301.346 300.793 300.421 300.31 300.181 300.101 300.078 300.038 300.027 300.01 300.005 300.003 300.002 300.001 300.001 300 300 300 300 300 300 300 300 300 300 300 300 300 300 300 300 300 300 300 300 300 300 300 300 300 300 300 300 300 300 300 300 300 300 300 300 300 300 300 300 300 300 300 300 300 300 300 300 300 300 300 300 300 300 300 300 300 300 300 300 300 300 300 300
724.299 701.468 496.704 444.086 391.81 374.134 374.134 359.321 345.149 330.101 323.804 318.481 309.336 307.121 304.694 303.188 302.099 301.204 300.901 300.48 300.283 300.178 300.077 300.065 300.033 300.021 300.011 300.005 300.002 300.002 300.001 300.001 300 300 300 300 300 300 300 300 300 300 300 300 300 300 300 300 300 300 300 300 300 300 300 300 300 300 300 300 300 300 300 300 300 300 300 300 300 300 300 300 300 300 300 300 300 300 300 300 300 300 300 300 300 300 300 300 300 300 300 300 300 300 300 300
921.714 809.308 692.228 629.975 625.065 613.798 596.208 573.94 554.127 506.517 456.561 437.793 420.976 406.933 389.773 377.992 369.418 367.978 364.512 343.081 316.132 307.968 304.909 302.838 301.859 300.752 300.69 300.251 300.103 300.077 300.039 300.019 300.015 300.007 300.004 300.002 300.001 300 300 300 300 300 300 300 300 300 300 300 300 300 300 300 300 300 300 300 300 300 300 300 300 300 300 300 300 300 300 300 300 300 300 300 300 300 300 300 300 300 300 300 300 300 300 300 300 300 300 300 300 300 300 300 300 300 300 300
672.919 672.919 561.324 432.666 432.666 432.666 394.834 387.901 373.616 364.571 334.803 325.924 315.952 312.901 307.738 304.19 303.766 302.777 301.615 301.124 300.431 300.431 300.266 300.156 300.084 300.064 300.031 300.011 300.007 300.003 300.002 300.001 300.001 300 300 300 300 300 300 300 300 300 300 300 300 300 300 300 300 300 300 300 300 300 300 300 300 300 300 300 300 300 300 300 300 300 300 300 300 300 300 300 300 300 300 300 300 300 300 300 300 300 300 300 300 300 300 300 300 300 300 300 300 300 300 300
728.031 702.037 606.503 445.111 445.111 424.373 381.084 363.592 363.592 345.96 331.947 317.161 311.378 311.378 308.335 303.413 303.139 302.099 301.248 300.767 300.473 300.334 300.185 300.117 300.043 300.034 300.025 300.009 300.006 300.003 300.002 300.001 300 300 300 300 300 300 300 300 300 300 300 300 300 300 300 300 300 300 300 300 300 300 300 300 300 300 300 300 300 300 300 300 300 300 300 300 300 300 300 300 300 300 300 300 300 300 300 300 300 300 300 300 300 300 300 300 300 300 300 300 300 300 300 300
825.607 825.607 506.124 472.825 411.324 411.324 409.977 388.536 372.108 366.906 354.755 328.2 326.1 318.242 308.617 306.896 304.283 303.162 302.106 301.056 300.651 300.452 300.242 300.141 300.103 300.051 300.038 300.012 300.006 300.004 300.002 300.001 300.001 300.001 300 300 300 300 300 300 300 300 300 300 300 300 300 300 300 300 300 300 300 300 300 300 300 300 300 300 300 300 300 300 300 300 300 300 300 300 300 300 300 300 300 300 300 300 300 300 300 300 300 300 300 300 300 300 300 300 300 300 300 300 300 300
754.637 733.074 612.564 502.089 464.734 433.705 406.623 390.079 384.604 362.003 350.364 338.366 327.565 312.816 309.646 308.093 304.208 303.204 302.007 301.11 300.856 300.47 300.291 300.223 300.136 300.078 300.048 300.017 300.006 300.006 300.003 300.001 300.001 300.001 300 300 300 300 300 300 300 300 300 300 300 300 300 300 300 300 300 300 300 300 300 300 300 300 300 300 300 300 300 300 300 300 300 300 300 300 300 300 300 300 300 300 300 300 300 300 300 300 300 300 300 300 300 300 300 300 300 300 300 300 300 300
888.911 717.886 600.86 484.176 458.711 448.076 389.729 385.503 372.304 361.31 334.531 324.379 317.569 314.833 308.412 305.552 304.487 302.265 301.748 301.139 300.537 300.378 300.262 300.084 300.068 300.049 300.032 300.008 300.004 300.003 300.002 300.001 300.001 300 300 300 300 300 300 300 300 300 300 300 300 300 300 300 300 300 300 300 300 300 300 300 300 300 300 300 300 300 300 300 300 300 300 300 300 300 300 300 300 300 300 300 300 300 300 300 300 300 300 300 300 300 300 300 300 300 300 300 300 300 300 300
694.382 674.082 602.138 454.384 453.578 413.941 396.129 381.289 371.066 358.353 336.653 322.108 317.321 312.221 305.943 305.02 302.948 301.86 301.599 300.837 300.588 300.3 300.166 300.084 300.08 300.045 300.029 300.01 300.005 300.003 300.002 300.001 300.001 300 300 300 300 300 300 300 300 300 300 300 300 300 300 300 300 300 300 300 300 300 300 300 300 300 300 300 300 300 300 300 300 300 300 300 300 300 300 300 300 300 300 300 300 300 300 300 300 300 300 300 300 300 300 300 300 300 300 300 300 300 300 300
918.269 806.308 698.603 559.603 504.311 453.729 434.564 408.247 391.793 369.397 359.011 343.764 333.31 320.766 311.451 308.06 305.851 302.88 302.33 301.398 300.835 300.576 300.388 300.208 300.12 300.057 300.051 300.016 300.009 300.006 300.004 300.002 300.001 300.001 300 300 300 300 300 300 300 300 300 300 300 300 300 300 300 300 300 300 300 300 300 300 300 300 300 300 300 300 300 300 300 300 300 300 300 300 300 300 300 300 300 300 300 300 300 300 300 300 300 300 300 300 300 300 300 300 300 300 300 300 300 300
687.136 687.136 555.667 490.163 445.233 445.233 423.273 407.013 384.88 372.593 348.916 329.717 329.717 321.05 312.761 308.679 307.083 304.217 302.519 301.64 300.997 300.637 300.365 300.23 300.145 300.103 300.051 300.013 300.011 300.005 300.003 300.002 300.001 300.001 300 300 300 300 300 300 300 300 300 300 300 300 300 300 300 300 300 300 300 300 300 300 300 300 300 300 300 300 300 300 300 300 300 300 300 300 300 300 300 300 300 300 300 300 300 300 300 300 300 300 300 300 300 300 300 300 300 300 300 300 300 300
942.98 672.458 647.38 534.943 509.869 435.866 421.912 409.031 367.622 366.768 360.552 333.003 318.686 314.338 308.525 305.756 304.898 302.594 302.16 301.02 300.662 300.389 300.212 300.141 300.083 300.063 300.024 300.009 300.008 300.003 300.002 300.001 300.001 300 300 300 300 300 300 300 300 300 300 300 300 300 300 300 300 300 300 300 300 300 300 300 300 300 300 300 300 300 300 300 300 300 300 300 300 300 300 300 300 300 300 300 300 300 300 300 300 300 300 300 300 300 300 300 300 300 300 300 300 300 300 300
841.622 815.436 708.603 539.914 511.013 472.366 447.774 432.701 421.507 391.465 372.842 342.998 329.978 320.708 316.903 310.224 304.596 303.927 302.261 302.034 300.771 300.504 300.366 300.244 300.125 300.088 300.039 300.014 300.006 300.006 300.003 300.001 300.001 300.001 300 300 300 300 300 300 300 300 300 300 300 300 300 300 300 300 300 300 300 300 300 300 300 300 300 300 300 300 300 300 300 300 300 300 300 300 300 300 300 300 300 300 300 300 300 300 300 300 300 300 300 300 300 300 300 300 300 300 300 300 300 300
878.436 786.444 571.696 502.076 444.948 420.333 384.211 367.404 345.28 328.896 318.533 311.321 307.927 305.148 303.674 302.385 301.478 301.151 300.795 300.385 300.252 300.175 300.09 300.066 300.047 300.023 300.012 300.004 300.002 300.001 300.001 300 300 300 300 300 300 300 300 300 300 300 300 300 300 300 300 300 300 300 300 300 300 300 300 300 300 300 300 300 300 300 300 300 300 300 300 300 300 300 300 300 300 300 300 300 300 300 300 300 300 300 300 300 300 300 300 300 300 300 300 300 300 300 300 300
817.449 495.185 495.185 495.185 447.157 446.509 419.544 394.75 355.595 346.818 330.789 323.306 318.382 307.882 305.691 304.408 302.694 301.604 301.085 300.65 300.438 300.246 300.157 300.097 300.058 300.037 300.02 300.01 300.005 300.002 300.001 300.001 300 300 300 300 300 300 300 300 300 300 300 300 300 300 300 300 300 300 300 300 300 300 300 300 300 300 300 300 300 300 300 300 300 300 300 300 300 300 300 300 300 300 300 300 300 300 300 300 300 300 300 300 300 300 300 300 300 300 300 300 300 300 300 300
820.073 701.109 545.727 484.841 441.57 405.534 384.275 381.879 371.464 365.763 348.744 320.342 320.342 314.665 308.857 305.308 303.71 302.639 301.724 301.133 300.75 300.25 300.25 300.155 300.083 300.037 300.031 300.011 300.005 300.003 300.002 300.001 300.001 300 300 300 300 300 300 300 300 300 300 300 300 300 300 300 300 300 300 300 300 300 300 300 300 300 300 300 300 300 300 300 300 300 300 300 300 300 300 300 300 300 300 300 300 300 300 300 300 300 300 300 300 300 300 300 300 300 300 300 300 300 300 300
934.678 623.115 519.973 451.192 421.253 417.993 365.711 354.669 353.65 332.98 314.971 314.971 310.711 306.924 304.841 303.188 302.005 301.374 300.976 300.623 300.378 300.211 300.105 300.072 300.038 300.025 300.017 300.006 300.002 300.002 300.001 300.001 300 300 300 300 300 300 300 300 300 300 300 300 300 300 300 300 300 300 300 300 300 300 300 300 300 300 300 300 300 300 300 300 300 300 300 300 300 300 300 300 300 300 300 300 300 300 300 300 300 300 300 300 300 300 300 300 300 300 300 300 300 300 300 300
