15317.9 15267 15267 14791.7 14791.7 14791.7 14791.7 14791.7 14791.7 14195.6 13836.8 12611.6 11666.8 11666.8 11666.8 8880.87 6621.67 6621.67 6457.25 4543.22 4365.16 2820.14 2231.1 1483.92 920.66 545.793 368.264 248.194 202.82 155.609 141.311 128.488 121.531 117.008 111.807 106.595 103.142 101.29 100.928 100.333 100.156 100.07 100.03 100.013 100.006 100.002 100.001 100 100 100 100 100 100 100 100 100 100 100 100 100 100 100 100 100 100 100 100 100 100 100 100 100 100 100 100 100 100 100 100 100 100 100 100 100 100 100 100 100 100 100 100 100 100 100 100 100 100 100 100
15343.2 14434.5 14434.5 14092.8 14092.8 14092.8 14092.8 14092.8 14092.8 14092.8 14092.8 14092.8 14092.8 14092.8 14092.8 14092.8 14092.8 14092.8 14092.8 14092.8 14092.8 14092.8 11990.7 10969.6 10863.7 10170.8 10170.8 10170.8 8814.63 7784.55 7243.61 5484.19 4438.55 2829.86 1788.3 1011.14 518.042 318.789 230.962 155.239 132.394 120.536 111.219 105.099 101.651 100.638 100.249 100.093 100.039 100.015 100.006 100.002 100.001 100 100 100 100 100 100 100 100 100 100 100 100 100 100 100 100 100 100 100 100 100 100 100 100 100 100 100 100 100 100 100 100 100 100 100 100 100 100 100 100 100 100 100 100 100 100
15871 15090.6 15090.6 14851.9 13166.8 13166.8 13166.8 13166.8 13166.8 13166.8 13166.8 13166.8 13166.8 13166.8 13166.8 13166.8 13166.8 13166.8 13148.6 13148.6 11434.3 10755.5 10755.5 9243.08 7484.94 5550.92 5327.1 4227.9 2725.08 2008.34 1218.03 634.163 345.66 266.211 197.259 163.682 146.09 127.37 121.878 112.89 105.094 102.026 100.74 100.307 100.125 100.054 100.022 100.01 100.004 100.002 100.001 100 100 100 100 100 100 100 100 100 100 100 100 100 100 100 100 100 100 100 100 100 100 100 100 100 100 100 100 100 100 100 100 100 100 100 100 100 100 100 100 100 100 100 100 100 100 100 100
15207.7 15128.4 15128.4 14483.7 14483.7 13794 13794 13794 13794 13234.2 12123 12123 12123 7816.95 7632.21 7632.21 7107.49 5608.79 4771.19 2982.76 2206.94 1496.56 953.748 590.458 379.883 273.037 203.837 172.201 145.703 133.152 124.039 118.212 114.317 107.732 103.758 102.444 101.274 100.641 100.36 100.161 100.061 100.025 100.012 100.005 100.002 100.001 100 100 100 100 100 100 100 100 100 100 100 100 100 100 100 100 100 100 100 100 100 100 100 100 100 100 100 100 100 100 100 100 100 100 100 100 100 100 100 100 100 100 100 100 100 100 100 100 100 100 100 100 100
16061 15424.3 14772 14498.3 14498.3 12680 12680 12680 12680 12680 12680 12680 12680 12680 12680 12680 12680 12680 11513.6 11513.6 11513.6 11045.2 9018.96 8659.27 8659.27 8358.03 6328.55 4575.08 3775.84 2822.91 1464.72 894.021 614.022 336.256 238.398 193.826 155.486 134.415 124.1 115.888 107.603 102.743 101.059 100.42 100.171 100.071 100.029 100.014 100.005 100.002 100.001 100 100 100 100 100 100 100 100 100 100 100 100 100 100 100 100 100 100 100 100 100 100 100 100 100 100 100 100 100 100 100 100 100 100 100 100 100 100 100 100 100 100 100 100 100 100 100 100
15347.3 15263.8 15094.1 14997 14090.7 14090.7 14090.7 14090.7 14090.7 14090.7 14090.7 14090.7 14079.8 13615.7 13615.7 13615.7 13615.7 13615.7 13615.7 13615.7 13615.7 13615.7 13615.7 13615.7 12254.6 11802.1 11802.1 11666.5 11666.5 11666.5 11515.6 10966.9 10493.8 10493.8 10493.8 8886.88 8886.88 8886.88 5877.2 3166.29 1304.61 488.227 243.991 171.573 135.625 121.903 113.522 105.417 101.5 100.68 100.215 100.086 100.03 100.011 100.005 100.002 100.001 100 100 100 100 100 100 100 100 100 100 100 100 100 100 100 100 100 100 100 100 100 100 100 100 100 100 100 100 100 100 100 100 100 100 100 100 100 100 100 100 100 100
15200.1 14908.8 14908.8 14908.8 14908.8 14908.8 14908.8 13936.3 13478.9 13478.9 13478.9 13478.9 13478.9 13478.9 13478.9 13478.9 12519.7 12519.7 12456.4 11046.4 10368.2 8605.85 6382.28 6107.49 3954.95 3191.89 2577.02 1296.71 818.267 465.569 349.925 252.809 184.449 154.465 137.822 126.835 120.592 115.453 110.658 103.057 101.431 100.518 100.213 100.093 100.037 100.016 100.006 100.003 100.001 100 100 100 100 100 100 100 100 100 100 100 100 100 100 100 100 100 100 100 100 100 100 100 100 100 100 100 100 100 100 100 100 100 100 100 100 100 100 100 100 100 100 100 100 100 100 100 100 100 100
15677.6 15493.2 15350.6 14533.1 14533.1 14400.6 14397.4 13752.9 13752.9 13752.9 13752.9 11945.5 11945.5 11018.7 7855.84 7855.84 6452.67 6452.67 6452.67 6124.63 4399.54 3205.68 2259.25 1451.56 816.169 536.333 332.908 258.728 193.457 156.843 141.891 129.023 121.919 116.836 111.833 106.037 103.267 101.802 100.758 100.309 100.124 100.053 100.026 100.011 100.005 100.002 100.001 100 100 100 100 100 100 100 100 100 100 100 100 100 100 100 100 100 100 100 100 100 100 100 100 100 100 100 100 100 100 100 100 100 100 100 100 100 100 100 100 100 100 100 100 100 100 100 100 100 100 100 100
15320.3 14045.9 14045.9 14045.9 14045.9 14045.9 14045.9 14045.9 14045.9 14045.9 14045.9 14045.9 14045.9 14045.9 14045.9 14045.9 14045.9 11263.2 11263.2 11263.2 10704.9 10704.9 7926.46 7926.46 6963.64 6744.63 5594.98 4148.67 3239.34 1670.1 1304.33 765.819 470.226 307.431 207.807 163.375 142.069 131.703 122.713 113.814 106.219 102.465 101.012 100.391 100.177 100.076 100.033 100.015 100.006 100.002 100.001 100 100 100 100 100 100 100 100 100 100 100 100 100 100 100 100 100 100 100 100 100 100 100 100 100 100 100 100 100 100 100 100 100 100 100 100 100 100 100 100 100 100 100 100 100 100 100 100
15089.2 15032.9 13959.5 13959.5 13959.5 13959.5 13959.5 13959.5 13649.4 13649.4 13518.8 13518.8 11919.5 11919.5 11684.4 11684.4 11489 11162.3 8857.06 8360.62 7367.01 5351.08 4557.57 2655.53 2229.66 1408.84 804.879 419.858 299.764 225.641 172.44 151.693 135.544 125.651 118.835 113.889 107.561 104.714 102.268 100.918 100.312 100.127 100.049 100.021 100.009 100.004 100.002 100.001 100 100 100 100 100 100 100 100 100 100 100 100 100 100 100 100 100 100 100 100 100 100 100 100 100 100 100 100 100 100 100 100 100 100 100 100 100 100 100 100 100 100 100 100 100 100 100 100 100 100 100
14548.3 14548.3 14283.7 14283.7 14283.7 14283.7 14283.7 14283.7 14283.7 14283.7 14283.7 14283.7 14283.7 14283.7 14283.7 14283.7 13861.6 13861.6 13549.6 13549.6 13549.6 13549.6 12714 11957.9 11082.9 10315.2 10315.2 8195.59 6638.57 4876.64 3774.43 2158.55 1437.8 771.11 478.892 307.611 216.11 174.485 139.077 124.932 116.47 107.951 102.771 101.005 100.4 100.182 100.083 100.03 100.014 100.006 100.002 100.001 100 100 100 100 100 100 100 100 100 100 100 100 100 100 100 100 100 100 100 100 100 100 100 100 100 100 100 100 100 100 100 100 100 100 100 100 100 100 100 100 100 100 100 100 100 100 100
15007.1 15007.1 15007.1 15007.1 15007.1 14893.1 14893.1 14370 14370 14370 14354.4 14354.4 14354.4 14088.9 14088.9 14088.9 14088.9 14088.9 14088.9 14088.9 14088.9 13808 13613.3 13613.3 13613.3 13613.3 13215.8 11257.7 11064.6 11064.6 10525.8 7738.87 6619.71 4058.88 3376.87 2511.45 1286.6 808.895 461.907 220.418 159.643 132.921 118.786 110.859 103.823 101.233 100.479 100.186 100.068 100.032 100.013 100.005 100.002 100.001 100 100 100 100 100 100 100 100 100 100 100 100 100 100 100 100 100 100 100 100 100 100 100 100 100 100 100 100 100 100 100 100 100 100 100 100 100 100 100 100 100 100 100 100 100
15274.4 14988.6 14988.6 14979.4 14979.4 14976.5 14272.2 14272.2 13759.9 13759.9 11840.6 11840.6 11840.6 9425.01 8510.42 8510.42 6269.89 6269.89 6269.89 5399.89 3720.42 2276.99 1156.08 1029.71 670.776 414.189 251.769 204.901 167.045 147.356 132.188 123.576 118.275 115.131 108.905 104.531 102.394 101.235 100.728 100.281 100.12 100.047 100.021 100.01 100.004 100.002 100.001 100 100 100 100 100 100 100 100 100 100 100 100 100 100 100 100 100 100 100 100 100 100 100 100 100 100 100 100 100 100 100 100 100 100 100 100 100 100 100 100 100 100 100 100 100 100 100 100 100 100 100 100
15807.2 15275.4 13660.8 13660.8 13660.8 13660.8 13416.9 13416.9 13416.9 13416.9 13416.9 13416.9 13293.4 13293.4 13293.4 13293.4 13293.4 13293.4 13293.4 13293.4 13293.4 13293.4 12581.2 11599.4 9846.76 9846.76 7798.37 7384.74 7202.98 6075.29 5064.09 3336.82 2381.47 1481.34 770.594 466.204 298.877 212.582 164.106 133.858 120.679 112.165 105.308 101.791 100.701 100.234 100.11 100.046 100.019 100.007 100.003 100.001 100.001 100 100 100 100 100 100 100 100 100 100 100 100 100 100 100 100 100 100 100 100 100 100 100 100 100 100 100 100 100 100 100 100 100 100 100 100 100 100 100 100 100 100 100 100 100 100
15580.8 13624.8 13624.8 13149.6 13149.6 13149.6 13149.6 13149.6 13149.6 13149.6 12635.5 11359.6 11359.6 9457.55 9027.47 7887.47 6467.19 5444.41 4913.44 4266.5 3104.25 1814.77 1120.24 602.289 477.597 322.287 219.582 174.54 152.051 135.583 126.182 119.843 115.86 110.52 105.066 102.881 101.707 100.907 100.429 100.196 100.086 100.035 100.015 100.007 100.003 100.001 100.001 100 100 100 100 100 100 100 100 100 100 100 100 100 100 100 100 100 100 100 100 100 100 100 100 100 100 100 100 100 100 100 100 100 100 100 100 100 100 100 100 100 100 100 100 100 100 100 100 100 100 100 100
15296.9 15296.9 14989.7 14989.7 14989.7 14989.7 14798.1 14798.1 14798.1 14798.1 14612.5 14612.5 13950.6 13950.6 13181 13181 13181 11837.3 11340.1 10142.5 9139.24 9139.24 7199.14 6998.68 5868.35 3981.46 2706.6 1707.2 855.845 623.615 387.626 247.522 201.551 162.669 140.913 128.771 121.699 115.609 111.471 104.024 101.556 100.557 100.241 100.11 100.044 100.018 100.009 100.003 100.001 100.001 100 100 100 100 100 100 100 100 100 100 100 100 100 100 100 100 100 100 100 100 100 100 100 100 100 100 100 100 100 100 100 100 100 100 100 100 100 100 100 100 100 100 100 100 100 100 100 100 100
14493.2 14493.2 14493.2 14491 14491 14260 14260 14120.6 14120.6 14120.6 13639.9 13639.9 13639.9 13639.9 13639.9 13639.9 13639.9 13639.9 13639.9 13639.9 13639.9 13639.9 13385.4 13385.4 13385.4 13385.4 13385.4 13385.4 13068 13068 13060.3 11846.3 11846.3 10201.3 10201.3 10201.3 10201.3 10201.3 9897.15 9123.03 9123.03 9123.03 7200.59 5678.38 3296.28 1013.39 337.499 192.481 138.928 122.535 112.909 105.209 101.79 100.609 100.204 100.084 100.031 100.011 100.004 100.001 100 100 100 100 100 100 100 100 100 100 100 100 100 100 100 100 100 100 100 100 100 100 100 100 100 100 100 100 100 100 100 100 100 100 100 100 100 100 100
15216.1 15173.6 14867.4 14867.4 14867.4 14534.1 14534.1 14534.1 14534.1 14534.1 14043.6 14043.6 11423.3 11423.3 11423.3 11423.3 11372.5 11372.5 11372.5 11372.5 9658.59 9364.25 7509.79 7468.05 5372.9 4630.85 2736.2 1487.17 918.473 662.663 383.731 262.842 163.502 162.905 141.839 124.073 121.529 116.085 111.621 104.416 101.437 100.54 100.203 100.094 100.039 100.016 100.007 100.003 100.001 100.001 100 100 100 100 100 100 100 100 100 100 100 100 100 100 100 100 100 100 100 100 100 100 100 100 100 100 100 100 100 100 100 100 100 100 100 100 100 100 100 100 100 100 100 100 100 100 100 100 100
15801.9 15647.7 14944.3 14661.2 14539.2 14539.2 14539.2 13778.8 13778.8 13778.8 13778.8 13283.8 13283.8 13283.8 13283.8 13283.8 13283.8 13283.8 12993.8 12993.8 12875.8 12875.8 12749.6 12631 12631 12422.5 11378.5 10149.8 8502.56 6955.85 4392.57 4166.79 2248.65 1437.56 935.993 585.303 314.594 241.996 177.57 135.048 122.087 115.901 107.23 102.749 101.001 100.384 100.155 100.06 100.025 100.009 100.004 100.001 100.001 100 100 100 100 100 100 100 100 100 100 100 100 100 100 100 100 100 100 100 100 100 100 100 100 100 100 100 100 100 100 100 100 100 100 100 100 100 100 100 100 100 100 100 100 100 100
16080 15404.9 15404.9 14975.4 14975.4 14655.6 14655.6 14655.6 14655.6 14655.6 14146.5 14146.5 14146.5 13186.8 11474.1 11364 11364 11364 11364 11364 11364 11364 11364 11364 11364 10832.5 10832.5 10652.4 10416.1 10011 9446.72 8609.51 8097.54 5813.41 5056.51 3387.63 2220.62 1334.71 755.733 361.892 205.831 143.85 128.626 117.534 107.91 103.04 101.206 100.475 100.173 100.069 100.027 100.012 100.005 100.002 100.001 100 100 100 100 100 100 100 100 100 100 100 100 100 100 100 100 100 100 100 100 100 100 100 100 100 100 100 100 100 100 100 100 100 100 100 100 100 100 100 100 100 100 100 100
15204.8 15204.8 15204.8 14823 14253.9 14253.9 14253.9 14253.9 14253.9 14253.9 14253.9 14253.9 13084.1 13084.1 12075 12075 12075 12075 12075 12075 9236.04 9236.04 9236.04 7983.91 6149.65 4449.91 4251.47 2685.17 1296.54 1025.41 548.283 372.585 260.931 191.301 161.847 141.455 128.52 119.963 115.542 106.927 102.469 101.056 100.39 100.129 100.063 100.025 100.01 100.004 100.002 100.001 100 100 100 100 100 100 100 100 100 100 100 100 100 100 100 100 100 100 100 100 100 100 100 100 100 100 100 100 100 100 100 100 100 100 100 100 100 100 100 100 100 100 100 100 100 100 100 100 100
15232.1 14147.6 14147.6 14147.6 14147.6 14147.6 14147.6 14147.6 14147.6 14147.6 14147.6 14147.6 14147.6 10892.6 10892.6 10892.6 10892.6 10892.6 10233.6 9554.98 9554.98 9554.98 8939.52 7556.46 6878.45 4940.49 3717.96 2740.4 1463.35 938.232 541.494 348.807 226.57 179.778 155.652 136.216 126.035 119.985 115.658 106.61 102.173 100.932 100.373 100.164 100.07 100.029 100.014 100.006 100.002 100.001 100 100 100 100 100 100 100 100 100 100 100 100 100 100 100 100 100 100 100 100 100 100 100 100 100 100 100 100 100 100 100 100 100 100 100 100 100 100 100 100 100 100 100 100 100 100 100 100 100
15748.4 15333.8 15333.8 15134.1 15004.1 15004.1 14540.2 14314.2 14314.2 14314.2 14314.2 14314.2 14314.2 14196.4 14162.2 14162.2 14162.2 14162.2 14162.2 13664.1 12994.4 12994.4 12994.4 12994.4 12932.5 12447.4 11648.7 11648.7 11453.7 11259.6 10645.3 10645.3 9865.55 8077.53 8077.53 4787.37 4787.37 3516.64 2390.21 897.655 396.865 225.23 161.97 131.29 118.895 110.305 103.707 101.26 100.441 100.187 100.071 100.025 100.01 100.004 100.001 100.001 100 100 100 100 100 100 100 100 100 100 100 100 100 100 100 100 100 100 100 100 100 100 100 100 100 100 100 100 100 100 100 100 100 100 100 100 100 100 100 100 100 100 100
15147.1 15099.4 14703.6 14703.6 14287.8 14287.8 14287.8 14287.8 14287.8 14287.8 13996.6 13996.6 13461.9 13461.9 12604.5 12300.2 11614.9 11614.9 11614.9 10670.9 10670.9 10670.9 8780.81 8780.81 8780.81 7600.59 5225.28 3704.38 2978.24 2077.08 1207.3 601.086 475.977 292.609 213.272 164.808 142.432 130.468 120.062 114.532 105.191 102.156 100.82 100.326 100.149 100.061 100.024 100.011 100.004 100.002 100.001 100 100 100 100 100 100 100 100 100 100 100 100 100 100 100 100 100 100 100 100 100 100 100 100 100 100 100 100 100 100 100 100 100 100 100 100 100 100 100 100 100 100 100 100 100 100 100 100
14829.5 14829.5 14829.5 14067.7 13262.6 13262.6 13262.6 12057.8 12057.8 12057.8 12057.8 12057.8 12057.8 11489.7 8776.66 6406.38 6100.94 5529.36 5401.27 4147.89 3417.77 2459.82 1449.37 858.812 489.921 356.673 234.263 195.316 162.435 143.129 130.964 122.979 118.061 112.747 108.127 103.632 102.038 101.069 100.551 100.237 100.088 100.043 100.019 100.009 100.003 100.002 100.001 100 100 100 100 100 100 100 100 100 100 100 100 100 100 100 100 100 100 100 100 100 100 100 100 100 100 100 100 100 100 100 100 100 100 100 100 100 100 100 100 100 100 100 100 100 100 100 100 100 100 100 100
15348.2 14666.8 14591 13844.3 13844.3 13844.3 13844.3 12809 12809 12809 12809 11695 9565.16 9565.16 9101.74 9101.74 8539.07 6998.98 5181.65 4340.36 3841.48 2485.21 1643.96 1038.19 601.852 378.858 271.877 212.767 172.657 148.179 130.847 125.243 119.053 114.088 109.018 105.003 102.617 101.36 100.855 100.291 100.126 100.057 100.024 100.011 100.005 100.002 100.001 100 100 100 100 100 100 100 100 100 100 100 100 100 100 100 100 100 100 100 100 100 100 100 100 100 100 100 100 100 100 100 100 100 100 100 100 100 100 100 100 100 100 100 100 100 100 100 100 100 100 100 100
15316.8 14512.1 14512.1 14512.1 14512.1 14493.2 14493.2 14465.4 14222.8 14222.8 14222.8 14222.8 14222.8 14222.8 14222.8 14222.8 14222.8 14222.8 14222.8 14087.7 14087.7 13877.2 13877.2 13877.2 13877.2 13877.2 13589.2 13220.1 11714.5 11714.5 10858.4 10468.1 10468.1 10468.1 9880.13 9820.21 9380.57 9380.57 9082.17 7142.69 5051.11 5051.11 2457.52 959.116 398.969 201.635 149.074 126.146 116.776 106.517 102.183 100.76 100.263 100.095 100.041 100.014 100.006 100.002 100.001 100 100 100 100 100 100 100 100 100 100 100 100 100 100 100 100 100 100 100 100 100 100 100 100 100 100 100 100 100 100 100 100 100 100 100 100 100 100 100 100
15448 15163 15163 14568.2 14299 14299 13773.6 13773.6 13773.6 13773.6 12690.4 12690.4 12690.4 10185.2 10185.2 9900.5 8186.89 7712.39 4835.78 4392.48 3470.61 2745.08 1529.2 942.491 611.969 419.131 277.711 200.35 169.45 140.698 131.887 122.776 117.194 112.848 108.025 104.19 102.519 101.356 100.637 100.299 100.123 100.053 100.025 100.011 100.005 100.002 100.001 100 100 100 100 100 100 100 100 100 100 100 100 100 100 100 100 100 100 100 100 100 100 100 100 100 100 100 100 100 100 100 100 100 100 100 100 100 100 100 100 100 100 100 100 100 100 100 100 100 100 100 100
15271.7 14682.9 14609.8 14609.8 14609.8 14609.8 14609.8 14609.8 14609.8 14609.8 14609.8 14609.8 14457.1 14457.1 14457.1 14457.1 14457.1 14457.1 14201.9 14201.9 14201.9 14201.9 14201.9 14201.9 14201.9 14201.9 11322.4 11075.2 11075.2 11075.2 11075.2 11075.2 11075.2 10980 10980 10980 8435.2 8032.73 7998.14 7998.14 7023.83 3593.35 1231.2 440.597 241.286 157.461 129.686 117.726 108.571 102.612 100.898 100.344 100.122 100.048 100.019 100.007 100.003 100.001 100 100 100 100 100 100 100 100 100 100 100 100 100 100 100 100 100 100 100 100 100 100 100 100 100 100 100 100 100 100 100 100 100 100 100 100 100 100 100 100 100
16259.3 15097.4 15097.4 15097.4 15097.4 14738.7 14738.7 14738.7 14738.7 14738.7 14738.7 12915.9 12617 12617 10101.2 9988.88 9988.88 8020.92 8020.92 8020.92 7346.07 5907.47 5674.19 3035.89 2414.16 1529 888.283 552.844 362.332 242.622 195.803 148.009 140.077 128.394 119.818 115.964 110.043 105.137 102.556 101.075 100.432 100.185 100.081 100.038 100.016 100.007 100.003 100.001 100 100 100 100 100 100 100 100 100 100 100 100 100 100 100 100 100 100 100 100 100 100 100 100 100 100 100 100 100 100 100 100 100 100 100 100 100 100 100 100 100 100 100 100 100 100 100 100 100 100 100
14925.2 14925.2 14925.2 14497.7 14497.7 14469.6 14469.6 14469.6 14469.6 14469.6 14469.6 13193.5 13193.5 13193.5 13193.5 13193.5 13193.5 11983.6 11983.6 11983.6 11983.6 11554.7 9261.8 6654.14 6259.84 4771.9 4179.01 2559.29 1881.82 1049.01 635.573 376.957 273.553 199.55 156.134 142.18 128.82 120.457 116.081 106.838 102.713 100.994 100.447 100.178 100.074 100.034 100.014 100.006 100.002 100.001 100 100 100 100 100 100 100 100 100 100 100 100 100 100 100 100 100 100 100 100 100 100 100 100 100 100 100 100 100 100 100 100 100 100 100 100 100 100 100 100 100 100 100 100 100 100 100 100 100
15953.4 15230.7 14917.9 14917.9 14917.9 14239.6 14239.6 14239.6 14215.5 14215.5 14215.5 14215.5 14215.5 14215.5 13406 11871.6 11871.6 10973.4 10614.3 10614.3 9072.38 7991.32 5763.81 5284.58 4455.2 3037.67 2222.07 1412.67 777.07 436.933 349.024 240.733 180.008 155.046 135.106 125.445 118.985 113.865 108.427 102.476 100.988 100.352 100.147 100.059 100.028 100.012 100.005 100.002 100.001 100 100 100 100 100 100 100 100 100 100 100 100 100 100 100 100 100 100 100 100 100 100 100 100 100 100 100 100 100 100 100 100 100 100 100 100 100 100 100 100 100 100 100 100 100 100 100 100 100 100
15295.9 15267.6 15267.6 14886.9 12942.7 11673 11673 11673 11673 11673 11673 11673 9246.19 9246.19 9246.19 9190.52 9190.52 7666.47 6542.17 6118.91 5108.41 3029.72 2112.33 1665.89 993.269 611.635 387.372 253.631 203.584 161.641 143.771 132.073 122.628 117.404 113.678 107.442 103.886 101.918 101.062 100.454 100.166 100.083 100.034 100.015 100.007 100.003 100.001 100 100 100 100 100 100 100 100 100 100 100 100 100 100 100 100 100 100 100 100 100 100 100 100 100 100 100 100 100 100 100 100 100 100 100 100 100 100 100 100 100 100 100 100 100 100 100 100 100 100 100 100
15493.8 12626.2 12626.2 12552.6 12552.6 12552.6 12552.6 11566.7 11566.7 11566.7 11566.7 11030.5 11030.5 9179.34 9179.34 7690.63 7398.7 6384.01 5629.05 4936.58 3771.27 2447.55 1720.24 1004.71 618.886 415.603 287.852 214.438 171.01 146.623 135.031 123.41 118.285 114.639 106.99 104.091 102.423 101.191 100.696 100.241 100.12 100.054 100.025 100.01 100.005 100.002 100.001 100 100 100 100 100 100 100 100 100 100 100 100 100 100 100 100 100 100 100 100 100 100 100 100 100 100 100 100 100 100 100 100 100 100 100 100 100 100 100 100 100 100 100 100 100 100 100 100 100 100 100 100
15243.9 15243.9 15243.9 14559.6 14559.6 13837.5 13837.5 13837.5 13837.5 13837.5 13837.5 13837.5 13827.2 13245.3 13226.4 11923.8 11923.8 10873.4 10200.4 10200.4 9131.99 7071.88 7071.88 5756.35 4806.47 3586.29 2650.12 1441.84 911.496 543.96 356.924 268.392 194.034 153.511 137.876 126.535 119.095 115.287 109.633 103.649 101.443 100.628 100.245 100.093 100.039 100.018 100.008 100.004 100.001 100.001 100 100 100 100 100 100 100 100 100 100 100 100 100 100 100 100 100 100 100 100 100 100 100 100 100 100 100 100 100 100 100 100 100 100 100 100 100 100 100 100 100 100 100 100 100 100 100 100 100
15600.2 14668.9 14668.9 14548.4 14548.4 14047.6 14047.6 14047.6 13215 13215 11371.3 11371.3 8780.37 8780.37 8780.37 7934.73 7794 6220.33 5406.35 3851.3 2941.61 2077.91 1638.59 836.083 508.843 354.679 239.369 193.27 166.18 141.452 130.797 121.059 118.057 112.588 107.968 103.205 102.218 101.079 100.611 100.23 100.094 100.039 100.017 100.007 100.003 100.001 100.001 100 100 100 100 100 100 100 100 100 100 100 100 100 100 100 100 100 100 100 100 100 100 100 100 100 100 100 100 100 100 100 100 100 100 100 100 100 100 100 100 100 100 100 100 100 100 100 100 100 100 100 100
15697.2 14655 14655 14655 14655 14655 14655 14655 14655 13824.5 13824.5 13824.5 13824.5 13693.7 13693.7 13693.7 13693.7 13693.7 13693.7 13693.7 12446.3 12446.3 12446.3 12446.3 12446.3 12446.3 10899 10899 7266.4 7266.4 7266.4 5469.81 5469.81 3904.16 2798.9 1694.22 988.314 434.511 342.619 196.973 145.972 126.294 117.344 108.146 103.104 101.104 100.444 100.155 100.069 100.029 100.011 100.004 100.002 100.001 100 100 100 100 100 100 100 100 100 100 100 100 100 100 100 100 100 100 100 100 100 100 100 100 100 100 100 100 100 100 100 100 100 100 100 100 100 100 100 100 100 100 100 100 100
15022.8 15022.8 15022.8 14582.1 14223.9 14223.9 14223.9 14223.9 13149.6 12686.5 12047.3 11186.9 11186.9 11186.9 10898.1 7521.48 7336.16 5654.5 4309.69 3844.37 2819.78 1860.97 1195.83 684.848 403.172 307.564 216.598 163.841 149.11 134.903 123.872 119.541 116.284 109.524 105.733 102.739 101.571 100.833 100.449 100.199 100.084 100.034 100.016 100.006 100.003 100.001 100.001 100 100 100 100 100 100 100 100 100 100 100 100 100 100 100 100 100 100 100 100 100 100 100 100 100 100 100 100 100 100 100 100 100 100 100 100 100 100 100 100 100 100 100 100 100 100 100 100 100 100 100 100
15619.4 15441.4 14185.4 14185.4 14185.4 14185.4 13978.5 13978.5 13978.5 12979.5 12979.5 12979.5 12979.5 12979.5 12979.5 12932.7 12033.7 12033.7 12033.7 12033.7 11808.4 11808.4 9695.55 9009.21 7390.46 7390.46 7390.46 6724.88 5599.44 3483.92 3406.14 2420.2 1390.77 725.269 450.367 284.743 209.924 165.028 144.95 125.059 117.809 109.579 103.619 101.124 100.505 100.2 100.07 100.027 100.011 100.005 100.002 100.001 100 100 100 100 100 100 100 100 100 100 100 100 100 100 100 100 100 100 100 100 100 100 100 100 100 100 100 100 100 100 100 100 100 100 100 100 100 100 100 100 100 100 100 100 100 100 100
15678 15323.1 15218.4 15218.4 14509 14330.5 14330.5 14330.5 14330.5 14330.5 14330.5 14269.4 13487.1 9969.23 9969.23 9969.23 9969.23 9969.23 9969.23 9969.23 9441.51 9441.51 9441.51 8801.65 7342.07 4834.39 3115.11 2208.22 1837.61 1035.26 669.225 425.021 266.02 215.798 172.38 147.049 129.406 122.41 117.255 109.055 103.41 101.248 100.502 100.187 100.085 100.034 100.015 100.005 100.002 100.001 100 100 100 100 100 100 100 100 100 100 100 100 100 100 100 100 100 100 100 100 100 100 100 100 100 100 100 100 100 100 100 100 100 100 100 100 100 100 100 100 100 100 100 100 100 100 100 100 100
15691.1 14548.3 14548.3 14548.3 14548.3 14548.3 12687.6 12687.6 12687.6 12687.6 12687.6 12687.6 12687.6 12687.6 12442.3 12413.2 12413.2 12413.2 12413.2 12413.2 11211.2 11211.2 11211.2 11211.2 11037.7 10366.7 10366.7 8425.21 6765.49 5592.05 4652.1 3072.34 2222.19 1192.39 684.686 441.192 279.736 206.464 158.824 131.623 118.498 110.549 103.298 101.34 100.441 100.177 100.067 100.029 100.012 100.005 100.002 100.001 100 100 100 100 100 100 100 100 100 100 100 100 100 100 100 100 100 100 100 100 100 100 100 100 100 100 100 100 100 100 100 100 100 100 100 100 100 100 100 100 100 100 100 100 100 100 100
15403.3 15264.3 15194.3 14559.9 14171 14171 14171 14171 14171 14171 14171 14171 14171 14171 13922.8 13922.8 13226.9 11896.2 11896.2 10192.4 10192.4 9812.52 9812.52 7718.17 4869.35 4684.67 3131.05 2631.4 1695.22 942.395 554.024 324.738 229.302 177.815 153.055 136.567 126.358 118.311 113.475 106.381 102.275 100.909 100.401 100.162 100.065 100.028 100.014 100.006 100.002 100.001 100 100 100 100 100 100 100 100 100 100 100 100 100 100 100 100 100 100 100 100 100 100 100 100 100 100 100 100 100 100 100 100 100 100 100 100 100 100 100 100 100 100 100 100 100 100 100 100 100
14751.2 14751.2 14751.2 14598.9 14598.9 14598.9 14598.9 14598.9 14363.9 14363.9 14049.8 14049.8 12974 12974 12974 11160 9930.58 9930.58 9930.58 8104.74 8104.74 6994.86 5655.54 4927.69 3625.59 2255.99 1426.63 889.526 477.055 343.925 231.552 179.391 159.092 137.05 127.602 120.115 115.841 110.795 105.81 102.219 100.817 100.317 100.142 100.057 100.025 100.011 100.005 100.002 100.001 100 100 100 100 100 100 100 100 100 100 100 100 100 100 100 100 100 100 100 100 100 100 100 100 100 100 100 100 100 100 100 100 100 100 100 100 100 100 100 100 100 100 100 100 100 100 100 100 100 100
14400.9 14400.9 14400.9 14279.2 14279.2 14279.2 13611.8 13433.5 13433.5 13433.5 13433.5 13433.5 13433.5 13433.5 13433.5 13433.5 13433.5 12997.3 12870.4 10021.1 8510.42 7520.23 5273.08 4309.2 3592.39 2360.03 1344.87 823.846 526.611 312.346 224.358 188.844 152.137 138.471 126.519 119.613 115.474 110 105.323 101.789 100.648 100.266 100.121 100.047 100.022 100.008 100.004 100.001 100.001 100 100 100 100 100 100 100 100 100 100 100 100 100 100 100 100 100 100 100 100 100 100 100 100 100 100 100 100 100 100 100 100 100 100 100 100 100 100 100 100 100 100 100 100 100 100 100 100 100 100
14767.4 14767.4 14672.7 14672.7 14672.7 14222.1 14222.1 14184.8 10671.5 10671.5 10671.5 10671.5 10671.5 10671.5 10671.5 10671.5 10671.5 10671.5 7373.51 7373.51 7373.51 6469.31 4849.29 4791.93 3305.97 2089.65 1489.62 953.67 555.441 369.6 256.656 197.685 165.892 141.301 129.45 122.759 117.927 111.181 105.627 102.042 100.845 100.325 100.144 100.063 100.027 100.012 100.005 100.002 100.001 100 100 100 100 100 100 100 100 100 100 100 100 100 100 100 100 100 100 100 100 100 100 100 100 100 100 100 100 100 100 100 100 100 100 100 100 100 100 100 100 100 100 100 100 100 100 100 100 100 100
15469.7 14839.8 14839.8 12683.4 12683.4 12683.4 12683.4 12683.4 12683.4 12683.4 12635.8 11468.6 11468.6 11468.6 10769.8 9792.84 9690.81 6838.83 6380.55 5411.87 4528.37 3053.22 2071 1184.4 756.735 459.05 331.238 228.57 187.41 157.317 139.396 127.24 120.579 116.297 110.541 106.202 102.849 101.526 100.73 100.335 100.136 100.064 100.031 100.014 100.006 100.003 100.001 100 100 100 100 100 100 100 100 100 100 100 100 100 100 100 100 100 100 100 100 100 100 100 100 100 100 100 100 100 100 100 100 100 100 100 100 100 100 100 100 100 100 100 100 100 100 100 100 100 100 100 100
15132.3 15132.3 14894.6 14158.8 13953.4 13779.6 13779.6 13779.6 13779.6 13779.6 11824.3 11824.3 11824.3 11537.9 10795.6 9977.65 6870.05 6153.33 5475.8 4165.51 2420.38 2026.18 1289.22 695.327 450.722 303.422 241.036 182.446 158.227 136.182 127.123 120.537 116.892 110.059 106.02 103.42 101.715 100.814 100.534 100.229 100.102 100.043 100.019 100.008 100.004 100.001 100.001 100 100 100 100 100 100 100 100 100 100 100 100 100 100 100 100 100 100 100 100 100 100 100 100 100 100 100 100 100 100 100 100 100 100 100 100 100 100 100 100 100 100 100 100 100 100 100 100 100 100 100 100
14974.6 14913.1 14913.1 14913.1 14595.6 14595.6 14595.6 14595.6 14595.6 14595.6 14205.6 14205.6 14205.6 14205.6 13519.8 13519.8 13519.8 13519.8 12866.3 12620.9 12620.9 12145.3 12145.3 12115.8 12115.8 11509.1 9065.61 8742.59 8742.59 8543.69 7085.62 5808.46 5463 3987.05 3893.76 2488.81 1316.87 786.657 465.125 237.28 163.431 132.241 119.356 111.302 104.122 101.335 100.503 100.203 100.083 100.035 100.014 100.005 100.002 100.001 100 100 100 100 100 100 100 100 100 100 100 100 100 100 100 100 100 100 100 100 100 100 100 100 100 100 100 100 100 100 100 100 100 100 100 100 100 100 100 100 100 100 100 100 100
15582.6 14370.4 14370.4 13737.1 13737.1 13737.1 13737.1 13737.1 13737.1 13737.1 13737.1 12304.8 12304.8 12304.8 11586 11586 11586 11586 10685.9 10200.7 8143.97 6970.68 6970.68 6054.33 4776.99 4095.74 3036.9 2119.86 1142.35 701.42 452.087 256.652 211.783 169.366 146.571 132.085 122.273 116.593 112.28 104.297 101.69 100.64 100.24 100.105 100.045 100.022 100.01 100.004 100.002 100.001 100 100 100 100 100 100 100 100 100 100 100 100 100 100 100 100 100 100 100 100 100 100 100 100 100 100 100 100 100 100 100 100 100 100 100 100 100 100 100 100 100 100 100 100 100 100 100 100 100
14844.6 14461.1 14461.1 14461.1 14461.1 14461.1 14461.1 14461.1 14461.1 14461.1 14461.1 14461.1 14461.1 14461.1 14461.1 14461.1 13752.6 13752.6 13752.6 13752.6 13752.6 13752.6 13752.6 13259.1 12749.9 12749.9 11383 11383 10927.5 10793 10793 10469 7259.66 7151.75 6920.52 4844.56 4559.09 3159.52 1880.85 745.467 345.431 212.53 154.06 127.116 117.928 109.914 102.964 101.135 100.408 100.165 100.061 100.022 100.009 100.003 100.001 100 100 100 100 100 100 100 100 100 100 100 100 100 100 100 100 100 100 100 100 100 100 100 100 100 100 100 100 100 100 100 100 100 100 100 100 100 100 100 100 100 100 100 100
15407.5 15407.5 14539.2 14539.2 14539.2 14539.2 14539.2 14539.2 14539.2 14534.9 14534.9 14534.9 14534.9 14534.9 14534.9 13285.3 12343.7 12343.7 10843.5 10843.5 10843.5 10843.5 10843.5 10843.5 8137.58 8137.58 8137.58 5120.15 4075.05 3564.55 2352.52 1485.06 800.595 479.718 299.771 221.933 178.521 143.54 130.65 118.564 110.687 104.188 101.409 100.617 100.25 100.108 100.048 100.02 100.009 100.003 100.001 100.001 100 100 100 100 100 100 100 100 100 100 100 100 100 100 100 100 100 100 100 100 100 100 100 100 100 100 100 100 100 100 100 100 100 100 100 100 100 100 100 100 100 100 100 100 100 100 100
