5.82066e+09 1.62957e+09 6.6132e+08 1.49615e+08 6.92073e+07 3.54405e+07 1.3181e+07 9.4949e+06 4.6659e+06 3.33874e+06 1.00147e+06 491616 250462 131840 73271.7 57307.6 21109.5 7431.53 4306.35 1309.6 643.283 409.477 153.922 81.598 29.9977 15.334 5.89668 1.03005 0.44085 0.15733 0.0600169 0.0276059 0.00421037 0.00390055 0.00101318 0.000479552 0.000162032 4.07556e-05 8.0268e-06 3.56459e-06 1.14358e-06 1.66953e-07 4.39306e-08 0 0 0 0 0 0 0 0 0 0 0 0 0 0 0 0 0 0 0 0 0 0 0 0 0 0 0 0 0 0 0 0 0 0 0 0 0 0 0 0 0 0 0 0 0 0 0 0 0 0 0 0 0
4.45195e+09 1.27837e+09 1.06675e+09 1.70915e+08 1.24711e+08 5.1499e+07 2.77135e+07 1.12544e+07 5.51967e+06 2.49067e+06 1.93796e+06 649514 538724 160716 92679.9 66933.4 37844.3 18109 6583.11 3453.81 1572.3 825.864 301.04 97.1169 15.7813 15.7813 7.50558 1.31082 0.845862 0.211906 0.111851 0.0327675 0.0166426 0.00576807 0.00127723 0.000812937 0.000277315 9.76189e-05 2.89344e-05 7.3107e-06 1.40549e-06 2.40568e-07 1.02444e-07 2.46511e-08 0 0 0 0 0 0 0 0 0 0 0 0 0 0 0 0 0 0 0 0 0 0 0 0 0 0 0 0 0 0 0 0 0 0 0 0 0 0 0 0 0 0 0 0 0 0 0 0 0 0 0 0
3.16666e+09 1.23669e+09 6.03608e+08 2.11258e+08 7.8261e+07 3.78328e+07 2.15027e+07 6.01183e+06 6.01183e+06 3.54701e+06 1.60332e+06 843629 214376 171691 109316 60013.3 34702 17100.2 10113.6 2817.85 2104.07 967.918 406.583 105.75 58.6699 25.3455 11.9698 1.76066 0.78774 0.263578 0.188173 0.0623823 0.0236909 0.00357428 0.00284664 0.000958672 0.000297934 0.0001087 4.21417e-05 1.06467e-05 1.92679e-06 3.98277e-07 1.17141e-07 3.31318e-08 0 0 0 0 0 0 0 0 0 0 0 0 0 0 0 0 0 0 0 0 0 0 0 0 0 0 0 0 0 0 0 0 0 0 0 0 0 0 0 0 0 0 0 0 0 0 0 0 0 0 0 0
6.27589e+09 2.62686e+09 7.06653e+08 1.04006e+08 7.81521e+07 2.25441e+07 1.42308e+07 6.49817e+06 1.57469e+06 1.57469e+06 1.04713e+06 838542 124273 72231.4 72231.4 28989.3 22743.7 12879.4 6370.91 2710.19 251.225 251.225 251.225 110.868 37.3695 18.0927 9.55092 1.63 0.804384 0.322616 0.141943 0.019172 0.0123415 0.00354418 0.00177252 0.00100062 0.000282277 8.8458e-05 2.33532e-05 5.13496e-06 1.74406e-06 2.80036e-07 6.56873e-08 2.02332e-08 0 0 0 0 0 0 0 0 0 0 0 0 0 0 0 0 0 0 0 0 0 0 0 0 0 0 0 0 0 0 0 0 0 0 0 0 0 0 0 0 0 0 0 0 0 0 0 0 0 0 0 0
4.28256e+09 1.39726e+09 1.90674e+08 1.81279e+07 1.81279e+07 1.81279e+07 1.55369e+07 6.16909e+06 1.53835e+06 1.53835e+06 1.47763e+06 486555 386034 200085 65419.3 45474.4 19387.8 6765.09 6765.09 3100.65 1126 531.254 216.023 144.193 48.1684 17.5942 6.58946 1.58284 0.673713 0.285593 0.139152 0.0496372 0.0179978 0.00511222 0.00185656 0.000594843 0.000290241 0.00010508 2.66429e-05 6.59404e-06 1.65018e-06 3.92269e-07 6.77614e-08 0 0 0 0 0 0 0 0 0 0 0 0 0 0 0 0 0 0 0 0 0 0 0 0 0 0 0 0 0 0 0 0 0 0 0 0 0 0 0 0 0 0 0 0 0 0 0 0 0 0 0 0 0
3.96151e+09 1.97853e+09 7.92695e+08 1.85117e+08 7.62961e+07 3.30975e+07 1.40418e+07 4.2836e+06 4.2836e+06 2.87965e+06 452655 452655 154033 148496 83757.2 32788 22098.9 10143.1 2557.16 2557.16 1025.99 561.444 167.913 78.554 49.6869 20.5099 6.35987 1.50748 0.288109 0.206103 0.0761511 0.0364583 0.0156001 0.00318116 0.00128953 0.000527478 0.000283637 5.18284e-05 3.45872e-05 3.58262e-06 1.00044e-06 3.16124e-07 7.30873e-08 1.38751e-08 0 0 0 0 0 0 0 0 0 0 0 0 0 0 0 0 0 0 0 0 0 0 0 0 0 0 0 0 0 0 0 0 0 0 0 0 0 0 0 0 0 0 0 0 0 0 0 0 0 0 0 0
4.0283e+09 1.91312e+09 1.26862e+09 1.95518e+08 1.30835e+08 5.66749e+07 2.01396e+07 1.64572e+07 9.46632e+06 3.33386e+06 1.7321e+06 1.3529e+06 361062 208650 149081 66577.2 15419.8 11802.8 7395.09 3623.71 1253.24 484.297 282.191 85.1505 61.0471 25.4749 7.25007 1.38387 0.440201 0.278254 0.153502 0.048476 0.0174722 0.0103535 0.00264396 0.00147397 0.000256533 0.000111022 3.15288e-05 8.03112e-06 2.57186e-06 3.78961e-07 3.67755e-08 1.1513e-08 0 0 0 0 0 0 0 0 0 0 0 0 0 0 0 0 0 0 0 0 0 0 0 0 0 0 0 0 0 0 0 0 0 0 0 0 0 0 0 0 0 0 0 0 0 0 0 0 0 0 0 0
6.1381e+09 1.8912e+09 6.5682e+08 5.18503e+07 5.18503e+07 2.47409e+07 1.85193e+07 1.50242e+07 5.43825e+06 2.47515e+06 1.41868e+06 609729 301452 181908 78010 23848.2 10325.3 10325.3 5396.79 1879.42 540.061 509.812 111.581 87.5486 47.6546 13.4328 4.67092 1.17302 0.529588 0.183211 0.0796237 0.0287633 0.0122124 0.00581059 0.000618695 0.000334071 0.000256814 0.000105241 1.65002e-05 5.09319e-06 8.84753e-07 2.42577e-07 8.78484e-08 1.72006e-08 0 0 0 0 0 0 0 0 0 0 0 0 0 0 0 0 0 0 0 0 0 0 0 0 0 0 0 0 0 0 0 0 0 0 0 0 0 0 0 0 0 0 0 0 0 0 0 0 0 0 0 0
5.39463e+09 7.11874e+08 5.38401e+08 1.31182e+08 6.44157e+07 4.79741e+07 2.20509e+07 8.17723e+06 5.5592e+06 2.64307e+06 925078 753642 193417 81381.1 74222.8 66137.7 24392.6 13983.4 5597.71 2688.78 720.307 720.307 129.255 129.255 64.3161 34.2733 11.577 3.01843 0.947751 0.409061 0.147466 0.066355 0.0255209 0.00883478 0.00555041 0.00150449 0.000691427 0.000211957 5.13599e-05 1.14287e-05 2.6587e-06 9.4198e-07 1.36878e-07 3.31918e-08 0 0 0 0 0 0 0 0 0 0 0 0 0 0 0 0 0 0 0 0 0 0 0 0 0 0 0 0 0 0 0 0 0 0 0 0 0 0 0 0 0 0 0 0 0 0 0 0 0 0 0 0
4.45953e+09 2.41811e+09 6.77249e+08 1.50713e+08 3.96167e+07 2.21781e+07 2.21781e+07 8.18287e+06 8.09306e+06 5.10606e+06 1.99699e+06 999589 338826 257946 124919 62482.8 26055.9 11668.3 4006.62 3127.56 2051.99 915.273 294.536 110.983 48.9115 24.9743 3.8401 1.87189 0.549707 0.143795 0.110527 0.0383145 0.0228964 0.0038529 0.00160834 0.000988628 0.000305676 0.000129066 1.91654e-05 3.127e-06 1.40187e-06 3.18269e-07 6.66912e-08 1.03525e-08 0 0 0 0 0 0 0 0 0 0 0 0 0 0 0 0 0 0 0 0 0 0 0 0 0 0 0 0 0 0 0 0 0 0 0 0 0 0 0 0 0 0 0 0 0 0 0 0 0 0 0 0
5.21599e+09 1.45404e+09 7.00749e+08 2.19464e+08 8.8942e+07 2.98499e+07 2.40631e+07 1.38136e+07 5.28555e+06 3.159e+06 1.3189e+06 974759 388602 331371 167097 77191.9 23795.1 14670.2 5927.25 3351.36 813.914 533.2 233.212 144.996 46.295 16.6809 9.42161 1.40168 0.616884 0.109024 0.071737 0.0513629 0.0153713 0.00447047 0.00150216 0.000707487 0.000250097 9.37068e-05 2.8029e-05 6.56425e-06 4.20292e-07 3.16954e-07 1.06434e-07 1.3211e-08 0 0 0 0 0 0 0 0 0 0 0 0 0 0 0 0 0 0 0 0 0 0 0 0 0 0 0 0 0 0 0 0 0 0 0 0 0 0 0 0 0 0 0 0 0 0 0 0 0 0 0 0
7.46722e+09 1.84872e+09 7.49488e+08 2.09892e+08 3.97916e+07 3.97916e+07 2.00613e+07 9.11677e+06 5.42166e+06 4.17592e+06 2.56771e+06 867963 604439 211578 87213.7 60666.3 18249.4 10356.8 8639.5 2402.97 1844.25 640.656 363.239 148.812 88.7323 10.4082 10.4082 1.79639 1.11302 0.15902 0.122185 0.0460321 0.015102 0.00616212 0.00186014 0.00103788 0.000340784 0.000133758 3.94813e-05 8.64807e-06 1.83157e-06 5.28795e-07 1.39608e-07 2.27653e-08 0 0 0 0 0 0 0 0 0 0 0 0 0 0 0 0 0 0 0 0 0 0 0 0 0 0 0 0 0 0 0 0 0 0 0 0 0 0 0 0 0 0 0 0 0 0 0 0 0 0 0 0
4.19167e+09 8.39069e+08 6.2771e+08 1.68868e+08 6.72697e+07 2.82444e+07 1.71812e+07 1.26657e+07 6.162e+06 2.35444e+06 974429 704164 236643 217049 89812.3 31892.6 10435.2 10435.2 7673.88 2557.94 1248.98 408.492 223.218 110.933 48.0675 22.9641 12.1888 2.04911 0.788586 0.243315 0.104535 0.0404049 0.0178539 0.00582756 0.00205076 0.000457549 0.000318532 0.000155972 3.76876e-05 1.00225e-05 1.85168e-06 5.79991e-07 8.4195e-08 1.78886e-08 0 0 0 0 0 0 0 0 0 0 0 0 0 0 0 0 0 0 0 0 0 0 0 0 0 0 0 0 0 0 0 0 0 0 0 0 0 0 0 0 0 0 0 0 0 0 0 0 0 0 0 0
4.20252e+09 1.38178e+09 7.35223e+08 1.15927e+08 8.5133e+07 3.92399e+07 1.87615e+07 5.98582e+06 4.36185e+06 1.59802e+06 1.30178e+06 811520 296774 235428 57043.2 54305.3 12268.2 7639.2 7533.99 3314.15 1282.24 539.217 292.074 93.0319 25.8743 21.8472 9.91957 2.04136 0.586071 0.174881 0.141174 0.0566741 0.0248142 0.012452 0.00375575 0.00110092 0.000593149 0.000220142 4.65253e-05 1.37116e-05 1.97241e-06 1.15984e-06 2.31233e-07 4.13486e-08 0 0 0 0 0 0 0 0 0 0 0 0 0 0 0 0 0 0 0 0 0 0 0 0 0 0 0 0 0 0 0 0 0 0 0 0 0 0 0 0 0 0 0 0 0 0 0 0 0 0 0 0
6.48706e+09 1.27638e+09 7.90245e+08 2.00314e+08 8.17273e+07 3.28991e+07 2.35277e+07 1.83245e+07 3.6418e+06 3.3437e+06 713518 713518 484813 162177 99311.9 67430.3 23101.8 20486.6 7706.45 1330.64 1330.64 529.077 282.41 157.835 28.9223 12.9066 8.18749 0.82725 0.639674 0.146326 0.0577644 0.0322941 0.0135531 0.00625457 0.00216208 0.000991539 0.000241847 0.000106319 6.14444e-05 8.09009e-06 4.0343e-06 8.09098e-07 1.98255e-07 3.16852e-08 0 0 0 0 0 0 0 0 0 0 0 0 0 0 0 0 0 0 0 0 0 0 0 0 0 0 0 0 0 0 0 0 0 0 0 0 0 0 0 0 0 0 0 0 0 0 0 0 0 0 0 0
3.85674e+09 1.0404e+09 4.86326e+08 1.96282e+08 5.20372e+07 2.89372e+07 1.24403e+07 1.05142e+07 4.85723e+06 3.47824e+06 2.1396e+06 1.07421e+06 437889 274112 148755 44433.1 35238.1 12146.7 12146.7 6939.84 2251.98 866.976 523.498 247.046 76.317 27.2914 9.66613 2.18577 0.769269 0.23814 0.121145 0.049161 0.0144788 0.00846906 0.00334493 0.000905397 0.000337773 9.0717e-05 2.00521e-05 6.39273e-06 1.71919e-06 5.29626e-07 2.28233e-07 2.32394e-08 0 0 0 0 0 0 0 0 0 0 0 0 0 0 0 0 0 0 0 0 0 0 0 0 0 0 0 0 0 0 0 0 0 0 0 0 0 0 0 0 0 0 0 0 0 0 0 0 0 0 0 0
4.91305e+09 1.46305e+09 7.2071e+08 2.24482e+08 1.08961e+08 5.93941e+07 1.48432e+07 5.6666e+06 3.004e+06 3.004e+06 1.17384e+06 727912 294802 157438 38105.7 25543.3 7145.72 7145.72 4940.07 1417.66 1046.55 662.24 191.251 53.1812 27.6945 6.72096 6.72096 0.992921 0.298972 0.134665 0.0664011 0.0330319 0.0117054 0.00527632 0.000765666 0.000623596 0.000244347 0.000114728 1.75216e-05 5.93524e-06 1.012e-06 3.47226e-07 7.33819e-08 2.25291e-08 0 0 0 0 0 0 0 0 0 0 0 0 0 0 0 0 0 0 0 0 0 0 0 0 0 0 0 0 0 0 0 0 0 0 0 0 0 0 0 0 0 0 0 0 0 0 0 0 0 0 0 0
4.75122e+09 8.51446e+08 4.96343e+08 1.57383e+08 4.96324e+07 2.58361e+07 7.92721e+06 4.33941e+06 4.33941e+06 2.09738e+06 1.01208e+06 493041 202515 195408 82542.4 40608.3 18013.1 13643.1 7832.2 3049.28 1309.95 698.842 300.316 104.665 28.7013 28.4407 11.1624 2.14499 0.907923 0.297754 0.0940352 0.0450724 0.0139672 0.00638747 0.00163762 0.000584883 0.000218408 9.12171e-05 2.38385e-05 5.53339e-06 1.18179e-06 3.20596e-07 6.11274e-08 2.29105e-08 0 0 0 0 0 0 0 0 0 0 0 0 0 0 0 0 0 0 0 0 0 0 0 0 0 0 0 0 0 0 0 0 0 0 0 0 0 0 0 0 0 0 0 0 0 0 0 0 0 0 0 0
5.75121e+09 1.6283e+09 6.87423e+08 1.65671e+08 5.77355e+07 2.76747e+07 2.53762e+07 6.8742e+06 5.10837e+06 3.08821e+06 1.66872e+06 934035 381948 134024 72196 34390.8 27925.5 16451.1 4925.9 3634.26 1683.36 432.465 381.661 130.731 63.3988 32.3738 8.88887 2.1126 0.680906 0.17155 0.13215 0.0414849 0.0139811 0.0106938 0.00383036 0.00106578 0.000492232 0.000242281 3.31381e-05 1.73119e-05 3.14407e-06 7.43817e-07 2.04991e-07 3.66342e-08 0 0 0 0 0 0 0 0 0 0 0 0 0 0 0 0 0 0 0 0 0 0 0 0 0 0 0 0 0 0 0 0 0 0 0 0 0 0 0 0 0 0 0 0 0 0 0 0 0 0 0 0
3.41548e+09 2.01673e+09 9.02606e+08 1.81706e+08 8.05305e+07 5.13668e+07 2.52145e+07 9.59152e+06 6.27183e+06 2.42802e+06 1.82877e+06 546329 379521 214435 121944 58168.3 15864.5 14906 4690.49 2850.03 877.618 812.045 181.252 129.841 28.0909 23.8653 6.27664 1.48996 0.438544 0.323766 0.109825 0.0324728 0.0235721 0.00793562 0.00215626 0.000691434 0.000372675 9.82424e-05 2.64272e-05 4.97719e-06 1.44911e-06 1.50195e-07 7.53253e-08 1.47753e-08 0 0 0 0 0 0 0 0 0 0 0 0 0 0 0 0 0 0 0 0 0 0 0 0 0 0 0 0 0 0 0 0 0 0 0 0 0 0 0 0 0 0 0 0 0 0 0 0 0 0 0 0
6.63649e+09 1.97044e+09 4.80345e+08 1.55087e+08 1.06093e+08 3.35357e+07 2.03854e+07 8.6534e+06 4.9247e+06 1.53261e+06 1.35073e+06 576048 559120 296902 182042 68661.1 41190.2 18383 10144.7 2170.67 2035.72 1138.41 226.864 164.512 55.038 27.9205 7.0668 1.89446 0.956617 0.20995 0.0788335 0.0294615 0.0127644 0.00410997 0.00162753 0.000758426 0.000287423 0.000121904 2.58907e-05 5.67795e-06 1.72112e-06 2.69485e-07 8.08339e-08 1.65352e-08 0 0 0 0 0 0 0 0 0 0 0 0 0 0 0 0 0 0 0 0 0 0 0 0 0 0 0 0 0 0 0 0 0 0 0 0 0 0 0 0 0 0 0 0 0 0 0 0 0 0 0 0
5.37516e+09 1.51424e+09 6.77707e+08 7.77483e+07 7.77483e+07 3.44108e+07 1.843e+07 6.60364e+06 6.29322e+06 2.08885e+06 1.98242e+06 563173 563173 164158 91161 42592.2 29407.2 18818.7 13479.2 4055.79 1937.53 883.41 320.249 266.219 108.054 30.0981 20.0143 2.10594 1.52419 0.574631 0.118944 0.0729314 0.0321165 0.0140087 0.00248688 0.00123823 0.000490303 0.000161655 2.98804e-05 5.4295e-06 2.85415e-06 3.18679e-07 1.22009e-07 0 0 0 0 0 0 0 0 0 0 0 0 0 0 0 0 0 0 0 0 0 0 0 0 0 0 0 0 0 0 0 0 0 0 0 0 0 0 0 0 0 0 0 0 0 0 0 0 0 0 0 0 0
7.93576e+09 2.20575e+09 7.94699e+08 1.48074e+08 7.68857e+07 4.75886e+07 2.54142e+07 6.9609e+06 6.07899e+06 3.60391e+06 1.44973e+06 486296 347004 116513 69936.9 38940.6 11162.8 11162.8 6682.69 3148.89 1309.8 526.345 286.058 116.71 54.274 32.1291 12.7988 0.911326 0.551526 0.151815 0.131694 0.0276564 0.025199 0.00687289 0.00284602 0.00088028 0.000454724 0.000118191 2.6987e-05 5.67472e-06 1.52557e-06 4.54233e-07 8.82656e-08 2.17766e-08 0 0 0 0 0 0 0 0 0 0 0 0 0 0 0 0 0 0 0 0 0 0 0 0 0 0 0 0 0 0 0 0 0 0 0 0 0 0 0 0 0 0 0 0 0 0 0 0 0 0 0 0
4.69511e+09 1.31683e+09 4.48053e+08 1.35132e+08 8.28261e+07 4.52047e+07 1.5748e+07 1.15837e+07 3.72931e+06 1.50767e+06 1.21698e+06 644280 180244 147918 117645 38230.9 10835.3 10835.3 4179.99 2625.31 1448.14 516.676 178.029 126.385 47.4991 23.5155 8.50187 1.33763 0.581239 0.314064 0.0405665 0.0203766 0.00988124 0.00497188 0.00108254 0.000696362 0.000260401 5.78797e-05 2.84951e-05 6.53669e-06 1.72697e-06 3.05281e-07 6.58572e-08 2.10558e-08 0 0 0 0 0 0 0 0 0 0 0 0 0 0 0 0 0 0 0 0 0 0 0 0 0 0 0 0 0 0 0 0 0 0 0 0 0 0 0 0 0 0 0 0 0 0 0 0 0 0 0 0
4.15104e+09 1.75751e+09 8.45171e+08 1.75399e+08 8.86127e+07 3.47921e+07 1.9082e+07 7.99486e+06 6.42871e+06 2.11695e+06 1.16963e+06 376781 258326 186157 112735 16644.3 16644.3 12935.3 5128.46 2212.26 775.581 527.864 224.375 81.0579 43.2419 18.8492 7.53277 0.881021 0.424729 0.156474 0.0716112 0.0246509 0.0130239 0.00482307 0.00180447 0.000710876 0.00014053 6.8632e-05 2.2066e-05 3.32052e-06 1.27148e-06 2.06498e-07 4.25362e-08 1.0418e-08 0 0 0 0 0 0 0 0 0 0 0 0 0 0 0 0 0 0 0 0 0 0 0 0 0 0 0 0 0 0 0 0 0 0 0 0 0 0 0 0 0 0 0 0 0 0 0 0 0 0 0 0
4.77039e+09 1.71854e+09 7.76239e+08 1.65939e+08 8.45522e+07 3.66778e+07 1.89377e+07 1.09697e+07 6.07548e+06 4.03483e+06 1.82205e+06 645176 361051 251876 212333 88889.9 33446.7 27983.5 9442.02 3088.95 1121.28 1121.28 327.243 146.072 62.2624 26.2928 15.3629 1.80009 0.704317 0.396714 0.101149 0.055642 0.0198183 0.00745997 0.00181854 0.000943824 0.000146563 0.00011663 1.8039e-05 1.0017e-05 5.17275e-07 3.15859e-07 1.17867e-07 1.48351e-08 0 0 0 0 0 0 0 0 0 0 0 0 0 0 0 0 0 0 0 0 0 0 0 0 0 0 0 0 0 0 0 0 0 0 0 0 0 0 0 0 0 0 0 0 0 0 0 0 0 0 0 0
6.71812e+09 1.37198e+09 5.9402e+08 4.91981e+07 4.91981e+07 4.01728e+07 1.24464e+07 1.24464e+07 1.81194e+06 1.81194e+06 941048 745607 460687 226609 97691.5 54281 19898.1 11986.1 5858.72 2494.24 612.679 391.145 212.184 64.5371 27.4926 10.5305 8.19061 0.692991 0.374827 0.187286 0.0695612 0.0260945 0.00826951 0.00381587 0.00112334 0.000683368 0.000173742 7.18904e-05 2.09042e-05 4.70421e-06 1.60931e-06 3.04018e-07 6.00108e-08 1.25351e-08 0 0 0 0 0 0 0 0 0 0 0 0 0 0 0 0 0 0 0 0 0 0 0 0 0 0 0 0 0 0 0 0 0 0 0 0 0 0 0 0 0 0 0 0 0 0 0 0 0 0 0 0
4.47786e+09 1.06154e+09 7.83292e+08 1.40938e+08 9.42189e+07 2.45169e+07 2.1326e+07 1.15962e+07 6.25887e+06 2.37126e+06 1.312e+06 662998 499858 139824 114889 36257.1 21539.1 11020.1 8781.36 2580.76 1824.68 722.889 375.437 127.621 51.0374 29.1513 18.8345 2.47888 1.39454 0.138295 0.132286 0.0472925 0.020929 0.00925612 0.00318415 0.00125509 0.000508071 8.34683e-05 2.12138e-05 6.49454e-06 1.89175e-06 5.52297e-07 1.30873e-07 1.99975e-08 0 0 0 0 0 0 0 0 0 0 0 0 0 0 0 0 0 0 0 0 0 0 0 0 0 0 0 0 0 0 0 0 0 0 0 0 0 0 0 0 0 0 0 0 0 0 0 0 0 0 0 0
4.90691e+09 1.74066e+09 6.16571e+08 1.50701e+08 7.12688e+07 2.94774e+07 1.58397e+07 1.08292e+07 5.03177e+06 1.14737e+06 1.14737e+06 690312 409064 194713 90604.6 31556.5 10270.6 10270.6 2640.09 1379.12 1265.11 485.477 273.801 74.9357 40.8621 16.0231 8.87906 1.66207 0.480572 0.326854 0.0855079 0.0241667 0.0139865 0.00627364 0.00326567 0.0011172 0.000333094 0.000138767 2.81407e-05 7.597e-06 2.86444e-06 3.49383e-07 5.87893e-08 2.70548e-08 0 0 0 0 0 0 0 0 0 0 0 0 0 0 0 0 0 0 0 0 0 0 0 0 0 0 0 0 0 0 0 0 0 0 0 0 0 0 0 0 0 0 0 0 0 0 0 0 0 0 0 0
4.84428e+09 2.27536e+09 5.70961e+08 1.28991e+08 6.09885e+07 4.37894e+07 1.04439e+07 9.93113e+06 3.24227e+06 1.72071e+06 1.43092e+06 412763 218176 143623 93457.7 25286.8 12215.2 9265.22 5754.21 1734.05 1499.58 391.576 214.876 72.5988 35.1188 12.9273 6.09393 1.39465 0.524297 0.25365 0.0767956 0.0326552 0.00988353 0.00255204 0.00203561 0.000702981 0.000251971 8.45007e-05 1.02312e-05 1.94407e-06 9.05093e-07 1.63778e-07 6.8914e-08 0 0 0 0 0 0 0 0 0 0 0 0 0 0 0 0 0 0 0 0 0 0 0 0 0 0 0 0 0 0 0 0 0 0 0 0 0 0 0 0 0 0 0 0 0 0 0 0 0 0 0 0 0
6.96169e+09 2.0824e+09 9.28779e+08 1.96324e+08 2.64993e+07 2.64993e+07 2.40191e+07 9.64376e+06 5.14626e+06 3.89135e+06 1.48321e+06 949084 152783 97951.4 89790.5 28466.5 9025.45 8558.52 4386.95 1613.44 641.818 388.163 162.03 70.0236 22.8975 10.8936 7.84687 1.06183 0.347586 0.145107 0.0678694 0.0302275 0.0128283 0.00560202 0.00170769 0.000400892 0.000272031 9.76647e-05 3.51303e-05 9.47008e-06 2.18409e-06 3.37322e-07 8.52115e-08 1.99354e-08 0 0 0 0 0 0 0 0 0 0 0 0 0 0 0 0 0 0 0 0 0 0 0 0 0 0 0 0 0 0 0 0 0 0 0 0 0 0 0 0 0 0 0 0 0 0 0 0 0 0 0 0
3.88333e+09 2.06947e+09 5.56611e+08 1.78475e+08 8.08248e+07 3.46723e+07 2.01898e+07 6.09635e+06 4.13689e+06 1.44572e+06 933769 662379 473054 181769 122200 55648.3 24638.9 16969.8 8705.1 3365.7 872.166 618.993 269.42 150.367 69.0238 29.5291 10.3616 1.92273 0.944148 0.449414 0.190241 0.0385233 0.0200604 0.00768528 0.00263319 0.00166165 0.000631869 0.000118849 2.3119e-05 9.43218e-06 2.63929e-06 5.21907e-07 8.74667e-08 2.25505e-08 0 0 0 0 0 0 0 0 0 0 0 0 0 0 0 0 0 0 0 0 0 0 0 0 0 0 0 0 0 0 0 0 0 0 0 0 0 0 0 0 0 0 0 0 0 0 0 0 0 0 0 0
3.30176e+09 2.63376e+09 5.36634e+08 9.3293e+07 2.72655e+07 2.72655e+07 2.28526e+07 1.44975e+07 8.11074e+06 3.55308e+06 1.90695e+06 1.39347e+06 573438 315003 104165 67981.7 44919.3 16438.5 11630.8 5461.43 2983.07 923.334 327.567 101.654 91.4754 25.4428 6.65692 1.41217 0.508244 0.181314 0.0517734 0.0499805 0.0225174 0.00830101 0.0024379 0.000916459 0.000331127 0.000158396 4.02196e-05 1.03182e-05 1.32667e-06 3.684e-07 6.88939e-08 1.24872e-08 0 0 0 0 0 0 0 0 0 0 0 0 0 0 0 0 0 0 0 0 0 0 0 0 0 0 0 0 0 0 0 0 0 0 0 0 0 0 0 0 0 0 0 0 0 0 0 0 0 0 0 0
4.71919e+09 1.13178e+09 6.17585e+08 1.32018e+08 1.01818e+08 1.93599e+07 1.93599e+07 4.15738e+06 4.15738e+06 2.02072e+06 938259 666530 352665 129595 45239.2 38630.6 13802.5 8359.67 4785.18 2829.77 1195.43 534.918 272.961 101.944 47.339 18.3207 4.92582 1.73498 0.196085 0.196085 0.0697641 0.0411417 0.00717232 0.0026259 0.00182329 0.000765196 0.000283877 6.30716e-05 3.4755e-05 6.82904e-06 1.72269e-06 4.41155e-07 1.08181e-07 2.05455e-08 0 0 0 0 0 0 0 0 0 0 0 0 0 0 0 0 0 0 0 0 0 0 0 0 0 0 0 0 0 0 0 0 0 0 0 0 0 0 0 0 0 0 0 0 0 0 0 0 0 0 0 0
5.59348e+09 2.25122e+09 5.41187e+08 1.71572e+08 1.14074e+08 4.95715e+07 2.18868e+07 1.1935e+07 4.07984e+06 2.49738e+06 1.07626e+06 435184 283542 89772.6 89772.6 60268.8 28950.9 16277.3 10643.4 1991.37 1680.8 1002.76 327.107 140.466 90.3591 44.0552 10.7097 2.66178 1.03466 0.300752 0.0788599 0.0441956 0.0111755 0.00513405 0.00390871 0.000578852 0.000380671 6.96083e-05 3.38627e-05 6.17173e-06 4.02849e-06 7.75528e-07 1.03337e-07 3.57853e-08 0 0 0 0 0 0 0 0 0 0 0 0 0 0 0 0 0 0 0 0 0 0 0 0 0 0 0 0 0 0 0 0 0 0 0 0 0 0 0 0 0 0 0 0 0 0 0 0 0 0 0 0
7.1674e+09 1.29873e+09 8.66974e+08 2.00325e+08 7.18068e+07 3.66159e+07 8.68697e+06 8.68697e+06 4.98814e+06 3.05411e+06 692964 290573 249942 172206 76315 33477.1 22172.3 17865.2 6364.94 3543.44 1229.98 578.674 219.111 159.543 39.7585 12.0585 10.0466 2.52678 0.504523 0.374017 0.101759 0.0406402 0.0231164 0.00721153 0.00366249 0.00147212 0.000463886 0.000184022 2.61046e-05 1.13805e-05 4.30743e-06 8.80807e-07 2.77849e-07 4.55641e-08 0 0 0 0 0 0 0 0 0 0 0 0 0 0 0 0 0 0 0 0 0 0 0 0 0 0 0 0 0 0 0 0 0 0 0 0 0 0 0 0 0 0 0 0 0 0 0 0 0 0 0 0
4.31144e+09 1.69626e+09 4.06954e+08 2.0028e+08 5.43759e+07 5.42451e+07 1.97485e+07 9.60698e+06 6.71265e+06 3.51299e+06 1.02406e+06 673977 482650 152576 23570.6 23570.6 13543.5 13543.5 5219.46 2796.41 533.636 400.17 195.587 79.8883 49.9455 10.9512 6.71447 1.44662 0.516177 0.304263 0.0682155 0.0267671 0.00671619 0.00333672 0.00187175 0.000414273 0.000205986 4.73404e-05 1.63096e-05 5.76262e-06 1.0529e-06 2.23413e-07 6.99235e-08 0 0 0 0 0 0 0 0 0 0 0 0 0 0 0 0 0 0 0 0 0 0 0 0 0 0 0 0 0 0 0 0 0 0 0 0 0 0 0 0 0 0 0 0 0 0 0 0 0 0 0 0 0
3.86515e+09 1.53672e+09 6.87761e+08 1.56683e+08 5.97445e+07 3.49558e+07 2.11456e+07 1.41819e+07 5.63275e+06 1.80538e+06 1.54739e+06 844880 193801 112160 61678.2 49000 31238.5 9448.52 7892.03 2808.67 983.858 733.904 202.154 112.444 52.6935 21.9827 8.55965 1.75874 1.12412 0.360282 0.101931 0.0572376 0.0184897 0.00922072 0.00282071 0.00133885 0.00061485 0.000242522 5.90024e-05 1.38982e-05 5.59896e-06 8.43374e-07 1.96513e-07 2.94833e-08 0 0 0 0 0 0 0 0 0 0 0 0 0 0 0 0 0 0 0 0 0 0 0 0 0 0 0 0 0 0 0 0 0 0 0 0 0 0 0 0 0 0 0 0 0 0 0 0 0 0 0 0
5.92507e+09 2.15511e+09 6.51887e+08 1.49456e+08 8.31998e+07 3.23326e+07 1.46364e+07 1.29247e+07 9.2364e+06 1.50757e+06 1.50757e+06 682910 613853 317809 161019 55063.9 43361.2 23268.3 9875.77 3152.65 1236.23 874.873 310.833 232.32 36.5329 17.3814 8.64331 2.08465 0.29611 0.0971216 0.0755404 0.0492423 0.0184117 0.00524216 0.00258161 0.000858609 0.000132733 0.000124632 2.66457e-05 5.21413e-06 1.41194e-06 5.66536e-07 1.60863e-07 2.50632e-08 0 0 0 0 0 0 0 0 0 0 0 0 0 0 0 0 0 0 0 0 0 0 0 0 0 0 0 0 0 0 0 0 0 0 0 0 0 0 0 0 0 0 0 0 0 0 0 0 0 0 0 0
7.35437e+09 1.71128e+09 3.29639e+08 1.91373e+08 7.01004e+07 3.37981e+07 1.8752e+07 1.49875e+07 2.08354e+06 2.08354e+06 1.60644e+06 905848 503076 160442 53004 53004 30176.3 15261.5 6862.58 1620.92 1328.59 612.212 255.637 125.422 40.0904 20.3899 6.85441 1.10649 0.501739 0.253885 0.0693081 0.0271656 0.0123373 0.00345901 0.00165997 0.000739486 0.000311559 6.9976e-05 1.34851e-05 5.01415e-06 7.82731e-07 2.57222e-07 7.66027e-08 1.15393e-08 0 0 0 0 0 0 0 0 0 0 0 0 0 0 0 0 0 0 0 0 0 0 0 0 0 0 0 0 0 0 0 0 0 0 0 0 0 0 0 0 0 0 0 0 0 0 0 0 0 0 0 0
5.0643e+09 1.38235e+09 7.28344e+08 1.18967e+08 7.394e+07 3.92144e+07 1.20261e+07 1.01909e+07 4.76448e+06 2.48116e+06 1.73578e+06 493356 346996 227196 128992 25564.9 25564.9 13521 7697.37 1724.56 1442.27 757.526 356.043 91.5214 77.7227 36.5085 14.107 3.05035 1.17327 0.372647 0.122194 0.0358715 0.0150876 0.00855194 0.00407205 0.000839788 0.000272515 0.000146881 2.52565e-05 9.86028e-06 1.39153e-06 3.20393e-07 5.97004e-08 1.8841e-08 0 0 0 0 0 0 0 0 0 0 0 0 0 0 0 0 0 0 0 0 0 0 0 0 0 0 0 0 0 0 0 0 0 0 0 0 0 0 0 0 0 0 0 0 0 0 0 0 0 0 0 0
4.49773e+09 2.39935e+09 7.80545e+08 1.32601e+08 6.65705e+07 2.21581e+07 1.35941e+07 1.35941e+07 7.62397e+06 2.69683e+06 1.75501e+06 460376 389252 208433 73666.4 54187.7 26809.6 9723.06 6346.66 2693.52 564.756 543.552 235.649 116.629 83.2814 20.4027 7.58233 1.07058 0.623369 0.0883376 0.0883376 0.0425919 0.0153539 0.00410016 0.00239775 0.00109424 0.000170316 4.57619e-05 3.26971e-05 5.14762e-06 1.86822e-06 2.04579e-07 7.78813e-08 2.6028e-08 0 0 0 0 0 0 0 0 0 0 0 0 0 0 0 0 0 0 0 0 0 0 0 0 0 0 0 0 0 0 0 0 0 0 0 0 0 0 0 0 0 0 0 0 0 0 0 0 0 0 0 0
4.97271e+09 3.8508e+08 3.8508e+08 1.43991e+08 7.1658e+07 4.84608e+07 1.69381e+07 8.48252e+06 5.46392e+06 2.86325e+06 1.67463e+06 617860 288150 243302 63656 20657.4 19312.7 11402.1 8354.8 1901.33 1259.04 722.741 302.135 131.721 58.4989 27.4255 9.8629 1.89953 0.464734 0.305922 0.0782904 0.0551707 0.0204946 0.00640255 0.00284638 0.00121969 0.000375498 0.000121842 1.61185e-05 6.79372e-06 1.82298e-06 3.63693e-07 7.57016e-08 2.75553e-08 0 0 0 0 0 0 0 0 0 0 0 0 0 0 0 0 0 0 0 0 0 0 0 0 0 0 0 0 0 0 0 0 0 0 0 0 0 0 0 0 0 0 0 0 0 0 0 0 0 0 0 0
5.89193e+09 2.28042e+09 3.80637e+08 1.58586e+08 9.42546e+07 1.33747e+07 1.33747e+07 1.33747e+07 5.11398e+06 2.81665e+06 1.73104e+06 504046 245044 171694 33083.8 33083.8 33058.3 12068.5 4841.15 3827.54 2485.59 724.008 356.908 125.969 74.4521 27.231 8.97962 2.71176 0.837073 0.303633 0.0917898 0.0441967 0.0202025 0.0125877 0.00334976 0.00220882 0.000793297 0.00020702 4.6481e-05 1.15461e-05 2.39849e-06 7.64646e-07 1.40223e-07 2.90487e-08 0 0 0 0 0 0 0 0 0 0 0 0 0 0 0 0 0 0 0 0 0 0 0 0 0 0 0 0 0 0 0 0 0 0 0 0 0 0 0 0 0 0 0 0 0 0 0 0 0 0 0 0
5.00529e+09 1.5467e+09 6.81563e+08 1.92166e+08 3.37898e+07 3.37898e+07 2.27407e+07 1.13913e+07 4.13004e+06 3.12604e+06 1.29692e+06 653616 332712 199571 148431 64349.3 23732.4 15034.3 5830.17 3637.27 1662.91 688.459 293.525 129.979 54.8928 21.8171 13.4302 3.31878 0.915844 0.378307 0.122083 0.0290151 0.0290151 0.00959192 0.00346744 0.000819084 0.000410537 0.000211623 4.32799e-05 9.68021e-06 1.3292e-06 4.37836e-07 5.55302e-08 1.55916e-08 0 0 0 0 0 0 0 0 0 0 0 0 0 0 0 0 0 0 0 0 0 0 0 0 0 0 0 0 0 0 0 0 0 0 0 0 0 0 0 0 0 0 0 0 0 0 0 0 0 0 0 0
5.47683e+09 1.78464e+09 6.5815e+08 1.87195e+08 9.12752e+07 3.77118e+07 2.49524e+07 5.06763e+06 5.06763e+06 3.24585e+06 1.58192e+06 844443 303740 270661 83604.1 44438.3 20506.8 16099.3 3094.32 2242.9 2107.71 840.399 408.467 138.143 71.7271 31.4619 10.785 3.05172 1.16698 0.485683 0.229514 0.0321575 0.020013 0.00700681 0.00369319 0.00109497 0.00037508 0.000142763 4.46492e-05 1.07343e-05 1.84631e-06 3.11147e-07 5.02471e-08 1.75501e-08 0 0 0 0 0 0 0 0 0 0 0 0 0 0 0 0 0 0 0 0 0 0 0 0 0 0 0 0 0 0 0 0 0 0 0 0 0 0 0 0 0 0 0 0 0 0 0 0 0 0 0 0
5.45877e+09 1.46081e+09 7.13502e+08 1.02077e+08 7.46404e+07 6.84414e+07 2.96363e+07 7.75148e+06 5.70668e+06 2.68784e+06 1.82264e+06 1.14647e+06 318375 277876 155164 50306.4 38419.7 14931.2 6276.91 3261.65 1876.9 637.926 258.043 159.263 88.8489 31.536 13.5648 1.42486 0.855398 0.314159 0.110403 0.0488064 0.0103404 0.00473142 0.00116911 0.000521152 0.000182064 7.38545e-05 1.55559e-05 8.43002e-06 1.49402e-06 3.101e-07 8.61142e-08 1.37843e-08 0 0 0 0 0 0 0 0 0 0 0 0 0 0 0 0 0 0 0 0 0 0 0 0 0 0 0 0 0 0 0 0 0 0 0 0 0 0 0 0 0 0 0 0 0 0 0 0 0 0 0 0
4.68054e+09 1.97494e+09 9.60829e+08 1.61493e+08 7.91331e+07 4.22798e+07 1.18993e+07 5.34276e+06 5.34276e+06 1.86548e+06 1.86548e+06 464165 443429 276899 64637.5 64291.4 45718.3 14936.9 5825.61 4320.45 1669.1 786.25 258.48 96.8352 45.738 25.3344 13.2361 1.5143 0.465451 0.366003 0.113962 0.048027 0.0134305 0.00866568 0.00230285 0.00112735 0.000168287 0.000137444 3.38797e-05 1.11303e-05 2.99583e-06 6.78166e-07 7.11004e-08 3.85317e-08 0 0 0 0 0 0 0 0 0 0 0 0 0 0 0 0 0 0 0 0 0 0 0 0 0 0 0 0 0 0 0 0 0 0 0 0 0 0 0 0 0 0 0 0 0 0 0 0 0 0 0 0
6.68233e+09 1.6584e+09 5.17631e+08 1.20874e+08 5.94509e+07 4.81895e+07 2.88719e+07 9.49165e+06 5.82998e+06 2.02679e+06 897406 572914 403643 119130 73682.7 52818.3 17048.4 15062.7 5445.2 4217.9 1167.54 866.002 234.652 131.154 52.7563 12.9213 9.77654 1.65259 0.523528 0.24104 0.0863711 0.0320319 0.0127494 0.00475821 0.00172554 0.000535344 0.000260092 6.55819e-05 2.20232e-05 5.13647e-06 1.33228e-06 1.47644e-07 4.53628e-08 1.99933e-08 0 0 0 0 0 0 0 0 0 0 0 0 0 0 0 0 0 0 0 0 0 0 0 0 0 0 0 0 0 0 0 0 0 0 0 0 0 0 0 0 0 0 0 0 0 0 0 0 0 0 0 0
6.56367e+09 1.83303e+09 8.35862e+08 1.46468e+08 1.17203e+08 3.40788e+07 3.03372e+07 1.45992e+07 7.17777e+06 2.83121e+06 1.70975e+06 827720 391828 247442 158472 59853.3 36312.1 15767.9 6959.67 5021.38 1684.04 867.147 276.973 86.1307 74.144 28.6688 8.45394 1.26715 0.243138 0.19429 0.0958715 0.0601784 0.0152399 0.00221559 0.00221559 0.000827582 0.000155473 4.65921e-05 1.76259e-05 4.184e-06 1.94822e-06 4.37892e-07 8.60453e-08 3.04335e-08 0 0 0 0 0 0 0 0 0 0 0 0 0 0 0 0 0 0 0 0 0 0 0 0 0 0 0 0 0 0 0 0 0 0 0 0 0 0 0 0 0 0 0 0 0 0 0 0 0 0 0 0
4.60761e+09 1.54194e+09 7.74585e+08 1.6049e+08 8.42662e+07 2.01707e+07 1.72016e+07 8.99762e+06 8.99762e+06 3.23888e+06 2.15664e+06 1.39389e+06 192856 192856 81955.1 35733.5 14749.2 14749.2 11337.4 3695.53 1349.11 769.14 458.454 126.312 54.9467 26.009 9.49229 2.21391 1.01143 0.372552 0.139736 0.0473603 0.0100062 0.00556067 0.00196001 0.000814755 0.000309462 9.58178e-05 1.82943e-05 4.66377e-06 1.42664e-06 4.18215e-07 1.20001e-07 2.33466e-08 0 0 0 0 0 0 0 0 0 0 0 0 0 0 0 0 0 0 0 0 0 0 0 0 0 0 0 0 0 0 0 0 0 0 0 0 0 0 0 0 0 0 0 0 0 0 0 0 0 0 0 0
