23919.7 21300.1 11070.8 4292.63 3118.56 1469.57 659.569 659.569 403.274 219.299 87.762 86.0543 21.1535 14.1262 7.55913 2.43398 1.69709 0.450065 0.450065 0.276879 0.136166 0.052847 0.0399375 0.0137211 0.00440259 0.0018963 0.000855324 0.000134553 3.91273e-05 1.33658e-05 6.18983e-06 3.2333e-06 5.93039e-07 2.86026e-07 1.7604e-07 5.29416e-08 1.88425e-08 0 0 0 0 0 0 0 0 0 0 0 0 0 0 0 0 0 0 0 0 0 0 0 0 0 0 0 0 0 0 0 0 0 0 0 0 0 0 0 0 0 0 0 0 0 0 0 0 0 0 0 0 0 0 0 0 0 0 0
24385.6 11323 11323 5760.31 3676.23 809.77 790.01 670.364 458.196 110.738 91.4712 70.2622 36.5898 21.5846 14.5627 4.84034 2.71922 1.69643 0.797279 0.170414 0.170414 0.056192 0.0207667 0.0127374 0.00407153 0.00120816 0.000930061 0.000128426 6.22876e-05 1.02666e-05 7.32417e-06 1.57964e-06 6.82069e-07 2.66679e-07 1.0739e-07 4.90617e-08 1.52922e-08 0 0 0 0 0 0 0 0 0 0 0 0 0 0 0 0 0 0 0 0 0 0 0 0 0 0 0 0 0 0 0 0 0 0 0 0 0 0 0 0 0 0 0 0 0 0 0 0 0 0 0 0 0 0 0 0 0 0 0
27514.4 9911.71 5765.01 4511.54 2251.5 1232.12 1232.12 640.706 298.005 139.943 98.9043 44.1526 24.9635 13.5362 11.6159 5.7853 2.7742 1.08843 0.917952 0.372046 0.0731288 0.056592 0.0339259 0.00917893 0.00674296 0.00338541 0.00102356 7.08876e-05 5.07521e-05 1.85366e-05 7.6232e-06 1.87195e-06 1.25691e-06 4.55532e-07 1.72517e-07 6.9931e-08 2.34313e-08 0 0 0 0 0 0 0 0 0 0 0 0 0 0 0 0 0 0 0 0 0 0 0 0 0 0 0 0 0 0 0 0 0 0 0 0 0 0 0 0 0 0 0 0 0 0 0 0 0 0 0 0 0 0 0 0 0 0 0
18804.9 8067.43 7235.5 4230.15 1862.27 1862.27 977.323 565.028 560.681 187.773 161.681 82.6673 39.6434 14.8563 9.67498 7.80393 3.1348 1.49252 0.771212 0.279296 0.13468 0.0620213 0.0206862 0.00490409 0.00414702 0.00145968 0.000624476 0.00012056 4.12527e-05 2.72266e-05 8.266e-06 3.33386e-06 1.16561e-06 5.79743e-07 2.21976e-07 6.71649e-08 0 0 0 0 0 0 0 0 0 0 0 0 0 0 0 0 0 0 0 0 0 0 0 0 0 0 0 0 0 0 0 0 0 0 0 0 0 0 0 0 0 0 0 0 0 0 0 0 0 0 0 0 0 0 0 0 0 0 0 0
17898.3 11461.4 9844.94 4151.49 2364.65 719.287 719.287 719.287 223.42 112.517 52.6687 52.6687 27.7815 18.6178 7.22173 3.82573 3.34501 1.0538 0.777723 0.236615 0.106542 0.0885971 0.0431928 0.0148122 0.00502366 0.00185213 0.000693237 0.000140355 5.07733e-05 2.49413e-05 1.00951e-05 5.71705e-06 1.90894e-06 5.63298e-07 2.37852e-07 1.09747e-07 5.34934e-08 0 0 0 0 0 0 0 0 0 0 0 0 0 0 0 0 0 0 0 0 0 0 0 0 0 0 0 0 0 0 0 0 0 0 0 0 0 0 0 0 0 0 0 0 0 0 0 0 0 0 0 0 0 0 0 0 0 0 0
29043.2 7024.58 7024.58 5802.98 3582.86 1317.16 1317.16 632.827 348.281 180.243 79.3674 29.7551 24.5084 12.2601 9.50833 5.03714 1.80612 1.00495 0.635627 0.257664 0.120562 0.0700828 0.0210082 0.00817948 0.00221968 0.00151846 0.000539894 5.81956e-05 3.12577e-05 1.47875e-05 3.66373e-06 2.17236e-06 1.26204e-06 3.93065e-07 8.87682e-08 2.52381e-08 1.33198e-08 0 0 0 0 0 0 0 0 0 0 0 0 0 0 0 0 0 0 0 0 0 0 0 0 0 0 0 0 0 0 0 0 0 0 0 0 0 0 0 0 0 0 0 0 0 0 0 0 0 0 0 0 0 0 0 0 0 0 0
17769.1 17370 11262.5 3234.44 2885.76 862.365 452.608 452.608 452.608 201.499 146.166 80.1439 42.8232 14.908 13.0034 5.57029 4.17058 1.49956 0.865987 0.499729 0.160055 0.059811 0.0176797 0.0105748 0.00411592 0.00199264 0.000761807 0.000156382 4.57053e-05 2.3875e-05 7.68298e-06 2.83555e-06 1.11849e-06 4.34248e-07 5.51369e-08 3.30792e-08 1.88533e-08 0 0 0 0 0 0 0 0 0 0 0 0 0 0 0 0 0 0 0 0 0 0 0 0 0 0 0 0 0 0 0 0 0 0 0 0 0 0 0 0 0 0 0 0 0 0 0 0 0 0 0 0 0 0 0 0 0 0 0
23001.6 23001.6 15495.7 5234.39 1664.15 1620.38 594.895 277.982 120.194 54.78 54.78 42.4926 26.3416 15.2944 9.48618 2.20018 1.95347 0.980349 0.324278 0.215818 0.142928 0.0273054 0.0225492 0.00536326 0.00227786 0.00116315 0.000590221 7.0312e-05 2.53284e-05 1.69545e-05 4.93265e-06 1.22077e-06 5.25549e-07 2.64177e-07 9.56981e-08 1.6452e-08 0 0 0 0 0 0 0 0 0 0 0 0 0 0 0 0 0 0 0 0 0 0 0 0 0 0 0 0 0 0 0 0 0 0 0 0 0 0 0 0 0 0 0 0 0 0 0 0 0 0 0 0 0 0 0 0 0 0 0 0
20369 11996.8 9993.83 4656.15 1023.47 966.669 592.324 592.324 266.38 123.914 40.0853 33.5214 28.1594 10.2877 6.96972 2.90399 1.00738 1.00738 0.571176 0.247681 0.073966 0.0389523 0.011101 0.00777916 0.00298292 0.000997835 0.000557867 6.13356e-05 3.72463e-05 1.32177e-05 4.14551e-06 2.83057e-06 1.17793e-06 2.87702e-07 1.50103e-07 4.93859e-08 2.63926e-08 0 0 0 0 0 0 0 0 0 0 0 0 0 0 0 0 0 0 0 0 0 0 0 0 0 0 0 0 0 0 0 0 0 0 0 0 0 0 0 0 0 0 0 0 0 0 0 0 0 0 0 0 0 0 0 0 0 0 0
25260.6 14230.4 12256.8 4632.43 2076.25 1894.64 1232.86 814.104 128.07 128.07 88.0802 46.9628 43.4108 16.5338 7.50628 3.88747 2.04907 1.1819 0.654447 0.187505 0.100572 0.0469991 0.019385 0.00725313 0.00347381 0.00115684 0.000602625 8.07557e-05 2.30222e-05 1.09219e-05 7.77953e-06 2.05043e-06 4.77424e-07 3.34464e-07 1.27061e-07 2.40109e-08 0 0 0 0 0 0 0 0 0 0 0 0 0 0 0 0 0 0 0 0 0 0 0 0 0 0 0 0 0 0 0 0 0 0 0 0 0 0 0 0 0 0 0 0 0 0 0 0 0 0 0 0 0 0 0 0 0 0 0 0
21850 11205.4 11102.6 2907.5 2452.43 1208.19 740.586 432.588 275.723 143.451 108.759 61.7328 33.502 23.2632 10.3305 2.5218 1.79503 1.57013 0.761626 0.3286 0.1229 0.0809181 0.0348385 0.00895011 0.00345945 0.00280506 0.000873398 0.00010867 4.99777e-05 1.50161e-05 5.41669e-06 3.43735e-06 1.23406e-06 6.04555e-07 2.01263e-07 1.10493e-07 2.2223e-08 0 0 0 0 0 0 0 0 0 0 0 0 0 0 0 0 0 0 0 0 0 0 0 0 0 0 0 0 0 0 0 0 0 0 0 0 0 0 0 0 0 0 0 0 0 0 0 0 0 0 0 0 0 0 0 0 0 0 0
26390.2 18202.3 13188.1 5021 3251.81 2733.89 1635.75 302.185 302.185 148.174 124.113 69.9935 32.2348 18.8403 8.81676 6.00165 2.39375 1.46204 0.83906 0.364217 0.127184 0.0545393 0.0222923 0.00733338 0.00733338 0.00353426 0.000925757 0.000111561 7.55791e-05 2.30395e-05 8.6984e-06 4.37486e-06 1.60505e-06 6.20519e-07 2.76941e-07 6.79737e-08 1.71934e-08 0 0 0 0 0 0 0 0 0 0 0 0 0 0 0 0 0 0 0 0 0 0 0 0 0 0 0 0 0 0 0 0 0 0 0 0 0 0 0 0 0 0 0 0 0 0 0 0 0 0 0 0 0 0 0 0 0 0 0
17893.1 12967.1 11878.8 4350.48 1867.38 1357.77 1050.5 357.666 304.558 159.432 86.875 48.3247 30.4782 8.91285 8.91285 4.71664 2.4667 1.13636 0.88654 0.155593 0.123248 0.0454078 0.0236661 0.0105244 0.00323588 0.00179209 0.000458542 7.65731e-05 3.6812e-05 1.73738e-05 8.74115e-06 1.33245e-06 1.30016e-06 3.83895e-07 1.22906e-07 5.22886e-08 1.0511e-08 0 0 0 0 0 0 0 0 0 0 0 0 0 0 0 0 0 0 0 0 0 0 0 0 0 0 0 0 0 0 0 0 0 0 0 0 0 0 0 0 0 0 0 0 0 0 0 0 0 0 0 0 0 0 0 0 0 0 0
22546 17086.3 5230.47 3967.38 2138.4 2032.58 880.457 289.853 289.853 213.453 156.148 70.4918 33.8056 30.1531 12.3686 6.63631 3.27156 1.4633 1.32773 0.594303 0.121116 0.106193 0.0233394 0.013395 0.00589283 0.00230104 0.000487046 0.00011116 6.59191e-05 1.31259e-05 1.21574e-05 8.93627e-07 8.93627e-07 2.19801e-07 1.90107e-07 6.20082e-08 1.95486e-08 0 0 0 0 0 0 0 0 0 0 0 0 0 0 0 0 0 0 0 0 0 0 0 0 0 0 0 0 0 0 0 0 0 0 0 0 0 0 0 0 0 0 0 0 0 0 0 0 0 0 0 0 0 0 0 0 0 0 0
18479.9 7185.79 7185.79 5110.7 1797.07 1106.51 1106.51 555.584 357.442 133.467 105.921 56.7551 39.2317 15.8193 6.54043 2.85305 2.85305 1.08778 0.721246 0.233178 0.11214 0.0608241 0.025736 0.0108337 0.00355104 0.00178755 0.00107827 0.000208664 4.82409e-05 2.79088e-05 8.12353e-06 5.64305e-07 5.64305e-07 5.64305e-07 1.2743e-07 5.68658e-08 1.85846e-08 0 0 0 0 0 0 0 0 0 0 0 0 0 0 0 0 0 0 0 0 0 0 0 0 0 0 0 0 0 0 0 0 0 0 0 0 0 0 0 0 0 0 0 0 0 0 0 0 0 0 0 0 0 0 0 0 0 0 0
21964.2 12932.5 8078.3 3641.48 1862.26 1303.96 1303.96 484.425 336.097 156.781 64.1414 52.9739 26.8642 16.0809 8.27615 3.96383 0.596573 0.596573 0.399944 0.201958 0.092973 0.0660207 0.0198377 0.00449423 0.00336256 0.00126213 0.00033743 0.000141208 4.79144e-05 1.72225e-05 3.65078e-06 3.18253e-06 7.36498e-07 2.9749e-07 1.20888e-07 3.06604e-08 1.87565e-08 0 0 0 0 0 0 0 0 0 0 0 0 0 0 0 0 0 0 0 0 0 0 0 0 0 0 0 0 0 0 0 0 0 0 0 0 0 0 0 0 0 0 0 0 0 0 0 0 0 0 0 0 0 0 0 0 0 0 0
21185.9 15925.3 9561.72 5371.86 3783.09 1779.56 1407.16 722.224 210.052 140.831 132.922 83.5785 44.3375 26.5689 9.29273 4.50591 1.49576 1.25248 0.746322 0.251767 0.144121 0.0290751 0.0125373 0.00542266 0.00269671 0.00122701 0.00060135 7.62405e-05 4.8151e-05 7.2856e-06 3.42177e-06 1.98748e-06 7.86043e-07 2.48754e-07 6.37074e-08 2.96887e-08 1.1957e-08 0 0 0 0 0 0 0 0 0 0 0 0 0 0 0 0 0 0 0 0 0 0 0 0 0 0 0 0 0 0 0 0 0 0 0 0 0 0 0 0 0 0 0 0 0 0 0 0 0 0 0 0 0 0 0 0 0 0 0
20644.4 16113.1 12868.7 6374.84 3900.9 2020.24 588.042 588.042 296.348 144.321 79.7735 69.7282 22.7553 20.0583 8.92746 2.50021 2.0147 1.1416 0.642083 0.211833 0.141501 0.057342 0.0195463 0.00617846 0.00230201 0.000977073 0.000441804 0.000106646 4.10547e-05 1.49097e-05 6.08719e-06 1.91351e-06 5.57259e-07 2.12877e-07 9.53582e-08 4.90234e-08 1.36326e-08 0 0 0 0 0 0 0 0 0 0 0 0 0 0 0 0 0 0 0 0 0 0 0 0 0 0 0 0 0 0 0 0 0 0 0 0 0 0 0 0 0 0 0 0 0 0 0 0 0 0 0 0 0 0 0 0 0 0 0
21305.1 9802.52 5767.86 2429.24 2140.98 1039.71 337.927 337.927 258.335 127.025 93.473 36.27 34.9958 13.7908 9.95164 3.32783 2.93919 1.36082 0.396043 0.128776 0.128776 0.0447411 0.0167635 0.00660356 0.00375158 0.00162852 0.000741933 0.00010128 4.80834e-05 1.09104e-05 3.89966e-06 1.34294e-06 8.77091e-07 1.8859e-07 9.90533e-08 4.5129e-08 0 0 0 0 0 0 0 0 0 0 0 0 0 0 0 0 0 0 0 0 0 0 0 0 0 0 0 0 0 0 0 0 0 0 0 0 0 0 0 0 0 0 0 0 0 0 0 0 0 0 0 0 0 0 0 0 0 0 0 0
15137.1 15137.1 7924.03 5870.79 2930.29 2322.66 1364.44 252.668 252.668 209.469 131.616 82.0726 61.795 23.1733 12.8118 11.0684 2.46357 2.11994 0.946565 0.418113 0.231247 0.064271 0.020722 0.020722 0.0103649 0.00341369 0.00105687 0.00025293 7.56536e-05 3.42919e-05 1.34708e-05 4.24489e-06 2.26199e-06 6.02914e-07 2.06164e-07 8.23032e-08 1.16118e-08 1.16118e-08 0 0 0 0 0 0 0 0 0 0 0 0 0 0 0 0 0 0 0 0 0 0 0 0 0 0 0 0 0 0 0 0 0 0 0 0 0 0 0 0 0 0 0 0 0 0 0 0 0 0 0 0 0 0 0 0 0 0
18915.4 13336.5 5281.59 2486.12 1862.84 1862.84 701.378 573.137 334.406 97.1685 90.5228 23.3205 23.3205 16.4984 8.66607 2.80281 2.30286 0.401896 0.401896 0.26599 0.162292 0.0482949 0.0207781 0.00753741 0.00356521 0.00161786 0.000716201 9.93336e-05 4.51357e-05 1.58709e-05 3.17825e-06 1.88301e-06 1.07524e-06 3.54279e-07 1.67445e-07 6.75942e-08 0 0 0 0 0 0 0 0 0 0 0 0 0 0 0 0 0 0 0 0 0 0 0 0 0 0 0 0 0 0 0 0 0 0 0 0 0 0 0 0 0 0 0 0 0 0 0 0 0 0 0 0 0 0 0 0 0 0 0 0
19621.6 13775.8 10782.6 3923.37 1947.24 1328.97 853.32 459.418 97.4098 97.4098 75.1213 21.3785 19.4356 12.3135 5.74495 2.70733 1.1895 0.457282 0.439117 0.142426 0.0657638 0.00848456 0.00848456 0.00174975 0.00174975 0.000474234 0.000230411 3.94576e-05 1.92871e-05 6.80325e-06 2.05784e-06 1.2163e-06 2.47578e-07 1.4358e-07 5.66443e-08 1.42201e-08 0 0 0 0 0 0 0 0 0 0 0 0 0 0 0 0 0 0 0 0 0 0 0 0 0 0 0 0 0 0 0 0 0 0 0 0 0 0 0 0 0 0 0 0 0 0 0 0 0 0 0 0 0 0 0 0 0 0 0 0
16674.7 13005.6 8314.76 4083.75 3071.84 1963.75 904.057 619.65 276.969 229.58 113.207 80.5667 26.07 25.0849 9.3887 7.44219 3.60338 1.28293 0.816854 0.216749 0.086224 0.0694294 0.0281793 0.00608978 0.00454679 0.00117826 0.00074764 7.6788e-05 3.06717e-05 1.19824e-05 5.63056e-06 1.49997e-06 9.29515e-07 2.27582e-07 1.16079e-07 4.28365e-08 1.60617e-08 0 0 0 0 0 0 0 0 0 0 0 0 0 0 0 0 0 0 0 0 0 0 0 0 0 0 0 0 0 0 0 0 0 0 0 0 0 0 0 0 0 0 0 0 0 0 0 0 0 0 0 0 0 0 0 0 0 0 0
12897.5 8065.16 8065.16 1561.29 1561.29 1561.29 638.11 287.676 287.676 198.306 48.618 37.0936 24.9287 19.9405 6.84876 4.73678 2.52137 1.57716 0.831042 0.367834 0.131874 0.0554664 0.0356249 0.00786433 0.00493066 0.00239709 0.00110083 4.86911e-05 3.58661e-05 3.0198e-05 1.16152e-05 3.48994e-06 1.40343e-06 5.05847e-07 2.33717e-07 1.03228e-07 1.38893e-08 0 0 0 0 0 0 0 0 0 0 0 0 0 0 0 0 0 0 0 0 0 0 0 0 0 0 0 0 0 0 0 0 0 0 0 0 0 0 0 0 0 0 0 0 0 0 0 0 0 0 0 0 0 0 0 0 0 0 0
26105.4 20059.4 9069.6 2214.09 1358.07 848.745 848.745 270.252 148.486 55.8686 45.48 42.1984 16.8774 7.35681 5.46003 2.06531 1.26188 0.621244 0.324485 0.0890675 0.0761079 0.0435035 0.0144342 0.00676209 0.00209741 0.000950292 0.000447873 5.31518e-05 3.33057e-05 1.11674e-05 3.62564e-06 1.40034e-06 5.77126e-07 1.11539e-07 7.34825e-08 2.87958e-08 0 0 0 0 0 0 0 0 0 0 0 0 0 0 0 0 0 0 0 0 0 0 0 0 0 0 0 0 0 0 0 0 0 0 0 0 0 0 0 0 0 0 0 0 0 0 0 0 0 0 0 0 0 0 0 0 0 0 0 0
12334.5 8372.49 6588.33 5284.4 2310.57 1780.9 816.318 769.362 216.984 120.464 95.8979 64.3322 40.5917 17.3856 5.89015 5.38115 2.75381 1.5281 0.335682 0.299886 0.0931105 0.0408479 0.0201476 0.0126029 0.00540091 0.00170505 0.000892501 0.000172739 3.43854e-05 2.80659e-05 1.02628e-05 4.04824e-06 1.39449e-06 5.21742e-07 1.80509e-07 9.31333e-08 2.33514e-08 0 0 0 0 0 0 0 0 0 0 0 0 0 0 0 0 0 0 0 0 0 0 0 0 0 0 0 0 0 0 0 0 0 0 0 0 0 0 0 0 0 0 0 0 0 0 0 0 0 0 0 0 0 0 0 0 0 0 0
20796.6 17285.9 11184.1 4417.44 2471.82 1441.52 690.631 654.598 237.124 124.855 77.0425 55.8339 31.254 14.8705 5.69433 5.6175 2.05167 1.0044 0.413937 0.257203 0.125634 0.0464288 0.0179756 0.00596478 0.00387605 0.0018972 0.000729724 7.64716e-05 2.73749e-05 8.53231e-06 5.51554e-06 1.63059e-06 8.7841e-07 4.29793e-07 1.14447e-07 4.29543e-08 1.48391e-08 0 0 0 0 0 0 0 0 0 0 0 0 0 0 0 0 0 0 0 0 0 0 0 0 0 0 0 0 0 0 0 0 0 0 0 0 0 0 0 0 0 0 0 0 0 0 0 0 0 0 0 0 0 0 0 0 0 0 0
7722.66 7722.66 7440.17 2989.12 1464.66 961.951 635.123 405.935 201.122 59.7194 59.7194 22.4753 17.1932 5.37784 4.6696 3.09564 1.23857 0.837035 0.346873 0.180319 0.0594405 0.0334642 0.0122614 0.00708142 0.00113719 0.00113719 0.000485944 8.16099e-05 3.64691e-05 1.23767e-05 7.10484e-06 2.52743e-06 6.82337e-07 3.38667e-07 1.55633e-07 3.5242e-08 1.3146e-08 0 0 0 0 0 0 0 0 0 0 0 0 0 0 0 0 0 0 0 0 0 0 0 0 0 0 0 0 0 0 0 0 0 0 0 0 0 0 0 0 0 0 0 0 0 0 0 0 0 0 0 0 0 0 0 0 0 0 0
21210.4 11872.9 7816.13 5673.78 3417.66 1868.97 1768.91 565.244 435.871 274.415 108.632 74.1431 61.1716 27.0666 13.254 5.45869 4.01349 2.10672 1.39126 0.349904 0.0751601 0.0751601 0.0385294 0.0212433 0.00699028 0.0026792 0.000946409 0.000199444 0.00010286 3.87634e-05 1.56509e-05 6.19019e-06 2.64542e-06 1.12832e-06 4.43508e-07 1.62703e-07 6.4695e-08 2.74472e-08 0 0 0 0 0 0 0 0 0 0 0 0 0 0 0 0 0 0 0 0 0 0 0 0 0 0 0 0 0 0 0 0 0 0 0 0 0 0 0 0 0 0 0 0 0 0 0 0 0 0 0 0 0 0 0 0 0 0
20947.9 7988.75 4052.69 2784.29 2784.29 1898.17 1390.98 585.02 311.661 172.916 96.7721 87.5421 12.7069 12.7069 12.6927 6.07561 2.67131 0.947299 0.500438 0.286445 0.153518 0.0593853 0.0264496 0.0110671 0.003565 0.00218763 0.000901164 7.08834e-05 5.74497e-05 1.76295e-05 9.21432e-06 2.69186e-06 1.50356e-06 6.63091e-07 1.35618e-07 7.44469e-08 2.38959e-08 0 0 0 0 0 0 0 0 0 0 0 0 0 0 0 0 0 0 0 0 0 0 0 0 0 0 0 0 0 0 0 0 0 0 0 0 0 0 0 0 0 0 0 0 0 0 0 0 0 0 0 0 0 0 0 0 0 0 0
24135.3 24135.3 11697.7 2789.76 2789.76 2200.61 969.64 387.974 373.781 88.5717 88.5717 55.8242 30.4896 11.1479 8.20311 4.37227 1.8688 1.5726 0.457296 0.195213 0.16655 0.0174856 0.0174856 0.00872406 0.00232032 0.00185796 0.000552418 0.000115711 2.20624e-05 1.07917e-05 6.61773e-06 2.41381e-06 7.67292e-07 2.67369e-07 4.83805e-08 4.37369e-08 1.5639e-08 0 0 0 0 0 0 0 0 0 0 0 0 0 0 0 0 0 0 0 0 0 0 0 0 0 0 0 0 0 0 0 0 0 0 0 0 0 0 0 0 0 0 0 0 0 0 0 0 0 0 0 0 0 0 0 0 0 0 0
25869.6 17244.7 13955.9 5107.68 1439.68 1161.43 1082.68 381.916 326.486 107.764 33.3045 33.3045 33.3045 10.7631 10.7631 1.85466 1.8096 0.997927 0.674223 0.211969 0.0780044 0.036755 0.0267757 0.0105451 0.00424871 0.00169109 0.000665043 8.95551e-05 4.51652e-05 2.08867e-05 6.54637e-06 2.66664e-06 1.21296e-06 2.8956e-07 1.28718e-07 3.22612e-08 1.52959e-08 0 0 0 0 0 0 0 0 0 0 0 0 0 0 0 0 0 0 0 0 0 0 0 0 0 0 0 0 0 0 0 0 0 0 0 0 0 0 0 0 0 0 0 0 0 0 0 0 0 0 0 0 0 0 0 0 0 0 0
18575.1 10794.8 10440.7 4314.5 1904.49 1735.58 900.072 564.275 397.035 162.369 118.565 69.2747 37.3013 10.9558 6.10158 5.02418 2.66697 1.37318 0.314937 0.236103 0.149428 0.0433303 0.027995 0.0113763 0.00529814 0.00115113 0.000376312 0.000100099 3.93538e-05 1.21525e-05 3.70875e-06 8.52756e-07 8.23418e-07 2.16944e-07 5.24961e-08 4.38872e-08 1.37106e-08 0 0 0 0 0 0 0 0 0 0 0 0 0 0 0 0 0 0 0 0 0 0 0 0 0 0 0 0 0 0 0 0 0 0 0 0 0 0 0 0 0 0 0 0 0 0 0 0 0 0 0 0 0 0 0 0 0 0 0
19508.8 15260.6 9324 3056.69 1804.2 1356.91 934.244 466.397 331.325 81.11 73.1487 31.9264 16.9589 12.2701 6.31935 3.07973 2.01889 0.825791 0.333602 0.261493 0.0832703 0.0106889 0.00532442 0.00532442 0.00288969 0.000839645 0.000272336 9.83139e-05 2.41418e-05 1.13841e-05 2.47777e-06 2.08105e-06 8.52253e-07 2.99042e-07 1.46796e-07 2.31853e-08 1.50717e-08 0 0 0 0 0 0 0 0 0 0 0 0 0 0 0 0 0 0 0 0 0 0 0 0 0 0 0 0 0 0 0 0 0 0 0 0 0 0 0 0 0 0 0 0 0 0 0 0 0 0 0 0 0 0 0 0 0 0 0
19587.3 15709.6 13329 4669.93 3296.07 1722.63 972.96 707.425 380.601 164.586 62.2007 31.0749 31.0749 21.0901 11.1092 6.21462 3.57701 1.72046 0.732374 0.414043 0.185695 0.0597609 0.0294591 0.0089231 0.0050674 0.000984668 0.000984668 3.21453e-05 2.59509e-05 2.5843e-05 1.23954e-05 4.84751e-06 1.50013e-06 8.85415e-07 3.54777e-07 3.60023e-08 2.82899e-08 1.3444e-08 0 0 0 0 0 0 0 0 0 0 0 0 0 0 0 0 0 0 0 0 0 0 0 0 0 0 0 0 0 0 0 0 0 0 0 0 0 0 0 0 0 0 0 0 0 0 0 0 0 0 0 0 0 0 0 0 0 0
12070.5 12070.5 11705.7 2319.4 2319.4 1532.26 566.865 374.047 284.594 277.484 69.7047 31.655 16.9502 16.6069 6.59969 2.58156 1.48748 0.842661 0.399919 0.273454 0.133858 0.0314604 0.0167191 0.00623009 0.00251174 0.000465561 0.000465561 5.40305e-05 3.70949e-05 1.34096e-05 2.96007e-06 1.65632e-06 3.05567e-07 2.99364e-07 1.32513e-07 3.35154e-08 1.16104e-08 0 0 0 0 0 0 0 0 0 0 0 0 0 0 0 0 0 0 0 0 0 0 0 0 0 0 0 0 0 0 0 0 0 0 0 0 0 0 0 0 0 0 0 0 0 0 0 0 0 0 0 0 0 0 0 0 0 0 0
12539.1 6227.25 4798.39 2405.89 2217.45 1963.07 785.447 257.296 257.296 207.634 106.474 52.3818 15.7328 15.7328 8.40517 5.70975 2.92253 1.3703 0.401722 0.17341 0.142226 0.065094 0.0285055 0.0136014 0.00749073 0.00179243 0.001123 0.000107828 5.5416e-05 1.75948e-05 1.00807e-05 2.76436e-06 1.10092e-06 3.55372e-07 1.73948e-07 6.09688e-08 1.92769e-08 0 0 0 0 0 0 0 0 0 0 0 0 0 0 0 0 0 0 0 0 0 0 0 0 0 0 0 0 0 0 0 0 0 0 0 0 0 0 0 0 0 0 0 0 0 0 0 0 0 0 0 0 0 0 0 0 0 0 0
20460.4 20460.4 7059.69 2853.72 2853.72 1878.25 1305.01 666.388 237.559 120.758 102.416 82.0275 57.7703 31.7511 8.32227 7.68513 2.85711 1.98867 0.431309 0.414181 0.137383 0.0751412 0.0227831 0.00813754 0.00578922 0.00161132 0.000958708 7.58396e-05 4.39361e-05 1.87757e-05 9.08103e-06 1.96831e-06 6.18342e-07 5.01591e-07 1.06e-07 5.92996e-08 2.34696e-08 0 0 0 0 0 0 0 0 0 0 0 0 0 0 0 0 0 0 0 0 0 0 0 0 0 0 0 0 0 0 0 0 0 0 0 0 0 0 0 0 0 0 0 0 0 0 0 0 0 0 0 0 0 0 0 0 0 0 0
24583.6 19125.2 9323.81 3133.83 2761.54 971.681 627.584 348.707 228.525 217.323 77.8224 46.5764 25.8992 7.74203 7.74203 3.25283 2.0807 0.627617 0.314967 0.117217 0.0401696 0.0387601 0.00825884 0.00312768 0.00198482 0.000971608 0.000547354 0.000104867 3.22515e-05 1.0742e-05 5.84023e-06 1.18414e-06 3.40576e-07 1.62642e-07 1.02172e-07 4.98839e-08 1.43169e-08 0 0 0 0 0 0 0 0 0 0 0 0 0 0 0 0 0 0 0 0 0 0 0 0 0 0 0 0 0 0 0 0 0 0 0 0 0 0 0 0 0 0 0 0 0 0 0 0 0 0 0 0 0 0 0 0 0 0 0
10820.2 2996.89 2996.89 2996.89 1005.74 1005.74 944.181 429.393 350.462 63.5586 63.5586 63.5586 23.7926 16.3991 8.15958 4.03271 2.14384 0.845804 0.654991 0.227147 0.136547 0.0540094 0.0204845 0.00609067 0.00353567 0.00133979 0.000513417 3.70089e-05 3.36234e-05 1.16615e-05 6.08554e-06 2.49371e-06 7.71864e-07 2.71734e-07 9.08147e-08 3.15797e-08 0 0 0 0 0 0 0 0 0 0 0 0 0 0 0 0 0 0 0 0 0 0 0 0 0 0 0 0 0 0 0 0 0 0 0 0 0 0 0 0 0 0 0 0 0 0 0 0 0 0 0 0 0 0 0 0 0 0 0 0
10009.3 10009.3 7067.23 3515.32 935.519 935.519 422.462 364.064 160.224 102.936 68.6316 24.174 13.8308 9.4871 4.5391 3.02934 1.90218 0.905205 0.312043 0.124207 0.101287 0.0394278 0.0173962 0.00853862 0.00329761 0.00104961 0.000723089 8.94916e-05 3.64855e-05 8.14919e-06 5.66756e-06 1.94158e-06 6.33981e-07 1.83478e-07 1.03081e-07 4.86494e-08 1.274e-08 0 0 0 0 0 0 0 0 0 0 0 0 0 0 0 0 0 0 0 0 0 0 0 0 0 0 0 0 0 0 0 0 0 0 0 0 0 0 0 0 0 0 0 0 0 0 0 0 0 0 0 0 0 0 0 0 0 0 0
28484.5 20963 14084.5 3519.32 1716.57 1716.57 1121.54 684.395 234.771 85.5536 85.5536 51.0904 29.4318 15.0782 7.04446 3.66327 3.11555 1.22008 0.610301 0.309731 0.0871877 0.0236521 0.0156463 0.00457924 0.00216685 0.00117954 0.000625181 0.000100283 3.66276e-05 1.56465e-05 5.57735e-06 1.8506e-06 4.59741e-07 2.09526e-07 7.96388e-08 3.69266e-08 1.39348e-08 0 0 0 0 0 0 0 0 0 0 0 0 0 0 0 0 0 0 0 0 0 0 0 0 0 0 0 0 0 0 0 0 0 0 0 0 0 0 0 0 0 0 0 0 0 0 0 0 0 0 0 0 0 0 0 0 0 0 0
20765.3 16701.4 14215.3 4891.38 1654.2 1654.2 917.284 778.987 243.883 154.272 111.283 67.3516 28.707 14.3296 7.3604 5.05904 2.49865 0.891642 0.776702 0.420362 0.0786463 0.0786463 0.0363519 0.012635 0.00735798 0.00137265 0.000705002 0.000183367 3.7316e-05 1.14551e-05 4.88432e-06 3.32848e-06 1.64346e-06 5.3985e-07 1.59326e-07 6.07886e-08 1.61509e-08 0 0 0 0 0 0 0 0 0 0 0 0 0 0 0 0 0 0 0 0 0 0 0 0 0 0 0 0 0 0 0 0 0 0 0 0 0 0 0 0 0 0 0 0 0 0 0 0 0 0 0 0 0 0 0 0 0 0 0
17210 14314.7 6884.78 4062 1949.84 1259.15 1028.55 727.959 153.7 153.7 145.171 52.2652 25.0694 19.9999 8.92526 3.80976 1.6606 0.757492 0.714541 0.327538 0.126179 0.0448249 0.0185847 0.0115595 0.00491985 0.00224568 0.000599681 0.000179273 3.97477e-05 1.08633e-05 9.2463e-06 2.7187e-06 1.18238e-06 4.76725e-07 8.56383e-08 4.50956e-08 1.64912e-08 0 0 0 0 0 0 0 0 0 0 0 0 0 0 0 0 0 0 0 0 0 0 0 0 0 0 0 0 0 0 0 0 0 0 0 0 0 0 0 0 0 0 0 0 0 0 0 0 0 0 0 0 0 0 0 0 0 0 0
16208.2 15326.9 11862.5 5094.75 1760.13 546.523 546.523 321.289 287.813 117.451 94.0561 49.4723 17.3309 17.3309 7.37512 3.96917 2.6635 0.91664 0.407552 0.192321 0.0984712 0.0265781 0.0197793 0.00932624 0.002622 0.00170952 0.000787656 0.000111456 2.89291e-05 1.65132e-05 6.41731e-06 3.67259e-06 1.07664e-06 4.07749e-07 1.43692e-07 6.10445e-08 1.92831e-08 0 0 0 0 0 0 0 0 0 0 0 0 0 0 0 0 0 0 0 0 0 0 0 0 0 0 0 0 0 0 0 0 0 0 0 0 0 0 0 0 0 0 0 0 0 0 0 0 0 0 0 0 0 0 0 0 0 0 0
13777.2 7696.07 4654.14 3453.94 1574.4 633.625 633.625 493.366 280.468 141.573 107.886 57.0049 23.8872 6.09008 4.82444 2.57257 1.47706 0.730508 0.455701 0.120697 0.0572155 0.047233 0.021671 0.00749329 0.00228807 0.000837299 0.000292501 4.83431e-05 2.39982e-05 7.72661e-06 4.48484e-06 2.19361e-06 4.41809e-07 2.21866e-07 1.10831e-07 4.78348e-08 1.86631e-08 0 0 0 0 0 0 0 0 0 0 0 0 0 0 0 0 0 0 0 0 0 0 0 0 0 0 0 0 0 0 0 0 0 0 0 0 0 0 0 0 0 0 0 0 0 0 0 0 0 0 0 0 0 0 0 0 0 0 0
13590.9 12891.2 11475.4 3498.39 3498.39 1098.14 693.39 318.035 234.95 159.815 67.4648 29.899 13.3239 13.3239 5.5086 3.0815 1.71439 0.75578 0.340588 0.194925 0.0443407 0.0373615 0.0164105 0.00667706 0.00339 0.000892962 0.000339866 6.36414e-05 2.3278e-05 1.00512e-05 2.13797e-06 7.16301e-07 6.55471e-07 1.36693e-07 4.35793e-08 2.07265e-08 0 0 0 0 0 0 0 0 0 0 0 0 0 0 0 0 0 0 0 0 0 0 0 0 0 0 0 0 0 0 0 0 0 0 0 0 0 0 0 0 0 0 0 0 0 0 0 0 0 0 0 0 0 0 0 0 0 0 0 0
23323.9 13991.3 13775.2 4971.22 4383.14 1117.21 1076.3 495.306 292.893 292.893 73.3901 73.3901 34.0218 6.59611 6.59611 5.92718 3.02307 0.77833 0.77833 0.192044 0.115583 0.0649668 0.0237609 0.010484 0.00318713 0.00234563 0.000555545 9.78589e-05 5.95265e-05 2.36612e-05 6.10921e-06 1.80909e-06 1.41489e-06 4.7573e-07 1.31785e-07 5.8386e-08 2.45773e-08 0 0 0 0 0 0 0 0 0 0 0 0 0 0 0 0 0 0 0 0 0 0 0 0 0 0 0 0 0 0 0 0 0 0 0 0 0 0 0 0 0 0 0 0 0 0 0 0 0 0 0 0 0 0 0 0 0 0 0
9111.11 9111.11 8998.5 2273.73 1411.5 1411.5 1112.94 633.382 299.587 223.68 103.087 59.5987 35.3305 20.1233 11.1559 6.98322 2.70745 1.34331 1.08604 0.220765 0.206196 0.102476 0.0437111 0.0227884 0.00442534 0.00422985 0.00108578 0.000268196 6.89927e-05 3.04676e-05 1.19372e-05 4.1503e-06 2.16202e-06 8.26347e-07 2.23012e-07 8.58764e-08 2.04998e-08 0 0 0 0 0 0 0 0 0 0 0 0 0 0 0 0 0 0 0 0 0 0 0 0 0 0 0 0 0 0 0 0 0 0 0 0 0 0 0 0 0 0 0 0 0 0 0 0 0 0 0 0 0 0 0 0 0 0 0
14114.3 7690.51 4861.9 2675.61 1577.5 1577.5 1233.5 477.241 98.047 98.047 84.9834 29.3983 26.3347 19.2133 6.71352 3.01608 1.67094 1.09694 0.541757 0.193316 0.0623775 0.0515116 0.00996017 0.00486355 0.00366999 0.00107071 0.000315854 7.24066e-05 5.09549e-05 7.56809e-06 7.56809e-06 2.02121e-06 9.59612e-07 1.03917e-07 8.47589e-08 3.65297e-08 1.1767e-08 0 0 0 0 0 0 0 0 0 0 0 0 0 0 0 0 0 0 0 0 0 0 0 0 0 0 0 0 0 0 0 0 0 0 0 0 0 0 0 0 0 0 0 0 0 0 0 0 0 0 0 0 0 0 0 0 0 0 0
17531.8 17531.8 9217.35 2133.18 1439.43 1247.56 519.731 328.968 317.21 108.932 68.8514 38.861 21.7155 12.3281 3.06621 1.53294 0.649057 0.546764 0.274462 0.141217 0.055805 0.0322904 0.0115258 0.00326837 0.00115037 0.000667078 0.000164976 3.32361e-05 1.63282e-05 7.69078e-06 2.23219e-06 9.92518e-07 2.42741e-07 1.83955e-07 3.91094e-08 1.09355e-08 0 0 0 0 0 0 0 0 0 0 0 0 0 0 0 0 0 0 0 0 0 0 0 0 0 0 0 0 0 0 0 0 0 0 0 0 0 0 0 0 0 0 0 0 0 0 0 0 0 0 0 0 0 0 0 0 0 0 0 0
