15.6347 9.85746 5.08622 3.50844 1.69495 1.19986 0.586703 0.586703 0.48052 0.251472 0.229648 0.206331 0.126466 0.0837782 0.0759985 0.0320654 0.0219812 0.020874 0.0122119 0.00739188 0.00473655 0.00280201 0.00211591 0.000876615 0.000525765 0.000169761 6.58204e-05 1.24313e-05 0 0 0 0 0 0 0 0 0 0 0 0 0 0 0 0 0 0 0 0 0 0 0 0 0 0 0 0 0 0 0 0 0 0 0 0 0 0 0 0 0 0 0 0 0 0 0 0 0 0 0 0 0 0 0 0 0 0 0 0 0 0 0 0 0 0 0 0
9.00649 7.33801 3.85304 2.7219 2.00168 1.70878 0.804162 0.603773 0.473667 0.362549 0.192981 0.186835 0.127547 0.0780706 0.0692626 0.0453279 0.0393784 0.0201316 0.0143019 0.00903633 0.00536882 0.00378069 0.00102056 0.00102056 0.000449057 0.000281561 0.000142902 1.2148e-05 8.61954e-06 6.15717e-08 1.36955e-08 0 0 0 0 0 0 0 0 0 0 0 0 0 0 0 0 0 0 0 0 0 0 0 0 0 0 0 0 0 0 0 0 0 0 0 0 0 0 0 0 0 0 0 0 0 0 0 0 0 0 0 0 0 0 0 0 0 0 0 0 0 0 0 0 0
13.5289 9.40319 5.43847 2.15635 1.09426 1.09426 0.424507 0.424507 0.424507 0.26984 0.196257 0.147884 0.0850075 0.0850075 0.0428055 0.0273985 0.0177648 0.0143188 0.00707104 0.00707104 0.00388727 0.00143768 0.00119088 0.00103497 0.000627676 0.00019744 9.83172e-05 1.50871e-06 1.89704e-08 0 0 0 0 0 0 0 0 0 0 0 0 0 0 0 0 0 0 0 0 0 0 0 0 0 0 0 0 0 0 0 0 0 0 0 0 0 0 0 0 0 0 0 0 0 0 0 0 0 0 0 0 0 0 0 0 0 0 0 0 0 0 0 0 0 0 0
20.2163 9.21168 6.03563 1.51872 0.824473 0.824473 0.824473 0.498568 0.451939 0.314292 0.296833 0.189398 0.113882 0.0701073 0.058349 0.0457339 0.0295581 0.0243811 0.0152555 0.00891598 0.00589246 0.0025652 0.00202865 0.00106257 0.000518505 0.000374348 0.000137449 4.6073e-05 5.0348e-06 1.17789e-06 1.37821e-08 0 0 0 0 0 0 0 0 0 0 0 0 0 0 0 0 0 0 0 0 0 0 0 0 0 0 0 0 0 0 0 0 0 0 0 0 0 0 0 0 0 0 0 0 0 0 0 0 0 0 0 0 0 0 0 0 0 0 0 0 0 0 0 0 0
17.7633 8.07418 6.07164 2.45305 1.77458 1.13845 0.935327 0.528454 0.327077 0.236324 0.163935 0.112956 0.0932076 0.0707413 0.0325029 0.0295014 0.0256209 0.0168495 0.00836922 0.00551827 0.004281 0.00202031 0.00154016 0.000606966 0.000378832 0.000127743 0.000121361 1.12231e-06 0 0 0 0 0 0 0 0 0 0 0 0 0 0 0 0 0 0 0 0 0 0 0 0 0 0 0 0 0 0 0 0 0 0 0 0 0 0 0 0 0 0 0 0 0 0 0 0 0 0 0 0 0 0 0 0 0 0 0 0 0 0 0 0 0 0 0 0
12.297 3.27255 3.27255 2.12394 1.62211 1.20901 0.565632 0.565632 0.44296 0.183285 0.178163 0.117705 0.0779127 0.0779127 0.0479162 0.0367489 0.0326681 0.0170408 0.00851089 0.00603477 0.00555413 0.00163751 0.00111781 0.00059338 0.000458317 0.000283927 9.47654e-05 1.80471e-05 1.75989e-06 0 0 0 0 0 0 0 0 0 0 0 0 0 0 0 0 0 0 0 0 0 0 0 0 0 0 0 0 0 0 0 0 0 0 0 0 0 0 0 0 0 0 0 0 0 0 0 0 0 0 0 0 0 0 0 0 0 0 0 0 0 0 0 0 0 0 0
17.8106 8.98829 8.98829 2.89121 2.25233 1.97572 0.870954 0.511159 0.511159 0.4309 0.214207 0.178803 0.125682 0.0639032 0.0518595 0.0280718 0.0188029 0.0130106 0.0111851 0.00602886 0.00390115 0.00306948 0.00162684 0.000805308 0.000312228 0.000230454 0.000105728 1.15355e-05 2.28181e-08 0 0 0 0 0 0 0 0 0 0 0 0 0 0 0 0 0 0 0 0 0 0 0 0 0 0 0 0 0 0 0 0 0 0 0 0 0 0 0 0 0 0 0 0 0 0 0 0 0 0 0 0 0 0 0 0 0 0 0 0 0 0 0 0 0 0 0
21.9495 9.29366 8.72282 3.14771 2.16762 1.20433 0.920412 0.635575 0.331442 0.323521 0.210363 0.161825 0.0971684 0.0506957 0.0506957 0.0380778 0.0220056 0.020045 0.00814851 0.00596193 0.00352204 0.00171262 0.00171262 0.000555977 0.000177518 0.000157359 7.82213e-05 4.03285e-06 1.00159e-07 0 0 0 0 0 0 0 0 0 0 0 0 0 0 0 0 0 0 0 0 0 0 0 0 0 0 0 0 0 0 0 0 0 0 0 0 0 0 0 0 0 0 0 0 0 0 0 0 0 0 0 0 0 0 0 0 0 0 0 0 0 0 0 0 0 0 0
11.5544 9.08278 7.1883 2.50968 1.68777 1.49966 0.829686 0.380702 0.380702 0.280626 0.232827 0.18425 0.137459 0.0763073 0.0608752 0.0434149 0.0155018 0.0107138 0.00960989 0.0063237 0.00407528 0.00190394 0.00132582 0.000742164 0.00049005 0.000232869 9.89622e-05 1.35556e-05 3.59776e-06 0 0 0 0 0 0 0 0 0 0 0 0 0 0 0 0 0 0 0 0 0 0 0 0 0 0 0 0 0 0 0 0 0 0 0 0 0 0 0 0 0 0 0 0 0 0 0 0 0 0 0 0 0 0 0 0 0 0 0 0 0 0 0 0 0 0 0
17.3179 9.2602 4.31283 1.97642 1.56378 1.02036 0.700957 0.509723 0.394958 0.352757 0.216023 0.138929 0.0933954 0.0534807 0.0456063 0.0142055 0.0142055 0.0105921 0.00963641 0.00584955 0.00235492 0.00215139 0.000683689 0.000451894 0.00032095 0.000204022 0.000160509 1.61478e-05 5.62097e-07 0 0 0 0 0 0 0 0 0 0 0 0 0 0 0 0 0 0 0 0 0 0 0 0 0 0 0 0 0 0 0 0 0 0 0 0 0 0 0 0 0 0 0 0 0 0 0 0 0 0 0 0 0 0 0 0 0 0 0 0 0 0 0 0 0 0 0
20.8193 13.6535 7.18231 2.41305 1.61766 1.43347 1.13158 0.566769 0.454441 0.307613 0.260441 0.149702 0.127841 0.0680476 0.0380619 0.0369417 0.0218309 0.0145956 0.00675366 0.00675366 0.00545712 0.00162094 0.00134736 0.000852389 0.000403633 0.000239113 0.000132451 1.49388e-05 6.2707e-06 4.4035e-08 0 0 0 0 0 0 0 0 0 0 0 0 0 0 0 0 0 0 0 0 0 0 0 0 0 0 0 0 0 0 0 0 0 0 0 0 0 0 0 0 0 0 0 0 0 0 0 0 0 0 0 0 0 0 0 0 0 0 0 0 0 0 0 0 0 0
18.4411 11.7404 6.14339 2.81801 1.82073 0.884774 0.858947 0.338147 0.271737 0.271737 0.217049 0.142799 0.100335 0.0584123 0.0447544 0.0337524 0.0164932 0.0117906 0.00547671 0.00258106 0.00170943 0.00137068 0.0008724 0.000567389 0.00039655 0.00012015 6.95541e-05 2.15505e-07 0 0 0 0 0 0 0 0 0 0 0 0 0 0 0 0 0 0 0 0 0 0 0 0 0 0 0 0 0 0 0 0 0 0 0 0 0 0 0 0 0 0 0 0 0 0 0 0 0 0 0 0 0 0 0 0 0 0 0 0 0 0 0 0 0 0 0 0
16.4781 11.5992 6.66546 3.13637 2.6096 1.46468 0.786087 0.495271 0.420452 0.309897 0.217049 0.0895636 0.072753 0.0474784 0.0290515 0.0255817 0.0255165 0.0116463 0.00704556 0.00622358 0.00270859 0.00132394 0.00125394 0.000411018 0.000411018 0.000233664 6.45327e-05 2.11292e-06 8.02404e-08 0 0 0 0 0 0 0 0 0 0 0 0 0 0 0 0 0 0 0 0 0 0 0 0 0 0 0 0 0 0 0 0 0 0 0 0 0 0 0 0 0 0 0 0 0 0 0 0 0 0 0 0 0 0 0 0 0 0 0 0 0 0 0 0 0 0 0
17.6908 11.5087 8.36153 2.95441 1.66342 1.57883 0.648806 0.648806 0.471537 0.325944 0.197371 0.16273 0.118352 0.0766399 0.0609766 0.0412115 0.0227295 0.017791 0.00957654 0.00882093 0.0064302 0.00310318 0.00187494 0.00050941 0.000501352 0.000230511 0.000146626 1.10925e-05 1.3788e-07 0 0 0 0 0 0 0 0 0 0 0 0 0 0 0 0 0 0 0 0 0 0 0 0 0 0 0 0 0 0 0 0 0 0 0 0 0 0 0 0 0 0 0 0 0 0 0 0 0 0 0 0 0 0 0 0 0 0 0 0 0 0 0 0 0 0 0
20.7881 10.6153 6.67419 2.72153 1.70008 1.0236 0.813769 0.573245 0.482223 0.286189 0.216699 0.149359 0.086397 0.0688744 0.0376346 0.027509 0.0251287 0.0164107 0.0120971 0.00911932 0.00574482 0.00353363 0.00183824 0.000996781 0.000589612 0.000329846 0.000222101 3.30138e-05 2.79261e-06 0 0 0 0 0 0 0 0 0 0 0 0 0 0 0 0 0 0 0 0 0 0 0 0 0 0 0 0 0 0 0 0 0 0 0 0 0 0 0 0 0 0 0 0 0 0 0 0 0 0 0 0 0 0 0 0 0 0 0 0 0 0 0 0 0 0 0
20.391 12.6374 8.44201 3.24266 2.28105 1.44526 1.07778 0.515988 0.515988 0.319423 0.259753 0.228937 0.12168 0.0958136 0.0592381 0.039461 0.0248814 0.0191169 0.00132192 0.00132192 0.00132192 0.00132192 0.00132192 0.00132192 0.000418213 0.000418213 0.000266218 3.68902e-05 1.92154e-06 2.49509e-07 1.43448e-08 0 0 0 0 0 0 0 0 0 0 0 0 0 0 0 0 0 0 0 0 0 0 0 0 0 0 0 0 0 0 0 0 0 0 0 0 0 0 0 0 0 0 0 0 0 0 0 0 0 0 0 0 0 0 0 0 0 0 0 0 0 0 0 0 0
13.87 8.5999 6.84856 2.5873 2.4415 1.22042 1.17755 0.624868 0.417886 0.314507 0.179852 0.179852 0.105876 0.0813552 0.052008 0.0503655 0.0297526 0.0155036 0.0142915 0.00684964 0.00471003 0.00392965 0.00141849 0.000875639 0.000259288 0.000237863 9.42818e-05 1.3564e-05 2.59886e-06 1.09928e-08 0 0 0 0 0 0 0 0 0 0 0 0 0 0 0 0 0 0 0 0 0 0 0 0 0 0 0 0 0 0 0 0 0 0 0 0 0 0 0 0 0 0 0 0 0 0 0 0 0 0 0 0 0 0 0 0 0 0 0 0 0 0 0 0 0 0
18.1862 12.1556 7.01949 1.28739 1.28739 1.28739 0.878456 0.629195 0.480709 0.279609 0.195148 0.162755 0.103731 0.0779402 0.0548758 0.0316966 0.0194304 0.0108126 0.00805936 0.00774503 0.0027729 0.0023962 0.00154164 0.000447648 0.000447648 0.000239307 0.000119065 1.00363e-05 1.23711e-06 1.26556e-08 0 0 0 0 0 0 0 0 0 0 0 0 0 0 0 0 0 0 0 0 0 0 0 0 0 0 0 0 0 0 0 0 0 0 0 0 0 0 0 0 0 0 0 0 0 0 0 0 0 0 0 0 0 0 0 0 0 0 0 0 0 0 0 0 0 0
16.6498 9.18154 7.19654 2.75297 2.13361 1.72198 0.898346 0.50836 0.370309 0.335953 0.219725 0.134495 0.09585 0.0697924 0.0697924 0.0413386 0.0267894 0.0185777 0.012935 0.0070868 0.0051315 0.00251467 0.00118217 0.000650386 0.000399074 0.000157424 5.53807e-05 1.53898e-06 2.20963e-07 0 0 0 0 0 0 0 0 0 0 0 0 0 0 0 0 0 0 0 0 0 0 0 0 0 0 0 0 0 0 0 0 0 0 0 0 0 0 0 0 0 0 0 0 0 0 0 0 0 0 0 0 0 0 0 0 0 0 0 0 0 0 0 0 0 0 0
20.1513 12.99 6.52926 2.10276 1.9665 1.56086 1.06456 0.818499 0.452788 0.405431 0.212596 0.164827 0.124273 0.0667045 0.0526896 0.0344739 0.0203204 0.0203204 0.0133037 0.00961553 0.00410549 0.00314901 0.00130975 0.000686375 0.000439607 0.000273269 0.000155658 3.11068e-05 2.67907e-06 0 0 0 0 0 0 0 0 0 0 0 0 0 0 0 0 0 0 0 0 0 0 0 0 0 0 0 0 0 0 0 0 0 0 0 0 0 0 0 0 0 0 0 0 0 0 0 0 0 0 0 0 0 0 0 0 0 0 0 0 0 0 0 0 0 0 0
21.1064 11.5731 5.39481 1.58656 1.49746 0.795919 0.650714 0.432103 0.209955 0.209955 0.112024 0.112024 0.0833742 0.0648284 0.0498421 0.0272105 0.00816839 0.00816839 0.00816839 0.00651365 0.00463457 0.00264497 0.00177421 0.000916324 0.000252726 0.000252726 0.000135718 2.11689e-05 1.95931e-06 0 0 0 0 0 0 0 0 0 0 0 0 0 0 0 0 0 0 0 0 0 0 0 0 0 0 0 0 0 0 0 0 0 0 0 0 0 0 0 0 0 0 0 0 0 0 0 0 0 0 0 0 0 0 0 0 0 0 0 0 0 0 0 0 0 0 0
19.5215 12.74 6.28377 2.18499 1.85227 1.37437 0.645746 0.582844 0.394121 0.343061 0.145967 0.125791 0.125791 0.0868637 0.0520208 0.0273296 0.0273296 0.0179154 0.0111959 0.00403105 0.00271923 0.00235633 0.00133998 0.001235 0.000585054 0.000364671 0.000154524 1.89776e-05 7.01949e-06 6.20562e-08 0 0 0 0 0 0 0 0 0 0 0 0 0 0 0 0 0 0 0 0 0 0 0 0 0 0 0 0 0 0 0 0 0 0 0 0 0 0 0 0 0 0 0 0 0 0 0 0 0 0 0 0 0 0 0 0 0 0 0 0 0 0 0 0 0 0
13.5644 10.6788 5.5008 3.07327 2.60628 1.42337 1.03765 0.581656 0.399276 0.399276 0.30698 0.226487 0.100976 0.100754 0.0518495 0.0337928 0.0226537 0.00800746 0.00800746 0.00800746 0.00265916 0.00196779 0.00128022 0.0010827 0.000240134 8.47429e-05 8.47429e-05 3.6645e-06 4.47262e-07 0 0 0 0 0 0 0 0 0 0 0 0 0 0 0 0 0 0 0 0 0 0 0 0 0 0 0 0 0 0 0 0 0 0 0 0 0 0 0 0 0 0 0 0 0 0 0 0 0 0 0 0 0 0 0 0 0 0 0 0 0 0 0 0 0 0 0
11.2652 9.43055 5.60442 2.929 1.81131 1.28334 0.824577 0.668155 0.536765 0.247091 0.150747 0.134153 0.0940384 0.0712005 0.0605036 0.0386315 0.019747 0.013925 0.011891 0.0078247 0.00244317 0.00244317 0.00175394 0.000755576 0.000508136 0.000208624 7.24276e-05 9.45655e-06 3.0805e-08 0 0 0 0 0 0 0 0 0 0 0 0 0 0 0 0 0 0 0 0 0 0 0 0 0 0 0 0 0 0 0 0 0 0 0 0 0 0 0 0 0 0 0 0 0 0 0 0 0 0 0 0 0 0 0 0 0 0 0 0 0 0 0 0 0 0 0
16.3344 8.00272 6.19118 2.73254 1.77988 0.74268 0.74268 0.489391 0.489391 0.325339 0.221818 0.156289 0.100545 0.0962081 0.0853946 0.0360161 0.0293345 0.0252469 0.0112344 0.00539683 0.00539683 0.00444193 0.0024951 0.00112994 0.000916498 0.000468284 0.000193957 1.49886e-05 2.63956e-06 1.08467e-06 0 0 0 0 0 0 0 0 0 0 0 0 0 0 0 0 0 0 0 0 0 0 0 0 0 0 0 0 0 0 0 0 0 0 0 0 0 0 0 0 0 0 0 0 0 0 0 0 0 0 0 0 0 0 0 0 0 0 0 0 0 0 0 0 0 0
18.1347 8.34091 7.25516 2.92215 1.70451 1.57367 0.809834 0.603781 0.470209 0.150415 0.150415 0.1343 0.111816 0.0677036 0.0402823 0.0361263 0.0216149 0.015322 0.0118129 0.0064735 0.00351735 0.00264487 0.00174516 0.000751765 0.000682403 0.000305642 0.000124931 1.51969e-05 2.54912e-06 0 0 0 0 0 0 0 0 0 0 0 0 0 0 0 0 0 0 0 0 0 0 0 0 0 0 0 0 0 0 0 0 0 0 0 0 0 0 0 0 0 0 0 0 0 0 0 0 0 0 0 0 0 0 0 0 0 0 0 0 0 0 0 0 0 0 0
10.4967 10.0061 6.07106 2.26794 1.81672 1.23282 0.763958 0.609759 0.335005 0.322861 0.221934 0.164358 0.118055 0.0668217 0.0502657 0.0334889 0.032678 0.0138486 0.0135403 0.0078663 0.00396609 0.00366814 0.00205818 0.00123656 0.000650966 0.000219337 5.0572e-05 1.89872e-05 3.67502e-07 0 0 0 0 0 0 0 0 0 0 0 0 0 0 0 0 0 0 0 0 0 0 0 0 0 0 0 0 0 0 0 0 0 0 0 0 0 0 0 0 0 0 0 0 0 0 0 0 0 0 0 0 0 0 0 0 0 0 0 0 0 0 0 0 0 0 0
16.8021 5.54851 4.45472 2.32778 1.25211 0.947437 0.947437 0.633534 0.315458 0.315458 0.189266 0.157904 0.0813324 0.0255485 0.0255485 0.0255485 0.0166362 0.0095031 0.0095031 0.00670277 0.00291345 0.0023871 0.00119217 0.000482611 0.000194839 7.2847e-05 3.94139e-05 2.88486e-06 0 0 0 0 0 0 0 0 0 0 0 0 0 0 0 0 0 0 0 0 0 0 0 0 0 0 0 0 0 0 0 0 0 0 0 0 0 0 0 0 0 0 0 0 0 0 0 0 0 0 0 0 0 0 0 0 0 0 0 0 0 0 0 0 0 0 0 0
22.6176 10.8967 9.30622 2.85761 2.37815 1.39661 1.01582 0.600248 0.344659 0.344659 0.20673 0.190531 0.163496 0.104972 0.0625233 0.0576992 0.0412127 0.023055 0.0225055 0.0136012 0.0085433 0.0061088 0.00192336 0.00157382 0.000791203 0.00049051 0.000362907 7.0397e-05 3.68342e-05 2.24969e-06 0 0 0 0 0 0 0 0 0 0 0 0 0 0 0 0 0 0 0 0 0 0 0 0 0 0 0 0 0 0 0 0 0 0 0 0 0 0 0 0 0 0 0 0 0 0 0 0 0 0 0 0 0 0 0 0 0 0 0 0 0 0 0 0 0 0
18.5933 9.58915 6.11229 2.57945 1.79722 1.22775 0.940053 0.428219 0.266251 0.238844 0.186079 0.179048 0.091614 0.0891507 0.0681822 0.0372251 0.0264913 0.0146438 0.00848053 0.00609161 0.00287981 0.00130403 0.00110042 0.000640861 0.000227077 0.000131302 0.000109137 1.07587e-05 0 0 0 0 0 0 0 0 0 0 0 0 0 0 0 0 0 0 0 0 0 0 0 0 0 0 0 0 0 0 0 0 0 0 0 0 0 0 0 0 0 0 0 0 0 0 0 0 0 0 0 0 0 0 0 0 0 0 0 0 0 0 0 0 0 0 0 0
19.6995 7.48479 5.38306 1.91451 1.91451 1.49714 0.755398 0.680525 0.482006 0.305212 0.233233 0.177474 0.138801 0.124442 0.0757757 0.0593048 0.0487508 0.0265634 0.0103856 0.00692167 0.00530881 0.00195245 0.00195245 0.000973765 0.00062124 0.000330879 8.92529e-05 2.00197e-05 7.43594e-06 8.17069e-08 0 0 0 0 0 0 0 0 0 0 0 0 0 0 0 0 0 0 0 0 0 0 0 0 0 0 0 0 0 0 0 0 0 0 0 0 0 0 0 0 0 0 0 0 0 0 0 0 0 0 0 0 0 0 0 0 0 0 0 0 0 0 0 0 0 0
14.5608 9.29762 6.7283 3.05187 1.84397 1.17232 0.798239 0.602164 0.373281 0.283818 0.151318 0.123537 0.0733874 0.0580618 0.0348381 0.0348381 0.0171651 0.01546 0.00637067 0.00396689 0.00347365 0.00207721 0.00107007 0.0010553 0.000399667 0.000235337 0.000112057 5.73143e-06 7.88018e-07 0 0 0 0 0 0 0 0 0 0 0 0 0 0 0 0 0 0 0 0 0 0 0 0 0 0 0 0 0 0 0 0 0 0 0 0 0 0 0 0 0 0 0 0 0 0 0 0 0 0 0 0 0 0 0 0 0 0 0 0 0 0 0 0 0 0 0
16.1978 7.7556 7.7556 2.11691 1.34089 0.723797 0.545603 0.535019 0.449004 0.366161 0.197715 0.15146 0.124392 0.0682229 0.0442608 0.0300336 0.0228104 0.0173855 0.00925185 0.00766143 0.0023911 0.00209888 0.000696102 0.000573319 0.000444494 4.47714e-05 4.47714e-05 5.31295e-06 2.44994e-07 0 0 0 0 0 0 0 0 0 0 0 0 0 0 0 0 0 0 0 0 0 0 0 0 0 0 0 0 0 0 0 0 0 0 0 0 0 0 0 0 0 0 0 0 0 0 0 0 0 0 0 0 0 0 0 0 0 0 0 0 0 0 0 0 0 0 0
18.0495 9.80531 5.8158 2.23646 1.62022 1.39764 0.809372 0.541174 0.368334 0.277562 0.240324 0.170875 0.128125 0.0803645 0.0401906 0.0400956 0.0287673 0.0181732 0.0109108 0.00432443 0.00256386 0.000715376 0.000462692 0.000348604 0.000277383 0.000184738 9.82042e-05 7.43195e-06 0 0 0 0 0 0 0 0 0 0 0 0 0 0 0 0 0 0 0 0 0 0 0 0 0 0 0 0 0 0 0 0 0 0 0 0 0 0 0 0 0 0 0 0 0 0 0 0 0 0 0 0 0 0 0 0 0 0 0 0 0 0 0 0 0 0 0 0
14.0383 9.16992 5.50878 2.34089 0.997921 0.997921 0.443695 0.443695 0.291986 0.175065 0.120923 0.110428 0.0649592 0.0359354 0.0359354 0.0242914 0.00928865 0.00928865 0.00681823 0.00209947 0.00209947 0.0016114 0.00100829 0.00060915 0.000331742 0.000189587 5.10142e-05 1.99632e-06 4.58725e-07 1.56114e-08 0 0 0 0 0 0 0 0 0 0 0 0 0 0 0 0 0 0 0 0 0 0 0 0 0 0 0 0 0 0 0 0 0 0 0 0 0 0 0 0 0 0 0 0 0 0 0 0 0 0 0 0 0 0 0 0 0 0 0 0 0 0 0 0 0 0
19.8944 9.62422 4.9015 2.59971 1.64418 1.38108 0.702361 0.702361 0.631817 0.363154 0.309804 0.184058 0.0818015 0.0818015 0.0449809 0.0343873 0.0183353 0.0169146 0.00950472 0.00797205 0.00296673 0.00296673 0.00163671 0.000429837 0.000280418 9.00871e-05 4.91783e-05 1.13184e-07 5.25042e-08 0 0 0 0 0 0 0 0 0 0 0 0 0 0 0 0 0 0 0 0 0 0 0 0 0 0 0 0 0 0 0 0 0 0 0 0 0 0 0 0 0 0 0 0 0 0 0 0 0 0 0 0 0 0 0 0 0 0 0 0 0 0 0 0 0 0 0
16.5583 11.1953 6.66135 2.93565 1.7479 1.36713 0.731877 0.619526 0.421073 0.339433 0.260071 0.179839 0.120941 0.0892939 0.0436964 0.0413089 0.0329015 0.0176939 0.0128491 0.00762234 0.00498975 0.0029486 0.00257836 0.000944359 0.000346011 0.000189917 0.000157647 2.42902e-06 8.69752e-08 0 0 0 0 0 0 0 0 0 0 0 0 0 0 0 0 0 0 0 0 0 0 0 0 0 0 0 0 0 0 0 0 0 0 0 0 0 0 0 0 0 0 0 0 0 0 0 0 0 0 0 0 0 0 0 0 0 0 0 0 0 0 0 0 0 0 0
18.4433 9.29663 7.74837 2.67389 1.65961 1.11466 0.637551 0.637551 0.523875 0.341832 0.242183 0.175167 0.124007 0.0845006 0.0495289 0.0431501 0.020045 0.0163486 0.0125758 0.00742924 0.00355208 0.00256927 0.00143149 0.000834529 0.00040939 0.000124735 6.4885e-05 1.06361e-05 6.41304e-07 0 0 0 0 0 0 0 0 0 0 0 0 0 0 0 0 0 0 0 0 0 0 0 0 0 0 0 0 0 0 0 0 0 0 0 0 0 0 0 0 0 0 0 0 0 0 0 0 0 0 0 0 0 0 0 0 0 0 0 0 0 0 0 0 0 0 0
20.598 9.45038 4.52745 2.5704 1.69409 1.14644 0.39518 0.39518 0.272577 0.272577 0.240001 0.103717 0.0933267 0.0601952 0.0375615 0.0258829 0.0138901 0.0112724 0.0080197 0.00429627 0.00336633 0.00121592 0.00116603 0.00076655 0.000244973 0.000169842 5.57307e-05 1.32746e-05 1.39122e-06 0 0 0 0 0 0 0 0 0 0 0 0 0 0 0 0 0 0 0 0 0 0 0 0 0 0 0 0 0 0 0 0 0 0 0 0 0 0 0 0 0 0 0 0 0 0 0 0 0 0 0 0 0 0 0 0 0 0 0 0 0 0 0 0 0 0 0
13.9291 12.3467 4.14177 2.61505 2.21155 1.30548 0.880544 0.552436 0.547294 0.318811 0.201798 0.138095 0.0977948 0.0572686 0.0572686 0.0364024 0.0180411 0.0153658 0.00858465 0.00443196 0.00385515 0.00228778 0.00107701 0.000778238 0.000644973 0.000321408 9.6343e-05 8.33255e-06 1.93561e-06 2.76758e-07 0 0 0 0 0 0 0 0 0 0 0 0 0 0 0 0 0 0 0 0 0 0 0 0 0 0 0 0 0 0 0 0 0 0 0 0 0 0 0 0 0 0 0 0 0 0 0 0 0 0 0 0 0 0 0 0 0 0 0 0 0 0 0 0 0 0
15.8856 7.8695 6.48649 2.59445 1.30141 1.18866 0.608509 0.608509 0.262407 0.262407 0.224036 0.183386 0.0900985 0.0900985 0.0461657 0.0351702 0.0240852 0.0168829 0.0123431 0.00695867 0.00500778 0.00337653 0.000625657 0.000474903 0.000144598 0.000144598 7.64798e-05 1.44991e-06 0 0 0 0 0 0 0 0 0 0 0 0 0 0 0 0 0 0 0 0 0 0 0 0 0 0 0 0 0 0 0 0 0 0 0 0 0 0 0 0 0 0 0 0 0 0 0 0 0 0 0 0 0 0 0 0 0 0 0 0 0 0 0 0 0 0 0 0
21.1476 9.77045 6.15995 2.31266 1.56682 1.06915 1.06915 0.48892 0.467236 0.269217 0.251924 0.151544 0.0867857 0.084045 0.0612275 0.0296619 0.0296619 0.0184185 0.0147071 0.00394185 0.00394185 0.00243902 0.00202725 0.00120005 0.000601562 0.000284448 7.61403e-05 1.77729e-05 3.246e-06 4.43937e-08 0 0 0 0 0 0 0 0 0 0 0 0 0 0 0 0 0 0 0 0 0 0 0 0 0 0 0 0 0 0 0 0 0 0 0 0 0 0 0 0 0 0 0 0 0 0 0 0 0 0 0 0 0 0 0 0 0 0 0 0 0 0 0 0 0 0
19.656 11.2892 8.13179 2.73147 2.49693 1.39309 1.06479 0.36694 0.36694 0.167272 0.167272 0.161687 0.127726 0.0603338 0.0437927 0.0243792 0.0139252 0.0139252 0.00856385 0.00732341 0.0031097 0.00218493 0.00118285 0.00070836 0.000565938 0.000124253 8.4173e-05 1.0787e-06 2.45251e-08 0 0 0 0 0 0 0 0 0 0 0 0 0 0 0 0 0 0 0 0 0 0 0 0 0 0 0 0 0 0 0 0 0 0 0 0 0 0 0 0 0 0 0 0 0 0 0 0 0 0 0 0 0 0 0 0 0 0 0 0 0 0 0 0 0 0 0
19.8299 11.0977 6.84528 2.49632 1.64073 1.19693 0.934812 0.755901 0.422448 0.245694 0.204467 0.159359 0.141614 0.080934 0.0525682 0.0393131 0.0191829 0.0147053 0.0107755 0.0079942 0.00384289 0.00364823 0.000853025 0.000548415 0.000328634 9.30827e-05 7.11281e-05 9.63781e-07 0 0 0 0 0 0 0 0 0 0 0 0 0 0 0 0 0 0 0 0 0 0 0 0 0 0 0 0 0 0 0 0 0 0 0 0 0 0 0 0 0 0 0 0 0 0 0 0 0 0 0 0 0 0 0 0 0 0 0 0 0 0 0 0 0 0 0 0
19.1986 10.9444 6.41139 2.85201 2.20282 1.67861 0.720578 0.623712 0.398105 0.300931 0.300931 0.195258 0.165846 0.0697809 0.0564706 0.0315454 0.0173604 0.0153792 0.0103341 0.0069116 0.00381346 0.00212649 0.00149472 0.000516725 0.000488322 0.00025525 0.00010065 9.25329e-06 1.41275e-06 0 0 0 0 0 0 0 0 0 0 0 0 0 0 0 0 0 0 0 0 0 0 0 0 0 0 0 0 0 0 0 0 0 0 0 0 0 0 0 0 0 0 0 0 0 0 0 0 0 0 0 0 0 0 0 0 0 0 0 0 0 0 0 0 0 0 0
23.82 10.4094 3.00882 2.05107 1.66619 0.921672 0.641565 0.641565 0.396501 0.386414 0.233274 0.191048 0.0909575 0.0909575 0.0455571 0.0452142 0.026017 0.0164617 0.00623777 0.00523367 0.00329966 0.0025843 0.00164217 0.000969067 0.000801863 0.000189014 0.000128961 2.31299e-05 1.62019e-08 1.01597e-08 0 0 0 0 0 0 0 0 0 0 0 0 0 0 0 0 0 0 0 0 0 0 0 0 0 0 0 0 0 0 0 0 0 0 0 0 0 0 0 0 0 0 0 0 0 0 0 0 0 0 0 0 0 0 0 0 0 0 0 0 0 0 0 0 0 0
18.1736 12.2288 6.95798 3.16693 1.94184 1.58959 0.861144 0.64254 0.355792 0.351182 0.164131 0.13446 0.116669 0.0818784 0.0311124 0.0280552 0.0240638 0.00640035 0.00640035 0.00640035 0.00409025 0.00210247 0.00123453 0.000749558 0.000493925 0.000259163 8.33884e-05 2.33167e-06 0 0 0 0 0 0 0 0 0 0 0 0 0 0 0 0 0 0 0 0 0 0 0 0 0 0 0 0 0 0 0 0 0 0 0 0 0 0 0 0 0 0 0 0 0 0 0 0 0 0 0 0 0 0 0 0 0 0 0 0 0 0 0 0 0 0 0 0
19.2027 7.49728 7.49728 2.66116 1.49206 1.47943 1.09901 0.385684 0.385684 0.313902 0.313902 0.260561 0.170158 0.0895916 0.0608395 0.0388892 0.0247731 0.0192534 0.00812572 0.00664055 0.00336553 0.00308186 0.00113879 0.000858823 0.000306605 0.000205015 2.7562e-05 1.05203e-05 0 0 0 0 0 0 0 0 0 0 0 0 0 0 0 0 0 0 0 0 0 0 0 0 0 0 0 0 0 0 0 0 0 0 0 0 0 0 0 0 0 0 0 0 0 0 0 0 0 0 0 0 0 0 0 0 0 0 0 0 0 0 0 0 0 0 0 0
15.6108 11.9253 5.45593 2.68207 1.73447 0.853169 0.562123 0.562123 0.295326 0.265541 0.105399 0.0997902 0.0997902 0.0572373 0.0553708 0.0172197 0.0172197 0.014273 0.00588402 0.00588402 0.00414272 0.00237619 0.0019932 0.00123848 0.000654184 0.000287022 0.000151714 1.21945e-05 1.26736e-07 0 0 0 0 0 0 0 0 0 0 0 0 0 0 0 0 0 0 0 0 0 0 0 0 0 0 0 0 0 0 0 0 0 0 0 0 0 0 0 0 0 0 0 0 0 0 0 0 0 0 0 0 0 0 0 0 0 0 0 0 0 0 0 0 0 0 0
8.4432 8.4432 7.21636 3.47482 2.01821 1.66957 0.860897 0.773459 0.517263 0.296274 0.232918 0.151727 0.0925986 0.0832094 0.0293888 0.0293888 0.0281043 0.0140241 0.0122608 0.00410315 0.00259632 0.00259632 0.00142843 0.00101324 0.000535565 0.000313955 0.000197864 6.27562e-06 4.72606e-06 1.0832e-08 0 0 0 0 0 0 0 0 0 0 0 0 0 0 0 0 0 0 0 0 0 0 0 0 0 0 0 0 0 0 0 0 0 0 0 0 0 0 0 0 0 0 0 0 0 0 0 0 0 0 0 0 0 0 0 0 0 0 0 0 0 0 0 0 0 0
14.2358 9.08056 7.1766 2.02603 2.02603 1.59117 1.01492 0.75818 0.528936 0.376184 0.258384 0.191086 0.0944583 0.0638638 0.0588377 0.0396307 0.0183424 0.00901062 0.00709844 0.0066435 0.00449662 0.00145959 0.00126317 0.000302564 0.000214834 0.000190199 8.8218e-05 1.63163e-06 6.48791e-07 0 0 0 0 0 0 0 0 0 0 0 0 0 0 0 0 0 0 0 0 0 0 0 0 0 0 0 0 0 0 0 0 0 0 0 0 0 0 0 0 0 0 0 0 0 0 0 0 0 0 0 0 0 0 0 0 0 0 0 0 0 0 0 0 0 0 0
