17.1202 10.5502 7.91489 2.84195 1.64933 1.09989 0.893693 0.59048 0.452777 0.277554 0.274388 0.162796 0.0894783 0.0503295 0.0503295 0.0333345 0.0201171 0.0139402 0.00774909 0.00390544 0.00304903 0.000987218 0.000896169 0.000302385 6.67374e-05 5.33505e-05 9.1303e-08 0 0 0 0 0 0 0 0 0 0 0 0 0 0 0 0 0 0 0 0 0 0 0 0 0 0 0 0 0 0 0 0 0 0 0 0 0 0 0 0 0 0 0 0 0 0 0 0 0 0 0 0 0 0 0 0 0 0 0 0 0 0 0 0 0 0 0 0 0
16.01 7.33526 7.33526 2.23828 1.8817 1.30037 0.780944 0.630553 0.53974 0.265421 0.226369 0.11823 0.0761981 0.0761981 0.0761981 0.0484488 0.0373199 0.0134681 0.0134681 0.00926852 0.00430909 0.0023015 0.00120599 0.000395348 9.98051e-05 9.98051e-05 2.3577e-05 0 0 0 0 0 0 0 0 0 0 0 0 0 0 0 0 0 0 0 0 0 0 0 0 0 0 0 0 0 0 0 0 0 0 0 0 0 0 0 0 0 0 0 0 0 0 0 0 0 0 0 0 0 0 0 0 0 0 0 0 0 0 0 0 0 0 0 0 0
19.1338 7.27632 6.87111 2.35787 1.36158 1.36158 0.776327 0.56441 0.388317 0.215474 0.193008 0.0813676 0.0813676 0.0769611 0.0511587 0.0455266 0.0238216 0.0164078 0.0109626 0.00444561 0.00392619 0.00280044 0.00111527 0.000507952 0.000347783 6.78725e-05 3.15126e-05 0 0 0 0 0 0 0 0 0 0 0 0 0 0 0 0 0 0 0 0 0 0 0 0 0 0 0 0 0 0 0 0 0 0 0 0 0 0 0 0 0 0 0 0 0 0 0 0 0 0 0 0 0 0 0 0 0 0 0 0 0 0 0 0 0 0 0 0 0
15.6976 9.49981 6.00454 2.91875 1.79723 1.31984 1.10494 0.782754 0.52212 0.299089 0.204859 0.157288 0.155138 0.0641991 0.0381764 0.0381764 0.0192003 0.0189637 0.0109249 0.00613788 0.00412143 0.00085583 0.000848851 0.000484215 0.000163613 5.52815e-05 4.33327e-07 0 0 0 0 0 0 0 0 0 0 0 0 0 0 0 0 0 0 0 0 0 0 0 0 0 0 0 0 0 0 0 0 0 0 0 0 0 0 0 0 0 0 0 0 0 0 0 0 0 0 0 0 0 0 0 0 0 0 0 0 0 0 0 0 0 0 0 0 0
14.4224 8.9891 7.84996 3.66243 1.66134 1.66134 0.875226 0.875226 0.643978 0.370459 0.275318 0.0901971 0.0901971 0.0513842 0.0513842 0.0266849 0.00830115 0.00815343 0.00800028 0.00280089 0.00264354 0.00131634 0.000468941 0.0002875 0.000143503 2.31113e-05 6.66326e-07 0 0 0 0 0 0 0 0 0 0 0 0 0 0 0 0 0 0 0 0 0 0 0 0 0 0 0 0 0 0 0 0 0 0 0 0 0 0 0 0 0 0 0 0 0 0 0 0 0 0 0 0 0 0 0 0 0 0 0 0 0 0 0 0 0 0 0 0 0
24.388 10.1218 5.48123 1.57532 1.57532 0.76789 0.69712 0.385386 0.355578 0.295434 0.223775 0.104422 0.102169 0.102169 0.0399528 0.0394543 0.025027 0.0132362 0.00644393 0.00383915 0.00287872 0.00116985 0.000916305 0.000439823 0.000108562 3.30804e-05 1.08386e-05 0 0 0 0 0 0 0 0 0 0 0 0 0 0 0 0 0 0 0 0 0 0 0 0 0 0 0 0 0 0 0 0 0 0 0 0 0 0 0 0 0 0 0 0 0 0 0 0 0 0 0 0 0 0 0 0 0 0 0 0 0 0 0 0 0 0 0 0 0
23.8133 13.9187 8.14478 2.82263 2.46292 1.69376 0.759531 0.614717 0.504586 0.436723 0.166326 0.161993 0.0551109 0.0551109 0.0388708 0.0297694 0.00876723 0.00876723 0.00688889 0.0050507 0.00351992 0.00125354 0.00063925 0.000617012 0.00016982 5.17247e-05 4.92578e-06 0 0 0 0 0 0 0 0 0 0 0 0 0 0 0 0 0 0 0 0 0 0 0 0 0 0 0 0 0 0 0 0 0 0 0 0 0 0 0 0 0 0 0 0 0 0 0 0 0 0 0 0 0 0 0 0 0 0 0 0 0 0 0 0 0 0 0 0 0
19.8435 11.9777 4.88199 1.42158 1.33811 0.871707 0.690494 0.543183 0.280673 0.280673 0.169768 0.165935 0.118993 0.0935716 0.0320416 0.0197634 0.0197634 0.0129604 0.00717335 0.00682463 0.00415927 0.00266479 0.00137977 0.000248276 0.000124544 5.11674e-05 4.77065e-07 0 0 0 0 0 0 0 0 0 0 0 0 0 0 0 0 0 0 0 0 0 0 0 0 0 0 0 0 0 0 0 0 0 0 0 0 0 0 0 0 0 0 0 0 0 0 0 0 0 0 0 0 0 0 0 0 0 0 0 0 0 0 0 0 0 0 0 0 0
14.3357 12.6473 3.17433 2.61917 1.45749 1.27396 0.77482 0.575963 0.40214 0.345017 0.224373 0.148831 0.113341 0.0712667 0.0437527 0.0351945 0.015031 0.00846392 0.00846392 0.00637622 0.00378895 0.0016919 0.000715067 0.000230528 0.000218215 5.22143e-05 4.52895e-07 0 0 0 0 0 0 0 0 0 0 0 0 0 0 0 0 0 0 0 0 0 0 0 0 0 0 0 0 0 0 0 0 0 0 0 0 0 0 0 0 0 0 0 0 0 0 0 0 0 0 0 0 0 0 0 0 0 0 0 0 0 0 0 0 0 0 0 0 0
24.9734 10.361 4.13404 2.98221 1.86745 1.00375 0.83808 0.449154 0.439077 0.431295 0.244938 0.170639 0.0961054 0.0622687 0.0622687 0.0431757 0.0360978 0.0208829 0.00979451 0.00530263 0.00346495 0.00250461 0.00123637 0.000779406 0.000347514 8.90131e-05 2.13131e-05 1.66336e-08 0 0 0 0 0 0 0 0 0 0 0 0 0 0 0 0 0 0 0 0 0 0 0 0 0 0 0 0 0 0 0 0 0 0 0 0 0 0 0 0 0 0 0 0 0 0 0 0 0 0 0 0 0 0 0 0 0 0 0 0 0 0 0 0 0 0 0 0
18.9064 4.67223 4.67223 1.98078 1.98078 1.63133 0.991912 0.493018 0.493018 0.262864 0.208932 0.140943 0.140943 0.091981 0.0564402 0.0421498 0.0333963 0.0160569 0.0119815 0.00450953 0.00308512 0.00280505 0.000877042 0.000553584 0.000256404 3.0249e-05 3.0249e-05 0 0 0 0 0 0 0 0 0 0 0 0 0 0 0 0 0 0 0 0 0 0 0 0 0 0 0 0 0 0 0 0 0 0 0 0 0 0 0 0 0 0 0 0 0 0 0 0 0 0 0 0 0 0 0 0 0 0 0 0 0 0 0 0 0 0 0 0 0
13.3532 10.9118 4.81354 2.90296 2.06243 1.4163 0.664978 0.664978 0.664978 0.263134 0.263134 0.177726 0.131342 0.0895098 0.047576 0.0183101 0.0183101 0.0118559 0.00725976 0.00281055 0.00281055 0.00116734 0.000540366 0.000540366 0.000294356 1.50096e-05 1.50096e-05 0 0 0 0 0 0 0 0 0 0 0 0 0 0 0 0 0 0 0 0 0 0 0 0 0 0 0 0 0 0 0 0 0 0 0 0 0 0 0 0 0 0 0 0 0 0 0 0 0 0 0 0 0 0 0 0 0 0 0 0 0 0 0 0 0 0 0 0 0
19.4387 6.58234 3.25234 2.95185 1.8266 0.537903 0.537903 0.537903 0.403845 0.371005 0.123522 0.123522 0.0646367 0.0535851 0.0357434 0.0306186 0.0214544 0.0161175 0.00991057 0.00640435 0.00318325 0.00231379 0.000796705 0.000634537 0.000241807 6.18705e-05 2.33397e-06 0 0 0 0 0 0 0 0 0 0 0 0 0 0 0 0 0 0 0 0 0 0 0 0 0 0 0 0 0 0 0 0 0 0 0 0 0 0 0 0 0 0 0 0 0 0 0 0 0 0 0 0 0 0 0 0 0 0 0 0 0 0 0 0 0 0 0 0 0
10.5484 10.5484 6.26942 2.51154 1.37772 1.12209 0.782807 0.636786 0.45463 0.308263 0.280509 0.228029 0.1352 0.0831781 0.0471061 0.0450643 0.0258748 0.0197833 0.0102204 0.00499311 0.00499311 0.00230284 0.00104526 0.000694764 0.000332008 8.20825e-05 2.34819e-06 0 0 0 0 0 0 0 0 0 0 0 0 0 0 0 0 0 0 0 0 0 0 0 0 0 0 0 0 0 0 0 0 0 0 0 0 0 0 0 0 0 0 0 0 0 0 0 0 0 0 0 0 0 0 0 0 0 0 0 0 0 0 0 0 0 0 0 0 0
12.4103 8.36492 5.18975 2.63069 1.55203 0.96196 0.775192 0.384523 0.325034 0.237898 0.225982 0.134652 0.091195 0.0656902 0.0421898 0.0216902 0.0130289 0.00798175 0.00518505 0.00400373 0.00245204 0.00164567 0.000743845 0.000250967 9.58603e-05 2.36943e-05 0 0 0 0 0 0 0 0 0 0 0 0 0 0 0 0 0 0 0 0 0 0 0 0 0 0 0 0 0 0 0 0 0 0 0 0 0 0 0 0 0 0 0 0 0 0 0 0 0 0 0 0 0 0 0 0 0 0 0 0 0 0 0 0 0 0 0 0 0 0
20.9874 10.8026 6.88468 1.49584 1.49584 1.22814 0.95416 0.773738 0.368681 0.308811 0.240851 0.16994 0.063061 0.0469072 0.0469072 0.0380513 0.0256906 0.0142884 0.0109607 0.00881148 0.00290808 0.00290808 0.00270328 0.000194237 0.000184702 0.000174191 1.524e-05 0 0 0 0 0 0 0 0 0 0 0 0 0 0 0 0 0 0 0 0 0 0 0 0 0 0 0 0 0 0 0 0 0 0 0 0 0 0 0 0 0 0 0 0 0 0 0 0 0 0 0 0 0 0 0 0 0 0 0 0 0 0 0 0 0 0 0 0 0
14.7721 9.38709 7.45113 3.52124 2.62862 1.19803 0.845668 0.845668 0.521713 0.221294 0.221294 0.173889 0.128005 0.122023 0.076231 0.0546386 0.0324091 0.0263767 0.0106785 0.00948272 0.00370432 0.00360095 0.0016288 0.00065733 0.000341271 0.000224697 6.07827e-05 3.11881e-08 0 0 0 0 0 0 0 0 0 0 0 0 0 0 0 0 0 0 0 0 0 0 0 0 0 0 0 0 0 0 0 0 0 0 0 0 0 0 0 0 0 0 0 0 0 0 0 0 0 0 0 0 0 0 0 0 0 0 0 0 0 0 0 0 0 0 0 0
17.4988 10.9466 6.69502 1.96323 1.03264 1.03264 0.841735 0.530695 0.502984 0.409384 0.275819 0.208917 0.0927683 0.0810778 0.0545111 0.0299483 0.0188524 0.0156574 0.0128988 0.00340574 0.00322609 0.00226366 0.00133818 0.000654439 0.000286004 3.71853e-05 6.76329e-06 0 0 0 0 0 0 0 0 0 0 0 0 0 0 0 0 0 0 0 0 0 0 0 0 0 0 0 0 0 0 0 0 0 0 0 0 0 0 0 0 0 0 0 0 0 0 0 0 0 0 0 0 0 0 0 0 0 0 0 0 0 0 0 0 0 0 0 0 0
18.9054 12.0786 5.19217 2.49749 2.16282 0.900454 0.84778 0.561156 0.376423 0.303996 0.151403 0.110092 0.0851781 0.0491661 0.0477778 0.0240937 0.0186697 0.0183682 0.0103823 0.00526734 0.00317478 0.00141841 0.000469345 0.000149678 0.000149678 1.6637e-05 4.02473e-06 0 0 0 0 0 0 0 0 0 0 0 0 0 0 0 0 0 0 0 0 0 0 0 0 0 0 0 0 0 0 0 0 0 0 0 0 0 0 0 0 0 0 0 0 0 0 0 0 0 0 0 0 0 0 0 0 0 0 0 0 0 0 0 0 0 0 0 0 0
19.6704 7.29232 6.8542 2.68123 2.19035 1.34652 1.03473 0.505985 0.378546 0.345308 0.209687 0.106207 0.0970804 0.0473571 0.0389995 0.0288578 0.0135409 0.0122182 0.00650512 0.00400648 0.001805 0.000835782 0.000835782 0.000100421 0.000100421 2.57226e-05 5.88706e-07 0 0 0 0 0 0 0 0 0 0 0 0 0 0 0 0 0 0 0 0 0 0 0 0 0 0 0 0 0 0 0 0 0 0 0 0 0 0 0 0 0 0 0 0 0 0 0 0 0 0 0 0 0 0 0 0 0 0 0 0 0 0 0 0 0 0 0 0 0
16.9816 7.28941 4.65693 2.85289 2.01607 1.60447 0.87432 0.716071 0.493371 0.29706 0.12657 0.124952 0.0859662 0.0608623 0.0457409 0.0299816 0.0175052 0.0145297 0.0126708 0.00473011 0.00362855 0.00236843 0.00122525 0.00100809 0.000227134 0.000113883 6.71264e-05 1.45644e-08 0 0 0 0 0 0 0 0 0 0 0 0 0 0 0 0 0 0 0 0 0 0 0 0 0 0 0 0 0 0 0 0 0 0 0 0 0 0 0 0 0 0 0 0 0 0 0 0 0 0 0 0 0 0 0 0 0 0 0 0 0 0 0 0 0 0 0 0
11.1336 8.76374 6.70265 3.29492 1.47597 1.09267 0.896211 0.531676 0.315796 0.253669 0.194315 0.148495 0.0854762 0.0746965 0.0407802 0.0150764 0.0106205 0.0106205 0.0103146 0.00697337 0.00338838 0.00177641 0.00177641 0.000637737 0.000205155 9.54683e-05 4.84318e-06 0 0 0 0 0 0 0 0 0 0 0 0 0 0 0 0 0 0 0 0 0 0 0 0 0 0 0 0 0 0 0 0 0 0 0 0 0 0 0 0 0 0 0 0 0 0 0 0 0 0 0 0 0 0 0 0 0 0 0 0 0 0 0 0 0 0 0 0 0
16.6026 9.68312 5.36975 2.28817 1.80095 1.28878 0.846955 0.534549 0.399639 0.356761 0.172523 0.0889272 0.077544 0.0712926 0.0317077 0.0306451 0.0176954 0.0114545 0.00570934 0.00533927 0.00271579 0.00136761 0.00047275 0.000327713 0.000113838 1.00969e-05 1.43735e-07 0 0 0 0 0 0 0 0 0 0 0 0 0 0 0 0 0 0 0 0 0 0 0 0 0 0 0 0 0 0 0 0 0 0 0 0 0 0 0 0 0 0 0 0 0 0 0 0 0 0 0 0 0 0 0 0 0 0 0 0 0 0 0 0 0 0 0 0 0
22.3148 10.2192 6.29095 2.69403 1.7346 1.7346 1.23626 0.673041 0.374798 0.374798 0.254576 0.183962 0.106002 0.0869934 0.0446435 0.0231534 0.0183537 0.0183537 0.0150785 0.00902037 0.00509806 0.00250441 0.00186103 0.000922081 0.000431486 8.17789e-05 5.60792e-07 0 0 0 0 0 0 0 0 0 0 0 0 0 0 0 0 0 0 0 0 0 0 0 0 0 0 0 0 0 0 0 0 0 0 0 0 0 0 0 0 0 0 0 0 0 0 0 0 0 0 0 0 0 0 0 0 0 0 0 0 0 0 0 0 0 0 0 0 0
24.1527 9.62738 5.61739 2.01627 1.64523 1.19554 0.951128 0.340885 0.312033 0.155643 0.155643 0.155405 0.0748634 0.0343378 0.0343378 0.0218055 0.0128507 0.00964584 0.00434996 0.00181437 0.00164089 0.000933019 0.000234283 0.000234283 0.000114152 2.46511e-05 6.07058e-06 0 0 0 0 0 0 0 0 0 0 0 0 0 0 0 0 0 0 0 0 0 0 0 0 0 0 0 0 0 0 0 0 0 0 0 0 0 0 0 0 0 0 0 0 0 0 0 0 0 0 0 0 0 0 0 0 0 0 0 0 0 0 0 0 0 0 0 0 0
20.1806 9.96702 4.7722 2.53154 1.74665 1.16405 0.85938 0.58908 0.270589 0.270589 0.179905 0.132223 0.0875815 0.0683798 0.0460513 0.0146584 0.0116973 0.00860925 0.00656311 0.00454117 0.00149484 0.000790732 0.00024129 0.00024129 0.000114276 1.26811e-05 0 0 0 0 0 0 0 0 0 0 0 0 0 0 0 0 0 0 0 0 0 0 0 0 0 0 0 0 0 0 0 0 0 0 0 0 0 0 0 0 0 0 0 0 0 0 0 0 0 0 0 0 0 0 0 0 0 0 0 0 0 0 0 0 0 0 0 0 0 0
19.3146 9.39591 5.73299 2.22298 1.98406 1.48124 0.985162 0.78564 0.382897 0.366543 0.20077 0.143451 0.0950939 0.0364791 0.03261 0.0192893 0.0101806 0.00992302 0.00615676 0.00499037 0.00304862 0.00157396 0.000868393 0.000257892 0.000183457 2.611e-05 7.62924e-07 0 0 0 0 0 0 0 0 0 0 0 0 0 0 0 0 0 0 0 0 0 0 0 0 0 0 0 0 0 0 0 0 0 0 0 0 0 0 0 0 0 0 0 0 0 0 0 0 0 0 0 0 0 0 0 0 0 0 0 0 0 0 0 0 0 0 0 0 0
17.6434 10.1561 8.04037 3.10321 0.913929 0.913929 0.913929 0.554588 0.331386 0.114012 0.114012 0.114012 0.0904126 0.0568639 0.0267085 0.0205404 0.0170055 0.0137946 0.00894588 0.00546607 0.00276151 0.0022181 0.00097518 9.70688e-05 9.70688e-05 6.7081e-05 2.42884e-07 0 0 0 0 0 0 0 0 0 0 0 0 0 0 0 0 0 0 0 0 0 0 0 0 0 0 0 0 0 0 0 0 0 0 0 0 0 0 0 0 0 0 0 0 0 0 0 0 0 0 0 0 0 0 0 0 0 0 0 0 0 0 0 0 0 0 0 0 0
19.2355 10.8575 4.76544 3.18042 1.86338 1.2019 0.744864 0.739166 0.492464 0.188425 0.18234 0.143745 0.0621784 0.0621784 0.0451378 0.0229574 0.0224482 0.0144452 0.00823017 0.00418811 0.00247871 0.0016116 0.000699062 0.000394294 0.000123767 3.2841e-05 4.08986e-06 0 0 0 0 0 0 0 0 0 0 0 0 0 0 0 0 0 0 0 0 0 0 0 0 0 0 0 0 0 0 0 0 0 0 0 0 0 0 0 0 0 0 0 0 0 0 0 0 0 0 0 0 0 0 0 0 0 0 0 0 0 0 0 0 0 0 0 0 0
16.1629 8.88138 5.28968 3.15046 2.15594 0.779414 0.601034 0.601034 0.580687 0.298561 0.192616 0.112576 0.0734708 0.0734708 0.0566675 0.0313825 0.0219382 0.0175137 0.00886788 0.00525949 0.00276043 0.000980828 0.000244797 0.000244797 0.000150239 8.85352e-05 3.63326e-07 0 0 0 0 0 0 0 0 0 0 0 0 0 0 0 0 0 0 0 0 0 0 0 0 0 0 0 0 0 0 0 0 0 0 0 0 0 0 0 0 0 0 0 0 0 0 0 0 0 0 0 0 0 0 0 0 0 0 0 0 0 0 0 0 0 0 0 0 0
15.7539 8.36447 8.04119 2.00649 1.81868 1.27144 0.764417 0.668111 0.582721 0.322698 0.203997 0.140792 0.0808206 0.06298 0.0346376 0.0255048 0.0179461 0.0153289 0.0072503 0.00602646 0.00246086 0.00108258 0.000549281 0.000278287 0.000141974 6.96841e-06 5.32333e-07 0 0 0 0 0 0 0 0 0 0 0 0 0 0 0 0 0 0 0 0 0 0 0 0 0 0 0 0 0 0 0 0 0 0 0 0 0 0 0 0 0 0 0 0 0 0 0 0 0 0 0 0 0 0 0 0 0 0 0 0 0 0 0 0 0 0 0 0 0
10.778 8.70118 6.75039 3.1096 1.35368 1.19084 0.876798 0.41794 0.264486 0.264486 0.160487 0.160487 0.117985 0.073369 0.056827 0.0334594 0.0248426 0.0115383 0.0115383 0.00253833 0.00253833 0.00195837 0.00137988 0.000512165 0.000209351 0.000140874 5.79044e-06 0 0 0 0 0 0 0 0 0 0 0 0 0 0 0 0 0 0 0 0 0 0 0 0 0 0 0 0 0 0 0 0 0 0 0 0 0 0 0 0 0 0 0 0 0 0 0 0 0 0 0 0 0 0 0 0 0 0 0 0 0 0 0 0 0 0 0 0 0
19.4438 12.3183 8.17158 2.43254 2.42157 1.1476 0.581257 0.581257 0.488104 0.344802 0.249156 0.148965 0.139157 0.091319 0.0545719 0.0360253 0.0192791 0.0158033 0.00939392 0.00631777 0.0042357 0.00156734 0.0013067 0.000901692 0.000190783 8.27825e-05 3.58091e-06 0 0 0 0 0 0 0 0 0 0 0 0 0 0 0 0 0 0 0 0 0 0 0 0 0 0 0 0 0 0 0 0 0 0 0 0 0 0 0 0 0 0 0 0 0 0 0 0 0 0 0 0 0 0 0 0 0 0 0 0 0 0 0 0 0 0 0 0 0
15.0478 4.94608 4.94608 2.90777 1.60455 0.422957 0.422957 0.422957 0.27182 0.27182 0.190408 0.125829 0.0736256 0.0633801 0.0324751 0.0295974 0.0178921 0.0100758 0.0100758 0.00792139 0.00132834 0.00124928 0.00124928 0.00067686 0.000269086 5.84397e-05 1.76925e-05 0 0 0 0 0 0 0 0 0 0 0 0 0 0 0 0 0 0 0 0 0 0 0 0 0 0 0 0 0 0 0 0 0 0 0 0 0 0 0 0 0 0 0 0 0 0 0 0 0 0 0 0 0 0 0 0 0 0 0 0 0 0 0 0 0 0 0 0 0
18.2436 11.1664 6.07021 2.22815 1.1912 0.903726 0.593854 0.525815 0.376827 0.150636 0.150636 0.139652 0.105261 0.0634185 0.0541502 0.0337897 0.0186298 0.0124632 0.00660108 0.00660108 0.00265458 0.000937442 0.000483507 0.000369092 0.000213812 0.000131602 2.43321e-05 0 0 0 0 0 0 0 0 0 0 0 0 0 0 0 0 0 0 0 0 0 0 0 0 0 0 0 0 0 0 0 0 0 0 0 0 0 0 0 0 0 0 0 0 0 0 0 0 0 0 0 0 0 0 0 0 0 0 0 0 0 0 0 0 0 0 0 0 0
16.1929 9.26733 5.24026 2.4014 1.38315 1.32625 0.906917 0.28298 0.28298 0.216697 0.165886 0.144527 0.0933176 0.0561351 0.0528746 0.0254514 0.0116137 0.00841008 0.00388662 0.00358208 0.0017539 0.000926447 0.000454488 0.000101315 8.2011e-05 1.43552e-06 0 0 0 0 0 0 0 0 0 0 0 0 0 0 0 0 0 0 0 0 0 0 0 0 0 0 0 0 0 0 0 0 0 0 0 0 0 0 0 0 0 0 0 0 0 0 0 0 0 0 0 0 0 0 0 0 0 0 0 0 0 0 0 0 0 0 0 0 0 0
19.6585 9.80657 5.35878 2.44311 1.99879 1.18175 0.639437 0.606425 0.459822 0.273645 0.189538 0.13985 0.0950382 0.0707316 0.0449123 0.0296887 0.00916357 0.00916357 0.00584303 0.00307853 0.00165973 0.000976754 0.000239263 0.000239263 1.96331e-05 4.18032e-08 4.18032e-08 0 0 0 0 0 0 0 0 0 0 0 0 0 0 0 0 0 0 0 0 0 0 0 0 0 0 0 0 0 0 0 0 0 0 0 0 0 0 0 0 0 0 0 0 0 0 0 0 0 0 0 0 0 0 0 0 0 0 0 0 0 0 0 0 0 0 0 0 0
19.6638 9.66022 6.52132 4.05778 2.25013 1.40549 0.660558 0.576492 0.527098 0.353541 0.214868 0.148808 0.0927423 0.0394872 0.0394872 0.0371118 0.0197595 0.0177145 0.00854406 0.00427193 0.0031441 0.00142335 0.000795223 0.000508417 0.000192595 3.38478e-05 1.49645e-05 0 0 0 0 0 0 0 0 0 0 0 0 0 0 0 0 0 0 0 0 0 0 0 0 0 0 0 0 0 0 0 0 0 0 0 0 0 0 0 0 0 0 0 0 0 0 0 0 0 0 0 0 0 0 0 0 0 0 0 0 0 0 0 0 0 0 0 0 0
12.3473 11.7721 5.86356 2.13767 1.86233 1.45985 0.994791 0.936317 0.501788 0.355244 0.319368 0.222352 0.147875 0.0976699 0.0880321 0.0419565 0.018943 0.018943 0.00711348 0.00711348 0.00495119 0.00311198 0.00215573 0.000521564 0.000297733 4.6677e-05 1.96541e-05 0 0 0 0 0 0 0 0 0 0 0 0 0 0 0 0 0 0 0 0 0 0 0 0 0 0 0 0 0 0 0 0 0 0 0 0 0 0 0 0 0 0 0 0 0 0 0 0 0 0 0 0 0 0 0 0 0 0 0 0 0 0 0 0 0 0 0 0 0
15.0786 9.63275 6.41441 2.18144 2.18144 1.61882 1.06873 1.0464 0.562882 0.235203 0.235203 0.184068 0.0992435 0.0898085 0.062776 0.0489937 0.0307127 0.0248384 0.0144856 0.0120711 0.00800706 0.00328244 0.00180948 0.000690759 0.000155906 7.44055e-05 6.52011e-06 1.45987e-08 0 0 0 0 0 0 0 0 0 0 0 0 0 0 0 0 0 0 0 0 0 0 0 0 0 0 0 0 0 0 0 0 0 0 0 0 0 0 0 0 0 0 0 0 0 0 0 0 0 0 0 0 0 0 0 0 0 0 0 0 0 0 0 0 0 0 0 0
25.1202 11.5959 5.99871 2.8841 1.60394 1.25455 0.950556 0.433037 0.308817 0.227309 0.20834 0.138886 0.105274 0.0424494 0.0424494 0.0341703 0.0215856 0.0192101 0.00858345 0.00700451 0.00379186 0.00152468 0.000940673 0.000121044 0.000121044 3.16959e-05 4.59931e-07 0 0 0 0 0 0 0 0 0 0 0 0 0 0 0 0 0 0 0 0 0 0 0 0 0 0 0 0 0 0 0 0 0 0 0 0 0 0 0 0 0 0 0 0 0 0 0 0 0 0 0 0 0 0 0 0 0 0 0 0 0 0 0 0 0 0 0 0 0
16.8684 6.29422 2.85109 2.43323 1.68767 1.01672 0.851101 0.497771 0.393393 0.351092 0.203843 0.174825 0.0847968 0.0638988 0.0526321 0.0140132 0.0140132 0.0103998 0.00619096 0.00589793 0.00372725 0.00237637 0.00173939 0.000675072 0.000230159 0.00018721 1.15655e-05 0 0 0 0 0 0 0 0 0 0 0 0 0 0 0 0 0 0 0 0 0 0 0 0 0 0 0 0 0 0 0 0 0 0 0 0 0 0 0 0 0 0 0 0 0 0 0 0 0 0 0 0 0 0 0 0 0 0 0 0 0 0 0 0 0 0 0 0 0
19.0159 10.2446 3.50978 1.17688 1.17688 0.825624 0.825624 0.509381 0.337627 0.327621 0.226606 0.151551 0.0870968 0.0600783 0.0371162 0.0222994 0.0157156 0.0115231 0.00625553 0.00318837 0.00256195 0.00112455 0.000686641 0.000339622 0.000164171 4.14726e-05 1.52642e-08 0 0 0 0 0 0 0 0 0 0 0 0 0 0 0 0 0 0 0 0 0 0 0 0 0 0 0 0 0 0 0 0 0 0 0 0 0 0 0 0 0 0 0 0 0 0 0 0 0 0 0 0 0 0 0 0 0 0 0 0 0 0 0 0 0 0 0 0 0
17.7671 8.60526 5.6866 1.51846 1.51846 1.06965 1.00789 0.696374 0.492425 0.254555 0.254555 0.153059 0.115947 0.0467628 0.0418818 0.0227004 0.0227004 0.0121596 0.0100313 0.00530992 0.00187045 0.00187045 0.00096438 0.000552813 0.000144917 3.41113e-05 5.99563e-06 0 0 0 0 0 0 0 0 0 0 0 0 0 0 0 0 0 0 0 0 0 0 0 0 0 0 0 0 0 0 0 0 0 0 0 0 0 0 0 0 0 0 0 0 0 0 0 0 0 0 0 0 0 0 0 0 0 0 0 0 0 0 0 0 0 0 0 0 0
12.3088 10.7465 5.42063 2.87683 1.74324 1.61018 0.888662 0.505613 0.360037 0.352268 0.236176 0.157213 0.107615 0.0806368 0.0451357 0.027686 0.0223654 0.0142088 0.00732136 0.00353373 0.00353373 0.00216686 0.00173394 0.000336588 0.000237862 7.63191e-05 1.51169e-05 0 0 0 0 0 0 0 0 0 0 0 0 0 0 0 0 0 0 0 0 0 0 0 0 0 0 0 0 0 0 0 0 0 0 0 0 0 0 0 0 0 0 0 0 0 0 0 0 0 0 0 0 0 0 0 0 0 0 0 0 0 0 0 0 0 0 0 0 0
12.6459 8.03808 7.88092 3.07563 1.7487 1.08333 0.807234 0.232235 0.232235 0.232235 0.221672 0.144551 0.0956716 0.069541 0.0663036 0.0404479 0.022697 0.0157193 0.00754637 0.00614454 0.00252076 0.00110934 0.00110934 0.000316798 0.000158126 6.5954e-07 2.81914e-08 0 0 0 0 0 0 0 0 0 0 0 0 0 0 0 0 0 0 0 0 0 0 0 0 0 0 0 0 0 0 0 0 0 0 0 0 0 0 0 0 0 0 0 0 0 0 0 0 0 0 0 0 0 0 0 0 0 0 0 0 0 0 0 0 0 0 0 0 0
13.6278 7.69279 7.69279 3.38363 1.70317 1.56963 0.904587 0.569673 0.44915 0.262211 0.198354 0.198354 0.105833 0.085048 0.075843 0.0363974 0.0301864 0.0219412 0.00968373 0.00930882 0.00561639 0.00360039 0.00144387 0.000911474 0.00058458 0.000269757 0.000116828 0 0 0 0 0 0 0 0 0 0 0 0 0 0 0 0 0 0 0 0 0 0 0 0 0 0 0 0 0 0 0 0 0 0 0 0 0 0 0 0 0 0 0 0 0 0 0 0 0 0 0 0 0 0 0 0 0 0 0 0 0 0 0 0 0 0 0 0 0
8.26566 8.26566 4.56746 2.46112 1.949 1.23631 0.90587 0.614443 0.519634 0.410364 0.189314 0.117428 0.0850567 0.0795011 0.0575753 0.027112 0.00992679 0.00992679 0.00992679 0.00992679 0.00432056 0.00331441 0.00131702 0.00111116 0.000291526 0.000132155 2.48824e-05 0 0 0 0 0 0 0 0 0 0 0 0 0 0 0 0 0 0 0 0 0 0 0 0 0 0 0 0 0 0 0 0 0 0 0 0 0 0 0 0 0 0 0 0 0 0 0 0 0 0 0 0 0 0 0 0 0 0 0 0 0 0 0 0 0 0 0 0 0
16.3111 11.2359 3.67703 2.70047 2.54667 1.41033 0.988493 0.843253 0.412144 0.355364 0.293233 0.147971 0.125032 0.0863207 0.0632108 0.0392204 0.0261901 0.0162471 0.00753323 0.00726324 0.00377709 0.00233649 0.000714137 0.000237809 0.000237809 4.50128e-05 1.09589e-05 0 0 0 0 0 0 0 0 0 0 0 0 0 0 0 0 0 0 0 0 0 0 0 0 0 0 0 0 0 0 0 0 0 0 0 0 0 0 0 0 0 0 0 0 0 0 0 0 0 0 0 0 0 0 0 0 0 0 0 0 0 0 0 0 0 0 0 0 0
25.5623 10.8998 3.74302 2.79385 1.8232 1.17957 1.04917 0.634261 0.277822 0.277822 0.211974 0.120129 0.113562 0.0942587 0.044688 0.0348841 0.0162992 0.0162992 0.00802908 0.00658123 0.00534407 0.00270465 0.00134572 0.000603372 0.000318511 1.41622e-05 6.51757e-06 0 0 0 0 0 0 0 0 0 0 0 0 0 0 0 0 0 0 0 0 0 0 0 0 0 0 0 0 0 0 0 0 0 0 0 0 0 0 0 0 0 0 0 0 0 0 0 0 0 0 0 0 0 0 0 0 0 0 0 0 0 0 0 0 0 0 0 0 0
21.2988 10.0351 4.76592 2.23398 1.78887 1.32168 0.536186 0.536186 0.431788 0.330799 0.128494 0.0986433 0.0801284 0.0570777 0.0383189 0.0199738 0.014865 0.00829526 0.00556489 0.00341125 0.00321208 0.00151332 0.000536701 0.000266834 0.000152017 5.64039e-05 1.93905e-05 0 0 0 0 0 0 0 0 0 0 0 0 0 0 0 0 0 0 0 0 0 0 0 0 0 0 0 0 0 0 0 0 0 0 0 0 0 0 0 0 0 0 0 0 0 0 0 0 0 0 0 0 0 0 0 0 0 0 0 0 0 0 0 0 0 0 0 0 0
