12.0034 6.16147 5.23246 1.19366 0.997169 0.536914 0.229849 0.13542 0.13542 0.115106 0.0366515 0.0202774 0.0147125 0.000606941 7.13441e-07 7.13441e-07 2.32542e-07 0 0 0 0 0 0 0 0 0 0 0 0 0 0 0 0 0 0 0 0 0 0 0 0 0 0 0 0 0 0 0 0 0 0 0 0 0 0 0 0 0 0 0 0 0 0 0 0 0 0 0 0 0 0 0 0 0 0 0 0 0 0 0 0 0 0 0 0 0 0 0 0 0 0 0 0 0 0 0
12.0406 8.35104 7.25754 2.73728 1.43467 1.39165 0.685593 0.17186 0.17186 0.117621 0.0660925 0.0352392 0.0151802 7.36722e-05 7.36722e-05 2.87474e-06 1.62902e-06 1.33352e-08 0 0 0 0 0 0 0 0 0 0 0 0 0 0 0 0 0 0 0 0 0 0 0 0 0 0 0 0 0 0 0 0 0 0 0 0 0 0 0 0 0 0 0 0 0 0 0 0 0 0 0 0 0 0 0 0 0 0 0 0 0 0 0 0 0 0 0 0 0 0 0 0 0 0 0 0 0 0
6.79859 6.7021 3.78026 2.26376 1.21194 0.984677 0.612835 0.2325 0.2325 0.0802416 0.037895 0.01482 0.00699527 0.00397044 0.000310519 4.9538e-07 0 0 0 0 0 0 0 0 0 0 0 0 0 0 0 0 0 0 0 0 0 0 0 0 0 0 0 0 0 0 0 0 0 0 0 0 0 0 0 0 0 0 0 0 0 0 0 0 0 0 0 0 0 0 0 0 0 0 0 0 0 0 0 0 0 0 0 0 0 0 0 0 0 0 0 0 0 0 0 0
13.646 10.0565 4.63775 2.1835 1.10821 1.10821 0.414698 0.101209 0.101209 0.101209 0.0699587 0.00788585 0.00788585 7.11083e-06 7.11083e-06 9.38139e-07 6.66996e-08 1.14371e-08 0 0 0 0 0 0 0 0 0 0 0 0 0 0 0 0 0 0 0 0 0 0 0 0 0 0 0 0 0 0 0 0 0 0 0 0 0 0 0 0 0 0 0 0 0 0 0 0 0 0 0 0 0 0 0 0 0 0 0 0 0 0 0 0 0 0 0 0 0 0 0 0 0 0 0 0 0 0
10.3873 9.68744 4.76126 2.96612 1.77627 0.697348 0.621567 0.233447 0.149861 0.106514 0.0892194 0.033879 0.0102359 0.00760594 1.73438e-05 5.66982e-07 1.17459e-07 0 0 0 0 0 0 0 0 0 0 0 0 0 0 0 0 0 0 0 0 0 0 0 0 0 0 0 0 0 0 0 0 0 0 0 0 0 0 0 0 0 0 0 0 0 0 0 0 0 0 0 0 0 0 0 0 0 0 0 0 0 0 0 0 0 0 0 0 0 0 0 0 0 0 0 0 0 0 0
15.0923 8.61439 4.78491 1.84899 1.39869 1.27229 0.451127 0.332899 0.139137 0.127565 0.125751 0.0504019 0.023083 0.00666922 0.000601064 1.43763e-07 0 0 0 0 0 0 0 0 0 0 0 0 0 0 0 0 0 0 0 0 0 0 0 0 0 0 0 0 0 0 0 0 0 0 0 0 0 0 0 0 0 0 0 0 0 0 0 0 0 0 0 0 0 0 0 0 0 0 0 0 0 0 0 0 0 0 0 0 0 0 0 0 0 0 0 0 0 0 0 0
14.1589 9.55222 5.00743 1.61349 1.24175 0.872665 0.468562 0.365562 0.123535 0.104302 0.0759616 0.0229345 0.0142795 0.000622249 1.81639e-05 4.28088e-08 4.28088e-08 0 0 0 0 0 0 0 0 0 0 0 0 0 0 0 0 0 0 0 0 0 0 0 0 0 0 0 0 0 0 0 0 0 0 0 0 0 0 0 0 0 0 0 0 0 0 0 0 0 0 0 0 0 0 0 0 0 0 0 0 0 0 0 0 0 0 0 0 0 0 0 0 0 0 0 0 0 0 0
19.7021 5.84822 5.84822 1.77683 1.16909 0.8836 0.614077 0.405781 0.128575 0.0651986 0.0388041 0.0138651 0.00426701 7.65785e-06 3.72787e-06 7.46034e-08 0 0 0 0 0 0 0 0 0 0 0 0 0 0 0 0 0 0 0 0 0 0 0 0 0 0 0 0 0 0 0 0 0 0 0 0 0 0 0 0 0 0 0 0 0 0 0 0 0 0 0 0 0 0 0 0 0 0 0 0 0 0 0 0 0 0 0 0 0 0 0 0 0 0 0 0 0 0 0 0
16.1632 7.95537 3.17907 1.84098 0.691999 0.690104 0.382092 0.174172 0.0611587 0.047236 0.0150316 0.00251903 0.000452996 2.75839e-07 2.75839e-07 0 0 0 0 0 0 0 0 0 0 0 0 0 0 0 0 0 0 0 0 0 0 0 0 0 0 0 0 0 0 0 0 0 0 0 0 0 0 0 0 0 0 0 0 0 0 0 0 0 0 0 0 0 0 0 0 0 0 0 0 0 0 0 0 0 0 0 0 0 0 0 0 0 0 0 0 0 0 0 0 0
11.6362 11.4666 6.00727 1.91791 0.879416 0.64261 0.458089 0.227539 0.0963878 0.0963878 0.0383266 0.0126241 0.00471018 6.12266e-05 2.36164e-06 2.03667e-06 1.0073e-08 1.0073e-08 0 0 0 0 0 0 0 0 0 0 0 0 0 0 0 0 0 0 0 0 0 0 0 0 0 0 0 0 0 0 0 0 0 0 0 0 0 0 0 0 0 0 0 0 0 0 0 0 0 0 0 0 0 0 0 0 0 0 0 0 0 0 0 0 0 0 0 0 0 0 0 0 0 0 0 0 0 0
18.6344 6.55652 5.50083 1.58581 0.60243 0.60243 0.429173 0.290454 0.15807 0.088686 0.0240223 0.0147318 0.000424017 0.000424017 5.43689e-06 1.38575e-07 1.38575e-07 4.07299e-08 0 0 0 0 0 0 0 0 0 0 0 0 0 0 0 0 0 0 0 0 0 0 0 0 0 0 0 0 0 0 0 0 0 0 0 0 0 0 0 0 0 0 0 0 0 0 0 0 0 0 0 0 0 0 0 0 0 0 0 0 0 0 0 0 0 0 0 0 0 0 0 0 0 0 0 0 0 0
17.4176 9.54299 6.51248 2.02903 1.97023 0.869043 0.736318 0.388903 0.292622 0.195299 0.0817242 0.0271294 0.021743 0.00091487 0.000122293 4.38551e-06 1.16365e-07 0 0 0 0 0 0 0 0 0 0 0 0 0 0 0 0 0 0 0 0 0 0 0 0 0 0 0 0 0 0 0 0 0 0 0 0 0 0 0 0 0 0 0 0 0 0 0 0 0 0 0 0 0 0 0 0 0 0 0 0 0 0 0 0 0 0 0 0 0 0 0 0 0 0 0 0 0 0 0
15.8405 9.69105 4.66198 1.67973 0.498956 0.498956 0.303895 0.275314 0.0684659 0.0212913 0.00979603 0.000520099 0.000520099 5.83709e-05 5.59193e-08 5.59193e-08 0 0 0 0 0 0 0 0 0 0 0 0 0 0 0 0 0 0 0 0 0 0 0 0 0 0 0 0 0 0 0 0 0 0 0 0 0 0 0 0 0 0 0 0 0 0 0 0 0 0 0 0 0 0 0 0 0 0 0 0 0 0 0 0 0 0 0 0 0 0 0 0 0 0 0 0 0 0 0 0
15.5365 6.26917 5.17918 1.80782 1.65916 0.258336 0.258336 0.253892 0.0916671 0.0725377 0.0686328 0.0205909 0.00579099 0.00304508 0.000956246 1.82342e-08 1.82342e-08 0 0 0 0 0 0 0 0 0 0 0 0 0 0 0 0 0 0 0 0 0 0 0 0 0 0 0 0 0 0 0 0 0 0 0 0 0 0 0 0 0 0 0 0 0 0 0 0 0 0 0 0 0 0 0 0 0 0 0 0 0 0 0 0 0 0 0 0 0 0 0 0 0 0 0 0 0 0 0
12.2207 6.70677 4.95316 2.28184 0.949378 0.720286 0.651459 0.299851 0.115808 0.111011 0.0294471 0.0220462 0.00566079 5.95265e-05 2.32704e-06 0 0 0 0 0 0 0 0 0 0 0 0 0 0 0 0 0 0 0 0 0 0 0 0 0 0 0 0 0 0 0 0 0 0 0 0 0 0 0 0 0 0 0 0 0 0 0 0 0 0 0 0 0 0 0 0 0 0 0 0 0 0 0 0 0 0 0 0 0 0 0 0 0 0 0 0 0 0 0 0 0
12.8931 8.05115 6.42829 0.645108 0.645108 0.595508 0.27493 0.199482 0.117474 0.0716256 0.0292815 0.0148729 0.00310089 5.5908e-05 4.74388e-06 3.51159e-07 0 0 0 0 0 0 0 0 0 0 0 0 0 0 0 0 0 0 0 0 0 0 0 0 0 0 0 0 0 0 0 0 0 0 0 0 0 0 0 0 0 0 0 0 0 0 0 0 0 0 0 0 0 0 0 0 0 0 0 0 0 0 0 0 0 0 0 0 0 0 0 0 0 0 0 0 0 0 0 0
16.4519 6.40397 4.80318 2.11836 1.00008 0.438735 0.376823 0.259362 0.192469 0.0788237 2.89293e-06 2.89293e-06 2.89293e-06 2.89293e-06 2.89293e-06 6.56331e-07 0 0 0 0 0 0 0 0 0 0 0 0 0 0 0 0 0 0 0 0 0 0 0 0 0 0 0 0 0 0 0 0 0 0 0 0 0 0 0 0 0 0 0 0 0 0 0 0 0 0 0 0 0 0 0 0 0 0 0 0 0 0 0 0 0 0 0 0 0 0 0 0 0 0 0 0 0 0 0 0
13.5361 6.17744 6.17744 1.88945 1.04114 1.04114 0.614398 0.472612 0.241719 0.100421 0.0759239 0.0082787 0.00619812 0.00249992 0.000290291 2.60266e-06 0 0 0 0 0 0 0 0 0 0 0 0 0 0 0 0 0 0 0 0 0 0 0 0 0 0 0 0 0 0 0 0 0 0 0 0 0 0 0 0 0 0 0 0 0 0 0 0 0 0 0 0 0 0 0 0 0 0 0 0 0 0 0 0 0 0 0 0 0 0 0 0 0 0 0 0 0 0 0 0
12.4537 7.46868 6.69258 1.75024 1.29892 0.690796 0.61658 0.315513 0.109666 0.101848 0.101848 0.0540075 0.01497 0.00212166 0.000398317 6.81698e-07 1.26432e-08 0 0 0 0 0 0 0 0 0 0 0 0 0 0 0 0 0 0 0 0 0 0 0 0 0 0 0 0 0 0 0 0 0 0 0 0 0 0 0 0 0 0 0 0 0 0 0 0 0 0 0 0 0 0 0 0 0 0 0 0 0 0 0 0 0 0 0 0 0 0 0 0 0 0 0 0 0 0 0
14.6404 10.9475 6.7724 2.45175 1.7286 0.635244 0.297583 0.196864 0.196864 0.104654 0.0785951 0.0348 0.0239162 0.00148703 5.72309e-05 2.182e-06 2.21961e-07 0 0 0 0 0 0 0 0 0 0 0 0 0 0 0 0 0 0 0 0 0 0 0 0 0 0 0 0 0 0 0 0 0 0 0 0 0 0 0 0 0 0 0 0 0 0 0 0 0 0 0 0 0 0 0 0 0 0 0 0 0 0 0 0 0 0 0 0 0 0 0 0 0 0 0 0 0 0 0
12.4314 8.62078 3.41875 2.44523 1.08855 1.08855 0.561326 0.372997 0.17349 0.113503 0.0371913 0.0305068 0.00175554 0.00175554 0.000473804 1.59518e-06 0 0 0 0 0 0 0 0 0 0 0 0 0 0 0 0 0 0 0 0 0 0 0 0 0 0 0 0 0 0 0 0 0 0 0 0 0 0 0 0 0 0 0 0 0 0 0 0 0 0 0 0 0 0 0 0 0 0 0 0 0 0 0 0 0 0 0 0 0 0 0 0 0 0 0 0 0 0 0 0
17.564 11.2282 6.17329 2.78676 1.84392 0.573033 0.423401 0.32124 0.174531 0.145272 0.108069 0.0493635 0.0145159 0.00133328 1.05582e-07 1.05582e-07 5.83921e-08 0 0 0 0 0 0 0 0 0 0 0 0 0 0 0 0 0 0 0 0 0 0 0 0 0 0 0 0 0 0 0 0 0 0 0 0 0 0 0 0 0 0 0 0 0 0 0 0 0 0 0 0 0 0 0 0 0 0 0 0 0 0 0 0 0 0 0 0 0 0 0 0 0 0 0 0 0 0 0
14.1979 8.89293 6.41421 1.8818 0.655957 0.655957 0.488959 0.156789 0.119374 0.116574 0.0100179 0.0100179 0.00987128 0.00020244 6.37387e-07 1.93924e-07 0 0 0 0 0 0 0 0 0 0 0 0 0 0 0 0 0 0 0 0 0 0 0 0 0 0 0 0 0 0 0 0 0 0 0 0 0 0 0 0 0 0 0 0 0 0 0 0 0 0 0 0 0 0 0 0 0 0 0 0 0 0 0 0 0 0 0 0 0 0 0 0 0 0 0 0 0 0 0 0
16.1131 5.32193 5.32193 2.64692 1.89038 0.258673 0.258673 0.258673 0.224403 0.12326 0.080338 0.0547646 0.0104695 0.000734851 0.000290458 2.08895e-05 1.73942e-07 1.73942e-07 0 0 0 0 0 0 0 0 0 0 0 0 0 0 0 0 0 0 0 0 0 0 0 0 0 0 0 0 0 0 0 0 0 0 0 0 0 0 0 0 0 0 0 0 0 0 0 0 0 0 0 0 0 0 0 0 0 0 0 0 0 0 0 0 0 0 0 0 0 0 0 0 0 0 0 0 0 0
18.1043 10.517 5.11751 1.43794 1.43794 0.523617 0.523617 0.443708 0.217343 0.129238 0.0655244 0.0405911 0.00540696 0.00277162 1.06274e-05 0 0 0 0 0 0 0 0 0 0 0 0 0 0 0 0 0 0 0 0 0 0 0 0 0 0 0 0 0 0 0 0 0 0 0 0 0 0 0 0 0 0 0 0 0 0 0 0 0 0 0 0 0 0 0 0 0 0 0 0 0 0 0 0 0 0 0 0 0 0 0 0 0 0 0 0 0 0 0 0 0
10.6685 6.22465 3.33666 1.69138 0.971922 0.361429 0.239466 0.204534 0.204534 0.0981131 0.0683135 0.0208671 0.00856879 2.22165e-05 1.393e-06 0 0 0 0 0 0 0 0 0 0 0 0 0 0 0 0 0 0 0 0 0 0 0 0 0 0 0 0 0 0 0 0 0 0 0 0 0 0 0 0 0 0 0 0 0 0 0 0 0 0 0 0 0 0 0 0 0 0 0 0 0 0 0 0 0 0 0 0 0 0 0 0 0 0 0 0 0 0 0 0 0
14.1242 6.12317 3.90894 2.16511 1.27813 0.580132 0.55859 0.172355 0.153242 0.0770073 0.0260404 0.00643351 0.00186477 2.22474e-06 2.22474e-06 1.25072e-08 1.25072e-08 0 0 0 0 0 0 0 0 0 0 0 0 0 0 0 0 0 0 0 0 0 0 0 0 0 0 0 0 0 0 0 0 0 0 0 0 0 0 0 0 0 0 0 0 0 0 0 0 0 0 0 0 0 0 0 0 0 0 0 0 0 0 0 0 0 0 0 0 0 0 0 0 0 0 0 0 0 0 0
18.6611 9.01755 5.17072 2.00319 1.6237 1.13111 0.634562 0.326853 0.191073 0.0889319 0.0889319 0.0554071 0.0238894 0.00693097 0.00113567 1.37557e-05 5.85008e-07 2.41673e-07 0 0 0 0 0 0 0 0 0 0 0 0 0 0 0 0 0 0 0 0 0 0 0 0 0 0 0 0 0 0 0 0 0 0 0 0 0 0 0 0 0 0 0 0 0 0 0 0 0 0 0 0 0 0 0 0 0 0 0 0 0 0 0 0 0 0 0 0 0 0 0 0 0 0 0 0 0 0
23.6503 11.4744 5.2568 2.3893 1.17022 0.877429 0.422581 0.268592 0.204522 0.101685 0.0674745 0.0202968 0.0056911 0.000545257 3.07458e-05 8.79539e-07 0 0 0 0 0 0 0 0 0 0 0 0 0 0 0 0 0 0 0 0 0 0 0 0 0 0 0 0 0 0 0 0 0 0 0 0 0 0 0 0 0 0 0 0 0 0 0 0 0 0 0 0 0 0 0 0 0 0 0 0 0 0 0 0 0 0 0 0 0 0 0 0 0 0 0 0 0 0 0 0
18.1415 11.54 4.9979 1.68743 1.67145 0.965697 0.428646 0.297672 0.18186 0.129574 0.066933 0.0409253 0.0172556 0.00945586 0.00103808 1.49428e-06 0 0 0 0 0 0 0 0 0 0 0 0 0 0 0 0 0 0 0 0 0 0 0 0 0 0 0 0 0 0 0 0 0 0 0 0 0 0 0 0 0 0 0 0 0 0 0 0 0 0 0 0 0 0 0 0 0 0 0 0 0 0 0 0 0 0 0 0 0 0 0 0 0 0 0 0 0 0 0 0
12.3013 7.54397 5.0153 1.85219 1.04129 0.685144 0.288457 0.255522 0.19264 0.048931 0.0399713 0.0158742 0.00256396 5.68504e-05 1.25643e-05 0 0 0 0 0 0 0 0 0 0 0 0 0 0 0 0 0 0 0 0 0 0 0 0 0 0 0 0 0 0 0 0 0 0 0 0 0 0 0 0 0 0 0 0 0 0 0 0 0 0 0 0 0 0 0 0 0 0 0 0 0 0 0 0 0 0 0 0 0 0 0 0 0 0 0 0 0 0 0 0 0
6.11477 6.11477 4.20849 1.54738 0.786895 0.347943 0.347943 0.302757 0.0569302 0.0400323 0.0212331 0.01747 0.00229643 0.00048384 1.47375e-05 3.67984e-07 6.26927e-08 3.94895e-08 0 0 0 0 0 0 0 0 0 0 0 0 0 0 0 0 0 0 0 0 0 0 0 0 0 0 0 0 0 0 0 0 0 0 0 0 0 0 0 0 0 0 0 0 0 0 0 0 0 0 0 0 0 0 0 0 0 0 0 0 0 0 0 0 0 0 0 0 0 0 0 0 0 0 0 0 0 0
16.206 7.1743 5.30781 2.31398 1.34747 0.882303 0.442661 0.176001 0.176001 0.103796 0.0447742 0.0256342 0.00454886 0.000588564 0.000501075 2.26652e-07 3.95764e-08 0 0 0 0 0 0 0 0 0 0 0 0 0 0 0 0 0 0 0 0 0 0 0 0 0 0 0 0 0 0 0 0 0 0 0 0 0 0 0 0 0 0 0 0 0 0 0 0 0 0 0 0 0 0 0 0 0 0 0 0 0 0 0 0 0 0 0 0 0 0 0 0 0 0 0 0 0 0 0
12.8131 10.6083 5.74485 1.84461 1.67373 1.21492 0.641489 0.428426 0.153626 0.153626 0.105911 0.0364423 0.00945633 0.00462816 3.17798e-05 1.04776e-05 1.58465e-06 0 0 0 0 0 0 0 0 0 0 0 0 0 0 0 0 0 0 0 0 0 0 0 0 0 0 0 0 0 0 0 0 0 0 0 0 0 0 0 0 0 0 0 0 0 0 0 0 0 0 0 0 0 0 0 0 0 0 0 0 0 0 0 0 0 0 0 0 0 0 0 0 0 0 0 0 0 0 0
14.8688 4.73559 4.73559 2.81827 1.46065 1.05368 0.753952 0.616423 0.359905 0.128927 0.0973495 0.0370886 0.00468585 0.00276551 0.000488058 3.84208e-06 2.0594e-08 0 0 0 0 0 0 0 0 0 0 0 0 0 0 0 0 0 0 0 0 0 0 0 0 0 0 0 0 0 0 0 0 0 0 0 0 0 0 0 0 0 0 0 0 0 0 0 0 0 0 0 0 0 0 0 0 0 0 0 0 0 0 0 0 0 0 0 0 0 0 0 0 0 0 0 0 0 0 0
12.3136 4.24547 4.24547 1.8136 1.60289 1.21289 0.772573 0.334737 0.208416 0.114838 0.068724 0.0352713 0.00794544 0 0 0 0 0 0 0 0 0 0 0 0 0 0 0 0 0 0 0 0 0 0 0 0 0 0 0 0 0 0 0 0 0 0 0 0 0 0 0 0 0 0 0 0 0 0 0 0 0 0 0 0 0 0 0 0 0 0 0 0 0 0 0 0 0 0 0 0 0 0 0 0 0 0 0 0 0 0 0 0 0 0 0
10.6581 7.97602 4.53494 2.46033 0.922041 0.762873 0.449806 0.431129 0.276701 0.170852 0.049953 0.0170443 0.00567906 0.00334611 0.00090102 1.94931e-06 4.17239e-07 0 0 0 0 0 0 0 0 0 0 0 0 0 0 0 0 0 0 0 0 0 0 0 0 0 0 0 0 0 0 0 0 0 0 0 0 0 0 0 0 0 0 0 0 0 0 0 0 0 0 0 0 0 0 0 0 0 0 0 0 0 0 0 0 0 0 0 0 0 0 0 0 0 0 0 0 0 0 0
18.5784 6.772 3.90129 2.19832 1.48806 0.899032 0.574803 0.331373 0.231548 0.0886701 0.0257734 0.0257734 0.000819552 0.000520294 0.000119869 0 0 0 0 0 0 0 0 0 0 0 0 0 0 0 0 0 0 0 0 0 0 0 0 0 0 0 0 0 0 0 0 0 0 0 0 0 0 0 0 0 0 0 0 0 0 0 0 0 0 0 0 0 0 0 0 0 0 0 0 0 0 0 0 0 0 0 0 0 0 0 0 0 0 0 0 0 0 0 0 0
18.4521 11.4593 4.7384 1.59304 1.30002 0.658724 0.443963 0.294461 0.211343 0.0449242 0.0303458 0.0153805 0.0111676 0.000972411 5.18773e-08 5.18773e-08 0 0 0 0 0 0 0 0 0 0 0 0 0 0 0 0 0 0 0 0 0 0 0 0 0 0 0 0 0 0 0 0 0 0 0 0 0 0 0 0 0 0 0 0 0 0 0 0 0 0 0 0 0 0 0 0 0 0 0 0 0 0 0 0 0 0 0 0 0 0 0 0 0 0 0 0 0 0 0 0
11.0574 6.57145 5.89653 2.39908 1.26015 0.480368 0.426796 0.256053 0.107608 0.0766491 0.0377232 0.0167806 0.00453323 0.00013058 4.50599e-08 4.50599e-08 0 0 0 0 0 0 0 0 0 0 0 0 0 0 0 0 0 0 0 0 0 0 0 0 0 0 0 0 0 0 0 0 0 0 0 0 0 0 0 0 0 0 0 0 0 0 0 0 0 0 0 0 0 0 0 0 0 0 0 0 0 0 0 0 0 0 0 0 0 0 0 0 0 0 0 0 0 0 0 0
13.4973 9.08273 6.05088 2.59152 1.07361 1.00522 0.641681 0.295034 0.273073 0.105185 0.0762219 0.0448017 0.00446187 0.00329888 7.01635e-06 9.22232e-07 5.53051e-08 1.15496e-08 0 0 0 0 0 0 0 0 0 0 0 0 0 0 0 0 0 0 0 0 0 0 0 0 0 0 0 0 0 0 0 0 0 0 0 0 0 0 0 0 0 0 0 0 0 0 0 0 0 0 0 0 0 0 0 0 0 0 0 0 0 0 0 0 0 0 0 0 0 0 0 0 0 0 0 0 0 0
9.32617 6.22038 3.10557 2.03937 0.640053 0.294427 0.226122 0.226122 0.153613 0.090891 0.0254541 0.025352 0.00343129 0.000454168 2.55533e-07 1.50181e-08 1.50181e-08 1.50181e-08 0 0 0 0 0 0 0 0 0 0 0 0 0 0 0 0 0 0 0 0 0 0 0 0 0 0 0 0 0 0 0 0 0 0 0 0 0 0 0 0 0 0 0 0 0 0 0 0 0 0 0 0 0 0 0 0 0 0 0 0 0 0 0 0 0 0 0 0 0 0 0 0 0 0 0 0 0 0
16.6079 8.28158 3.52522 1.40602 0.862719 0.723424 0.438261 0.291039 0.172176 0.0666201 0.0204858 0.0199755 0.00199414 0.000205907 2.32427e-05 1.80751e-08 0 0 0 0 0 0 0 0 0 0 0 0 0 0 0 0 0 0 0 0 0 0 0 0 0 0 0 0 0 0 0 0 0 0 0 0 0 0 0 0 0 0 0 0 0 0 0 0 0 0 0 0 0 0 0 0 0 0 0 0 0 0 0 0 0 0 0 0 0 0 0 0 0 0 0 0 0 0 0 0
20.7157 8.50158 5.50393 2.68659 1.52318 1.20118 0.730749 0.285871 0.160202 0.118565 0.0121991 0.010741 0.00325148 0.000601044 6.20665e-07 0 0 0 0 0 0 0 0 0 0 0 0 0 0 0 0 0 0 0 0 0 0 0 0 0 0 0 0 0 0 0 0 0 0 0 0 0 0 0 0 0 0 0 0 0 0 0 0 0 0 0 0 0 0 0 0 0 0 0 0 0 0 0 0 0 0 0 0 0 0 0 0 0 0 0 0 0 0 0 0 0
13.8928 10.1484 5.52113 2.86347 1.37977 0.753083 0.372224 0.173572 0.127632 0.0331587 0.0331587 0.0331587 0.00892633 0.00137286 3.62475e-07 3.62475e-07 1.40591e-08 0 0 0 0 0 0 0 0 0 0 0 0 0 0 0 0 0 0 0 0 0 0 0 0 0 0 0 0 0 0 0 0 0 0 0 0 0 0 0 0 0 0 0 0 0 0 0 0 0 0 0 0 0 0 0 0 0 0 0 0 0 0 0 0 0 0 0 0 0 0 0 0 0 0 0 0 0 0 0
15.5063 9.86207 6.52348 2.27909 1.375 0.908148 0.465489 0.342861 0.0735828 0.0735828 0.0455912 0.01834 0.0131043 0.00449755 4.98059e-05 7.21541e-07 2.17778e-08 0 0 0 0 0 0 0 0 0 0 0 0 0 0 0 0 0 0 0 0 0 0 0 0 0 0 0 0 0 0 0 0 0 0 0 0 0 0 0 0 0 0 0 0 0 0 0 0 0 0 0 0 0 0 0 0 0 0 0 0 0 0 0 0 0 0 0 0 0 0 0 0 0 0 0 0 0 0 0
17.6835 8.69348 5.01594 2.018 1.0949 0.481443 0.481443 0.295476 0.24696 0.0731645 0.0731645 0.0170959 0.00360536 0.000462693 2.80552e-06 2.80552e-06 0 0 0 0 0 0 0 0 0 0 0 0 0 0 0 0 0 0 0 0 0 0 0 0 0 0 0 0 0 0 0 0 0 0 0 0 0 0 0 0 0 0 0 0 0 0 0 0 0 0 0 0 0 0 0 0 0 0 0 0 0 0 0 0 0 0 0 0 0 0 0 0 0 0 0 0 0 0 0 0
20.4237 4.88959 4.48997 1.58789 1.1292 0.494608 0.28055 0.208467 0.148289 0.044527 0.0207343 0.0207343 0.0017802 9.22205e-05 1.12957e-06 1.12957e-06 0 0 0 0 0 0 0 0 0 0 0 0 0 0 0 0 0 0 0 0 0 0 0 0 0 0 0 0 0 0 0 0 0 0 0 0 0 0 0 0 0 0 0 0 0 0 0 0 0 0 0 0 0 0 0 0 0 0 0 0 0 0 0 0 0 0 0 0 0 0 0 0 0 0 0 0 0 0 0 0
14.8316 11.0243 7.11093 2.76864 1.20582 0.940413 0.434267 0.434267 0.263247 0.126638 0.0339802 0.0114021 0.00463164 0.0013191 2.80658e-06 2.66938e-07 2.62502e-08 0 0 0 0 0 0 0 0 0 0 0 0 0 0 0 0 0 0 0 0 0 0 0 0 0 0 0 0 0 0 0 0 0 0 0 0 0 0 0 0 0 0 0 0 0 0 0 0 0 0 0 0 0 0 0 0 0 0 0 0 0 0 0 0 0 0 0 0 0 0 0 0 0 0 0 0 0 0 0
10.5009 8.98942 5.24418 2.20687 1.32407 1.14256 0.563801 0.40853 0.194663 0.0962674 0.0536964 0.0216223 0.00695278 0.00500563 1.20529e-06 0 0 0 0 0 0 0 0 0 0 0 0 0 0 0 0 0 0 0 0 0 0 0 0 0 0 0 0 0 0 0 0 0 0 0 0 0 0 0 0 0 0 0 0 0 0 0 0 0 0 0 0 0 0 0 0 0 0 0 0 0 0 0 0 0 0 0 0 0 0 0 0 0 0 0 0 0 0 0 0 0
13.0859 6.39669 6.34907 1.86214 1.41677 0.743755 0.557198 0.237242 0.17111 0.0911423 0.0865224 0.0134733 0.00535268 0.000790661 8.72216e-06 3.2729e-08 3.2729e-08 3.13017e-08 0 0 0 0 0 0 0 0 0 0 0 0 0 0 0 0 0 0 0 0 0 0 0 0 0 0 0 0 0 0 0 0 0 0 0 0 0 0 0 0 0 0 0 0 0 0 0 0 0 0 0 0 0 0 0 0 0 0 0 0 0 0 0 0 0 0 0 0 0 0 0 0 0 0 0 0 0 0
