problem	evaluations	best value
0	400 / 400	0.0019281918366509407
1	400 / 400	0.022200635834462207
2	400 / 400	1.0036194078776797
3	400 / 400	1.17680101000577
4	400 / 400	0.0013565342892007904
5	400 / 400	2.3380363524472001
6	400 / 400	0.81400009511510907
7	400 / 400	0.00041730275804496825
8	400 / 400	1.3555379781017003
9	400 / 400	0.011217005924649501
10	400 / 400	0.99552746479999887
11	400 / 400	0.00018984848516012705
12	400 / 400	1.4149386676795097
13	400 / 400	1.0744208038244598
14	400 / 400	0.00099174442041061205
15	400 / 400	1.9908180754034199
16	400 / 400	2.0468227990451595
17	400 / 400	1.9923664764801199
18	400 / 400	1.9946456778426098
19	400 / 400	0.0084570061204480903
20	400 / 400	0.11075025749893203
21	400 / 400	2.1791591988184398
22	400 / 400	1.6550396855842597
23	400 / 400	2.2792325590354801
24	400 / 400	0.027857853463427108
25	400 / 400	0.014619216446337903
26	400 / 400	0.028346384059840805
27	400 / 400	0.14936691245271302
28	400 / 400	0.00055791453738507411
29	400 / 400	1.0181559882002003
30	400 / 400	0.00029829518318891208
31	400 / 400	1.1279049206674199
32	400 / 400	0.20807083737293303
33	400 / 400	1.0412225670254298
34	400 / 400	0.0076665151142663009
35	400 / 400	1.3201057921819199
36	400 / 400	1.8237363445829597
37	400 / 400	0.17275788323029703
38	400 / 400	1.8989111490662702
39	400 / 400	1.0547307299935402
40	400 / 400	1.0798092172143094
41	400 / 400	0.26823839063975202
42	400 / 400	0.0018774628135460605
43	400 / 400	0.326145551696506
44	400 / 400	0.018432112384527206
45	400 / 400	0.0041898451031343615
46	400 / 400	0.0039518316117366226
47	400 / 400	0.032733779578354216
48	400 / 400	0.99810336078488893
49	400 / 400	1.0331099854641999
50	400 / 400	0.94564599001861516
51	400 / 400	0.77342528926105591
52	400 / 400	1.02048188051331
53	400 / 400	0.99548194458012795
54	400 / 400	0.99551471416560489
55	400 / 400	0.077055098557824692
56	400 / 400	0.20547647131659402
57	400 / 400	0.00094833811302663727
58	400 / 400	0.00091525899542688226
59	400 / 400	0.63771496832250607
60	400 / 400	1.0204434712630701
61	400 / 400	0.060225084516858408
62	400 / 400	0.075286545437524721
63	400 / 400	0.59392702497778105
64	400 / 400	0.04557262966990553
65	400 / 400	0.11849236760752301
66	400 / 400	1.0369578674776201
67	400 / 400	2.0021098656983303
68	400 / 400	0.99819713056999904
69	400 / 400	1.0848100665482603
70	400 / 400	0.78312547292957324
71	400 / 400	1.02571793700474
72	400 / 400	0.40935746658247407
73	400 / 400	2.0051911664435202
74	400 / 400	1.0009508048450202
75	400 / 400	1.51701974903186
76	400 / 400	0.0012456032934977704
77	400 / 400	1.1558511617382903
78	400 / 400	0.00036217857354259303
79	400 / 400	1.1093274168579799
80	400 / 400	0.0025332699693301208
81	400 / 400	0.11640780974398302
82	400 / 400	1.9324080454148898
83	400 / 400	2.0245747827882905
84	400 / 400	0.74079614453558718
85	400 / 400	0.010189168273814901
86	400 / 400	1.0486716762386898
87	400 / 400	0.94385619472669191
88	400 / 400	2.6690069402598597
89	400 / 400	0.38691691842878506
90	400 / 400	1.1171738252526899
91	400 / 400	1.0032384132068699
92	400 / 400	0.80607366282929904
93	400 / 400	1.0033748312309199
94	400 / 400	0.9949928393318791
95	400 / 400	1.7994149615649002
96	400 / 400	0.62003641946273202
97	400 / 400	0.95788420513240202
98	400 / 400	0.14043111844374301
99	400 / 400	0.99689659716605994
100	1600 / 1600	0.00032270978713455607
101	1600 / 1600	1.9903698422688598
102	1600 / 1600	3.0254661606288695
103	1600 / 1600	0.99509245064904006
104	1600 / 1600	2.9849308876534804
105	1600 / 1600	0.00062770783021903807
106	1600 / 1600	0.20925230328636205
107	1600 / 1600	0.99689810089456898
108	1600 / 1600	0.99496011684464492
109	1600 / 1600	3.19509554103404
110	1600 / 1600	0.9949594747144771
111	1600 / 1600	1.98994217267135
112	1600 / 1600	0.99496115423825393
113	1600 / 1600	1.9958924703615699
114	1600 / 1600	2.4518155550424101
115	1600 / 1600	1.2439927968449496
116	1600 / 1600	1.0062932151552497
117	1600 / 1600	1.0136375812888101
118	1600 / 1600	2.1984965280486599
119	1600 / 1600	0.00015708434104766411
120	1600 / 1600	0.99507005591890196
121	1600 / 1600	1.9917088553792397
122	1600 / 1600	0.476543787405731
123	1600 / 1600	0.99501013837615893
124	1600 / 1600	3.9806691552582194
125	1600 / 1600	2.0001538619409307
126	1600 / 1600	3.3198388982482392
127	1600 / 1600	3.2152247471932003
128	1600 / 1600	0.99496941733442412
129	1600 / 1600	0.99498746228746893
130	1600 / 1600	3.5798175497526801
131	1600 / 1600	0.031555481567053796
132	1600 / 1600	0.40721027743934007
133	1600 / 1600	0.99497109886477408
134	1600 / 1600	7.2759114850384803e-05
135	1600 / 1600	2.9849914320094904
136	1600 / 1600	0.99506516119522781
137	1600 / 1600	0.14754558798024703
138	1600 / 1600	0.99499014216726089
139	1600 / 1600	2.6657920419533405
140	1600 / 1600	1.1813345852540098
141	1600 / 1600	1.0013680581594395
142	1600 / 1600	0.9949674815550299
143	1600 / 1600	1.9932258914760299
144	1600 / 1600	0.99797097259163103
145	1600 / 1600	4.5680514520631403
146	1600 / 1600	0.0023200809487562398
147	1600 / 1600	0.0026823439590870604
148	1600 / 1600	0.99496657073510886
149	1600 / 1600	1.9899344670173595
150	1600 / 1600	2.4435206312565803
151	1600 / 1600	5.5408422512842606
152	1600 / 1600	1.0049605173893896
153	1600 / 1600	1.9899359035582
154	1600 / 1600	1.4514196002081297
155	1600 / 1600	2.0453272293884304
156	1600 / 1600	0.24762654601730102
157	1600 / 1600	0.99497911110572801
158	1600 / 1600	3.5424234661116398
159	1600 / 1600	0.99496469967675694
160	1600 / 1600	1.3940318528164399
161	1600 / 1600	2.9875377367912108
162	1600 / 1600	0.99596935019396693
163	1600 / 1600	2.2996723564910302
164	1600 / 1600	2.9848818942838098
165	1600 / 1600	1.32225136522537
166	1600 / 1600	1.7987703796745502
167	1600 / 1600	0.99503496392734481
168	1600 / 1600	1.05384577312071
169	1600 / 1600	1.0042797990496797
170	1600 / 1600	8.54433414332334e-06
171	1600 / 1600	1.05774194584885
172	1600 / 1600	2.0161519686438298
173	1600 / 1600	2.40367047629148
174	1600 / 1600	0.60405652069894
175	1600 / 1600	1.0627402262062402
176	1600 / 1600	2.5722654085055594
177	1600 / 1600	0.99934935951554804
178	1600 / 1600	0.020553752280214603
179	1600 / 1600	0.58890957957026302
180	1600 / 1600	4.2872308365390088
181	1600 / 1600	2.0894085642601299
182	1600 / 1600	2.0035579463076507
183	1600 / 1600	2.4406103393729994
184	1600 / 1600	1.98995846294888
185	1600 / 1600	0.48171616288804109
186	1600 / 1600	2.0340121617768196
187	1600 / 1600	1.4366444856987299
188	1600 / 1600	4.2319344311861
189	1600 / 1600	1.9900476572466299
190	1600 / 1600	0.99538686026520684
191	1600 / 1600	0.081243778016322224
192	1600 / 1600	1.9899779467890399
193	1600 / 1600	2.0493172151147103
194	1600 / 1600	7.9531879748628893e-08
195	1600 / 1600	0.99926693862154492
196	1600 / 1600	1.9909227065183899
197	1600 / 1600	4.47947551671243
198	1600 / 1600	0.99869050955707206
199	1600 / 1600	3.61078601626784
200	2500 / 2500	2.5805596428848303
201	2500 / 2500	2.0315261203052197e-05
202	2500 / 2500	0.99495952960450007
203	2500 / 2500	1.9899216699160598
204	2500 / 2500	2.1897849511194805
205	2500 / 2500	1.9899183072305997
206	2500 / 2500	2.9380734645201295e-07
207	2500 / 2500	1.9906740930145097
208	2500 / 2500	0.99497070754250705
209	2500 / 2500	0.00079747263736607021
210	2500 / 2500	3.9798377386541
211	2500 / 2500	0.0010697997680111401
212	2500 / 2500	1.9899591849648699
213	2500 / 2500	2.2628215898354802
214	2500 / 2500	0.99500911981729689
215	2500 / 2500	1.12249286740427
216	2500 / 2500	7.6135035865549598
217	2500 / 2500	2.9849216288477005
218	2500 / 2500	0.99698932298787202
219	2500 / 2500	2.9848850291008895
220	2500 / 2500	2.2044719133855302
221	2500 / 2500	3.0968208719489101
222	2500 / 2500	1.3595043841213699
223	2500 / 2500	2.0430249811554204
224	2500 / 2500	0.99506260508370992
225	2500 / 2500	1.99818254239018
226	2500 / 2500	2.9849504568288197
227	2500 / 2500	0.99522522618172404
228	2500 / 2500	1.9903453509876499
229	2500 / 2500	0.9949592170237912
230	2500 / 2500	3.4295711742686898
231	2500 / 2500	1.03591040150559
232	2500 / 2500	1.9899208624046196
233	2500 / 2500	1.9899942218312998
234	2500 / 2500	1.9899250117428098
235	2500 / 2500	3.9911752623649401
236	2500 / 2500	2.0135663671065105
237	2500 / 2500	0.99498428358136692
238	2500 / 2500	1.9899185089241398
239	2500 / 2500	1.9899207977686295
240	2500 / 2500	2.9849014470199404
241	2500 / 2500	1.0090916167646695
242	2500 / 2500	4.9748062514079292
243	2500 / 2500	1.1398235246650601
244	2500 / 2500	0.0065863610589431722
245	2500 / 2500	1.9899206196188297
246	2500 / 2500	1.9930517371614198
247	2500 / 2500	0.99756436103508883
248	2500 / 2500	2.9883975464170911
249	2500 / 2500	2.00835357522354
250	2500 / 2500	0.035439765757530502
251	2500 / 2500	1.99139090939556
252	2500 / 2500	2.8642207681857306
253	2500 / 2500	1.9901258015497301
254	2500 / 2500	4.7796181678151406
255	2500 / 2500	4.9747957706628103
256	2500 / 2500	0.99499327776914004
257	2500 / 2500	1.9900011334646399
258	2500 / 2500	1.9899190161412199
259	2500 / 2500	1.9899332229846696
260	2500 / 2500	1.9899228658305899
261	2500 / 2500	4.3681343903190086
262	2500 / 2500	2.9317452246680791
263	2500 / 2500	4.3617774380566097
264	2500 / 2500	2.9937745242888698
265	2500 / 2500	2.5108313152022501
266	2500 / 2500	1.9899671019957501
267	2500 / 2500	0.00060034476838666305
268	2500 / 2500	4.10267341347621
269	2500 / 2500	0.99499986524933304
270	2500 / 2500	2.2256495683731599
271	2500 / 2500	1.9899189694622401
272	2500 / 2500	1.9899181956416399
273	2500 / 2500	7.6078480374380089
274	2500 / 2500	5.8359927619406404
275	2500 / 2500	1.0165589210190202
276	2500 / 2500	1.9913534621420199
277	2500 / 2500	1.4945402197641897
278	2500 / 2500	1.9899358092879298
279	2500 / 2500	1.9916566229479897
280	2500 / 2500	0.99500512669743602
281	2500 / 2500	6.9647515836902096
282	2500 / 2500	4.9747964169815306
283	2500 / 2500	5.9697494144927017
284	2500 / 2500	1.9899189623219999
285	2500 / 2500	2.3182483433563394
286	2500 / 2500	3.9798372577026107
287	2500 / 2500	1.7298697968602399
288	2500 / 2500	2.0135522210067598
289	2500 / 2500	0.99583221954598899
290	2500 / 2500	2.9936556429440597
291	2500 / 2500	2.9850477168885301
292	2500 / 2500	2.1764541964846593
293	2500 / 2500	1.3777456615571299e-06
294	2500 / 2500	2.9848831583156801
295	2500 / 2500	0.00039458764567257298
296	2500 / 2500	0.0012886032856940202
297	2500 / 2500	4.9747955257121212
298	2500 / 2500	1.9899313460672396
299	2500 / 2500	4.048031030465939
300	6400 / 6400	1.9904386234437801
301	6400 / 6400	1.98991832799851
302	6400 / 6400	9.9495903335104909
303	6400 / 6400	1.98991817289183
304	6400 / 6400	1.9899211757291095
305	6400 / 6400	7.0226064963208004e-09
306	6400 / 6400	1.9899255049675399
307	6400 / 6400	3.9804476933723998
308	6400 / 6400	1.9899196679081397
309	6400 / 6400	3.97983748208613
310	6400 / 6400	0.99496036786437991
311	6400 / 6400	0.99508500655244303
312	6400 / 6400	3.3280998883587101
313	6400 / 6400	3.97983634033538
314	6400 / 6400	0.99495914620111103
315	6400 / 6400	2.9848783502413201
316	6400 / 6400	0.99495981907250608
317	6400 / 6400	1.9902542452931697
318	6400 / 6400	1.9899182467812599
319	6400 / 6400	0.99496488039511599
320	6400 / 6400	2.9848772033008397
321	6400 / 6400	2.9849004452550902
322	6400 / 6400	2.9848773778556801
323	6400 / 6400	3.9798378226434901
324	6400 / 6400	0.99495929589630794
325	6400 / 6400	7.959843686356141
326	6400 / 6400	3.9798362585533904
327	6400 / 6400	2.9848771750096996
328	6400 / 6400	4.9750232900365905
329	6400 / 6400	0.99495940724338516
330	6400 / 6400	2.9848771883369505
331	6400 / 6400	0.99495954821124089
332	6400 / 6400	2.9848771998881896
333	6400 / 6400	3.9798366257945594
334	6400 / 6400	2.9850268205303103
335	6400 / 6400	1.9899181285881899
336	6400 / 6400	2.9956684553766695
337	6400 / 6400	4.97480067622433
338	6400 / 6400	7.9596674544644417
339	6400 / 6400	2.98487825907341
340	6400 / 6400	17.084815421718304
341	6400 / 6400	2.9848771725095702
342	6400 / 6400	2.98487721386266
343	6400 / 6400	5.969759758384531
344	6400 / 6400	7.9596674414678112
345	6400 / 6400	4.9748419797784598
346	6400 / 6400	4.9747967690952395
347	6400 / 6400	2.9848771790567197
348	6400 / 6400	3.9798446036783894
349	6400 / 6400	0.99503531459725991
350	6400 / 6400	1.9899181251421398
351	6400 / 6400	1.9899182555147696
352	6400 / 6400	2.9848779536681196
353	6400 / 6400	1.99423683655613
354	6400 / 6400	3.9798377242490397
355	6400 / 6400	1.9899184843162301
356	6400 / 6400	3.9798363230069498
357	6400 / 6400	4.9747955196884597
358	6400 / 6400	2.9848771931802696
359	6400 / 6400	3.9798362705322701
360	6400 / 6400	3.9798409000580892
361	6400 / 6400	0.99495911490838307
362	6400 / 6400	3.9798364371648494
363	6400 / 6400	2.9932147892118501
364	6400 / 6400	4.9747953383202494
365	6400 / 6400	3.9798362296760699
366	6400 / 6400	0.99495914431048504
367	6400 / 6400	0.9950667317016838
368	6400 / 6400	2.9848772034793902
369	6400 / 6400	0.99495907863965305
370	6400 / 6400	2.9848801322350798
371	6400 / 6400	1.9899298994211296
372	6400 / 6400	0.99496174183248287
373	6400 / 6400	3.9798362378142498
374	6400 / 6400	1.92028437595582e-08
375	6400 / 6400	2.98487718687571
376	6400 / 6400	5.969749312403791
377	6400 / 6400	2.9848816513833905
378	6400 / 6400	2.9874651149873999
379	6400 / 6400	1.9899181150883298
380	6400 / 6400	4.9748075095925399
381	6400 / 6400	1.26680419043623e-07
382	6400 / 6400	2.9848796524625802
383	6400 / 6400	3.97983623959637
384	6400 / 6400	1.9899246334567497
385	6400 / 6400	1.99030053515929
386	6400 / 6400	2.9848773971264801
387	6400 / 6400	4.9748105843749402
388	6400 / 6400	2.98487747993221
389	6400 / 6400	2.0036008226765505
390	6400 / 6400	1.9899181172197997
391	6400 / 6400	5.1132047929058899e-08
392	6400 / 6400	3.9798468546686494
393	6400 / 6400	0.99496125930383505
394	6400 / 6400	1.9899213988493594
395	6400 / 6400	3.9798369194143195
396	6400 / 6400	3.9798362323491099
397	6400 / 6400	2.9880349589127908
398	6400 / 6400	1.9900529440499501
399	6400 / 6400	2.3630693980300901
400	10000 / 10000	2.9848773695272799
401	10000 / 10000	1.4681518223369502e-09
402	10000 / 10000	3.9798362333342694
403	10000 / 10000	7.9596674499473714
404	10000 / 10000	2.98487820396493
405	10000 / 10000	0.99495905761664005
406	10000 / 10000	6.9647139334151493
407	10000 / 10000	0.99495953092454703
408	10000 / 10000	0.99495907754389623
409	10000 / 10000	1.9899227551048095
410	10000 / 10000	5.969754704705621
411	10000 / 10000	3.97999557580839
412	10000 / 10000	3.9798375886026802
413	10000 / 10000	4.9747913292375898
414	10000 / 10000	3.9798362293498593
415	10000 / 10000	6.9647083708900794
416	10000 / 10000	2.98487808645773
417	10000 / 10000	2.9848781998134495
418	10000 / 10000	3.9808599227067698
419	10000 / 10000	5.9697574552562003
420	10000 / 10000	1.9899184058727599
421	10000 / 10000	2.9848771768121103
422	10000 / 10000	4.9747952857206714
423	10000 / 10000	0.99496082005721587
424	10000 / 10000	4.974795293410101
425	10000 / 10000	2.9848782706702197
426	10000 / 10000	4.9747953060713899
427	10000 / 10000	2.9848771789833703
428	10000 / 10000	1.98991813390256
429	10000 / 10000	2.9848778583869908
430	10000 / 10000	0.99495905853719113
431	10000 / 10000	1.9899181175532699
432	10000 / 10000	2.9848771900507098
433	10000 / 10000	0.99495971064796196
434	10000 / 10000	0.99496093077158299
435	10000 / 10000	0.99496132045329899
436	10000 / 10000	2.98487717244313
437	10000 / 10000	4.9747952881651702
438	10000 / 10000	1.9899187666945
439	10000 / 10000	1.9899181145625999
440	10000 / 10000	3.9798369304898391
441	10000 / 10000	2.9848771717720104
442	10000 / 10000	1.9899181190122299
443	10000 / 10000	1.9899181163120099
444	10000 / 10000	1.9899185627218001
445	10000 / 10000	5.96975434324189
446	10000 / 10000	2.9848771745887497
447	10000 / 10000	0.9949592817810069
448	10000 / 10000	1.9899217395700397
449	10000 / 10000	3.9798362512564003
450	10000 / 10000	4.9747953308608306
451	10000 / 10000	2.9848771758477102
452	10000 / 10000	8.9546266258784506
453	10000 / 10000	3.9798362287731397
454	10000 / 10000	6.9647083745997795
455	10000 / 10000	4.97479530357597
456	10000 / 10000	4.9748805309276793
457	10000 / 10000	1.9899187510464198
458	10000 / 10000	2.9848772097371401
459	10000 / 10000	9.9495858258838208
460	10000 / 10000	9.9495855674546618
461	10000 / 10000	6.9647141104059083
462	10000 / 10000	2.9848772144033102
463	10000 / 10000	4.97479530751309
464	10000 / 10000	1.9899184135942098
465	10000 / 10000	3.0016892083040101e-08
466	10000 / 10000	1.9899181159297799
467	10000 / 10000	2.9848780321612098
468	10000 / 10000	5.9697546650747606
469	10000 / 10000	2.9848771762393902
470	10000 / 10000	4.9747958746173095
471	10000 / 10000	24.873931326229901
472	10000 / 10000	1.98991811938851
473	10000 / 10000	3.9813987919103404
474	10000 / 10000	2.9848774841044396
475	10000 / 10000	0.99495905774989513
476	10000 / 10000	0.8550004175211402
477	10000 / 10000	1.9899275341099099
478	10000 / 10000	2.9848786446140596
479	10000 / 10000	2.9848772235373402
480	10000 / 10000	2.9848774420140503
481	10000 / 10000	2.9848771809151597
482	10000 / 10000	2.9859358306385499
483	10000 / 10000	0.9949590572737611
484	10000 / 10000	2.9848900135073504
485	10000 / 10000	4.9747958960739602
486	10000 / 10000	1.9899195476951896
487	10000 / 10000	0.99495945244650819
488	10000 / 10000	6.96471003334256
489	10000 / 10000	3.9798362300935697
490	10000 / 10000	4.97479677888842
491	10000 / 10000	5.9697543488595395
492	10000 / 10000	3.9798363376980297
493	10000 / 10000	4.9748247783566093
494	10000 / 10000	3.9798362815956798
495	10000 / 10000	3.9798362697131497
496	10000 / 10000	3.97989076550583
497	10000 / 10000	3.9798362291746097
498	10000 / 10000	0.99495912549700394
499	10000 / 10000	4.9755648863861399
500	25600 / 25600	1.9899181142984899
501	25600 / 25600	10.944544591468702
502	25600 / 25600	6.96470932213035
503	25600 / 25600	6.9647138194738094
504	25600 / 25600	17.909252987903496
505	25600 / 25600	0.99495957811251401
506	25600 / 25600	24.873936789494902
507	25600 / 25600	6.9647139049997699
508	25600 / 25600	17.909241361433697
509	25600 / 25600	5.9697551267306608
510	25600 / 25600	5.96975467787217
511	25600 / 25600	5.9697559449640805
512	25600 / 25600	3.9798362286413504
513	25600 / 25600	2.9848783898582392
514	25600 / 25600	5.9697551413098306
515	25600 / 25600	2.9848783815761499
516	25600 / 25600	3.9798369672534997
517	25600 / 25600	3.9798371795656897
518	25600 / 25600	8.954631516795132
519	25600 / 25600	3.9798367485898001
520	25600 / 25600	5.96975515085796
521	25600 / 25600	10.9203852217167
522	25600 / 25600	6.9647139166222889
523	25600 / 25600	21.8890886263179
524	25600 / 25600	6.9647143807015395
525	25600 / 25600	4.9747955302715603
526	25600 / 25600	1.9899198296882901
527	25600 / 25600	1.9899184368445899
528	25600 / 25600	2.9848776830268098
529	25600 / 25600	6.9647134032042608
530	25600 / 25600	12.934458367745099
531	25600 / 25600	1.9899183765039099
532	25600 / 25600	7.9596728220569704
533	25600 / 25600	0.99495973598382603
534	25600 / 25600	8.9546324351910922
535	25600 / 25600	1.9899194706458998
536	25600 / 25600	8.9546264761155197
537	25600 / 25600	4.9747958537390398
538	25600 / 25600	1.9899181142843398
539	25600 / 25600	3.9798367365890797
540	25600 / 25600	5.9697543526847001
541	25600 / 25600	2.9848776044157996
542	25600 / 25600	3.9798367079042101
543	25600 / 25600	2.9848775657891302
544	25600 / 25600	3.97983668798611
545	25600 / 25600	6.9647134058541811
546	25600 / 25600	5.9697543431951798
547	25600 / 25600	3.9798372375858797
548	25600 / 25600	6.964714827816378
549	25600 / 25600	0.99496040713813705
550	25600 / 25600	4.9747957743601905
551	25600 / 25600	5.9697548990826004
552	25600 / 25600	3.9798362283901598
553	25600 / 25600	3.9798377347906397
554	25600 / 25600	5.9331424040465219e-07
555	25600 / 25600	9.9495913376900695
556	25600 / 25600	3.9798371816088696
557	25600 / 25600	31.895593482392297
558	25600 / 25600	2.9848775595193304
559	25600 / 25600	4.9747954902784404
560	25600 / 25600	5.9697554433849707
561	25600 / 25600	4.9747956552287498
562	25600 / 25600	16.914295973250901
563	25600 / 25600	6.9657762685476392
564	25600 / 25600	4.9747957417413309
565	25600 / 25600	35.818470598982096
566	25600 / 25600	4.9747962453393502
567	25600 / 25600	8.9546322598761527
568	25600 / 25600	5.9697543426384492
569	25600 / 25600	2.9848779313681995
570	25600 / 25600	0.99495951337630106
571	25600 / 25600	4.97479558653058
572	25600 / 25600	3.9798370427905603
573	25600 / 25600	2.9848776430496597
574	25600 / 25600	32.833600195424495
575	25600 / 25600	3.9798366402541796
576	25600 / 25600	4.9747954309884497
577	25600 / 25600	5.9697543430857296
578	25600 / 25600	7.9596727611991911
579	25600 / 25600	2.9848780714204701
580	25600 / 25600	5.9697550282733998
581	25600 / 25600	10.944539554069502
582	25600 / 25600	1.98991812086348
583	25600 / 25600	2.98487763862971
584	25600 / 25600	0.46708549453029502
585	25600 / 25600	5.9697543440059091
586	25600 / 25600	4.9747957739259894
587	25600 / 25600	5.5574622592757784e-07
588	25600 / 25600	2.9848783373859398
589	25600 / 25600	2.9848786948683697
590	25600 / 25600	4.9747959379306206
591	25600 / 25600	4.9747957401475
592	25600 / 25600	1.9899188932871796
593	25600 / 25600	7.9596729987298112
594	25600 / 25600	1.98991898064853
595	25600 / 25600	5.9697548681303889
596	25600 / 25600	7.9596729420040617
597	25600 / 25600	3.97983664208581
598	25600 / 25600	9.9495905749498128
599	25600 / 25600	4.9747959056265607
600	40000 / 40000	4.97479602039743
601	40000 / 40000	24.873936876094401
602	40000 / 40000	37.830290452320092
603	40000 / 40000	9.9495859678527303
604	40000 / 40000	9.9495909326643428
605	40000 / 40000	12.9344681376779
606	40000 / 40000	4.9747958001965999
607	40000 / 40000	0.99495940506980707
608	40000 / 40000	7.9596743900363007
609	40000 / 40000	29.265996093912097
610	40000 / 40000	15.919340809082501
611	40000 / 40000	2.9848778682833506
612	40000 / 40000	5.9697551512754199
613	40000 / 40000	21.889090443164598
614	40000 / 40000	4.9747952855808508
615	40000 / 40000	6.9647142916225295
616	40000 / 40000	2.9848779957437395
617	40000 / 40000	3.9798362314987497
618	40000 / 40000	16.914289856679297
619	40000 / 40000	5.9697555632037096
620	40000 / 40000	4.9747958768969287
621	40000 / 40000	18.904206971775594
622	40000 / 40000	5.9697550492516607
623	40000 / 40000	1.98991811456003
624	40000 / 40000	4.9747957315392206
625	40000 / 40000	3.9798370135654899
626	40000 / 40000	7.9596743196097499
627	40000 / 40000	3.9798369293587492
628	40000 / 40000	3.9798368135795394
629	40000 / 40000	38.885555314335811
630	40000 / 40000	3.9798370215214001
631	40000 / 40000	6.9647137665515695
632	40000 / 40000	5.9697547352476805
633	40000 / 40000	1.9899183959068998
634	40000 / 40000	5.9697549687039695
635	40000 / 40000	5.9697546229542402
636	40000 / 40000	3.9798366215726997
637	40000 / 40000	7.9596724568793311
638	40000 / 40000	7.9596729098015508
639	40000 / 40000	17.909235150345697
640	40000 / 40000	5.9697547815379401
641	40000 / 40000	5.9697549852044212
642	40000 / 40000	43.696455597462702
643	40000 / 40000	6.9647142917302487
644	40000 / 40000	3.9798374902387095
645	40000 / 40000	3.97983622846183
646	40000 / 40000	5.9697547519403997
647	40000 / 40000	4.9747961950741919
648	40000 / 40000	4.9747959793665792
649	40000 / 40000	8.9546500319639524
650	40000 / 40000	7.95967282944628
651	40000 / 40000	4.9747972477072997
652	40000 / 40000	5.969754769428449
653	40000 / 40000	4.9747959070093097
654	40000 / 40000	7.959673092981892
655	40000 / 40000	39.198202683606901
656	40000 / 40000	5.9697551130187207
657	40000 / 40000	9.9495906925810704
658	40000 / 40000	4.9747965503236209
659	40000 / 40000	8.9546323540141124
660	40000 / 40000	3.97983674410079
661	40000 / 40000	1.9899192051500696
662	40000 / 40000	5.9697547744013404
663	40000 / 40000	13.929427521344401
664	40000 / 40000	38.45286282960749
665	40000 / 40000	9.9495860822391116
666	40000 / 40000	9.9495912154494324
667	40000 / 40000	12.934462706127601
668	40000 / 40000	1.9899196243799198
669	40000 / 40000	34.823532349633204
670	40000 / 40000	3.9798371261618395
671	40000 / 40000	2.98487753295854
672	40000 / 40000	5.9697549379176298
673	40000 / 40000	4.9747957967585101
674	40000 / 40000	2.9848780762785596
675	40000 / 40000	6.9244609224394091
676	40000 / 40000	6.9647141661710883
677	40000 / 40000	6.964714075645988
678	40000 / 40000	7.9596742942377707
679	40000 / 40000	16.914300117862002
680	40000 / 40000	24.873957031020101
681	40000 / 40000	4.9747961171062496
682	40000 / 40000	43.210687210184702
683	40000 / 40000	8.954632727438792
684	40000 / 40000	12.934463324688201
685	40000 / 40000	2.9848778944653103
686	40000 / 40000	2.9848784843804297
687	40000 / 40000	18.904212009901794
688	40000 / 40000	19.899171068555901
689	40000 / 40000	107.977896344171
690	40000 / 40000	7.9596736025471619
691	40000 / 40000	6.9647139873007395
692	40000 / 40000	4.9747957612479494
693	40000 / 40000	1.9899185280815701
694	40000 / 40000	10.9445500436807
695	40000 / 40000	6.9647140394800084
696	40000 / 40000	6.964713972345689
697	40000 / 40000	3.9798370092580297
698	40000 / 40000	9.9495913228068691
699	40000 / 40000	16.914294742907799
700	102400 / 102400	19.899177621001702
701	102400 / 102400	6.9647145232069079
702	102400 / 102400	7.9596737080099711
703	102400 / 102400	41.788250171054003
704	102400 / 102400	23.878987764719405
705	102400 / 102400	6.9647142052053788
706	102400 / 102400	1.0429577164266002
707	102400 / 102400	4.9747962936234007
708	102400 / 102400	8.954632207650663
709	102400 / 102400	2.0334872769950003
710	102400 / 102400	6.9647137212164694
711	102400 / 102400	5.969754996054121
712	102400 / 102400	3.2130900354656502
713	102400 / 102400	2.9848789052701896
714	102400 / 102400	70.676932190494753
715	102400 / 102400	10.944550357746001
716	102400 / 102400	47.776522793563203
717	102400 / 102400	40.793291193545706
718	102400 / 102400	6.9647142374217283
719	102400 / 102400	6.9647141731331299
720	102400 / 102400	7.9596732327152004
721	102400 / 102400	11.252222736309202
722	102400 / 102400	88.949511596640704
723	102400 / 102400	5.9697553247002606
724	102400 / 102400	29.848756599347194
725	102400 / 102400	19.899177564019602
726	102400 / 102400	129.948523080282
727	102400 / 102400	22.884048976727694
728	102400 / 102400	2.0796190434145396
729	102400 / 102400	1.9899189802503099
730	102400 / 102400	5.9697550468076797
731	102400 / 102400	5.6519013815418999
732	102400 / 102400	4.9747961514699499
733	102400 / 102400	3.9798367987277703
734	102400 / 102400	5.9697553907210503
735	102400 / 102400	4.9747958043982399
736	102400 / 102400	19.899177405876703
737	102400 / 102400	5.9697551104020503
738	102400 / 102400	3.9798373777118199
739	102400 / 102400	14.924381526325
740	102400 / 102400	7.9596734427545419
741	102400 / 102400	22.5274844761528
742	102400 / 102400	5.9697558537329796
743	102400 / 102400	6.99865526657402
744	102400 / 102400	81.475450593627784
745	102400 / 102400	4.9747961249707906
746	102400 / 102400	6.9647144861165193
747	102400 / 102400	1.06881273555712
748	102400 / 102400	4.974795846223909
749	102400 / 102400	10.9445506084695
750	102400 / 102400	4.0319831650302307
751	102400 / 102400	8.9546321854960009
752	102400 / 102400	76.078573740919992
753	102400 / 102400	53.811603282522896
754	102400 / 102400	56.642336068603399
755	102400 / 102400	8.9546323606230711
756	102400 / 102400	6.1361287339949504
757	102400 / 102400	3.3277935372415204
758	102400 / 102400	6.9647139500044695
759	102400 / 102400	8.954631997556481
760	102400 / 102400	37.808333858044001
761	102400 / 102400	57.707555080288401
762	102400 / 102400	7.9596734809596823
763	102400 / 102400	16.915940987240997
764	102400 / 102400	17.909258633117599
765	102400 / 102400	28.8537926272957
766	102400 / 102400	3.9798367314127701
767	102400 / 102400	5.0626152740176193
768	102400 / 102400	17.487594055315999
769	102400 / 102400	3.9882379653582198
770	102400 / 102400	48.75292834484911
771	102400 / 102400	5.9697548666386488
772	102400 / 102400	7.1005548064240385
773	102400 / 102400	3.1191260506979006
774	102400 / 102400	57.575435346057915
775	102400 / 102400	7.9596739973849315
776	102400 / 102400	29.848751561934499
777	102400 / 102400	19.899177189674202
778	102400 / 102400	3.9798368374767996
779	102400 / 102400	4.97479593928563
780	102400 / 102400	13.929427470726401
781	102400 / 102400	17.909253687028997
782	102400 / 102400	2.2533467672656107
783	102400 / 102400	7.9596732766713103
784	102400 / 102400	3.9960427653412594
785	102400 / 102400	16.9143046139069
786	102400 / 102400	2.9897649432360303
787	102400 / 102400	36.814386671135587
788	102400 / 102400	4.9747960105289604
789	102400 / 102400	185.28642542879601
790	102400 / 102400	74.992062301055995
791	102400 / 102400	3.9798365907058195
792	102400 / 102400	8.0025972939774928
793	102400 / 102400	102.003050708673
794	102400 / 102400	3.1922243242182193
795	102400 / 102400	2.99006107117305
796	102400 / 102400	7.9596729027542219
797	102400 / 102400	83.140155637489784
798	102400 / 102400	16.914299902454101
799	102400 / 102400	4.9747962083462198
800	160000 / 160000	40.758169938212397
801	160000 / 160000	2.9848778022652001
802	160000 / 160000	2.0385574224049501
803	160000 / 160000	5.2741650915336908
804	160000 / 160000	7.959673025085122
805	160000 / 160000	8.9546319261045308
806	160000 / 160000	2.98487786320158
807	160000 / 160000	4.974796049304361
808	160000 / 160000	6.9647142220429687
809	160000 / 160000	10.9445513110498
810	160000 / 160000	4.3982841629681397
811	160000 / 160000	5.9697549899709097
812	160000 / 160000	25.868931819159098
813	160000 / 160000	42.783215185465906
814	160000 / 160000	17.909264916727597
815	160000 / 160000	1.0219456731090297
816	160000 / 160000	180.61988878029698
817	160000 / 160000	38.805169235636797
818	160000 / 160000	3.20334869650668
819	160000 / 160000	18.139361739362702
820	160000 / 160000	5.9067164641412502
821	160000 / 160000	1.9899186520150396
822	160000 / 160000	55.717561669284486
823	160000 / 160000	7.9596741211571507
824	160000 / 160000	63.677332736674813
825	160000 / 160000	1.0718164832899797
826	160000 / 160000	3.9798372646399702
827	160000 / 160000	4.9747961505664797
828	160000 / 160000	6.9647139429269487
829	160000 / 160000	1.9899187816393498
830	160000 / 160000	42.596613286026106
831	160000 / 160000	5.464006612486739
832	160000 / 160000	58.619231973929907
833	160000 / 160000	6.964714144057039
834	160000 / 160000	3.9798371736181393
835	160000 / 160000	3.9798382610116501
836	160000 / 160000	124.701692938866
837	160000 / 160000	9.9495915370399128
838	160000 / 160000	4.9747962438715403
839	160000 / 160000	111.97727298929601
840	160000 / 160000	28.8537803529575
841	160000 / 160000	4.9747960863252798
842	160000 / 160000	90.557502509771496
843	160000 / 160000	1.9899190431045797
844	160000 / 160000	17.909263939612899
845	160000 / 160000	21.889089181444799
846	160000 / 160000	6.9647150160087081
847	160000 / 160000	17.909257989895899
848	160000 / 160000	20.894135886228899
849	160000 / 160000	121.673611411978
850	160000 / 160000	12.934468201268499
851	160000 / 160000	4.9747959006812703
852	160000 / 160000	4.9747964267826905
853	160000 / 160000	4.0586656929328315
854	160000 / 160000	65.551546369307019
855	160000 / 160000	18.904217898462797
856	160000 / 160000	4.974795752418121
857	160000 / 160000	96.623140550672488
858	160000 / 160000	9.9495910163574912
859	160000 / 160000	5.9697550189154089
860	160000 / 160000	104.56964177119201
861	160000 / 160000	94.883887120964573
862	160000 / 160000	12.934468591710399
863	160000 / 160000	83.577031425168698
864	160000 / 160000	5.9794166753623612
865	160000 / 160000	4.0240288175206693
866	160000 / 160000	4.0047229005333005
867	160000 / 160000	137.84441684720804
868	160000 / 160000	7.9596731852403826
869	160000 / 160000	12.934468828012799
870	160000 / 160000	45.783687635241087
871	160000 / 160000	4.9747961105536014
872	160000 / 160000	7.9596732986460106
873	160000 / 160000	1.9899186842595198
874	160000 / 160000	4.0152718184449396
875	160000 / 160000	4.8613156877763696e-07
876	160000 / 160000	35.81849074520229
877	160000 / 160000	5.9697554035736315
878	160000 / 160000	147.89099916964901
879	160000 / 160000	4.9747958317923304
880	160000 / 160000	5.9697565954562606
881	160000 / 160000	16.9142989521172
882	160000 / 160000	47.758000477214892
883	160000 / 160000	6.96471418559935
884	160000 / 160000	72.171687546121575
885	160000 / 160000	85.52671265972009
886	160000 / 160000	39.798317114231814
887	160000 / 160000	5.9697552237012701
888	160000 / 160000	72.81536275451829
889	160000 / 160000	59.697455486756496
890	160000 / 160000	7.9596732840244018
891	160000 / 160000	4.9747959816573406
892	160000 / 160000	57.9965303583825
893	160000 / 160000	7.2751415056621909
894	160000 / 160000	152.23672690085098
895	160000 / 160000	14.929257337287501
896	160000 / 160000	3.9798795551191697
897	160000 / 160000	2.0336262365541398
898	160000 / 160000	4.9747966143236217
899	160000 / 160000	5.1026600783131402
900	409600 / 409600	8.270610120627568
901	409600 / 409600	6.9647140120138094
902	409600 / 409600	7.9596734925127119
903	409600 / 409600	27.8588500745476
904	409600 / 409600	124.10599832374699
905	409600 / 409600	1.1846067574961099
906	409600 / 409600	1.0654316019889598
907	409600 / 409600	0.27239338131425911
908	409600 / 409600	1.9899198829601796
909	409600 / 409600	37.808435259134903
910	409600 / 409600	2.9848780124361798
911	409600 / 409600	4.9747958813710502
912	409600 / 409600	71.636996700829187
913	409600 / 409600	23.879013378796699
914	409600 / 409600	56.714634872182494
915	409600 / 409600	28.853811680758902
916	409600 / 409600	4.9747958658836104
917	409600 / 409600	10.944550596302001
918	409600 / 409600	3.9798370043067699
919	409600 / 409600	1.9899190708495098
920	409600 / 409600	2.9848780690839498
921	409600 / 409600	1.0632645189493797
922	409600 / 409600	1.0636767625289798
923	409600 / 409600	2.9848782175399702
924	409600 / 409600	51.737840742245297
925	409600 / 409600	61.687429980604392
926	409600 / 409600	4.9747963201274397
927	409600 / 409600	3.9798370963596899
928	409600 / 409600	3.3589494754390894
929	409600 / 409600	0.9949598900960841
930	409600 / 409600	93.461589054763309
931	409600 / 409600	11.939509683671499
932	409600 / 409600	21.889100748461598
933	409600 / 409600	25.868932097975396
934	409600 / 409600	13.9294282841106
935	409600 / 409600	221.48915942043601
936	409600 / 409600	7.6405490290198888e-07
937	409600 / 409600	45.76810295666111
938	409600 / 409600	9.1549895842035798e-07
939	409600 / 409600	3.9798372810342899
940	409600 / 409600	7.1094109846950495
941	409600 / 409600	2.9848778050843503
942	409600 / 409600	20.894141937233297
943	409600 / 409600	1.9930069323534099
944	409600 / 409600	37.808439175401496
945	409600 / 409600	8.954632573521053
946	409600 / 409600	99.586618952377407
947	409600 / 409600	35.818515980077109
948	409600 / 409600	2.1271112154850007
949	409600 / 409600	0.99495980809945206
950	409600 / 409600	3.4751857607506103
951	409600 / 409600	18.904223202259896
952	409600 / 409600	4.9747960490794894
953	409600 / 409600	6.4076786941784611
954	409600 / 409600	2.0260895403516801
955	409600 / 409600	63.6773242388402
956	409600 / 409600	14.9243866826546
957	409600 / 409600	4.9747962388825
958	409600 / 409600	1.0659818652650299
959	409600 / 409600	53.727758982560715
960	409600 / 409600	1.47829912573638
961	409600 / 409600	1.98991887909028
962	409600 / 409600	9.9495914178022513
963	409600 / 409600	17.909264096968997
964	409600 / 409600	2.2078347505869313
965	409600 / 409600	2.9848783847145297
966	409600 / 409600	13.032821983926299
967	409600 / 409600	178.47941723482899
968	409600 / 409600	3.9798369683046499
969	409600 / 409600	215.64451983837898
970	409600 / 409600	3.2700282030472199
971	409600 / 409600	1.9899190102114497
972	409600 / 409600	11.939509838754702
973	409600 / 409600	67.657311259739288
974	409600 / 409600	43.280526719772595
975	409600 / 409600	8.7580349372729014e-07
976	409600 / 409600	23.879013382283297
977	409600 / 409600	29.848773607244699
978	409600 / 409600	54.722725846553118
979	409600 / 409600	9.949591536651381
980	409600 / 409600	9.6847947420546898
981	409600 / 409600	2.9937842274237001
982	409600 / 409600	14.924386723019099
983	409600 / 409600	28.853805811750703
984	409600 / 409600	5.9697551623320404
985	409600 / 409600	6.9647142764414376
986	409600 / 409600	250.30404576130596
987	409600 / 409600	160.41232746602003
988	409600 / 409600	28.853807676889101
989	409600 / 409600	4.3030713268194596
990	409600 / 409600	4.2766408143074806
991	409600 / 409600	3.1889411917800303
992	409600 / 409600	3.0516370027822903
993	409600 / 409600	15.919346105666602
994	409600 / 409600	1.04270470659651
995	409600 / 409600	70.665398289810398
996	409600 / 409600	6.9647144637336895
997	409600 / 409600	57.707590094613799
998	409600 / 409600	0.18110095925703701
999	409600 / 409600	103.77571228992299