7.8986 2.21361 2.21361 1.1193 1.1193 1.09345 0.456402 0.243664 0.116953 0.0780203 0.0482379 0.00207831 7.21173e-05 2.0028e-06 5.39397e-07 0 0 0 0 0 0 0 0 0 0 0 0 0 0 0 0 0 0 0 0 0 0 0 0 0 0 0 0 0 0 0 0 0 0 0 0 0 0 0 0 0 0 0 0 0 0 0 0 0 0 0 0 0 0 0 0 0 0 0 0 0 0 0 0 0 0 0 0 0 0 0 0 0 0 0 0 0 0 0 0 0
7.49338 6.25992 6.25992 4.85999 4.85999 4.85999 4.20114 2.42001 2.42001 1.22247 1.22247 1.22247 1.22247 0.487226 0.487226 0.251614 0.251614 0.251614 0.100759 0.100759 0.0171086 0.0171086 0.0171086 0.0171086 0.0171086 0.000601805 0.000130131 6.01121e-06 3.28498e-06 1.91926e-07 8.50735e-08 8.50735e-08 8.50735e-08 8.50735e-08 8.50735e-08 8.50735e-08 8.50735e-08 0 0 0 0 0 0 0 0 0 0 0 0 0 0 0 0 0 0 0 0 0 0 0 0 0 0 0 0 0 0 0 0 0 0 0 0 0 0 0 0 0 0 0 0 0 0 0 0 0 0 0 0 0 0 0 0 0 0 0
11.3411 2.53464 2.53464 2.28113 2.28113 2.28113 2.28113 2.26737 2.21536 2.20101 2.20101 0.959461 0.959461 0.959461 0.850648 0.850648 0.850648 0.652542 0.447559 0.447559 0.447559 0.447559 0.447559 0.358855 0.358855 0.358855 0.336643 0.116402 0.116402 0.00525966 0.00525966 0.00366306 0.00366306 0.000200882 1.59731e-06 1.59731e-06 1.59731e-06 1.59731e-06 1.02999e-07 0 0 0 0 0 0 0 0 0 0 0 0 0 0 0 0 0 0 0 0 0 0 0 0 0 0 0 0 0 0 0 0 0 0 0 0 0 0 0 0 0 0 0 0 0 0 0 0 0 0 0 0 0 0 0 0 0
9.80132 8.74983 4.39071 1.97352 1.97352 1.97352 1.95992 1.47677 1.28054 0.890461 0.296103 0.296103 0.296103 0.296103 0.296103 0.29006 0.00187996 0.00187996 0.00187996 0.00187996 0.00187996 0.00187996 0.000172701 4.54745e-06 2.54489e-06 2.54489e-06 2.23869e-06 1.22077e-07 1.22077e-07 0 0 0 0 0 0 0 0 0 0 0 0 0 0 0 0 0 0 0 0 0 0 0 0 0 0 0 0 0 0 0 0 0 0 0 0 0 0 0 0 0 0 0 0 0 0 0 0 0 0 0 0 0 0 0 0 0 0 0 0 0 0 0 0 0 0 0
13.2841 7.50349 6.80301 1.35419 1.35419 1.35419 1.35419 1.35419 1.35419 1.35419 1.09822 1.09822 0.175221 0.168265 0.168265 0.121093 0.0400324 0.0400324 0.0292601 0.0292601 0.00171436 0.00171436 0.00171436 0.00171436 0.00171436 9.89355e-05 9.89355e-05 9.89355e-05 1.53054e-06 1.53054e-06 1.53054e-06 1.53054e-06 1.53054e-06 1.53054e-06 1.53054e-06 1.53054e-06 1.53054e-06 3.97239e-08 3.97239e-08 3.97239e-08 3.97239e-08 0 0 0 0 0 0 0 0 0 0 0 0 0 0 0 0 0 0 0 0 0 0 0 0 0 0 0 0 0 0 0 0 0 0 0 0 0 0 0 0 0 0 0 0 0 0 0 0 0 0 0 0 0 0 0
11.3691 8.27773 4.50366 2.38943 1.42336 1.42336 1.42336 1.16498 0.853516 0.853516 0.415187 0.175084 0.00898194 0.00898194 0.00898194 0.00898194 0.00695978 0.00208774 9.75324e-05 2.45764e-05 1.2084e-06 2.29578e-07 4.02373e-08 4.02373e-08 3.40121e-08 0 0 0 0 0 0 0 0 0 0 0 0 0 0 0 0 0 0 0 0 0 0 0 0 0 0 0 0 0 0 0 0 0 0 0 0 0 0 0 0 0 0 0 0 0 0 0 0 0 0 0 0 0 0 0 0 0 0 0 0 0 0 0 0 0 0 0 0 0 0 0
17.7186 3.40211 3.40211 3.01749 3.01749 2.56165 2.56165 2.56165 1.46144 1.46144 1.46144 1.27051 0.938571 0.913807 0.0856279 0.0856279 0.0856279 0.0856279 0.0856279 0.0856279 0.0856279 0.0856279 0.0856279 0.0188917 0.00337478 0.00255018 0.000615966 0.000615966 0.000615966 0.000615966 0.000615966 3.07889e-08 3.07889e-08 3.07889e-08 3.07889e-08 3.07889e-08 3.07889e-08 3.07889e-08 3.07889e-08 3.07889e-08 3.07889e-08 3.07889e-08 3.07889e-08 3.07889e-08 3.07889e-08 3.07889e-08 3.07889e-08 3.07889e-08 1.04302e-08 0 0 0 0 0 0 0 0 0 0 0 0 0 0 0 0 0 0 0 0 0 0 0 0 0 0 0 0 0 0 0 0 0 0 0 0 0 0 0 0 0 0 0 0 0 0 0
11.8634 8.45039 4.95547 2.26339 2.26339 0.279805 0.279805 0.269801 0.269801 0.269801 0.0866037 0.0770101 0.0770101 0.0770101 0.0770101 0.0770101 0.0462575 0.0079391 0.0079391 0.00275444 0.000226137 5.79622e-05 5.79622e-05 4.76674e-05 3.48939e-06 3.48939e-06 3.48939e-06 1.6291e-07 1.43213e-07 1.43213e-07 1.43213e-07 1.43213e-07 1.43213e-07 1.43213e-07 4.61824e-08 4.61824e-08 4.61824e-08 2.18079e-08 2.18079e-08 2.18079e-08 0 0 0 0 0 0 0 0 0 0 0 0 0 0 0 0 0 0 0 0 0 0 0 0 0 0 0 0 0 0 0 0 0 0 0 0 0 0 0 0 0 0 0 0 0 0 0 0 0 0 0 0 0 0 0 0
9.44307 2.82991 2.82991 1.29376 1.29376 1.29376 1.29376 1.29376 1.29376 1.29376 1.29376 1.14978 1.14978 0.896383 0.537005 0.537005 0.413047 0.413047 0.263823 0.263823 0.242111 0.126847 0.126847 0.0847451 0.0101371 0.0101371 0.0101371 0.000738288 0.000738288 3.25379e-05 3.25379e-05 3.25379e-05 3.25379e-05 3.25379e-05 3.25379e-05 2.25022e-06 6.22205e-08 6.22205e-08 6.22205e-08 6.22205e-08 6.22205e-08 0 0 0 0 0 0 0 0 0 0 0 0 0 0 0 0 0 0 0 0 0 0 0 0 0 0 0 0 0 0 0 0 0 0 0 0 0 0 0 0 0 0 0 0 0 0 0 0 0 0 0 0 0 0 0
8.29364 3.39049 2.58606 1.81713 1.81713 1.81713 1.81713 1.81713 1.81713 0.969115 0.969115 0.0642552 0.0642552 0.0642552 0.0642552 0.0642552 0.0642552 0.0642552 0.000275018 0.000275018 0.000275018 0.000275018 0.000275018 0.000275018 0.000275018 0.000275018 0.000275018 0.000275018 0.000275018 0.000275018 0.000275018 0.000275018 0.000275018 0.000275018 8.03347e-05 5.12342e-06 8.511e-07 8.511e-07 8.511e-07 8.511e-07 0 0 0 0 0 0 0 0 0 0 0 0 0 0 0 0 0 0 0 0 0 0 0 0 0 0 0 0 0 0 0 0 0 0 0 0 0 0 0 0 0 0 0 0 0 0 0 0 0 0 0 0 0 0 0 0
16.0645 10.194 2.4855 2.4855 2.4855 0.7768 0.7768 0.718332 0.718332 0.718332 0.157357 0.157357 0.157357 0.157357 0.106305 0.00530003 0.00165107 0.00165107 0.00165107 0.00165107 0.000832298 8.65286e-05 8.65286e-05 8.65286e-05 1.60557e-05 2.17977e-06 2.17977e-06 2.17977e-06 2.17977e-06 2.17977e-06 1.05782e-08 1.05782e-08 1.05782e-08 0 0 0 0 0 0 0 0 0 0 0 0 0 0 0 0 0 0 0 0 0 0 0 0 0 0 0 0 0 0 0 0 0 0 0 0 0 0 0 0 0 0 0 0 0 0 0 0 0 0 0 0 0 0 0 0 0 0 0 0 0 0 0
10.2979 8.81188 6.90115 0.87781 0.87781 0.87781 0.87781 0.87781 0.87781 0.87781 0.87781 0.701892 0.508349 0.508349 0.17565 0.17565 0.151361 0.151361 0.0960447 0.0572547 0.0562663 0.0127456 0.0114247 5.33833e-07 5.33833e-07 5.33833e-07 5.33833e-07 5.33833e-07 5.33833e-07 1.57555e-07 1.57555e-07 2.66412e-08 0 0 0 0 0 0 0 0 0 0 0 0 0 0 0 0 0 0 0 0 0 0 0 0 0 0 0 0 0 0 0 0 0 0 0 0 0 0 0 0 0 0 0 0 0 0 0 0 0 0 0 0 0 0 0 0 0 0 0 0 0 0 0 0
14.5675 10.5934 5.57114 3.28248 3.08076 0.638849 0.638849 0.270066 0.0494813 0.0494813 0.0494813 0.0494813 0.0494813 0.0494813 0.0494813 0.0494813 0.0293656 0.0293656 0.0206207 0.0206207 0.0206207 0.0206207 1.58177e-07 1.58177e-07 1.58177e-07 1.58177e-07 1.58177e-07 1.58177e-07 1.58177e-07 6.98917e-08 6.98917e-08 3.42689e-08 3.42689e-08 3.42689e-08 3.42689e-08 3.42689e-08 3.42689e-08 2.45114e-08 0 0 0 0 0 0 0 0 0 0 0 0 0 0 0 0 0 0 0 0 0 0 0 0 0 0 0 0 0 0 0 0 0 0 0 0 0 0 0 0 0 0 0 0 0 0 0 0 0 0 0 0 0 0 0 0 0 0
10.9703 6.03842 4.88781 0.376343 0.376343 0.376343 0.376343 0.376343 0.376343 0.376343 0.376343 0.376343 0.376343 0.376343 0.21726 0.21726 0.21726 0.21726 0.21726 0.21726 0.21726 0.160615 0.055325 0.055325 0.0260866 0.0260866 0.0152103 1.25389e-05 1.25389e-05 1.25389e-05 1.00072e-05 2.47798e-07 8.32488e-08 4.47076e-08 4.47076e-08 4.47076e-08 3.10302e-08 0 0 0 0 0 0 0 0 0 0 0 0 0 0 0 0 0 0 0 0 0 0 0 0 0 0 0 0 0 0 0 0 0 0 0 0 0 0 0 0 0 0 0 0 0 0 0 0 0 0 0 0 0 0 0 0 0 0 0
2.3142 2.3142 2.3142 2.3142 2.3142 1.43933 1.43933 0.7156 0.7156 0.530547 0.530547 0.435568 0.435568 0.00771446 0.00771446 0.00771446 0.00771446 0.00771446 0.00474245 0.000223735 0.000223735 0.000223735 0.000122034 3.74616e-06 3.74616e-06 3.74616e-06 3.74616e-06 3.74616e-06 3.74616e-06 2.91146e-06 2.91146e-06 4.66504e-08 4.66504e-08 0 0 0 0 0 0 0 0 0 0 0 0 0 0 0 0 0 0 0 0 0 0 0 0 0 0 0 0 0 0 0 0 0 0 0 0 0 0 0 0 0 0 0 0 0 0 0 0 0 0 0 0 0 0 0 0 0 0 0 0 0 0 0
10.7564 5.30204 2.9171 2.9171 2.27726 1.74171 1.74171 1.37656 1.37656 0.349638 0.349638 0.349638 0.349638 0.349638 0.349638 0.349638 0.349638 0.349638 0.349638 0.287121 0.206214 0.167215 0.13095 0.00627211 0.00627211 8.72428e-05 8.72428e-05 8.72428e-05 1.88959e-05 1.88959e-05 1.88959e-05 1.88959e-05 1.88959e-05 1.88959e-05 1.88959e-05 1.88959e-05 3.37088e-06 1.23085e-06 2.59011e-07 2.59011e-07 2.59011e-07 2.59011e-07 2.59011e-07 4.94369e-08 4.94369e-08 4.94369e-08 4.94369e-08 4.94369e-08 0 0 0 0 0 0 0 0 0 0 0 0 0 0 0 0 0 0 0 0 0 0 0 0 0 0 0 0 0 0 0 0 0 0 0 0 0 0 0 0 0 0 0 0 0 0 0 0
13.9041 6.79483 6.79483 1.19793 1.04028 1.04028 0.676667 0.370482 0.370482 0.370482 0.370482 0.370482 0.370482 0.123878 0.123878 0.0854862 0.0854862 0.0854862 0.0854862 0.0343603 0.0343603 0.0343603 0.00969179 0.00328064 0.00328064 0.00230389 0.00135577 0.000190581 1.0583e-05 1.0583e-05 1.00471e-05 5.24342e-06 5.24342e-06 2.44149e-06 2.90572e-08 2.90572e-08 2.90572e-08 2.90572e-08 2.90572e-08 2.90572e-08 2.90572e-08 2.90572e-08 2.90572e-08 2.90572e-08 2.90572e-08 2.90572e-08 0 0 0 0 0 0 0 0 0 0 0 0 0 0 0 0 0 0 0 0 0 0 0 0 0 0 0 0 0 0 0 0 0 0 0 0 0 0 0 0 0 0 0 0 0 0 0 0 0 0
4.50404 4.34723 1.33606 1.33606 1.33606 0.524467 0.524467 0.524467 0.524467 0.476269 0.476269 0.476269 0.476269 0.170661 0.170661 0.170661 0.0850012 0.0850012 0.00524342 3.64805e-05 3.64805e-05 3.64805e-05 3.64805e-05 8.73042e-06 8.73042e-06 8.73042e-06 8.73042e-06 8.73042e-06 8.73042e-06 4.7847e-07 4.7847e-07 4.7847e-07 8.83506e-08 8.83506e-08 8.83506e-08 0 0 0 0 0 0 0 0 0 0 0 0 0 0 0 0 0 0 0 0 0 0 0 0 0 0 0 0 0 0 0 0 0 0 0 0 0 0 0 0 0 0 0 0 0 0 0 0 0 0 0 0 0 0 0 0 0 0 0 0 0
8.77195 8.20749 3.37869 3.37869 3.37869 2.92386 2.4387 2.4387 1.8982 0.464023 0.464023 0.464023 0.464023 0.116643 0.116643 0.116643 0.116643 0.116643 0.116643 0.116643 0.116643 0.0341639 0.0341639 6.95013e-05 6.95013e-05 6.95013e-05 6.95013e-05 6.95013e-05 6.95013e-05 6.95013e-05 6.95013e-05 6.95013e-05 6.95013e-05 0 0 0 0 0 0 0 0 0 0 0 0 0 0 0 0 0 0 0 0 0 0 0 0 0 0 0 0 0 0 0 0 0 0 0 0 0 0 0 0 0 0 0 0 0 0 0 0 0 0 0 0 0 0 0 0 0 0 0 0 0 0 0
9.32607 9.32607 3.04286 2.57321 2.57321 2.36139 0.82244 0.82244 0.82244 0.82244 0.82244 0.82244 0.737661 0.642007 0.642007 0.410575 0.372628 0.372628 0.228194 0.0520296 0.00305722 0.00181417 0.00181417 0.000432868 0.000432868 0.000432868 0.000432868 3.66057e-05 3.66057e-05 2.08205e-06 2.08205e-06 0 0 0 0 0 0 0 0 0 0 0 0 0 0 0 0 0 0 0 0 0 0 0 0 0 0 0 0 0 0 0 0 0 0 0 0 0 0 0 0 0 0 0 0 0 0 0 0 0 0 0 0 0 0 0 0 0 0 0 0 0 0 0 0 0
11.8974 3.88137 3.88137 3.33112 3.33112 1.69585 1.69585 1.69585 1.69585 1.56109 1.56109 1.56109 1.18417 0.861235 0.696401 0.428396 0.428396 0.428396 0.367777 0.298362 0.298362 0.228235 0.143631 0.106333 0.106333 0.0519933 0.0519933 0.00590456 0.00523705 1.26563e-07 1.26563e-07 1.26563e-07 1.26563e-07 1.26563e-07 3.1146e-08 3.1146e-08 3.1146e-08 3.1146e-08 3.1146e-08 3.1146e-08 3.1146e-08 3.1146e-08 3.1146e-08 2.44834e-08 2.44834e-08 2.44834e-08 1.38774e-08 0 0 0 0 0 0 0 0 0 0 0 0 0 0 0 0 0 0 0 0 0 0 0 0 0 0 0 0 0 0 0 0 0 0 0 0 0 0 0 0 0 0 0 0 0 0 0 0 0
5.79526 5.79526 5.79526 3.19308 1.22355 1.22355 0.440181 0.440181 0.440181 0.440181 0.440181 0.440181 0.440181 0.440181 0.440181 0.407206 0.407206 0.407206 0.407206 0.407206 0.407206 0.407206 0.407206 0.407206 0.407206 0.407206 0.38441 0.113256 0.0157417 0.0157417 0.0157417 0.0157417 0.0157417 0.00663054 0.000202967 0.000202967 0.000202967 0.000202967 4.46898e-05 4.46898e-05 4.46898e-05 4.46898e-05 4.46898e-05 4.46898e-05 4.46898e-05 4.46898e-05 4.46898e-05 4.46898e-05 2.13172e-05 1.57225e-06 5.24418e-08 5.24418e-08 5.24418e-08 5.24418e-08 5.24418e-08 5.24418e-08 5.24418e-08 0 0 0 0 0 0 0 0 0 0 0 0 0 0 0 0 0 0 0 0 0 0 0 0 0 0 0 0 0 0 0 0 0 0 0 0 0 0 0
14.6204 8.25075 1.04644 1.04644 1.04644 1.04644 0.706457 0.706457 0.706457 0.706457 0.706457 0.706457 0.706457 0.706457 0.706457 0.706457 0.706457 0.654669 0.378794 0.378794 0.378794 0.251775 0.0704609 0.0704609 0.00152511 0.00152511 0.00014011 0.00014011 0.00014011 0.00014011 0.000101771 6.32088e-05 6.32088e-05 4.77532e-06 4.77532e-06 4.77532e-06 4.77532e-06 4.77532e-06 4.77532e-06 4.77532e-06 8.74683e-07 3.32619e-07 2.26031e-08 2.26031e-08 2.26031e-08 2.26031e-08 2.26031e-08 2.26031e-08 2.26031e-08 2.26031e-08 0 0 0 0 0 0 0 0 0 0 0 0 0 0 0 0 0 0 0 0 0 0 0 0 0 0 0 0 0 0 0 0 0 0 0 0 0 0 0 0 0 0 0 0 0 0
8.92043 3.48221 3.48221 3.17622 3.17622 2.17486 1.85567 1.85567 1.85567 0.481228 0.481228 0.481228 0.481228 0.481228 0.481228 0.312034 0.312034 0.312034 0.0930768 0.0930768 0.0372662 1.33433e-05 1.33433e-05 1.33433e-05 1.33433e-05 1.33433e-05 9.85598e-06 3.93267e-07 2.8504e-07 3.55004e-08 1.13054e-08 0 0 0 0 0 0 0 0 0 0 0 0 0 0 0 0 0 0 0 0 0 0 0 0 0 0 0 0 0 0 0 0 0 0 0 0 0 0 0 0 0 0 0 0 0 0 0 0 0 0 0 0 0 0 0 0 0 0 0 0 0 0 0 0 0
4.93363 4.93363 4.93363 4.65418 3.89619 3.3153 1.6119 1.06284 0.315154 0.315154 0.315154 0.315154 0.315154 0.117302 0.117302 0.117302 0.114236 0.114236 0.0808756 0.0808756 0.0808756 0.0808756 0.0743669 4.19122e-07 4.19122e-07 4.19122e-07 4.19122e-07 2.29169e-07 2.29169e-07 2.29169e-07 2.29169e-07 2.29169e-07 2.29169e-07 2.29169e-07 2.29169e-07 8.00758e-08 8.00758e-08 8.00758e-08 8.00758e-08 8.00758e-08 8.00758e-08 8.00758e-08 8.00758e-08 8.00758e-08 8.00758e-08 8.00758e-08 8.00758e-08 7.97814e-08 3.2249e-08 0 0 0 0 0 0 0 0 0 0 0 0 0 0 0 0 0 0 0 0 0 0 0 0 0 0 0 0 0 0 0 0 0 0 0 0 0 0 0 0 0 0 0 0 0 0 0
6.98327 3.84034 3.84034 3.84034 3.64702 3.64702 1.02856 0.278559 0.278559 0.278559 0.0427098 0.0427098 0.0427098 0.0427098 0.0427098 0.0427098 0.0427098 0.0427098 0.0427098 0.00510497 0.00510497 0.00265922 0.00265922 0.00265922 0.00265922 7.88054e-06 7.88054e-06 7.88054e-06 1.05843e-06 1.05843e-06 9.63368e-07 9.63368e-07 9.63368e-07 9.63368e-07 9.63368e-07 9.63368e-07 6.613e-07 6.613e-07 1.55104e-07 1.55104e-07 1.55104e-07 0 0 0 0 0 0 0 0 0 0 0 0 0 0 0 0 0 0 0 0 0 0 0 0 0 0 0 0 0 0 0 0 0 0 0 0 0 0 0 0 0 0 0 0 0 0 0 0 0 0 0 0 0 0 0
9.20881 5.19281 1.38331 1.38331 1.38331 1.38331 0.840591 0.840591 0.840591 0.442551 0.442551 0.442551 0.442551 0.442551 0.442551 0.442551 0.0449962 0.0449962 0.0400954 0.0400954 0.0400954 0.0104222 0.00786822 0.00152004 0.00152004 0.00152004 0.00152004 0.00112703 0.000114478 0.000114478 8.51038e-05 1.26073e-05 1.26073e-05 1.05902e-05 1.05902e-05 1.05902e-05 2.65713e-06 4.09573e-07 4.09573e-07 0 0 0 0 0 0 0 0 0 0 0 0 0 0 0 0 0 0 0 0 0 0 0 0 0 0 0 0 0 0 0 0 0 0 0 0 0 0 0 0 0 0 0 0 0 0 0 0 0 0 0 0 0 0 0 0 0
10.7466 5.26729 5.26729 3.07158 1.7762 1.6034 1.13873 0.853218 0.619967 0.619967 0.619967 0.35813 0.00510518 0.00510518 0.00510518 0.00510518 0.00510518 0.00510518 0.00453809 0.000308137 5.02095e-05 5.02095e-05 1.20324e-06 1.20324e-06 1.20324e-06 4.32626e-08 4.32626e-08 4.32626e-08 4.32626e-08 2.35545e-08 2.35545e-08 0 0 0 0 0 0 0 0 0 0 0 0 0 0 0 0 0 0 0 0 0 0 0 0 0 0 0 0 0 0 0 0 0 0 0 0 0 0 0 0 0 0 0 0 0 0 0 0 0 0 0 0 0 0 0 0 0 0 0 0 0 0 0 0 0
10.3099 4.74755 4.74755 2.18583 0.405743 0.405743 0.405743 0.405743 0.405743 0.405743 0.147181 0.147181 0.122706 0.020159 0.020159 0.0171636 0.00173557 0.00173557 0.000155849 0.000155849 4.79716e-07 4.79716e-07 4.79716e-07 4.79716e-07 4.79716e-07 4.79716e-07 3.22513e-07 3.22513e-07 1.51687e-07 1.51687e-07 6.75146e-08 0 0 0 0 0 0 0 0 0 0 0 0 0 0 0 0 0 0 0 0 0 0 0 0 0 0 0 0 0 0 0 0 0 0 0 0 0 0 0 0 0 0 0 0 0 0 0 0 0 0 0 0 0 0 0 0 0 0 0 0 0 0 0 0 0
4.76107 4.76107 4.32979 1.66207 1.66207 1.66207 0.372362 0.20826 0.20826 0.20826 0.0140347 0.0140347 0.0140347 0.0140347 0.0140347 0.0140347 0.0140347 0.0140347 0.00316431 0.00316431 0.00316431 0.00316431 0.00316431 0.000329669 0.000329669 5.28572e-05 5.28572e-05 1.96625e-06 1.96625e-06 1.15356e-06 1.15356e-06 1.15356e-06 1.022e-06 1.022e-06 1.022e-06 2.97201e-07 6.45124e-08 6.45124e-08 6.45124e-08 6.45124e-08 6.45124e-08 6.45124e-08 6.45124e-08 6.45124e-08 6.45124e-08 1.6942e-08 1.44798e-08 1.44798e-08 0 0 0 0 0 0 0 0 0 0 0 0 0 0 0 0 0 0 0 0 0 0 0 0 0 0 0 0 0 0 0 0 0 0 0 0 0 0 0 0 0 0 0 0 0 0 0 0
8.67516 6.37839 6.04501 5.33402 4.04602 3.95555 0.403285 0.403285 0.403285 0.403285 0.403285 0.144193 0.144193 0.144193 0.131642 0.131642 0.131642 0.0400019 0.0238101 0.00169525 0.000366221 1.29983e-06 1.20007e-07 1.20007e-07 9.89589e-08 0 0 0 0 0 0 0 0 0 0 0 0 0 0 0 0 0 0 0 0 0 0 0 0 0 0 0 0 0 0 0 0 0 0 0 0 0 0 0 0 0 0 0 0 0 0 0 0 0 0 0 0 0 0 0 0 0 0 0 0 0 0 0 0 0 0 0 0 0 0 0
6.03065 6.03065 4.47229 2.85762 2.07694 1.18257 1.18257 1.18257 0.446197 0.00283265 0.00283265 0.0021361 0.000206216 0.000206216 3.92769e-05 9.74884e-08 9.74884e-08 9.74884e-08 9.74884e-08 0 0 0 0 0 0 0 0 0 0 0 0 0 0 0 0 0 0 0 0 0 0 0 0 0 0 0 0 0 0 0 0 0 0 0 0 0 0 0 0 0 0 0 0 0 0 0 0 0 0 0 0 0 0 0 0 0 0 0 0 0 0 0 0 0 0 0 0 0 0 0 0 0 0 0 0 0
5.41847 5.41847 5.41847 3.45195 3.45195 3.45195 3.45195 2.75909 2.00597 1.24683 1.24683 0.871983 0.607251 0.607251 0.496491 0.290105 0.183948 0.111775 0.0807109 0.0807109 0.00401894 0.00401894 0.00347022 0.000768909 1.10375e-06 1.10375e-06 1.10375e-06 4.76477e-07 4.76477e-07 4.76477e-07 4.76477e-07 1.35255e-07 1.35255e-07 1.35255e-07 0 0 0 0 0 0 0 0 0 0 0 0 0 0 0 0 0 0 0 0 0 0 0 0 0 0 0 0 0 0 0 0 0 0 0 0 0 0 0 0 0 0 0 0 0 0 0 0 0 0 0 0 0 0 0 0 0 0 0 0 0 0
11.4299 3.86984 3.78708 3.25426 1.70115 1.70115 1.11173 1.02778 1.02778 1.02778 0.661598 0.661598 0.275691 0.0604458 6.11086e-06 6.11086e-06 6.11086e-06 6.11086e-06 6.11086e-06 6.11086e-06 6.11086e-06 6.11086e-06 6.11086e-06 6.11086e-06 6.11086e-06 6.11086e-06 6.11086e-06 9.24578e-07 9.24578e-07 1.91194e-07 1.91194e-07 1.60381e-07 1.60381e-07 1.60381e-07 1.23695e-07 1.23695e-07 1.23695e-07 0 0 0 0 0 0 0 0 0 0 0 0 0 0 0 0 0 0 0 0 0 0 0 0 0 0 0 0 0 0 0 0 0 0 0 0 0 0 0 0 0 0 0 0 0 0 0 0 0 0 0 0 0 0 0 0 0 0 0
15.1316 3.98786 3.98786 3.89964 3.40688 2.50365 2.50365 0.6663 0.6663 0.6663 0.6663 0.6663 0.6663 0.6663 0.355257 0.355257 0.242436 0.242436 0.242436 0.229631 0.225308 0.0178331 0.0178331 1.28863e-06 1.28863e-06 1.28863e-06 1.28863e-06 1.28863e-06 1.28863e-06 1.28863e-06 1.28863e-06 1.28863e-06 1.28863e-06 1.28863e-06 1.28863e-06 1.28863e-06 1.28863e-06 1.28863e-06 1.28863e-06 5.41648e-07 5.41648e-07 5.41648e-07 5.41648e-07 2.23211e-07 1.28467e-07 1.28467e-07 1.28467e-07 0 0 0 0 0 0 0 0 0 0 0 0 0 0 0 0 0 0 0 0 0 0 0 0 0 0 0 0 0 0 0 0 0 0 0 0 0 0 0 0 0 0 0 0 0 0 0 0 0
8.93461 6.37977 5.01232 3.51332 2.30826 2.30826 2.30826 1.8651 0.708379 0.708379 0.708379 0.708379 0.49013 0.456383 0.358797 0.12816 0.12816 0.0372798 0.0372798 0.000374541 9.30588e-05 4.02948e-05 1.00211e-05 1.00211e-05 1.00211e-05 1.00211e-05 4.01299e-07 1.7212e-08 1.7212e-08 1.7212e-08 0 0 0 0 0 0 0 0 0 0 0 0 0 0 0 0 0 0 0 0 0 0 0 0 0 0 0 0 0 0 0 0 0 0 0 0 0 0 0 0 0 0 0 0 0 0 0 0 0 0 0 0 0 0 0 0 0 0 0 0 0 0 0 0 0 0
5.89219 5.00459 3.63737 0.62756 0.610284 0.610284 0.610284 0.610284 0.604201 0.604201 0.604201 0.604201 0.604201 0.604201 0.228186 0.228186 0.0615206 0.0615206 0.0615206 0.0615206 0.0577666 0.000132195 0.000132195 0.000132195 0.000132195 0.000132195 9.45279e-05 9.45279e-05 9.45279e-05 9.45279e-05 1.45369e-05 1.45369e-05 1.45369e-05 1.79662e-06 1.79662e-06 1.79662e-06 1.79662e-06 9.27306e-08 9.27306e-08 9.27306e-08 0 0 0 0 0 0 0 0 0 0 0 0 0 0 0 0 0 0 0 0 0 0 0 0 0 0 0 0 0 0 0 0 0 0 0 0 0 0 0 0 0 0 0 0 0 0 0 0 0 0 0 0 0 0 0 0
3.06019 3.06019 3.06019 3.06019 3.06019 2.65007 2.65007 2.39868 0.886104 0.886104 0.272087 0.255892 0.255892 0.00307061 0.00307061 0.00307061 0.00307061 0.00307061 0.00307061 0.00307061 0.00307061 0.00307061 0.00307061 0.00307061 0.00307061 0.00307061 0.00154826 0.00154826 0.000558983 0.000382214 0.000382214 6.29679e-05 6.29679e-05 2.2013e-06 6.29852e-07 6.29852e-07 6.29852e-07 1.98051e-07 1.98051e-07 6.00224e-08 6.00224e-08 6.00224e-08 6.00224e-08 0 0 0 0 0 0 0 0 0 0 0 0 0 0 0 0 0 0 0 0 0 0 0 0 0 0 0 0 0 0 0 0 0 0 0 0 0 0 0 0 0 0 0 0 0 0 0 0 0 0 0 0 0
11.0835 6.2622 1.06874 1.06874 1.06874 1.06874 1.06874 1.06874 0.359533 0.233862 0.118906 0.0329049 0.0329049 0.0174692 0.000980649 1.70138e-06 1.70138e-06 2.33604e-08 2.33604e-08 2.33604e-08 1.5122e-08 1.5122e-08 0 0 0 0 0 0 0 0 0 0 0 0 0 0 0 0 0 0 0 0 0 0 0 0 0 0 0 0 0 0 0 0 0 0 0 0 0 0 0 0 0 0 0 0 0 0 0 0 0 0 0 0 0 0 0 0 0 0 0 0 0 0 0 0 0 0 0 0 0 0 0 0 0 0
10.9074 5.92646 2.71335 2.18486 2.18486 1.35531 1.35531 1.09053 0.0356663 0.0356663 0.0356663 0.0356663 0.0356663 0.0356663 0.0356663 0.0356663 0.0356663 0.0356663 0.0356663 0.013075 0.00556845 0.00556845 0.00491789 0.00173256 0.00173256 0.00173256 0.000160518 5.57441e-06 5.57441e-06 5.57441e-06 5.57441e-06 5.57441e-06 1.49191e-08 1.49191e-08 1.49191e-08 1.49191e-08 1.49191e-08 1.49191e-08 1.49191e-08 0 0 0 0 0 0 0 0 0 0 0 0 0 0 0 0 0 0 0 0 0 0 0 0 0 0 0 0 0 0 0 0 0 0 0 0 0 0 0 0 0 0 0 0 0 0 0 0 0 0 0 0 0 0 0 0 0
11.489 11.489 5.15008 0.869669 0.869669 0.869669 0.869669 0.575827 0.575827 0.141774 0.141774 0.0501394 0.0501394 0.0501394 0.0501394 0.0501394 0.0501394 0.0501394 0.0317708 0.0317708 0.0317708 0.0317708 0.00108856 0.00108856 0.000358021 0.000358021 0.000358021 0.000358021 0.000355861 0.000355861 0.000279992 0.000279992 0.000279992 0.000176863 1.13365e-05 1.13365e-05 1.13365e-05 4.61108e-06 4.61108e-06 4.61108e-06 2.4655e-06 2.4655e-06 2.4655e-06 3.19644e-08 3.19644e-08 3.19644e-08 3.19644e-08 3.19644e-08 0 0 0 0 0 0 0 0 0 0 0 0 0 0 0 0 0 0 0 0 0 0 0 0 0 0 0 0 0 0 0 0 0 0 0 0 0 0 0 0 0 0 0 0 0 0 0 0
5.75914 5.75914 3.83127 0.973742 0.973742 0.973742 0.973742 0.973742 0.828432 0.372359 0.372359 0.372359 0.372359 0.242974 0.0869355 0.0869355 0.0467415 1.16855e-05 1.16855e-05 1.16855e-05 1.16855e-05 2.02638e-06 2.02638e-06 0 0 0 0 0 0 0 0 0 0 0 0 0 0 0 0 0 0 0 0 0 0 0 0 0 0 0 0 0 0 0 0 0 0 0 0 0 0 0 0 0 0 0 0 0 0 0 0 0 0 0 0 0 0 0 0 0 0 0 0 0 0 0 0 0 0 0 0 0 0 0 0 0
7.40963 4.98454 3.65451 1.23372 1.23372 1.23372 1.23372 1.03484 1.03484 1.03484 1.03484 1.03484 1.02378 1.02378 1.02378 0.77341 0.77341 0.734662 0.734662 0.734662 0.734662 0.268489 0.268489 0.268489 0.12672 0.12672 2.30402e-05 2.30402e-05 2.30402e-05 2.30402e-05 2.30402e-05 5.86206e-06 5.86206e-06 2.13484e-06 2.13484e-06 2.13484e-06 2.13484e-06 2.13484e-06 2.13484e-06 0 0 0 0 0 0 0 0 0 0 0 0 0 0 0 0 0 0 0 0 0 0 0 0 0 0 0 0 0 0 0 0 0 0 0 0 0 0 0 0 0 0 0 0 0 0 0 0 0 0 0 0 0 0 0 0 0
10.994 0.728364 0.728364 0.728364 0.728364 0.728364 0.728364 0.728364 0.728364 0.728364 0.728364 0.728364 0.728364 0.728364 0.728364 0.714148 0.714148 0.128558 0.128558 0.128558 0.128558 0.128558 0.128558 0.112088 0.112088 3.19562e-05 3.19562e-05 3.19562e-05 3.19562e-05 3.19562e-05 3.19562e-05 3.19562e-05 3.19562e-05 3.19562e-05 3.19562e-05 3.19562e-05 3.19562e-05 3.19562e-05 1.73941e-05 1.73941e-05 1.73941e-05 1.73941e-05 1.73941e-05 1.73941e-05 1.73941e-05 1.73941e-05 1.73941e-05 1.73941e-05 6.03945e-06 6.03945e-06 2.16678e-07 2.16678e-07 0 0 0 0 0 0 0 0 0 0 0 0 0 0 0 0 0 0 0 0 0 0 0 0 0 0 0 0 0 0 0 0 0 0 0 0 0 0 0 0 0 0 0 0
6.31057 6.31057 4.51126 1.53 1.53 1.53 0.542968 0.542968 0.292902 0.292902 0.163467 0.163467 0.163467 0.163467 0.163467 0.000142172 0.000142172 0.000142172 0.000142172 1.59611e-05 1.59611e-05 3.94224e-06 3.94224e-06 3.94224e-06 3.94224e-06 3.94224e-06 3.94224e-06 3.94224e-06 3.94224e-06 3.94224e-06 3.94224e-06 3.94224e-06 3.23305e-06 1.99199e-06 1.99199e-06 6.25089e-07 9.23462e-08 0 0 0 0 0 0 0 0 0 0 0 0 0 0 0 0 0 0 0 0 0 0 0 0 0 0 0 0 0 0 0 0 0 0 0 0 0 0 0 0 0 0 0 0 0 0 0 0 0 0 0 0 0 0 0 0 0 0 0
8.1163 7.52336 5.05549 4.31215 2.78021 1.67559 0.968488 0.968488 0.699443 0.699443 0.699443 0.699443 0.699443 0.699443 0.350311 0.350311 0.00936111 0.00936111 0.00936111 0.00936111 0.00936111 0.00936111 0.00936111 1.52056e-05 1.52056e-05 1.52056e-05 1.52056e-05 1.52056e-05 1.52056e-05 1.52056e-05 3.31355e-06 3.31355e-06 3.31355e-06 3.31355e-06 3.06219e-06 3.06219e-06 1.27154e-06 5.729e-07 2.02193e-08 2.02193e-08 2.02193e-08 2.02193e-08 2.02193e-08 2.02193e-08 2.02193e-08 2.02193e-08 2.02193e-08 0 0 0 0 0 0 0 0 0 0 0 0 0 0 0 0 0 0 0 0 0 0 0 0 0 0 0 0 0 0 0 0 0 0 0 0 0 0 0 0 0 0 0 0 0 0 0 0 0
10.1273 6.50947 3.8585 2.26108 0.623838 0.623838 0.623838 0.425721 0.425721 0.402484 0.347289 0.153479 0.140183 0.00553031 0.00509234 0.00509234 0.000118374 5.80724e-05 1.96436e-06 1.57928e-08 1.57928e-08 1.57928e-08 1.57928e-08 1.57928e-08 1.57928e-08 0 0 0 0 0 0 0 0 0 0 0 0 0 0 0 0 0 0 0 0 0 0 0 0 0 0 0 0 0 0 0 0 0 0 0 0 0 0 0 0 0 0 0 0 0 0 0 0 0 0 0 0 0 0 0 0 0 0 0 0 0 0 0 0 0 0 0 0 0 0 0
8.04425 7.13042 4.65679 3.11952 1.89612 1.44168 0.981276 0.981276 0.481147 0.375433 0.375433 0.174136 0.174136 0.0044896 0.0044896 0.0044896 0.00118191 0.00118191 0.00118191 2.29729e-06 2.29729e-06 5.01357e-07 3.89898e-07 0 0 0 0 0 0 0 0 0 0 0 0 0 0 0 0 0 0 0 0 0 0 0 0 0 0 0 0 0 0 0 0 0 0 0 0 0 0 0 0 0 0 0 0 0 0 0 0 0 0 0 0 0 0 0 0 0 0 0 0 0 0 0 0 0 0 0 0 0 0 0 0 0
8.7603 8.13989 6.87907 2.26884 2.26884 2.26884 1.08653 0.82207 0.82207 0.82207 0.82207 0.561104 0.316262 0.12127 0.12127 0.0276993 5.19835e-05 5.19835e-05 5.19835e-05 1.02894e-05 4.16439e-06 2.7736e-07 0 0 0 0 0 0 0 0 0 0 0 0 0 0 0 0 0 0 0 0 0 0 0 0 0 0 0 0 0 0 0 0 0 0 0 0 0 0 0 0 0 0 0 0 0 0 0 0 0 0 0 0 0 0 0 0 0 0 0 0 0 0 0 0 0 0 0 0 0 0 0 0 0 0
9.95268 8.44794 5.83506 4.52171 3.19157 3.19157 3.19157 1.82233 1.82233 1.50784 0.907763 0.804056 0.750312 0.104511 0.104511 0.104511 0.104511 0.0220946 0.0220946 0.0220946 0.0220946 0.0220946 0.00228524 0.00139648 8.39654e-05 3.00799e-07 3.00799e-07 2.43105e-08 2.43105e-08 2.43105e-08 2.43105e-08 2.43105e-08 2.43105e-08 2.43105e-08 2.19516e-08 2.19516e-08 1.91163e-08 1.91163e-08 0 0 0 0 0 0 0 0 0 0 0 0 0 0 0 0 0 0 0 0 0 0 0 0 0 0 0 0 0 0 0 0 0 0 0 0 0 0 0 0 0 0 0 0 0 0 0 0 0 0 0 0 0 0 0 0 0 0
13.931 7.73017 6.31803 5.30031 3.37503 3.24142 3.24142 3.24142 2.72552 2.40377 0.336141 0.336141 0.318135 0.00101135 0.00101135 0.00101135 0.00101135 0.00101135 0.00101135 0.00101135 0.00101135 0.00101135 0.00101135 0.00101135 0.00101135 0.00101135 0.00101135 0.00101135 0.00101135 1.22879e-05 1.22879e-05 1.22879e-05 1.22879e-05 1.22879e-05 1.22879e-05 1.22879e-05 5.75084e-06 5.75084e-06 5.75084e-06 5.75084e-06 5.75084e-06 5.75084e-06 9.50774e-08 9.50774e-08 9.50774e-08 0 0 0 0 0 0 0 0 0 0 0 0 0 0 0 0 0 0 0 0 0 0 0 0 0 0 0 0 0 0 0 0 0 0 0 0 0 0 0 0 0 0 0 0 0 0 0 0 0 0 0
