12.602 5.66431 5.66431 5.66431 5.66431 5.58109 5.58109 2.78783 2.78783 2.78783 2.78783 2.78783 2.60178 2.60178 2.60178 1.29898 1.29898 1.29898 1.26325 1.26325 1.24831 0.839543 0.839543 0.839543 0.561426 0.561426 0.440205 0.24719 0.159635 0.10138 0.0965095 0.0724671 0.0570024 0.0235073 0.0235026 0.0219757 0.0144981 0.0134287 0.00608092 0.00320931 0.00238937 0.00039036 0.00039036 6.49268e-06 0 0 0 0 0 0 0 0 0 0 0 0 0 0 0 0 0 0 0 0 0 0 0 0 0 0 0 0 0 0 0 0 0 0 0 0 0 0 0 0 0 0 0 0 0 0 0 0 0 0 0 0
8.64501 8.64501 8.64501 6.35607 5.52368 5.52368 5.52368 4.76311 4.34222 3.53332 2.03216 1.29742 1.29742 1.29742 1.01788 0.7531 0.724866 0.700358 0.655637 0.481792 0.391796 0.375036 0.194096 0.186412 0.0951248 0.0803581 0.0369231 0.0224149 0.00901889 0.00211302 0.00211302 0.00029898 0.000227383 2.61756e-06 0 0 0 0 0 0 0 0 0 0 0 0 0 0 0 0 0 0 0 0 0 0 0 0 0 0 0 0 0 0 0 0 0 0 0 0 0 0 0 0 0 0 0 0 0 0 0 0 0 0 0 0 0 0 0 0 0 0 0 0 0 0
16.6564 12.1981 9.06642 6.47793 6.06883 6.06883 5.74941 5.74941 5.3398 4.33353 2.55184 2.55184 2.54577 1.84007 1.40365 1.40365 1.28967 1.28944 0.645039 0.645039 0.645039 0.596278 0.415198 0.367983 0.367983 0.339213 0.226957 0.117724 0.0703572 0.0359758 0.0359758 0.0258161 0.0190547 0.0157316 0.0111895 0.00346572 0.00210146 0.00206593 0.000548267 0.000100222 8.95378e-06 1.91458e-08 0 0 0 0 0 0 0 0 0 0 0 0 0 0 0 0 0 0 0 0 0 0 0 0 0 0 0 0 0 0 0 0 0 0 0 0 0 0 0 0 0 0 0 0 0 0 0 0 0 0 0 0 0 0
16.468 9.72239 9.72239 8.82912 6.69464 4.30637 4.30637 4.30637 4.30637 4.30637 2.40984 2.40984 2.40984 2.40984 2.40984 0.936475 0.936475 0.936475 0.936475 0.936475 0.936475 0.936475 0.936475 0.698978 0.698978 0.698978 0.698978 0.154082 0.154082 0.154082 0.117971 0.117971 0.117971 0.117971 0.117971 0.104238 0.104238 0.104028 0.104028 0.0988566 0.0988566 0.0700439 0.0669248 0.0669248 0.0219584 0.0219584 0.0163916 0.0148286 0.0104032 0.0030443 0.0030443 0.00219657 0.000202558 4.92932e-05 0 0 0 0 0 0 0 0 0 0 0 0 0 0 0 0 0 0 0 0 0 0 0 0 0 0 0 0 0 0 0 0 0 0 0 0 0 0 0 0 0 0
7.44235 7.44235 4.68199 4.68199 4.68199 4.68199 4.68199 4.68199 4.68199 4.52273 4.36726 4.36726 4.36726 4.04216 3.3902 3.3902 2.81665 2.81665 2.81665 2.81665 2.81665 2.81665 2.81665 2.00401 2.00401 2.00401 2.00401 1.93399 1.21461 1.21461 1.21461 1.21461 1.21461 1.11207 1.11207 1.11207 0.896667 0.896667 0.785292 0.206488 0.161257 0.161257 0.161257 0.161257 0.161257 0.161257 0.0313251 0.0313251 0.0313251 0.0313251 0.0313251 0.0313251 0.018189 0.00461448 0.00082943 0.00082943 4.98864e-05 4.98864e-05 2.46252e-06 3.84953e-07 9.28784e-08 3.106e-08 0 0 0 0 0 0 0 0 0 0 0 0 0 0 0 0 0 0 0 0 0 0 0 0 0 0 0 0 0 0 0 0 0 0
20.7859 18.2169 14.4785 9.44295 8.17481 7.23191 6.20767 6.20767 6.20767 4.85282 4.85282 3.88561 3.88561 3.88561 3.88561 1.84604 1.84604 1.72169 1.72169 1.72169 1.72169 1.72169 1.72169 1.72169 1.72169 1.22995 1.22995 1.22995 1.09149 1.09149 0.908631 0.877314 0.758034 0.758034 0.475479 0.284423 0.240204 0.228964 0.138446 0.0854196 0.0484148 0.0464112 0.0220112 0.0106197 0.0043884 0.00337816 0.00112591 0.000155728 7.3986e-07 0 0 0 0 0 0 0 0 0 0 0 0 0 0 0 0 0 0 0 0 0 0 0 0 0 0 0 0 0 0 0 0 0 0 0 0 0 0 0 0 0 0 0 0 0 0 0
16.4694 15.2919 13.0232 2.09653 2.09653 2.09653 2.09653 2.09653 2.09653 2.09653 2.09653 2.09653 2.09653 2.09653 2.09653 2.09653 2.09653 2.09653 2.09653 1.78926 1.78926 1.1869 1.1869 0.498861 0.498861 0.240963 0.240963 0.150977 0.150977 0.150977 0.150977 0.150977 0.150977 0.150977 0.150977 0.139893 0.139893 0.139893 0.122184 0.122184 0.122184 0.122184 0.122184 0.0260112 0.0260112 0.0260112 0.0260112 0.0260112 0.0224095 0.0224095 0.013216 0.013216 0.013216 0.011563 0.00137439 0.000133194 0.000133194 2.7212e-06 1.64408e-06 0 0 0 0 0 0 0 0 0 0 0 0 0 0 0 0 0 0 0 0 0 0 0 0 0 0 0 0 0 0 0 0 0 0 0 0 0
12.7232 10.4569 10.4569 6.36803 6.36803 5.4153 4.0459 4.0459 4.0459 4.0459 4.0459 3.44161 3.44161 2.24478 1.99558 1.99558 1.99558 1.77491 1.77491 1.74096 1.32564 1.32564 0.942671 0.942671 0.799394 0.356045 0.356045 0.298787 0.279205 0.279205 0.2459 0.2459 0.168527 0.148015 0.131075 0.119004 0.112582 0.0952517 0.0766911 0.0407121 0.0211888 0.0130814 0.00893933 0.0040441 0.00162707 1.87213e-05 1.87213e-05 0 0 0 0 0 0 0 0 0 0 0 0 0 0 0 0 0 0 0 0 0 0 0 0 0 0 0 0 0 0 0 0 0 0 0 0 0 0 0 0 0 0 0 0 0 0 0 0 0
14.9929 7.73924 7.73924 5.1155 5.1155 5.1155 5.1155 5.1155 5.1155 2.77984 2.77984 2.77984 2.77984 2.77984 2.77984 2.46308 2.46308 2.41177 2.11024 1.27643 1.27643 1.27643 0.899254 0.899254 0.899254 0.899254 0.302543 0.227562 0.227562 0.224717 0.0856213 0.0749953 0.0611653 0.0464916 0.0164255 0.0164255 0.0159154 0.0100902 0.0100902 0.00147473 0.00105516 0.00105516 0.000401324 2.96495e-05 9.54255e-08 0 0 0 0 0 0 0 0 0 0 0 0 0 0 0 0 0 0 0 0 0 0 0 0 0 0 0 0 0 0 0 0 0 0 0 0 0 0 0 0 0 0 0 0 0 0 0 0 0 0 0
7.87036 7.72999 7.72999 7.46818 6.14606 5.35633 2.80689 2.80689 2.80689 2.80689 2.80689 2.80689 0.883151 0.883151 0.883151 0.883151 0.883151 0.883151 0.883151 0.883151 0.883151 0.883151 0.883151 0.865218 0.691686 0.546517 0.469545 0.278137 0.278137 0.278137 0.175528 0.161705 0.161705 0.0452915 0.0452915 0.0452915 0.0452915 0.0367477 0.0366792 0.0366792 0.0197886 0.0167116 0.00997447 0.00666981 0.00140944 4.57672e-05 4.57672e-05 4.57672e-05 4.57672e-05 4.57672e-05 0 0 0 0 0 0 0 0 0 0 0 0 0 0 0 0 0 0 0 0 0 0 0 0 0 0 0 0 0 0 0 0 0 0 0 0 0 0 0 0 0 0 0 0 0 0
19.3662 13.595 12.0058 4.99259 4.99259 4.92975 4.92975 4.84354 2.65702 2.65702 1.95653 1.95653 1.95653 1.27645 1.27645 1.15579 1.15579 1.15579 0.776122 0.776122 0.726217 0.690742 0.423732 0.423732 0.339144 0.152783 0.152783 0.109384 0.0924232 0.0650587 0.0650587 0.06282 0.0377063 0.0140661 0.00921618 0.00657419 0.00478075 0.00256826 0.00256826 0.00165462 2.23696e-05 2.23696e-05 0 0 0 0 0 0 0 0 0 0 0 0 0 0 0 0 0 0 0 0 0 0 0 0 0 0 0 0 0 0 0 0 0 0 0 0 0 0 0 0 0 0 0 0 0 0 0 0 0 0 0 0 0 0
19.502 14.4673 10.9288 7.34685 4.46979 1.91201 1.91201 1.91201 1.91201 1.91201 1.91201 1.91201 1.91201 1.91201 1.54377 1.54377 1.54377 1.54377 1.54377 1.54377 1.31744 1.31744 1.05962 1.05962 0.860271 0.418658 0.418658 0.418658 0.418658 0.41484 0.390798 0.324849 0.138359 0.116364 0.103076 0.103076 0.0975042 0.0701007 0.0296593 0.0296593 0.0180641 0.0180641 0.0180641 0.0149798 0.00519401 0.00413944 0.00328301 0.00165031 0.00136245 4.30653e-05 7.9327e-07 0 0 0 0 0 0 0 0 0 0 0 0 0 0 0 0 0 0 0 0 0 0 0 0 0 0 0 0 0 0 0 0 0 0 0 0 0 0 0 0 0 0 0 0 0
14.881 14.881 12.983 6.14524 6.14524 6.14524 4.71577 4.71577 4.71577 3.58459 3.58459 2.83308 2.83308 2.83308 2.83308 2.83308 2.60769 2.60769 1.08651 1.08651 1.08651 1.08651 1.08651 1.08442 0.546576 0.546576 0.546576 0.546576 0.546576 0.546576 0.546576 0.546576 0.491785 0.200281 0.200281 0.200281 0.200281 0.200281 0.200281 0.163801 0.146065 0.146065 0.0662887 0.0618848 0.0618848 0.0618848 0.0618848 0.00984819 0.00928355 0.0083813 0.0083813 0.00215599 0.00215599 0.00215599 0.00176909 0.00176909 0.000716425 0.000461007 0.000131083 3.12553e-06 3.12553e-06 2.45878e-07 6.19792e-08 0 0 0 0 0 0 0 0 0 0 0 0 0 0 0 0 0 0 0 0 0 0 0 0 0 0 0 0 0 0 0 0 0
23.2308 18.1683 6.94715 6.94715 6.94715 6.94715 6.94715 6.94715 6.94715 6.94715 6.94715 6.58416 3.95086 3.95086 3.95086 3.62185 3.62185 1.90688 1.90688 1.90688 1.90688 1.74071 1.74071 1.74071 1.74071 1.51541 1.51541 0.87502 0.87502 0.87502 0.87502 0.87502 0.87502 0.660268 0.660268 0.660268 0.660268 0.660268 0.660268 0.318547 0.318547 0.162194 0.162194 0.162194 0.162194 0.162194 0.162194 0.162194 0.148341 0.146946 0.0745916 0.0406505 0.00589809 0.00589809 0.00582079 0.00200153 0.000361032 0.000361032 2.47475e-06 3.15146e-07 2.27905e-07 1.44339e-07 1.44339e-07 0 0 0 0 0 0 0 0 0 0 0 0 0 0 0 0 0 0 0 0 0 0 0 0 0 0 0 0 0 0 0 0 0
24.5109 15.4175 11.0893 8.82971 6.57245 4.56713 4.22331 2.98829 2.97311 2.6619 2.4428 1.22628 1.1359 0.956568 0.57913 0.429252 0.354767 0.179388 0.106017 0.0811583 0.0426939 0.0393909 0.00919532 0.00434389 0.0039102 0.00252474 0.00192151 0.000116703 2.16013e-06 0 0 0 0 0 0 0 0 0 0 0 0 0 0 0 0 0 0 0 0 0 0 0 0 0 0 0 0 0 0 0 0 0 0 0 0 0 0 0 0 0 0 0 0 0 0 0 0 0 0 0 0 0 0 0 0 0 0 0 0 0 0 0 0 0 0 0
13.2151 13.2151 7.97736 5.57367 4.8843 3.93566 3.93566 3.93566 3.93566 3.16441 2.81856 2.43013 2.11238 2.11238 2.11238 1.46035 1.46035 1.35913 1.10846 0.85619 0.85619 0.571908 0.365882 0.365882 0.203397 0.203397 0.203397 0.118502 0.0718597 0.0718597 0.0626942 0.0344035 0.02301 0.00765694 0.00740088 0.0020325 0.00137448 0.000486149 3.65798e-05 1.7967e-07 0 0 0 0 0 0 0 0 0 0 0 0 0 0 0 0 0 0 0 0 0 0 0 0 0 0 0 0 0 0 0 0 0 0 0 0 0 0 0 0 0 0 0 0 0 0 0 0 0 0 0 0 0 0 0 0
16.675 7.92919 7.92919 6.27032 6.27032 3.73941 3.28816 3.28816 3.28816 3.28816 2.92483 2.3805 2.3805 2.26165 1.32853 1.32853 0.867314 0.867314 0.794949 0.794949 0.487484 0.487484 0.285306 0.285306 0.285306 0.181152 0.132422 0.0705234 0.0474954 0.0453655 0.0355979 0.0282896 0.0198205 0.0147669 0.0103852 0.00423803 0.00369415 0.000807362 0.000638458 0.000115028 4.24762e-07 2.94943e-08 0 0 0 0 0 0 0 0 0 0 0 0 0 0 0 0 0 0 0 0 0 0 0 0 0 0 0 0 0 0 0 0 0 0 0 0 0 0 0 0 0 0 0 0 0 0 0 0 0 0 0 0 0 0
20.7992 14.2592 7.46962 7.46962 7.17697 1.21199 1.21199 1.21199 1.21199 1.21199 1.21199 1.21199 1.21199 1.21199 1.21199 1.21199 1.13842 1.13842 1.13842 1.13842 1.13842 1.13842 1.10799 0.555398 0.555398 0.539436 0.539436 0.539436 0.524693 0.524693 0.524693 0.475419 0.0778195 0.0778195 0.0778195 0.0778195 0.0778195 0.0778195 0.0778195 0.0404507 0.0404507 0.0404507 0.0404507 0.0384851 0.0373993 0.0263272 0.021787 0.0146431 0.00494646 0.00361282 0.0034143 0.000773422 8.09084e-05 4.47029e-06 0 0 0 0 0 0 0 0 0 0 0 0 0 0 0 0 0 0 0 0 0 0 0 0 0 0 0 0 0 0 0 0 0 0 0 0 0 0 0 0 0 0
16.5699 15.2499 9.54239 4.6434 3.64421 3.06663 3.06663 3.06663 2.41514 1.29232 1.29232 1.29232 1.29232 1.29232 1.29232 0.758186 0.261516 0.261516 0.261516 0.247955 0.247955 0.207187 0.182739 0.153696 0.130594 0.104193 0.0583371 0.0281161 0.0214639 0.0106741 0.00632933 0.0029324 0.000589828 0.000589828 0.000141521 4.10183e-06 0 0 0 0 0 0 0 0 0 0 0 0 0 0 0 0 0 0 0 0 0 0 0 0 0 0 0 0 0 0 0 0 0 0 0 0 0 0 0 0 0 0 0 0 0 0 0 0 0 0 0 0 0 0 0 0 0 0 0 0
20.2284 12.9809 3.39603 3.39603 3.39603 3.0495 3.0495 2.90555 2.4334 1.96831 1.96831 1.71276 0.93876 0.932798 0.612768 0.35932 0.305976 0.280531 0.182098 0.0970015 0.0412822 0.0410853 0.0265555 0.0175508 0.00889048 0.00401176 0.00228979 0.000129214 3.32798e-06 2.00038e-08 0 0 0 0 0 0 0 0 0 0 0 0 0 0 0 0 0 0 0 0 0 0 0 0 0 0 0 0 0 0 0 0 0 0 0 0 0 0 0 0 0 0 0 0 0 0 0 0 0 0 0 0 0 0 0 0 0 0 0 0 0 0 0 0 0 0
17.5043 17.5043 15.7351 9.66327 6.69001 5.71844 5.71844 3.69175 3.69175 3.4784 3.4784 2.94324 2.94324 2.94324 2.94324 2.29658 2.0848 2.0848 2.0848 1.22377 1.22377 1.22377 1.22377 1.22377 1.21785 1.21369 1.21369 0.840122 0.786092 0.784564 0.350134 0.315808 0.315808 0.315808 0.315808 0.315808 0.315808 0.189312 0.189312 0.189312 0.181505 0.181505 0.0842889 0.0594367 0.0435794 0.0435794 0.0435794 0.0246509 0.0246509 0.0176106 0.0176106 0.0148935 0.00485308 0.00485308 0.00181582 0.001436 0.00138724 0.000713233 7.55823e-05 1.89218e-06 1.89218e-06 0 0 0 0 0 0 0 0 0 0 0 0 0 0 0 0 0 0 0 0 0 0 0 0 0 0 0 0 0 0 0 0 0 0 0
8.58756 8.58756 6.99329 3.67881 3.67881 3.67881 3.67881 3.67881 3.67881 2.62654 2.62654 2.62654 2.62654 2.45062 2.01529 1.48337 1.4712 1.10113 1.0774 0.953941 0.546309 0.51413 0.405354 0.405354 0.262518 0.208223 0.18334 0.0493807 0.0493807 0.0439923 0.0348256 0.0106322 0.00768026 0.00430768 0.00223135 0.00209834 0.000462758 0.000125363 1.40334e-05 2.42187e-08 0 0 0 0 0 0 0 0 0 0 0 0 0 0 0 0 0 0 0 0 0 0 0 0 0 0 0 0 0 0 0 0 0 0 0 0 0 0 0 0 0 0 0 0 0 0 0 0 0 0 0 0 0 0 0 0
18.8761 7.68404 7.68404 7.10329 7.10329 6.44331 4.89487 4.89487 4.07035 3.57241 3.12075 2.75259 2.75259 2.75259 2.75259 1.53219 1.53219 1.53219 1.53219 1.53219 0.970577 0.970577 0.828717 0.719936 0.346327 0.346327 0.346327 0.22069 0.22069 0.191128 0.157814 0.157814 0.10932 0.10932 0.055156 0.055156 0.0478694 0.0478694 0.0471369 0.031121 0.031121 0.0258059 0.0229608 0.0106217 0.0106217 0.00469577 0.00165482 0.00124373 0.00124373 0.0002628 8.58372e-06 8.58372e-06 0 0 0 0 0 0 0 0 0 0 0 0 0 0 0 0 0 0 0 0 0 0 0 0 0 0 0 0 0 0 0 0 0 0 0 0 0 0 0 0 0 0 0 0
13.745 13.745 7.35119 7.24217 7.24217 4.69409 4.69409 4.62635 4.33399 2.72329 2.72329 2.47128 2.47128 2.47128 2.47128 2.47128 1.75815 1.05774 1.05774 1.05774 1.01273 0.554697 0.554697 0.554697 0.554697 0.554697 0.554697 0.217909 0.217909 0.217909 0.217909 0.079957 0.079957 0.079957 0.079957 0.0786203 0.0488779 0.0479674 0.0194241 0.00661376 0.00661376 0.00446242 0.00324944 0.00110682 2.62341e-05 2.62341e-05 2.30848e-07 7.14698e-08 0 0 0 0 0 0 0 0 0 0 0 0 0 0 0 0 0 0 0 0 0 0 0 0 0 0 0 0 0 0 0 0 0 0 0 0 0 0 0 0 0 0 0 0 0 0 0 0
17.9959 11.1099 9.69051 7.9584 7.9584 7.9584 7.92931 4.60755 4.60755 4.60755 4.60755 4.60755 4.60755 3.59617 3.59617 3.59617 3.59617 3.59617 3.58224 2.26067 2.26067 2.26067 2.26067 2.26067 2.26067 2.26067 2.26067 1.97147 1.97147 1.97147 1.28642 1.16415 1.04077 0.869802 0.869802 0.869802 0.679362 0.679362 0.616086 0.361141 0.361141 0.361141 0.361141 0.32421 0.32421 0.182198 0.0927004 0.0843867 0.0823781 0.024953 0.024953 0.0225892 0.00841817 0.00515084 0.000659224 1.50233e-05 0 0 0 0 0 0 0 0 0 0 0 0 0 0 0 0 0 0 0 0 0 0 0 0 0 0 0 0 0 0 0 0 0 0 0 0 0 0 0 0
22.0098 14.6402 10.5239 6.6071 6.6071 4.83461 4.83461 3.71643 3.71643 3.71643 3.71643 3.36504 3.05078 3.05078 1.44091 1.44091 1.38741 1.38741 1.38741 1.37235 0.853408 0.853408 0.684653 0.671329 0.655573 0.426929 0.426929 0.256128 0.141733 0.101006 0.101006 0.101006 0.0818213 0.0818213 0.0721971 0.0721971 0.0540105 0.0432411 0.0141412 0.0141412 0.00745126 0.00745126 0.000797321 0.000797321 0.000797321 0.000333598 0.000333598 6.41379e-06 6.72444e-07 5.30534e-08 5.30534e-08 0 0 0 0 0 0 0 0 0 0 0 0 0 0 0 0 0 0 0 0 0 0 0 0 0 0 0 0 0 0 0 0 0 0 0 0 0 0 0 0 0 0 0 0 0
7.48852 7.48852 7.48852 7.45881 7.0612 6.71385 5.95683 3.39351 3.39351 3.29652 3.29652 3.29652 2.00097 2.00097 0.832637 0.832637 0.832637 0.832637 0.832637 0.832637 0.832637 0.832637 0.832637 0.739502 0.542848 0.537804 0.364334 0.364334 0.364334 0.341107 0.0766626 0.0766626 0.0766626 0.0766626 0.0731511 0.0283163 0.0283163 0.0283163 0.0283163 0.0119953 0.0099112 0.0059547 0.00582999 0.00582999 0.00421383 0.00288497 0.00167781 0.000387477 0.000135125 5.26799e-06 5.26799e-06 1.91996e-07 0 0 0 0 0 0 0 0 0 0 0 0 0 0 0 0 0 0 0 0 0 0 0 0 0 0 0 0 0 0 0 0 0 0 0 0 0 0 0 0 0 0 0 0
17.0177 13.4041 12.0468 5.46119 1.96891 1.96891 1.96891 1.96891 1.51851 1.21274 1.21274 1.21274 1.02977 0.756157 0.654281 0.323449 0.297679 0.153526 0.147489 0.0758126 0.0294602 0.0294602 0.00992832 0.00110431 0.00110431 0.00110431 0.000723003 6.68068e-05 2.66643e-07 0 0 0 0 0 0 0 0 0 0 0 0 0 0 0 0 0 0 0 0 0 0 0 0 0 0 0 0 0 0 0 0 0 0 0 0 0 0 0 0 0 0 0 0 0 0 0 0 0 0 0 0 0 0 0 0 0 0 0 0 0 0 0 0 0 0 0
19.2778 11.9892 11.9892 9.273 5.20543 5.20543 5.20543 5.20543 4.70055 4.70055 3.45767 2.93998 2.7836 2.54636 2.54636 1.93 1.93 1.93 1.93 1.93 1.93 1.76828 1.76828 1.76828 1.76828 1.76828 1.75285 1.4623 0.915458 0.915458 0.727357 0.462512 0.462512 0.346247 0.346247 0.346247 0.346247 0.346247 0.214754 0.214754 0.198821 0.122546 0.122546 0.06053 0.0527172 0.0527172 0.0328792 0.0328792 0.0256026 0.00519745 0.00519745 0.0032758 0.0032758 0.0032758 7.38784e-06 7.38784e-06 4.16272e-06 2.68931e-06 8.46051e-08 0 0 0 0 0 0 0 0 0 0 0 0 0 0 0 0 0 0 0 0 0 0 0 0 0 0 0 0 0 0 0 0 0 0 0 0 0
23.1399 16.8105 7.93243 7.93243 2.5256 2.5256 2.5256 2.5256 2.5256 2.32151 2.13115 2.13115 1.64636 1.64636 1.64636 1.05844 0.872502 0.872502 0.252684 0.252684 0.252684 0.252684 0.252684 0.252684 0.252684 0.252684 0.252684 0.252684 0.252684 0.0552083 0.0552083 0.0552083 0.0552083 0.0552083 0.0552083 0.0552083 0.0552083 0.0552083 0.0552083 0.0552083 0.0552083 0.023171 0.0229517 0.0229517 0.0229517 0.0229517 0.0229517 0.0229517 0.0229517 0.0229517 0.0174652 0.0174652 0.0174652 0.0135644 0.00108199 0.00108199 0.000632336 0.000332089 9.7668e-06 8.08173e-07 4.00607e-07 6.19447e-08 3.97596e-08 0 0 0 0 0 0 0 0 0 0 0 0 0 0 0 0 0 0 0 0 0 0 0 0 0 0 0 0 0 0 0 0 0
15.2241 11.4265 7.55042 7.29631 6.87394 5.7593 5.58215 5.2455 3.05735 3.05735 3.05735 1.95105 1.95105 1.8725 1.8725 1.8725 1.28727 1.28727 0.888006 0.691433 0.691433 0.691433 0.691433 0.403806 0.339329 0.339329 0.315284 0.206187 0.143347 0.0954777 0.0954777 0.0815218 0.0386306 0.0171586 0.0171586 0.0133427 0.00970393 0.00259071 0.00167969 0.000486817 0.000103371 2.36772e-07 0 0 0 0 0 0 0 0 0 0 0 0 0 0 0 0 0 0 0 0 0 0 0 0 0 0 0 0 0 0 0 0 0 0 0 0 0 0 0 0 0 0 0 0 0 0 0 0 0 0 0 0 0 0
13.7387 3.9832 3.9832 1.95871 1.95871 1.95871 1.95871 1.95871 1.95871 1.95871 1.95871 1.95871 1.95871 1.95871 1.95871 1.90499 1.77488 0.958552 0.958552 0.958552 0.806518 0.447196 0.447196 0.447196 0.301941 0.301941 0.256253 0.205226 0.205226 0.205226 0.200924 0.175707 0.119757 0.0847094 0.020042 0.020042 0.015522 0.015522 0.015522 0.0135195 0.0135195 0.00814437 0.00814437 0.00740003 0.00535099 0.00130384 0.00130384 0.00117256 0.000405763 0.000122518 5.68004e-05 3.3664e-06 1.93746e-07 7.48343e-08 0 0 0 0 0 0 0 0 0 0 0 0 0 0 0 0 0 0 0 0 0 0 0 0 0 0 0 0 0 0 0 0 0 0 0 0 0 0 0 0 0 0
16.3184 12.2318 12.2318 7.41003 4.09571 4.09571 4.09571 4.09571 4.09571 2.52199 2.52199 2.09421 2.09421 1.01385 1.01385 1.01385 1.01096 0.70061 0.577092 0.577092 0.577092 0.577092 0.577092 0.577092 0.241448 0.160558 0.160558 0.160558 0.160558 0.160558 0.0702231 0.0424536 0.0424536 0.0424536 0.025891 0.025891 0.00827116 0.00255864 0.00245653 0.000693479 0.000263743 8.76214e-07 0 0 0 0 0 0 0 0 0 0 0 0 0 0 0 0 0 0 0 0 0 0 0 0 0 0 0 0 0 0 0 0 0 0 0 0 0 0 0 0 0 0 0 0 0 0 0 0 0 0 0 0 0 0
13.0815 11.3451 10.6173 8.94457 8.4513 5.62697 4.65838 4.65838 4.65838 4.57968 3.79229 3.33614 3.04022 2.09245 2.09245 2.09245 1.58996 1.58996 1.20877 0.994902 0.994902 0.994902 0.994902 0.994902 0.922134 0.922134 0.622962 0.622962 0.550768 0.426798 0.426798 0.210611 0.210611 0.210611 0.210611 0.136798 0.0752069 0.0752069 0.0752069 0.0752069 0.0536292 0.0307621 0.0307621 0.0114 0.0114 0.0114 0.00526702 0.00404309 0.00173462 0.000144077 0.000144077 5.43036e-05 1.62384e-05 1.26295e-06 0 0 0 0 0 0 0 0 0 0 0 0 0 0 0 0 0 0 0 0 0 0 0 0 0 0 0 0 0 0 0 0 0 0 0 0 0 0 0 0 0 0
13.9393 11.2535 5.40232 5.40232 5.40232 5.40232 5.40232 5.40232 5.40232 5.40232 5.40232 2.1485 2.1485 2.1485 2.1485 2.1485 0.895412 0.895412 0.895412 0.895412 0.895412 0.895412 0.895412 0.895412 0.895412 0.895412 0.895412 0.895412 0.882051 0.762929 0.191606 0.191606 0.191606 0.191606 0.163802 0.163802 0.163802 0.163802 0.163802 0.163802 0.148936 0.128664 0.0802098 0.0617145 0.0617145 0.0617145 0.0617145 0.0617145 0.024085 0.0158874 0.0158874 0.0158874 0.00231724 0.00231724 0.00125761 0.000489904 7.15832e-05 1.35041e-08 1.35041e-08 1.35041e-08 1.35041e-08 1.35041e-08 0 0 0 0 0 0 0 0 0 0 0 0 0 0 0 0 0 0 0 0 0 0 0 0 0 0 0 0 0 0 0 0 0 0
17.8644 14.3516 9.46925 7.53089 7.53089 7.53089 5.34019 2.00909 2.00909 2.00909 2.00909 2.00909 1.1904 1.1904 1.1904 1.1904 1.1904 1.1904 1.1904 1.1904 1.1904 1.1904 1.1904 1.1904 1.1904 1.1904 1.1904 0.958674 0.958674 0.580663 0.580663 0.580663 0.580663 0.580663 0.567571 0.321563 0.180368 0.155755 0.155755 0.155755 0.155755 0.06101 0.0603312 0.0603312 0.0460041 0.0460041 0.0411544 0.0151064 0.0151064 0.0103737 0.00813253 0.00311077 0.00108424 0.000333198 0 0 0 0 0 0 0 0 0 0 0 0 0 0 0 0 0 0 0 0 0 0 0 0 0 0 0 0 0 0 0 0 0 0 0 0 0 0 0 0 0 0
12.7215 9.72014 9.32724 4.28746 4.28746 4.28746 4.28746 4.28746 2.61661 2.61661 2.61661 2.61661 2.61661 2.61661 2.61661 2.02493 2.02493 2.02493 2.02493 2.02493 2.02493 2.02493 1.87286 1.87286 1.87286 1.87286 1.16458 1.1307 1.1307 0.859672 0.859672 0.859672 0.859672 0.859672 0.230141 0.230141 0.230141 0.230141 0.230141 0.230141 0.230141 0.230141 0.230141 0.167149 0.167149 0.167149 0.11324 0.0760573 0.00965417 0.00965417 0.00965417 0.00965417 0.00872186 0.00474884 0.000859458 0.000189719 1.35014e-07 1.35014e-07 1.05094e-07 1.08513e-08 1.08513e-08 0 0 0 0 0 0 0 0 0 0 0 0 0 0 0 0 0 0 0 0 0 0 0 0 0 0 0 0 0 0 0 0 0 0 0
17.7016 13.5201 7.38357 7.19951 6.04588 6.04588 6.04588 6.04588 4.66769 3.24434 2.58953 2.50544 2.3471 2.3471 2.3471 2.3471 1.4984 1.4984 1.4984 1.0904 0.739447 0.739447 0.739447 0.739447 0.739447 0.739447 0.739447 0.523017 0.523017 0.226554 0.122399 0.0617174 0.0617174 0.0617174 0.0617174 0.0438239 0.0438239 0.0438239 0.0438239 0.025232 0.00955727 0.00955727 0.00777012 0.00157159 0.00138752 0.000270008 0.000197785 6.36872e-07 0 0 0 0 0 0 0 0 0 0 0 0 0 0 0 0 0 0 0 0 0 0 0 0 0 0 0 0 0 0 0 0 0 0 0 0 0 0 0 0 0 0 0 0 0 0 0 0
14.0725 10.9832 9.43002 9.12272 5.49444 4.80474 4.80474 4.43216 4.43216 1.94773 1.94773 1.94773 1.5714 1.5714 1.32042 1.15321 0.997284 0.691554 0.613767 0.613767 0.284238 0.191389 0.191389 0.162435 0.132298 0.0675829 0.0647999 0.0280443 0.0154562 0.00616714 0.00527174 0.00124158 0.000243092 0.0001277 3.05456e-06 0 0 0 0 0 0 0 0 0 0 0 0 0 0 0 0 0 0 0 0 0 0 0 0 0 0 0 0 0 0 0 0 0 0 0 0 0 0 0 0 0 0 0 0 0 0 0 0 0 0 0 0 0 0 0 0 0 0 0 0 0
12.413 12.413 9.3158 4.74712 4.74712 4.74712 4.74712 4.74712 4.74712 3.18824 3.18824 3.18824 3.18824 3.18824 3.01495 3.01495 2.4848 1.62286 1.62286 1.62286 1.42548 1.0814 0.890513 0.890513 0.890513 0.755751 0.755751 0.755751 0.692918 0.588049 0.485688 0.318623 0.187959 0.187959 0.149548 0.149548 0.089864 0.089864 0.089864 0.073224 0.055524 0.0380224 0.023441 0.023441 0.0209849 0.019513 0.017482 0.0136575 0.00620061 0.00490177 0.00177488 0.000989004 0.000226027 8.1748e-07 0 0 0 0 0 0 0 0 0 0 0 0 0 0 0 0 0 0 0 0 0 0 0 0 0 0 0 0 0 0 0 0 0 0 0 0 0 0 0 0 0 0
18.0766 13.1949 12.0423 6.15126 6.15126 2.9364 2.9364 2.9364 1.15491 1.15491 1.15491 1.15491 1.15491 1.15491 1.15491 1.15491 1.15491 1.15491 1.15491 1.15491 1.15491 1.15491 1.15491 0.967912 0.967912 0.967912 0.967912 0.708207 0.708207 0.694008 0.693604 0.693604 0.693604 0.693604 0.693604 0.693604 0.642482 0.642482 0.642482 0.642482 0.439248 0.439248 0.439248 0.439248 0.439248 0.439248 0.439248 0.33676 0.33676 0.297132 0.0352601 0.0352601 0.0290964 0.00910867 0.00303683 0.00303683 0.00249532 0.000157986 0.000157986 0 0 0 0 0 0 0 0 0 0 0 0 0 0 0 0 0 0 0 0 0 0 0 0 0 0 0 0 0 0 0 0 0 0 0 0 0
11.2516 9.13368 8.69279 6.55092 6.55092 6.55092 5.29045 4.01228 3.48077 2.00419 2.00419 2.00419 1.25688 1.25688 1.25688 0.785924 0.785924 0.785924 0.785924 0.785924 0.785924 0.532984 0.43024 0.415148 0.317376 0.251566 0.13034 0.13034 0.063501 0.0423768 0.0405364 0.0239773 0.013352 0.0116904 0.00657254 0.00562592 0.00168152 0.000884039 0.000502406 0.000123946 2.31394e-08 0 0 0 0 0 0 0 0 0 0 0 0 0 0 0 0 0 0 0 0 0 0 0 0 0 0 0 0 0 0 0 0 0 0 0 0 0 0 0 0 0 0 0 0 0 0 0 0 0 0 0 0 0 0 0
15.9779 14.1221 7.14718 7.14718 7.14718 7.14718 7.14718 6.90319 6.52746 2.30902 2.30902 2.30902 2.30902 2.30902 2.30902 1.53277 1.53277 1.53277 1.53277 1.53277 1.53277 1.39995 1.39995 1.39995 1.32699 1.32699 0.953883 0.293361 0.293361 0.293361 0.293361 0.293361 0.236684 0.236684 0.236684 0.227504 0.227504 0.227504 0.227504 0.114485 0.114485 0.080679 0.080679 0.080679 0.0299652 0.0299652 0.0121167 0.0121167 0.0121167 0.012025 0.0107217 0.00465014 0.00465014 0.000833453 0.000291644 8.22352e-06 1.47277e-06 3.83661e-08 0 0 0 0 0 0 0 0 0 0 0 0 0 0 0 0 0 0 0 0 0 0 0 0 0 0 0 0 0 0 0 0 0 0 0 0 0 0
18.2814 13.605 12.7477 4.98171 4.98171 4.98171 4.98171 3.61757 3.61757 3.61757 2.99701 2.99701 2.99701 2.99701 2.99701 2.99701 2.99701 2.99701 2.82983 2.82983 2.28833 2.28833 1.73363 1.73363 1.73363 1.73363 1.43388 1.11734 1.08821 0.83031 0.825288 0.727818 0.727818 0.727818 0.712476 0.518671 0.436547 0.242903 0.242903 0.048025 0.048025 0.048025 0.048025 0.048025 0.048025 0.048025 0.048025 0.048025 0.048025 0.041836 0.041836 0.0222674 0.012685 0.012685 0.00178834 0.000787137 4.16111e-05 1.06536e-05 1.06536e-05 1.17229e-06 4.30771e-07 4.30771e-07 2.05207e-07 0 0 0 0 0 0 0 0 0 0 0 0 0 0 0 0 0 0 0 0 0 0 0 0 0 0 0 0 0 0 0 0 0
20.6546 13.1725 13.1508 6.52266 6.52266 6.52266 6.52266 3.90446 3.90446 3.90446 3.90446 3.90446 3.90446 3.79105 3.30655 3.30139 3.17061 2.95528 1.85814 1.77261 1.4663 1.27953 1.15198 1.15198 0.978649 0.978649 0.769211 0.438863 0.265826 0.265826 0.174752 0.103823 0.0914324 0.0821248 0.027111 0.027111 0.027111 0.027111 0.013247 0.00819074 0.00416325 0.00232038 0.00140595 2.12127e-05 2.71802e-06 0 0 0 0 0 0 0 0 0 0 0 0 0 0 0 0 0 0 0 0 0 0 0 0 0 0 0 0 0 0 0 0 0 0 0 0 0 0 0 0 0 0 0 0 0 0 0 0 0 0 0
20.2355 12.8883 12.8883 7.42383 4.60602 4.60602 4.60602 4.14317 4.05669 4.05669 3.29924 3.29924 3.0342 2.70191 2.1106 1.92682 1.28927 1.28927 1.28927 1.00485 0.785991 0.785991 0.579776 0.579776 0.579776 0.579776 0.419845 0.299853 0.299853 0.184922 0.13548 0.13548 0.0642459 0.0642459 0.0480816 0.0394579 0.0255855 0.0180788 0.0138707 0.0114208 0.00576936 0.00307541 0.00156906 0.000395116 5.46936e-05 0 0 0 0 0 0 0 0 0 0 0 0 0 0 0 0 0 0 0 0 0 0 0 0 0 0 0 0 0 0 0 0 0 0 0 0 0 0 0 0 0 0 0 0 0 0 0 0 0 0 0
17.7503 17.5103 15.4192 8.34324 4.74815 4.74815 4.74815 4.74815 4.74815 3.72278 3.72278 3.72278 2.80412 2.80412 2.80412 2.65532 2.65532 2.00306 2.00306 2.00306 1.80465 1.38984 1.11594 1.11594 0.870596 0.814383 0.753359 0.377802 0.366715 0.366715 0.317604 0.250087 0.238741 0.192336 0.0702631 0.0702631 0.0702631 0.0676058 0.038165 0.0149428 0.0149428 0.0102984 0.00688081 0.00628903 0.00494581 0.00201657 0.000885542 0.000326106 9.33417e-08 1.95049e-08 0 0 0 0 0 0 0 0 0 0 0 0 0 0 0 0 0 0 0 0 0 0 0 0 0 0 0 0 0 0 0 0 0 0 0 0 0 0 0 0 0 0 0 0 0 0
16.5642 7.00504 7.00504 5.99152 5.99152 4.74565 4.74565 3.6937 3.6937 3.6937 2.92834 2.92834 2.92834 1.68496 1.68496 1.68496 1.68496 1.23709 0.755217 0.755217 0.755217 0.755217 0.755217 0.755217 0.755217 0.755217 0.755217 0.555942 0.555942 0.553143 0.468109 0.342527 0.22426 0.22426 0.187683 0.132472 0.126442 0.0764514 0.0702294 0.0311064 0.018599 0.018599 0.0166009 0.0125074 0.000645871 0.000645871 0.000401282 1.39029e-06 1.39029e-06 0 0 0 0 0 0 0 0 0 0 0 0 0 0 0 0 0 0 0 0 0 0 0 0 0 0 0 0 0 0 0 0 0 0 0 0 0 0 0 0 0 0 0 0 0 0 0
17.1524 13.8495 5.95409 5.95409 5.95409 4.97878 4.97878 2.99507 2.99507 2.99507 2.99507 1.45869 1.45869 1.45869 1.39579 1.39579 1.39579 1.39579 1.39579 1.04633 1.04633 0.532224 0.532224 0.276674 0.276674 0.276674 0.276674 0.160173 0.160173 0.0938997 0.0938997 0.0938997 0.0686186 0.0301685 0.0301685 0.029832 0.0152986 0.00897612 0.00897612 0.00582467 0.0017748 0.00129856 0.000282232 3.72611e-05 1.77957e-07 0 0 0 0 0 0 0 0 0 0 0 0 0 0 0 0 0 0 0 0 0 0 0 0 0 0 0 0 0 0 0 0 0 0 0 0 0 0 0 0 0 0 0 0 0 0 0 0 0 0 0
19.7542 9.50482 5.31837 3.72522 3.72522 3.72522 3.72522 3.72522 3.72522 3.72522 2.98988 2.98988 2.45114 2.15828 2.15828 2.05482 2.04122 1.44575 1.44575 1.09413 1.09413 0.957101 0.838725 0.725751 0.673799 0.673799 0.280029 0.280029 0.280029 0.249149 0.249149 0.199542 0.0985532 0.0655871 0.0655871 0.0655871 0.0655871 0.0573936 0.0227 0.0227 0.0155389 0.0138775 0.00690868 0.00690868 0.00690868 0.00690868 0.000251972 0.000251972 0.000251972 0.000251972 0.000251972 7.00682e-06 7.00682e-06 2.87364e-06 3.79883e-08 0 0 0 0 0 0 0 0 0 0 0 0 0 0 0 0 0 0 0 0 0 0 0 0 0 0 0 0 0 0 0 0 0 0 0 0 0 0 0 0 0
15.1215 7.62335 7.62335 4.09095 4.09095 4.09095 4.09095 2.61223 2.61223 2.61223 2.61223 1.32112 1.32112 1.32112 1.32112 1.14959 1.14959 1.14959 1.14959 0.666399 0.666399 0.666399 0.666399 0.666399 0.666399 0.622428 0.605399 0.186757 0.186757 0.186757 0.186757 0.186757 0.186757 0.186757 0.186757 0.184979 0.0893625 0.0893625 0.057486 0.057486 0.0551684 0.0551684 0.0289372 0.0289372 0.0289372 0.0195118 0.0108904 0.0108904 0.0108904 0.0108904 0.00166078 0.00166078 0.000647379 0.000647379 1.20942e-07 0 0 0 0 0 0 0 0 0 0 0 0 0 0 0 0 0 0 0 0 0 0 0 0 0 0 0 0 0 0 0 0 0 0 0 0 0 0 0 0 0
