11.7696 11.7696 11.7696 7.97963 5.19257 4.36392 3.52176 3.52176 0.904515 0.904515 0.904515 0.904515 0.904515 0.904515 0.904515 0.904515 0.904515 0.719733 0.234215 0.234215 0.234215 0.234215 0.234215 0.234215 0.182449 0.182449 0.182449 0.0888386 0.0888386 0.0888386 0.0888386 0.0888386 0.0500903 0.0500903 0.0500903 0.0500903 0.0372123 0.0335605 0.0193518 0.00912743 0.00495126 0.00244751 4.85574e-05 4.85574e-05 7.83996e-06 2.20163e-07 2.20163e-07 2.20163e-07 2.20163e-07 2.20163e-07 0 0 0 0 0 0 0 0 0 0 0 0 0 0 0 0 0 0 0 0 0 0 0 0 0 0 0 0 0 0 0 0 0 0 0 0 0 0 0 0 0 0 0 0 0 0
12.782 8.011 7.95403 5.13064 5.13064 3.2228 3.18249 3.18249 2.6881 1.67896 1.67896 1.66045 1.66045 1.66045 1.66045 1.24664 1.24664 1.24664 0.253964 0.253964 0.253964 0.253964 0.253964 0.253964 0.251678 0.251678 0.251678 0.251678 0.106604 0.106604 0.0706505 0.0706505 0.0693863 0.0138339 0.0138339 0.0138339 0.0138339 0.0138339 0.008069 0.008069 0.008069 0.00109499 0.000880864 2.68727e-06 2.68727e-06 2.68727e-06 2.68727e-06 2.68727e-06 0 0 0 0 0 0 0 0 0 0 0 0 0 0 0 0 0 0 0 0 0 0 0 0 0 0 0 0 0 0 0 0 0 0 0 0 0 0 0 0 0 0 0 0 0 0 0 0
11.6112 11.374 7.62632 2.44196 2.44196 2.44196 2.44196 2.44196 2.44196 2.44196 2.44196 1.82812 1.82812 1.82812 1.82812 0.982076 0.982076 0.902491 0.902491 0.902491 0.227781 0.227781 0.227781 0.080167 0.080167 0.080167 0.080167 0.080167 0.080167 0.0652961 0.0445051 0.0445051 0.0445051 0.0445051 0.0445051 0.0445051 0.0287146 0.00121983 0.000171965 0.000171965 5.27367e-08 5.27367e-08 5.27367e-08 5.27367e-08 5.27367e-08 5.27367e-08 5.27367e-08 5.27367e-08 5.27367e-08 5.27367e-08 5.27367e-08 5.27367e-08 0 0 0 0 0 0 0 0 0 0 0 0 0 0 0 0 0 0 0 0 0 0 0 0 0 0 0 0 0 0 0 0 0 0 0 0 0 0 0 0 0 0 0 0
18.5647 12.9313 5.70727 4.72537 4.72537 3.43102 2.38068 2.38068 2.38068 0.770857 0.770857 0.770857 0.770857 0.726111 0.726111 0.521024 0.332337 0.332337 0.332337 0.175192 0.175192 0.175192 0.175192 0.175192 0.160491 0.117718 0.102259 0.0569608 0.0310521 0.00573941 0.00573941 0.000187658 0.000187658 4.68081e-05 2.23551e-06 2.23551e-06 1.79024e-08 1.62389e-08 0 0 0 0 0 0 0 0 0 0 0 0 0 0 0 0 0 0 0 0 0 0 0 0 0 0 0 0 0 0 0 0 0 0 0 0 0 0 0 0 0 0 0 0 0 0 0 0 0 0 0 0 0 0 0 0 0 0
5.6885 5.6885 5.6885 5.6885 5.6885 5.6885 5.60557 4.66716 3.50098 3.18579 3.18579 3.18579 3.18579 3.00061 2.5478 2.5478 2.00317 1.20539 1.20539 1.20539 1.20539 0.863591 0.863591 0.18962 0.18962 0.18962 0.148749 0.0418518 0.0418518 0.0253489 0.00622243 0.00622243 0.000696549 0.00029302 2.99293e-06 2.99293e-06 6.47293e-07 9.34956e-08 0 0 0 0 0 0 0 0 0 0 0 0 0 0 0 0 0 0 0 0 0 0 0 0 0 0 0 0 0 0 0 0 0 0 0 0 0 0 0 0 0 0 0 0 0 0 0 0 0 0 0 0 0 0 0 0 0 0
14.0341 10.5283 8.848 4.97256 4.97256 4.97256 4.97256 4.72057 2.43982 2.29974 2.29974 2.29974 1.41934 1.41934 0.954587 0.954587 0.954587 0.954587 0.685531 0.401678 0.401678 0.401678 0.401678 0.401678 0.375337 0.220729 0.220729 0.0501103 0.0501103 0.0501103 0.0501103 0.0357963 0.0357963 0.0357963 0.0130299 0.00664157 0.00569735 0.000833511 2.53297e-05 2.53297e-05 7.7308e-06 4.75106e-07 0 0 0 0 0 0 0 0 0 0 0 0 0 0 0 0 0 0 0 0 0 0 0 0 0 0 0 0 0 0 0 0 0 0 0 0 0 0 0 0 0 0 0 0 0 0 0 0 0 0 0 0 0 0
12.3099 10.57 10.57 7.53294 4.2643 4.2643 4.2643 1.27236 1.27236 1.27236 1.27236 1.27236 1.02248 1.02248 1.02248 0.685934 0.685934 0.233151 0.233151 0.0349893 0.0349893 0.0349893 0.0349893 0.0349893 0.0349893 0.0349893 0.0349893 0.0139044 0.0139044 0.0139044 0.0139044 0.0139044 0.0126498 0.0126498 0.00463141 0.00194444 9.02476e-05 7.89517e-06 1.51876e-07 1.51876e-07 1.51876e-07 1.51876e-07 1.51876e-07 1.51876e-07 0 0 0 0 0 0 0 0 0 0 0 0 0 0 0 0 0 0 0 0 0 0 0 0 0 0 0 0 0 0 0 0 0 0 0 0 0 0 0 0 0 0 0 0 0 0 0 0 0 0 0 0
8.57321 8.57321 8.57321 5.94399 4.76374 4.76374 4.76374 4.54281 3.08877 3.08877 3.08877 3.08877 2.9914 2.36539 2.36539 2.36539 2.36539 2.29252 2.2648 2.2648 0.780264 0.780264 0.780264 0.780264 0.773485 0.465153 0.282771 0.282771 0.282771 0.282771 0.250199 0.0701327 0.0701327 0.0701327 0.0590837 0.0534376 0.045903 0.045903 0.045903 0.0114231 0.00237296 0.00212728 9.25421e-05 3.79116e-05 5.85281e-08 3.22583e-08 0 0 0 0 0 0 0 0 0 0 0 0 0 0 0 0 0 0 0 0 0 0 0 0 0 0 0 0 0 0 0 0 0 0 0 0 0 0 0 0 0 0 0 0 0 0 0 0 0 0
9.94619 9.94619 9.94619 6.11202 6.11202 6.11202 6.11202 4.67757 4.31384 3.88138 2.72383 2.72383 2.72383 2.72383 2.72383 2.72383 2.17245 1.3442 0.942194 0.942194 0.942194 0.942194 0.942194 0.257645 0.257645 0.257645 0.257645 0.256884 0.179397 0.179397 0.179397 0.179397 0.179397 0.179397 0.179397 0.179397 0.179397 0.171851 0.171851 0.171851 0.171851 0.0699499 0.058101 0.0336341 0.00693986 0.00693986 0.0060409 0.000229551 0.000229551 5.11364e-06 5.11364e-06 9.45355e-07 9.45355e-07 0 0 0 0 0 0 0 0 0 0 0 0 0 0 0 0 0 0 0 0 0 0 0 0 0 0 0 0 0 0 0 0 0 0 0 0 0 0 0 0 0 0 0
22.8796 6.20581 6.20581 6.20581 6.20581 5.10187 4.94427 2.93471 2.93471 2.93471 2.93471 1.9674 1.9674 1.9674 1.9674 1.9674 1.62078 1.41385 1.35102 1.11532 0.589649 0.589649 0.589649 0.481105 0.481105 0.153648 0.153648 0.153648 0.153648 0.126258 0.0491787 0.0210853 0.0210853 0.00943702 0.0045491 0.00301271 0.000265634 8.83916e-05 2.04298e-07 2.04298e-07 1.51414e-07 5.05867e-08 0 0 0 0 0 0 0 0 0 0 0 0 0 0 0 0 0 0 0 0 0 0 0 0 0 0 0 0 0 0 0 0 0 0 0 0 0 0 0 0 0 0 0 0 0 0 0 0 0 0 0 0 0 0
20.3697 4.71788 4.71788 4.71788 4.71788 3.50067 3.50067 3.44832 3.44832 3.44832 3.44832 2.16426 2.16426 2.16426 2.16426 1.92056 1.92056 1.92056 1.92056 1.92056 1.50425 1.50425 1.50425 1.10023 1.10023 0.631359 0.631359 0.588092 0.588092 0.588092 0.498989 0.498989 0.379137 0.248173 0.248173 0.248173 0.248173 0.248173 0.138962 0.138962 0.0546859 0.0546859 0.0375524 0.0375524 0.0207719 0.000911256 0.000911256 0.000911256 0.000911256 0.000254048 4.42987e-05 6.64159e-07 6.64159e-07 6.64159e-07 6.64159e-07 1.06468e-07 1.06468e-07 1.06468e-07 1.06468e-07 1.06468e-07 1.06468e-07 1.30596e-08 1.30596e-08 1.29723e-08 1.29723e-08 0 0 0 0 0 0 0 0 0 0 0 0 0 0 0 0 0 0 0 0 0 0 0 0 0 0 0 0 0 0 0
17.2102 10.1218 6.46156 5.73475 5.73475 1.99884 1.99884 1.99884 1.99884 1.99884 1.99884 1.99884 1.99884 1.47907 0.360136 0.360136 0.360136 0.360136 0.360136 0.360136 0.360136 0.360136 0.360136 0.360136 0.312133 0.0472209 0.0472209 0.0472209 0.00565745 0.00565745 0.00565745 0.00565745 0.00565745 0.00284818 0.00284818 0.00284818 0.000741326 0.000306505 0.000103106 9.2543e-06 4.65427e-06 3.8291e-06 3.85008e-07 3.85008e-07 4.26106e-08 0 0 0 0 0 0 0 0 0 0 0 0 0 0 0 0 0 0 0 0 0 0 0 0 0 0 0 0 0 0 0 0 0 0 0 0 0 0 0 0 0 0 0 0 0 0 0 0 0 0 0
8.06376 7.35808 7.34716 4.46626 4.46626 4.46626 4.46626 4.46626 2.56267 2.56267 2.56267 2.56267 1.73796 1.73796 1.73796 1.49105 1.49105 1.49105 0.868724 0.868724 0.868724 0.531628 0.531628 0.0111465 0.0111465 0.0111465 0.0111465 0.0111465 0.0111465 0.0111465 0.0111465 0.00885154 0.00885154 0.00885154 0.00773636 0.00709555 0.0033603 0.000741037 1.14025e-06 1.14025e-06 5.30238e-07 5.30238e-07 2.96393e-07 1.11416e-07 9.97261e-08 0 0 0 0 0 0 0 0 0 0 0 0 0 0 0 0 0 0 0 0 0 0 0 0 0 0 0 0 0 0 0 0 0 0 0 0 0 0 0 0 0 0 0 0 0 0 0 0 0 0 0
15.8967 11.4925 10.1506 2.96798 2.96798 2.96798 2.96798 2.21216 2.21216 2.21216 2.21216 2.21216 0.904772 0.904772 0.868506 0.868506 0.868506 0.868506 0.868506 0.868506 0.493244 0.493244 0.324625 0.324625 0.324625 0.324625 0.324625 0.227623 0.131279 0.131279 0.131279 0.131279 0.0804728 0.0247524 0.0247524 0.0247524 0.00916719 0.00233392 0.00233392 0.00200457 0.00187069 0.000286151 4.1525e-05 3.16217e-05 7.63751e-06 5.09373e-06 5.09373e-06 1.4954e-07 1.4954e-07 2.83006e-08 2.83006e-08 0 0 0 0 0 0 0 0 0 0 0 0 0 0 0 0 0 0 0 0 0 0 0 0 0 0 0 0 0 0 0 0 0 0 0 0 0 0 0 0 0 0 0 0 0
6.19989 6.01784 6.01784 4.00434 4.00434 3.30389 2.51431 2.51431 1.89129 1.65227 1.65227 1.45871 1.10635 0.488595 0.272655 0.272655 0.212596 0.168625 0.0487679 0.0487679 0.029103 0.0117401 0.00200107 2.75966e-06 0 0 0 0 0 0 0 0 0 0 0 0 0 0 0 0 0 0 0 0 0 0 0 0 0 0 0 0 0 0 0 0 0 0 0 0 0 0 0 0 0 0 0 0 0 0 0 0 0 0 0 0 0 0 0 0 0 0 0 0 0 0 0 0 0 0 0 0 0 0 0 0
17.1379 11.3476 8.37724 5.79567 5.79567 2.69909 2.69909 1.58676 1.58676 1.58676 1.58676 1.52427 1.52427 1.52427 1.52427 1.52427 1.0935 1.0935 1.0935 1.0935 1.0935 1.0935 1.0935 1.0935 1.0935 0.787309 0.787309 0.10064 0.10064 0.10064 0.10064 0.10064 0.10064 0.10064 0.10064 0.10064 0.10064 0.10064 0.0750195 0.0750195 0.00570742 0.00570742 0.00570742 0.00570742 0.00459248 0.00459248 0.00459248 0.00203337 0.00203337 1.86082e-05 1.86082e-05 1.86082e-05 1.86082e-05 9.31044e-06 1.78949e-07 1.78949e-07 5.3649e-08 1.55429e-08 1.27995e-08 1.00148e-08 0 0 0 0 0 0 0 0 0 0 0 0 0 0 0 0 0 0 0 0 0 0 0 0 0 0 0 0 0 0 0 0 0 0 0 0
17.3583 13.9389 10.1489 7.20063 6.22863 3.28778 1.43981 1.43981 1.06154 0.995885 0.995885 0.995885 0.750126 0.677815 0.677815 0.677815 0.43362 0.43362 0.0627778 0.0619408 0.0619408 0.0619408 0.0619408 0.0234745 3.92707e-05 3.92707e-05 3.92707e-05 3.17463e-08 0 0 0 0 0 0 0 0 0 0 0 0 0 0 0 0 0 0 0 0 0 0 0 0 0 0 0 0 0 0 0 0 0 0 0 0 0 0 0 0 0 0 0 0 0 0 0 0 0 0 0 0 0 0 0 0 0 0 0 0 0 0 0 0 0 0 0 0
18.0157 10.8714 10.188 5.79646 5.79646 5.79646 3.35867 3.35867 3.35867 3.35867 3.35867 1.40476 1.40476 1.0878 1.0878 0.921707 0.921707 0.921707 0.921707 0.921707 0.921707 0.921707 0.684818 0.684818 0.684818 0.684818 0.684818 0.684818 0.684818 0.684818 0.684818 0.502243 0.502243 0.360583 0.0860569 0.0860569 0.0860569 0.0368801 0.0368801 0.0368801 0.0368801 0.0368801 0.0315674 3.35546e-05 3.35546e-05 2.45941e-06 2.45941e-06 2.45941e-06 2.45941e-06 2.45941e-06 2.45941e-06 9.61284e-07 9.61284e-07 9.61284e-07 7.33644e-08 0 0 0 0 0 0 0 0 0 0 0 0 0 0 0 0 0 0 0 0 0 0 0 0 0 0 0 0 0 0 0 0 0 0 0 0 0 0 0 0 0
12.3705 8.87229 8.87229 5.25946 3.28219 3.28219 2.43801 2.43801 2.43801 2.23573 0.907156 0.907156 0.907156 0.861905 0.861905 0.861905 0.817745 0.678688 0.567523 0.567523 0.133073 0.133073 0.133073 0.133073 0.133073 0.0319568 0.0319568 0.0220371 0.0148331 0.0122485 1.68614e-05 1.68614e-05 1.68614e-05 1.68614e-05 7.20061e-08 0 0 0 0 0 0 0 0 0 0 0 0 0 0 0 0 0 0 0 0 0 0 0 0 0 0 0 0 0 0 0 0 0 0 0 0 0 0 0 0 0 0 0 0 0 0 0 0 0 0 0 0 0 0 0 0 0 0 0 0 0
9.23356 9.23356 5.64669 3.01625 3.01625 3.01625 1.68975 1.68975 1.68975 1.68975 1.68975 1.68975 1.68975 1.68975 1.06741 1.06741 1.06741 1.06741 1.06741 1.06741 1.06741 1.06741 0.691733 0.690881 0.423835 0.360734 0.360734 0.360734 0.360734 0.360734 0.316895 0.316895 0.243142 0.227306 0.158569 0.158569 0.0509474 0.0509474 0.0374385 0.00151773 0.00146593 0.00146593 0.00146593 0.000180531 5.13932e-05 9.09584e-06 9.09584e-06 9.09584e-06 9.09584e-06 9.09584e-06 3.01831e-08 3.01831e-08 3.01831e-08 0 0 0 0 0 0 0 0 0 0 0 0 0 0 0 0 0 0 0 0 0 0 0 0 0 0 0 0 0 0 0 0 0 0 0 0 0 0 0 0 0 0 0
15.235 12.9523 12.9523 5.76355 5.76355 4.27663 4.27663 4.23085 4.23085 3.94567 2.26094 2.26094 1.45314 1.45314 1.38198 0.76291 0.210629 0.210629 0.210629 0.210629 0.210629 0.210629 0.0850108 0.0850108 0.0850108 0.0850108 0.0850108 0.0850108 0.0850108 0.0850108 0.0850108 0.0850108 0.0850108 0.0850108 0.0483798 0.000108575 0.000108575 0.000108575 0.000108575 0.000108575 0.000108575 8.36151e-06 8.36151e-06 8.36151e-06 8.36151e-06 8.36151e-06 8.36151e-06 8.36151e-06 6.92172e-07 6.92172e-07 6.92172e-07 0 0 0 0 0 0 0 0 0 0 0 0 0 0 0 0 0 0 0 0 0 0 0 0 0 0 0 0 0 0 0 0 0 0 0 0 0 0 0 0 0 0 0 0 0
10.5105 10.5105 10.3263 8.13723 6.87752 2.35512 2.35512 2.23282 1.95843 1.95843 1.95843 1.95843 1.95843 1.95843 1.25377 1.25377 1.25377 1.25377 1.25377 1.25377 1.25377 1.10164 0.72661 0.72661 0.537221 0.537221 0.198459 0.198459 0.198459 0.144382 0.137729 0.135994 0.0919651 0.0571219 0.0132014 0.0132014 0.00678264 5.47312e-05 5.47312e-05 3.56808e-05 1.83786e-05 9.74962e-08 0 0 0 0 0 0 0 0 0 0 0 0 0 0 0 0 0 0 0 0 0 0 0 0 0 0 0 0 0 0 0 0 0 0 0 0 0 0 0 0 0 0 0 0 0 0 0 0 0 0 0 0 0 0
19.3305 10.0224 7.46234 2.99135 2.99135 2.99135 2.99135 2.99135 2.99135 2.99135 2.46238 2.44977 1.62448 1.16483 1.10823 0.250537 0.250537 0.250537 0.250537 0.214377 0.0513207 0.0513207 0.0513207 0.0513207 0.0513207 0.0448513 0.0384853 0.00899873 0.00496896 1.29467e-06 1.29467e-06 1.29467e-06 2.52802e-08 0 0 0 0 0 0 0 0 0 0 0 0 0 0 0 0 0 0 0 0 0 0 0 0 0 0 0 0 0 0 0 0 0 0 0 0 0 0 0 0 0 0 0 0 0 0 0 0 0 0 0 0 0 0 0 0 0 0 0 0 0 0 0
18.8821 13.7729 10.4208 7.57596 6.62081 4.52558 4.52558 4.52558 4.15058 3.11392 2.6594 2.6594 1.82941 1.82941 1.82941 1.82941 1.82941 0.815937 0.184045 0.184045 0.184045 0.184045 0.184045 0.184045 0.184045 0.184045 0.184045 0.184045 0.184045 0.182375 0.107909 0.107909 0.107909 0.071992 0.0716689 0.000109544 0.000109544 0.000109544 0.000109544 0.000109544 0.000109544 1.40268e-07 1.40268e-07 1.40268e-07 1.40268e-07 1.40268e-07 1.40268e-07 1.40268e-07 1.40268e-07 1.40268e-07 0 0 0 0 0 0 0 0 0 0 0 0 0 0 0 0 0 0 0 0 0 0 0 0 0 0 0 0 0 0 0 0 0 0 0 0 0 0 0 0 0 0 0 0 0 0
21.6101 9.91341 7.4566 4.76185 4.76185 4.76185 4.01348 4.01348 4.01348 3.85115 3.60863 3.60863 3.60863 3.60863 3.39712 3.39712 1.76411 1.76411 1.16768 1.16768 0.265498 0.265498 0.265498 0.167482 0.167482 0.167482 0.167482 0.167482 0.167482 0.167482 0.167482 0.167482 0.123098 0.123098 0.123098 0.123098 0.0277711 0.0270188 0.0270188 0.0270188 0.0270188 0.0268411 0.0157576 1.08145e-05 1.08145e-05 1.08145e-05 1.08145e-05 1.08145e-05 7.28011e-07 7.28011e-07 7.28011e-07 7.28011e-07 6.45962e-07 6.45962e-07 6.45962e-07 4.28822e-08 0 0 0 0 0 0 0 0 0 0 0 0 0 0 0 0 0 0 0 0 0 0 0 0 0 0 0 0 0 0 0 0 0 0 0 0 0 0 0 0
11.181 11.181 10.4206 5.67363 5.67363 5.67363 5.67363 5.61528 5.61528 4.97308 3.20202 2.80906 2.2075 2.2075 2.2075 1.9322 1.87906 1.0434 1.0434 0.462483 0.462483 0.462483 0.462483 0.132952 0.132952 0.132952 0.132952 0.132952 0.12954 0.12954 0.12954 0.106723 0.0310676 0.0310676 0.0310676 0.0310676 0.0310676 0.00601706 0.00601706 0.00045941 8.76157e-06 8.76157e-06 8.76157e-06 8.76157e-06 6.19791e-06 9.18235e-07 3.59894e-07 3.59894e-07 0 0 0 0 0 0 0 0 0 0 0 0 0 0 0 0 0 0 0 0 0 0 0 0 0 0 0 0 0 0 0 0 0 0 0 0 0 0 0 0 0 0 0 0 0 0 0 0
15.9604 6.57924 6.57924 6.57924 5.80282 3.45525 3.45525 3.45525 1.36234 1.36234 1.36234 1.36234 1.36234 1.36234 1.34619 0.823841 0.679658 0.560547 0.370332 0.285618 0.285618 0.233143 0.22567 0.168297 0.124329 0.0674516 0.0614044 0.017347 0.017347 0.00349799 0.00109463 0.00032101 9.71663e-08 9.71663e-08 9.71663e-08 1.346e-08 1.346e-08 1.346e-08 0 0 0 0 0 0 0 0 0 0 0 0 0 0 0 0 0 0 0 0 0 0 0 0 0 0 0 0 0 0 0 0 0 0 0 0 0 0 0 0 0 0 0 0 0 0 0 0 0 0 0 0 0 0 0 0 0 0
12.5413 12.5413 6.9813 4.00263 4.00263 4.00263 4.00263 4.00263 2.53625 1.44856 1.44856 1.44856 1.44856 0.808408 0.808408 0.808408 0.717536 0.717536 0.717536 0.717536 0.717536 0.327836 0.327836 0.274118 0.246857 0.246857 0.246857 0.246857 0.118468 0.118468 0.114565 0.0281982 0.0281982 0.00240382 0.00240382 0.00240382 0.00240382 0.000124964 5.08896e-05 5.08896e-05 5.08896e-05 5.08896e-05 5.08896e-05 3.74867e-06 7.62614e-08 7.62614e-08 7.01595e-08 0 0 0 0 0 0 0 0 0 0 0 0 0 0 0 0 0 0 0 0 0 0 0 0 0 0 0 0 0 0 0 0 0 0 0 0 0 0 0 0 0 0 0 0 0 0 0 0 0
8.23529 4.89354 4.89354 4.89354 4.62812 4.62812 4.62812 3.04959 2.1969 2.1969 2.1969 2.1969 2.1969 2.1969 0.372089 0.372089 0.372089 0.372089 0.372089 0.372089 0.372089 0.372089 0.372089 0.372089 0.315655 0.225672 0.0767615 0.0767615 0.0767615 0.0767615 0.0767615 0.0765914 0.0496274 0.0417109 0.033961 0.033961 0.0187989 0.00046689 0.00046689 0.000370464 0.000370464 0.000370464 6.69075e-05 2.83239e-05 4.33324e-06 4.33324e-06 4.3088e-08 4.3088e-08 1.96016e-08 1.96016e-08 0 0 0 0 0 0 0 0 0 0 0 0 0 0 0 0 0 0 0 0 0 0 0 0 0 0 0 0 0 0 0 0 0 0 0 0 0 0 0 0 0 0 0 0 0 0
18.5263 6.2658 6.2658 5.38228 5.38228 5.38228 3.77245 3.77245 3.77245 3.77245 2.24211 1.83021 1.83021 1.27753 1.27753 1.27753 0.891918 0.891918 0.891918 0.891918 0.891918 0.757877 0.757877 0.279964 0.279964 0.279964 0.279964 0.145314 0.145314 0.145314 0.109723 0.109723 0.109723 0.0385654 0.0385654 0.0385654 0.0385654 0.0385654 0.0385654 0.0120634 0.00815334 0.00815334 0.000706242 1.15154e-08 1.15154e-08 1.15154e-08 1.15154e-08 1.15154e-08 1.15154e-08 1.15154e-08 1.15154e-08 1.15154e-08 1.15154e-08 0 0 0 0 0 0 0 0 0 0 0 0 0 0 0 0 0 0 0 0 0 0 0 0 0 0 0 0 0 0 0 0 0 0 0 0 0 0 0 0 0 0 0
13.6134 13.6134 6.46247 4.01094 4.01094 2.76296 2.76296 2.61513 1.2571 1.2571 1.2571 1.2571 1.2571 1.2571 1.2363 0.91992 0.91992 0.91992 0.178064 0.178064 0.178064 0.178064 0.178064 0.178064 0.178064 0.178064 0.105531 0.105531 0.0840364 0.0516864 0.0443226 0.0352476 0.0205332 0.0171167 0.0171167 4.41245e-08 4.41245e-08 4.41245e-08 4.41245e-08 4.41245e-08 4.41245e-08 4.41245e-08 1.11993e-08 1.11993e-08 0 0 0 0 0 0 0 0 0 0 0 0 0 0 0 0 0 0 0 0 0 0 0 0 0 0 0 0 0 0 0 0 0 0 0 0 0 0 0 0 0 0 0 0 0 0 0 0 0 0 0 0
13.6256 11.62 8.17561 3.44168 3.44168 3.44168 3.44168 3.44168 3.44168 3.44168 3.44168 1.96585 1.96585 1.96585 1.84138 1.84138 1.78832 1.72567 1.1234 0.905031 0.905031 0.698649 0.698649 0.698649 0.698649 0.480553 0.359627 0.0627262 0.0627262 0.0627262 0.0209913 0.0109118 0.0109118 0.00153807 0.00153807 0.00153807 0.00153807 0.00153807 0.000895233 1.05219e-06 5.63861e-07 0 0 0 0 0 0 0 0 0 0 0 0 0 0 0 0 0 0 0 0 0 0 0 0 0 0 0 0 0 0 0 0 0 0 0 0 0 0 0 0 0 0 0 0 0 0 0 0 0 0 0 0 0 0 0
19.4023 18.3091 7.63134 5.45525 5.45525 5.45525 5.23039 2.43475 2.43475 2.43475 2.43475 2.43475 0.891537 0.891537 0.891537 0.891537 0.891537 0.891537 0.891537 0.891537 0.891537 0.773222 0.773222 0.773222 0.420004 0.420004 0.392881 0.392881 0.242529 0.109006 0.109006 0.0796052 0.0476576 0.00451333 0.00166837 3.21901e-05 3.21901e-05 3.21901e-05 3.21901e-05 3.21901e-05 3.21901e-05 3.21901e-05 3.21901e-05 3.21901e-05 3.21901e-05 3.21901e-05 2.48629e-05 2.48629e-05 3.35307e-06 0 0 0 0 0 0 0 0 0 0 0 0 0 0 0 0 0 0 0 0 0 0 0 0 0 0 0 0 0 0 0 0 0 0 0 0 0 0 0 0 0 0 0 0 0 0 0
12.9959 12.9959 7.93465 5.50809 5.20125 3.1016 2.63529 2.63529 2.17253 1.17914 1.11253 1.11253 0.966641 0.76279 0.410779 0.315116 0.206399 0.0572053 0.0572053 0.0572053 0.0329697 0.023983 0.0177397 0.00695028 0.000119591 2.72288e-08 2.72288e-08 0 0 0 0 0 0 0 0 0 0 0 0 0 0 0 0 0 0 0 0 0 0 0 0 0 0 0 0 0 0 0 0 0 0 0 0 0 0 0 0 0 0 0 0 0 0 0 0 0 0 0 0 0 0 0 0 0 0 0 0 0 0 0 0 0 0 0 0 0
17.22 17.22 9.58863 7.17938 4.54468 4.54468 4.54468 4.54468 4.4923 3.73351 3.73351 2.77655 2.77655 2.77655 2.77655 2.46902 2.46902 1.47559 1.47559 1.38109 0.534494 0.534494 0.534494 0.534494 0.534494 0.534494 0.534494 0.534494 0.534494 0.203261 0.203261 0.203261 0.100566 0.100566 0.100566 0.0189212 0.0189212 0.0189212 0.0189212 0.00509082 0.00194887 0.00164836 0.00132964 7.95278e-05 1.88809e-07 1.88809e-07 1.57426e-08 0 0 0 0 0 0 0 0 0 0 0 0 0 0 0 0 0 0 0 0 0 0 0 0 0 0 0 0 0 0 0 0 0 0 0 0 0 0 0 0 0 0 0 0 0 0 0 0 0
19.5492 11.8643 7.3325 3.00883 3.00883 3.00883 3.00883 3.00883 3.00883 3.00883 3.00883 3.00883 2.96651 2.91161 1.05839 1.05839 1.05839 1.05839 1.05839 1.05839 1.05839 0.820455 0.820455 0.820455 0.820455 0.515588 0.496972 0.485071 0.331563 0.331563 0.202351 0.202351 0.202351 0.0827933 0.0827933 0.0827933 0.0827933 0.0138099 0.0138099 0.00698027 9.58128e-07 9.58128e-07 9.58128e-07 9.58128e-07 9.58128e-07 9.58128e-07 9.58128e-07 9.58128e-07 9.58128e-07 9.58128e-07 3.27609e-08 3.27609e-08 3.27609e-08 3.27609e-08 3.27609e-08 1.36144e-08 1.36144e-08 0 0 0 0 0 0 0 0 0 0 0 0 0 0 0 0 0 0 0 0 0 0 0 0 0 0 0 0 0 0 0 0 0 0 0 0 0 0 0
13.1862 12.8559 11.1669 5.43168 5.30359 5.30359 5.30359 5.30359 5.30359 4.97581 4.97581 4.19872 2.42896 2.42896 1.1783 1.1783 1.1783 1.1783 1.1783 0.857688 0.857688 0.857688 0.578438 0.578438 0.312227 0.268839 0.268839 0.0966856 0.0966856 0.0966856 0.0966856 0.0966856 0.0966856 0.0966856 0.0966856 0.0550289 0.0550289 0.0301304 0.016288 0.0108411 0.0108411 0.00365751 0.000115806 9.44384e-05 6.20715e-05 5.97941e-08 5.97941e-08 5.97941e-08 1.90676e-08 1.90676e-08 0 0 0 0 0 0 0 0 0 0 0 0 0 0 0 0 0 0 0 0 0 0 0 0 0 0 0 0 0 0 0 0 0 0 0 0 0 0 0 0 0 0 0 0 0 0
18.5415 14.8553 4.8912 4.8912 2.79154 2.79154 2.79154 2.79154 2.79154 2.70832 2.70832 2.70832 1.78582 1.53063 1.53063 1.53063 0.713448 0.713448 0.713448 0.468026 0.468026 0.468026 0.468026 0.468026 0.468026 0.431749 0.240243 0.21995 0.21995 0.21995 0.21995 0.204173 0.204173 0.088698 0.0517538 0.0517538 0.0517538 0.0297996 0.00886709 0.00886709 2.09806e-06 2.09806e-06 2.09806e-06 2.09806e-06 2.09806e-06 2.09806e-06 2.43786e-07 0 0 0 0 0 0 0 0 0 0 0 0 0 0 0 0 0 0 0 0 0 0 0 0 0 0 0 0 0 0 0 0 0 0 0 0 0 0 0 0 0 0 0 0 0 0 0 0 0
16.8217 6.44458 6.44458 6.44458 2.59212 2.59212 2.59212 2.59212 2.59212 2.59212 2.03064 2.03064 2.03064 0.953833 0.953833 0.953833 0.953833 0.953833 0.953833 0.673421 0.673421 0.673421 0.673421 0.571708 0.485053 0.485053 0.188226 0.188226 0.188226 0.137368 0.0825807 0.0276105 0.0276105 0.0226392 0.0181639 0.000415354 7.94423e-05 7.94423e-05 1.73475e-06 1.10734e-07 1.10734e-07 1.93273e-08 1.93273e-08 0 0 0 0 0 0 0 0 0 0 0 0 0 0 0 0 0 0 0 0 0 0 0 0 0 0 0 0 0 0 0 0 0 0 0 0 0 0 0 0 0 0 0 0 0 0 0 0 0 0 0 0 0
18.0388 11.4681 10.2549 5.46773 5.46773 5.46773 4.8396 4.14386 2.94893 2.00737 2.00737 2.00737 1.90015 1.90015 1.60416 1.51518 1.51518 0.804102 0.804102 0.804102 0.804102 0.736592 0.736592 0.736592 0.672074 0.276581 0.276581 0.230721 0.156261 0.156261 0.142496 0.142496 0.104455 0.104455 0.0707155 0.0513577 0.0513577 0.0211933 0.0175825 0.0054871 4.11234e-05 4.11234e-05 3.88236e-06 1.28561e-06 1.49858e-07 0 0 0 0 0 0 0 0 0 0 0 0 0 0 0 0 0 0 0 0 0 0 0 0 0 0 0 0 0 0 0 0 0 0 0 0 0 0 0 0 0 0 0 0 0 0 0 0 0 0 0
7.77974 7.77974 7.77974 3.75955 3.75955 3.75955 3.75955 3.75955 3.46107 3.46107 3.46107 3.46107 3.46107 3.46107 2.05285 2.05285 2.05285 2.05285 2.05285 1.77492 1.77492 1.77492 1.77492 1.77492 1.48765 1.48765 1.39487 0.579665 0.579665 0.579665 0.579665 0.406909 0.406909 0.406909 0.406909 0.406909 0.119023 0.119023 0.065728 0.065728 0.0436416 0.0436416 0.0436416 0.0359915 0.00198677 0.00198677 0.00198677 0.00198677 0.00198677 0.00198677 8.25796e-07 1.34859e-07 1.34859e-07 1.34859e-07 3.6297e-08 3.6297e-08 1.66453e-08 0 0 0 0 0 0 0 0 0 0 0 0 0 0 0 0 0 0 0 0 0 0 0 0 0 0 0 0 0 0 0 0 0 0 0 0 0 0 0
16.4744 10.3849 6.16478 5.17735 5.17735 4.91509 4.91509 3.07712 2.72081 2.46356 0.751319 0.751319 0.751319 0.751319 0.61129 0.299878 0.292256 0.292256 0.263428 0.055369 0.055369 0.055369 0.0254537 0.00606262 0.00606262 0.000871712 8.37699e-05 2.97254e-06 0 0 0 0 0 0 0 0 0 0 0 0 0 0 0 0 0 0 0 0 0 0 0 0 0 0 0 0 0 0 0 0 0 0 0 0 0 0 0 0 0 0 0 0 0 0 0 0 0 0 0 0 0 0 0 0 0 0 0 0 0 0 0 0 0 0 0 0
13.8133 11.7791 10.7629 7.15454 6.06294 3.38462 2.94405 2.47563 2.47563 2.47563 2.47563 2.47563 2.47563 1.38408 1.38408 1.38408 0.825014 0.825014 0.825014 0.825014 0.825014 0.825014 0.825014 0.825014 0.825014 0.731894 0.731894 0.449452 0.449452 0.373758 0.23217 0.23217 0.122594 0.0585899 0.0585899 0.0585899 0.010127 0.010127 0.010127 0.0056322 0.0056322 0.00468088 0.000551462 0.000535184 1.34702e-05 2.73818e-06 2.73818e-06 2.73818e-06 2.36337e-06 1.39186e-08 1.39186e-08 0 0 0 0 0 0 0 0 0 0 0 0 0 0 0 0 0 0 0 0 0 0 0 0 0 0 0 0 0 0 0 0 0 0 0 0 0 0 0 0 0 0 0 0 0
8.75737 8.75737 6.93364 6.93364 5.67139 4.02589 3.89936 3.75406 3.75406 2.17109 2.17109 2.17109 2.17109 1.97282 0.254823 0.254823 0.254823 0.254823 0.254823 0.254823 0.254823 0.254823 0.15609 0.15609 0.15609 0.15609 0.15609 0.140814 0.140814 0.103131 0.103131 0.103131 0.0235347 0.0235347 0.0235347 0.00976642 0.00976642 0.00976642 0.00831106 0.00422201 0.00422201 0.000125416 0.000125416 0.000125416 5.0012e-05 5.0012e-05 2.51347e-05 1.34454e-05 1.03159e-05 4.07385e-08 4.07385e-08 4.07385e-08 1.90974e-08 0 0 0 0 0 0 0 0 0 0 0 0 0 0 0 0 0 0 0 0 0 0 0 0 0 0 0 0 0 0 0 0 0 0 0 0 0 0 0 0 0 0 0
23.0361 4.85456 4.85456 4.85456 4.85456 2.94999 2.94999 2.94999 2.94999 2.94999 2.94999 2.27221 0.669855 0.669855 0.669855 0.669855 0.669855 0.669855 0.669855 0.669855 0.669855 0.669855 0.669855 0.669855 0.669855 0.669855 0.669855 0.518968 0.518968 0.518968 0.451314 0.100436 0.100436 0.100436 0.100436 0.100436 0.100436 0.100436 0.100436 0.100436 0.100436 0.100436 0.100436 0.100436 0.0687555 0.0615391 0.0209429 0.0209429 0.00151474 0.00112299 0.00112299 9.80594e-05 1.70288e-05 2.00522e-06 1.56186e-06 1.46912e-07 1.10007e-08 1.10007e-08 0 0 0 0 0 0 0 0 0 0 0 0 0 0 0 0 0 0 0 0 0 0 0 0 0 0 0 0 0 0 0 0 0 0 0 0 0 0
9.78644 9.78644 6.20384 6.20384 4.6102 4.20355 0.905967 0.905967 0.905967 0.905967 0.905967 0.905967 0.905967 0.905967 0.275411 0.275411 0.275411 0.275411 0.275411 0.275411 0.275411 0.275411 0.275411 0.131112 0.131112 0.131112 0.131112 0.0807526 0.0807526 0.0807526 0.0807526 0.0807526 0.0807526 0.0807526 0.0807526 0.0781361 0.0781361 0.0781361 0.0769644 0.0769644 0.0146468 0.0146468 0.0146468 0.0146468 0.0146468 0.00724354 0.000561658 0.000561658 0.000561658 0.000561658 4.10362e-06 4.10362e-06 1.06478e-06 1.06478e-06 1.12912e-07 1.12912e-07 0 0 0 0 0 0 0 0 0 0 0 0 0 0 0 0 0 0 0 0 0 0 0 0 0 0 0 0 0 0 0 0 0 0 0 0 0 0 0 0
23.4552 4.94515 4.94515 4.94515 4.94515 4.94515 4.94515 3.67723 2.32629 2.32629 2.32629 2.32629 2.32629 2.32629 1.70857 1.70857 1.70857 1.00644 0.822143 0.822143 0.822143 0.713686 0.713686 0.686367 0.686367 0.686367 0.686367 0.686367 0.485633 0.485633 0.485633 0.485633 0.485633 0.485633 0.218306 0.218306 0.218306 0.218306 0.218306 0.218306 0.108 0.0783485 0.0511089 0.0171464 0.00633136 0.00161151 0.000450915 6.54524e-05 1.53285e-07 2.35478e-08 1.29754e-08 0 0 0 0 0 0 0 0 0 0 0 0 0 0 0 0 0 0 0 0 0 0 0 0 0 0 0 0 0 0 0 0 0 0 0 0 0 0 0 0 0 0 0 0 0
20.2735 14.8859 9.73961 9.38316 5.57792 4.13676 4.13676 3.14893 2.02824 2.02824 2.02824 2.02824 2.02824 2.02824 1.72985 1.45519 1.17738 0.490678 0.490678 0.427957 0.369173 0.340724 0.21159 0.166637 0.109893 0.0648082 0.0648082 0.0249538 0.000499996 0.000499996 0 0 0 0 0 0 0 0 0 0 0 0 0 0 0 0 0 0 0 0 0 0 0 0 0 0 0 0 0 0 0 0 0 0 0 0 0 0 0 0 0 0 0 0 0 0 0 0 0 0 0 0 0 0 0 0 0 0 0 0 0 0 0 0 0 0
12.0817 7.94372 7.82509 0.684514 0.684514 0.684514 0.684514 0.684514 0.684514 0.684514 0.684514 0.684514 0.684514 0.684514 0.684514 0.684514 0.271286 0.271286 0.268081 0.250362 0.144173 0.144173 0.0618087 0.0380099 0.00867132 0.00867132 7.94156e-05 1.68751e-05 1.68751e-05 7.66447e-06 1.16343e-06 1.30821e-07 3.02067e-08 0 0 0 0 0 0 0 0 0 0 0 0 0 0 0 0 0 0 0 0 0 0 0 0 0 0 0 0 0 0 0 0 0 0 0 0 0 0 0 0 0 0 0 0 0 0 0 0 0 0 0 0 0 0 0 0 0 0 0 0 0 0 0
13.1089 12.7534 9.32787 8.47272 7.50539 4.87163 4.87163 4.87163 4.87163 4.87163 4.09971 4.09971 4.09971 3.80815 3.80815 3.80815 3.80815 2.42021 2.42021 2.42021 2.42021 0.405253 0.405253 0.405253 0.405253 0.405253 0.405253 0.405253 0.405253 0.377333 0.377333 0.377333 0.241794 0.241794 0.17997 0.162518 0.162518 0.0961522 0.021841 0.021841 0.021841 0.000147744 0.000147744 0.000147744 0.000147744 0.000147744 0.000147744 0.000115079 2.90015e-06 2.90015e-06 2.90015e-06 2.90015e-06 1.66915e-06 4.69234e-07 0 0 0 0 0 0 0 0 0 0 0 0 0 0 0 0 0 0 0 0 0 0 0 0 0 0 0 0 0 0 0 0 0 0 0 0 0 0 0 0 0 0
20.4875 11.1146 11.1146 5.75147 3.45961 3.45961 3.45961 3.45961 3.45961 3.45961 3.45961 1.61013 1.61013 1.61013 1.61013 1.61013 1.61013 1.61013 1.61013 0.744586 0.540788 0.503436 0.503436 0.503436 0.503436 0.486234 0.486234 0.486234 0.480271 0.480271 0.128336 0.128336 0.128336 0.128336 0.128336 0.128336 0.128336 0.0463847 0.0463847 0.0125482 0.0125482 0.0125482 0.0125482 0.000462386 0.000462386 3.84021e-05 3.84021e-05 1.72835e-05 4.68337e-06 4.68337e-06 1.12359e-08 1.12359e-08 1.12359e-08 1.12359e-08 0 0 0 0 0 0 0 0 0 0 0 0 0 0 0 0 0 0 0 0 0 0 0 0 0 0 0 0 0 0 0 0 0 0 0 0 0 0 0 0 0 0
