38129 29064.2 16571.7 8315.65 5292.24 4178.68 3748.2 3026.09 2049.18 1446.63 1290.35 820.075 598.87 386.782 296.493 243.797 140.082 120.4 49.8327 34.0827 26.3911 14.0892 7.94065 5.11243 3.0234 1.84912 1.26477 0.923935 0.448016 0.212818 0.0806208 0.0417014 0.0171919 0.00651611 0.00252743 0.0011427 0.000467575 0.000162977 5.11022e-05 1.62613e-05 3.01499e-06 6.54731e-07 1.60998e-07 4.72209e-08 0 0 0 0 0 0 0 0 0 0 0 0 0 0 0 0 0 0 0 0 0 0 0 0 0 0 0 0 0 0 0 0 0 0 0 0 0 0 0 0 0 0 0 0 0 0 0 0 0 0 0 0 0 0 0
44799.4 26526.1 13838 9461.51 7551.13 6031.59 4052.75 3674.89 1952.95 1706.01 1291.12 707.496 707.496 633.898 369.886 263.256 219.363 143.647 88.1801 50.4075 32.0872 14.8735 8.87987 6.24191 3.14002 1.95932 1.48493 0.957925 0.468879 0.189714 0.0961956 0.0342992 0.017249 0.00681103 0.00197225 0.00118737 0.000443852 0.000178507 5.07086e-05 1.07143e-05 2.3408e-06 7.07928e-07 1.95031e-07 3.83696e-08 0 0 0 0 0 0 0 0 0 0 0 0 0 0 0 0 0 0 0 0 0 0 0 0 0 0 0 0 0 0 0 0 0 0 0 0 0 0 0 0 0 0 0 0 0 0 0 0 0 0 0 0 0 0 0
45755.7 28506.2 20756.2 10908.7 7087.98 5436.21 3891.66 3349 2776.71 2326.02 1407.51 1171.21 762.024 604.351 359.477 261.826 207.199 151.287 114.432 62.9441 37.4461 19.072 12.6024 6.07885 3.99746 1.99121 1.30607 0.884374 0.513041 0.208029 0.11686 0.0450057 0.0216048 0.00884868 0.00332756 0.00134607 0.000342582 0.000199125 6.75598e-05 1.54851e-05 3.15507e-06 5.35751e-07 1.34374e-07 2.58917e-08 0 0 0 0 0 0 0 0 0 0 0 0 0 0 0 0 0 0 0 0 0 0 0 0 0 0 0 0 0 0 0 0 0 0 0 0 0 0 0 0 0 0 0 0 0 0 0 0 0 0 0 0 0 0 0
42433.7 27546.4 19846.1 10492.7 7036.58 5738.92 4409.95 3540.6 2874.9 1891.81 1322.53 1029.32 564.822 337.309 337.309 261.501 207.111 109.459 83.4585 58.2424 30.0675 13.2899 10.6991 6.5001 2.77449 1.72495 1.29716 0.663283 0.363181 0.17017 0.0794413 0.032225 0.0115304 0.00541985 0.00216595 0.00107282 0.000327538 0.000142473 5.05489e-05 1.12245e-05 2.07911e-06 4.88616e-07 1.01274e-07 2.17743e-08 0 0 0 0 0 0 0 0 0 0 0 0 0 0 0 0 0 0 0 0 0 0 0 0 0 0 0 0 0 0 0 0 0 0 0 0 0 0 0 0 0 0 0 0 0 0 0 0 0 0 0 0 0 0 0
36086.7 23957.4 15584.7 9449.18 6921.36 5440.86 3439.41 3037.74 2026.17 1855.16 1270.44 756.873 574.597 513.532 278.422 223.128 172.671 93.9098 90.7054 51.0274 32.2937 17.935 9.76537 5.24059 3.18968 1.59121 1.12696 0.848332 0.376528 0.195144 0.0593355 0.0329668 0.0131545 0.00551814 0.00267296 0.000807021 0.000382521 0.00013762 3.94994e-05 9.8143e-06 1.81948e-06 3.67377e-07 7.96356e-08 1.78575e-08 0 0 0 0 0 0 0 0 0 0 0 0 0 0 0 0 0 0 0 0 0 0 0 0 0 0 0 0 0 0 0 0 0 0 0 0 0 0 0 0 0 0 0 0 0 0 0 0 0 0 0 0 0 0 0
36194.3 23666.3 20844 8586.18 6577.03 4471.05 4023.23 3218.28 1857.25 1567.46 1290.92 859.011 613.946 449.598 357.477 253.998 119.754 117.091 85.0169 40.31 27.3741 14.684 8.25881 5.52569 2.75212 1.45426 1.19823 0.732429 0.312542 0.169082 0.0793652 0.0293326 0.0106251 0.00583203 0.0022249 0.000784425 0.000372275 0.000105086 3.62659e-05 1.13034e-05 2.6028e-06 7.46453e-07 1.45341e-07 3.78293e-08 0 0 0 0 0 0 0 0 0 0 0 0 0 0 0 0 0 0 0 0 0 0 0 0 0 0 0 0 0 0 0 0 0 0 0 0 0 0 0 0 0 0 0 0 0 0 0 0 0 0 0 0 0 0 0
44613.1 29096 17705.4 9668.06 7045.95 4928.83 4159.35 3163.94 2198.88 1975.62 1537.99 1027.13 794.252 647.894 399.024 334.087 203.537 132.868 98.9755 63.4528 33.961 20.0428 11.7943 8.01318 3.99232 2.30367 1.54959 0.941336 0.576829 0.245232 0.112679 0.0442515 0.0169071 0.00848697 0.00320419 0.00114292 0.000535365 0.000173549 7.12888e-05 1.41721e-05 3.33137e-06 7.929e-07 1.71778e-07 2.98982e-08 0 0 0 0 0 0 0 0 0 0 0 0 0 0 0 0 0 0 0 0 0 0 0 0 0 0 0 0 0 0 0 0 0 0 0 0 0 0 0 0 0 0 0 0 0 0 0 0 0 0 0 0 0 0 0
28803.3 23529.2 15042.2 8994.8 6952.15 4817.61 4147.27 2371.49 1747.32 1397.81 1073.54 686.565 578.353 411.916 241.852 193.281 120.253 80.2025 34.4165 31.4558 18.5029 10.8127 6.12431 3.16889 2.031 1.40135 0.882124 0.50236 0.226897 0.121626 0.0474629 0.0202959 0.00603516 0.00285578 0.000981241 0.000509468 0.000143832 7.0534e-05 2.68604e-05 5.1411e-06 1.07077e-06 2.74684e-07 6.86214e-08 1.69809e-08 0 0 0 0 0 0 0 0 0 0 0 0 0 0 0 0 0 0 0 0 0 0 0 0 0 0 0 0 0 0 0 0 0 0 0 0 0 0 0 0 0 0 0 0 0 0 0 0 0 0 0 0 0 0 0
36134.9 30815.6 18840.2 10804.4 8710.93 5719.84 5126.39 2938.8 2754.24 1816.9 1373.67 1103.88 717.395 416.555 330.098 212.657 164.784 96.2094 80.7242 53.6349 28.1438 13.4056 9.08594 5.61958 2.66256 1.89843 1.28922 0.855946 0.47202 0.231655 0.104049 0.0447365 0.0163244 0.00697436 0.0026536 0.00105382 0.000386201 0.00012652 5.90807e-05 1.31066e-05 2.39319e-06 7.49339e-07 1.66265e-07 3.65446e-08 0 0 0 0 0 0 0 0 0 0 0 0 0 0 0 0 0 0 0 0 0 0 0 0 0 0 0 0 0 0 0 0 0 0 0 0 0 0 0 0 0 0 0 0 0 0 0 0 0 0 0 0 0 0 0
48336.5 29327.9 16010 11852.1 7279.93 5925.1 4286.29 3460.44 2655.23 1451.93 1230.24 1042.78 894.602 572.09 403.903 257.6 179.765 153.111 104.943 71.9966 43.8335 18.2405 10.9459 6.72503 3.86653 1.85327 1.32987 0.949586 0.501323 0.289951 0.133202 0.0469917 0.0220731 0.00865708 0.00303251 0.00139687 0.000522104 0.000184369 6.68166e-05 1.1286e-05 3.49627e-06 6.97048e-07 1.44672e-07 2.36436e-08 0 0 0 0 0 0 0 0 0 0 0 0 0 0 0 0 0 0 0 0 0 0 0 0 0 0 0 0 0 0 0 0 0 0 0 0 0 0 0 0 0 0 0 0 0 0 0 0 0 0 0 0 0 0 0
39947 24666.1 17714.8 7601.24 6850.86 4417.12 4345.9 3008.31 2432.16 1596 1062.88 937.131 583.731 430.551 299.572 228.465 130.701 100.19 74.1564 44.4389 22.3797 12.5385 8.70912 4.94684 2.90958 1.7663 1.22234 0.769109 0.444378 0.199233 0.0779056 0.0368162 0.0135763 0.00490776 0.00205966 0.000802336 0.000302099 0.000127746 4.74198e-05 9.99143e-06 2.0154e-06 5.01097e-07 1.49058e-07 3.17862e-08 0 0 0 0 0 0 0 0 0 0 0 0 0 0 0 0 0 0 0 0 0 0 0 0 0 0 0 0 0 0 0 0 0 0 0 0 0 0 0 0 0 0 0 0 0 0 0 0 0 0 0 0 0 0 0
46091.4 22905.9 19189.9 9279.88 6857.66 3833.61 3830.29 3100.71 2004.46 1445.33 1242.59 907.408 605.124 463.18 256.457 256.457 160.267 119.547 90.4376 41.9671 24.5144 14.9554 9.43689 5.23316 2.21274 1.59199 1.03744 0.596268 0.340616 0.151414 0.0651704 0.0276245 0.00855943 0.00413055 0.00148164 0.000666315 0.000233516 9.11492e-05 3.00765e-05 4.87228e-06 1.05507e-06 2.21528e-07 3.75911e-08 1.05756e-08 0 0 0 0 0 0 0 0 0 0 0 0 0 0 0 0 0 0 0 0 0 0 0 0 0 0 0 0 0 0 0 0 0 0 0 0 0 0 0 0 0 0 0 0 0 0 0 0 0 0 0 0 0 0 0
41520 20790.1 18750.3 10175.8 6520.97 5969.35 3738.06 3054.77 1745.2 1745.2 1171.24 835.28 555.208 462.572 373.573 233.284 170.935 83.8145 82.6765 47.8085 22.9312 13.1781 8.73905 5.09232 2.34183 1.66911 1.2062 0.617388 0.328848 0.148918 0.0717295 0.0327089 0.0123404 0.00548255 0.00176614 0.00073794 0.000250057 0.000104047 4.54685e-05 9.24987e-06 1.96428e-06 4.02003e-07 8.74817e-08 1.82507e-08 0 0 0 0 0 0 0 0 0 0 0 0 0 0 0 0 0 0 0 0 0 0 0 0 0 0 0 0 0 0 0 0 0 0 0 0 0 0 0 0 0 0 0 0 0 0 0 0 0 0 0 0 0 0 0
43844.2 25977.4 17943.7 8407.12 8242.25 6367.79 4412.86 4115.49 2464.55 1633.82 1359.23 845.617 746.77 545.146 391.873 253.444 196.136 110.338 71.7622 47.4359 23.5313 15.5299 8.22818 5.54526 2.06748 1.6901 1.21778 0.737875 0.416054 0.152652 0.0759736 0.0372453 0.0144438 0.00684103 0.00239609 0.00101218 0.000323967 0.000137457 4.61797e-05 1.13526e-05 1.7971e-06 4.66455e-07 1.05226e-07 2.54903e-08 0 0 0 0 0 0 0 0 0 0 0 0 0 0 0 0 0 0 0 0 0 0 0 0 0 0 0 0 0 0 0 0 0 0 0 0 0 0 0 0 0 0 0 0 0 0 0 0 0 0 0 0 0 0 0
47216 29003.9 17494 8447.98 6698.71 5461.18 3102.89 3038.18 1856.39 1606.29 1172.91 678.908 678.908 357.345 352.971 200.633 107.331 107.331 82.165 45.602 26.1513 11.5126 8.46134 4.04156 2.31312 1.55853 1.08972 0.720225 0.402366 0.18882 0.0668094 0.0337161 0.0116151 0.004859 0.0013898 0.000938729 0.000345111 0.000109015 3.8634e-05 9.9483e-06 2.70867e-06 6.02836e-07 1.1885e-07 2.38468e-08 0 0 0 0 0 0 0 0 0 0 0 0 0 0 0 0 0 0 0 0 0 0 0 0 0 0 0 0 0 0 0 0 0 0 0 0 0 0 0 0 0 0 0 0 0 0 0 0 0 0 0 0 0 0 0
44579.1 28078.7 17658 9093.13 6807.13 4756.88 3453.83 3007.5 2090.87 1543.93 1082.14 875.089 616.963 363.503 283.051 204.838 139.885 111.741 54.5434 42.5922 21.8015 12.9778 8.79809 4.96982 2.27582 1.5403 1.11445 0.683356 0.382759 0.167365 0.0711937 0.028165 0.0122113 0.00426104 0.00188183 0.000702272 0.000295919 9.6027e-05 3.10196e-05 8.22766e-06 1.71537e-06 4.28776e-07 1.09842e-07 2.25625e-08 0 0 0 0 0 0 0 0 0 0 0 0 0 0 0 0 0 0 0 0 0 0 0 0 0 0 0 0 0 0 0 0 0 0 0 0 0 0 0 0 0 0 0 0 0 0 0 0 0 0 0 0 0 0 0
40816.8 25682.8 15859.2 9508.25 6956.41 5703.1 3414.36 3016.15 2362.86 1781.93 903.54 872.29 677.715 510.966 275.168 204.386 131.636 118.955 74.0734 37.4119 25.0503 12.8627 7.74788 4.81124 2.33083 1.53099 0.868021 0.636639 0.355272 0.17781 0.0712641 0.0299877 0.0115491 0.00501072 0.00114987 0.000683744 0.000262261 9.48236e-05 3.1066e-05 7.69617e-06 1.52099e-06 3.07977e-07 6.39681e-08 1.26058e-08 0 0 0 0 0 0 0 0 0 0 0 0 0 0 0 0 0 0 0 0 0 0 0 0 0 0 0 0 0 0 0 0 0 0 0 0 0 0 0 0 0 0 0 0 0 0 0 0 0 0 0 0 0 0 0
47568.4 30246.1 20398.1 6496.88 6480.86 4963.83 4342.49 3492.47 2316.64 1876.51 1411.84 847.676 753.025 467.822 344.701 265.943 176.501 118.549 101.022 48.9813 23.181 12.4725 9.98041 5.36872 2.56502 1.74564 1.27514 0.84714 0.528705 0.233921 0.106458 0.0431323 0.0206833 0.00821478 0.00326704 0.00102002 0.000486863 0.000190313 5.68458e-05 1.06934e-05 2.14247e-06 6.21219e-07 1.5707e-07 3.49265e-08 0 0 0 0 0 0 0 0 0 0 0 0 0 0 0 0 0 0 0 0 0 0 0 0 0 0 0 0 0 0 0 0 0 0 0 0 0 0 0 0 0 0 0 0 0 0 0 0 0 0 0 0 0 0 0
42726 24967.8 18402.1 8853.73 6803.85 5612.89 4194.15 3375.98 2176.03 1715.93 1256.23 771.06 560.197 549.191 263.626 246.583 143.081 120.564 68.1925 25.5545 14.1662 13.7927 8.2631 4.74392 1.91565 1.60353 1.12454 0.747737 0.353566 0.168276 0.0694394 0.027775 0.0107842 0.00444443 0.0017887 0.000608061 0.00028984 0.000111665 3.6297e-05 6.27976e-06 1.21497e-06 3.22571e-07 6.78269e-08 1.55389e-08 0 0 0 0 0 0 0 0 0 0 0 0 0 0 0 0 0 0 0 0 0 0 0 0 0 0 0 0 0 0 0 0 0 0 0 0 0 0 0 0 0 0 0 0 0 0 0 0 0 0 0 0 0 0 0
45569.2 22169 17316.6 9433.93 6403.97 4519.71 3657.44 3067.28 2588.67 1636.05 1235.6 685.934 514.675 328.331 328.331 216.944 155.004 118.715 78.2005 52.2121 25.5506 15.1659 8.79885 4.97055 2.70652 1.76382 1.30604 0.679246 0.480774 0.229291 0.0923272 0.0394331 0.0181917 0.00594994 0.00303237 0.0011703 0.000424941 0.000165087 4.22264e-05 1.08539e-05 2.16238e-06 4.41708e-07 1.27797e-07 2.70771e-08 0 0 0 0 0 0 0 0 0 0 0 0 0 0 0 0 0 0 0 0 0 0 0 0 0 0 0 0 0 0 0 0 0 0 0 0 0 0 0 0 0 0 0 0 0 0 0 0 0 0 0 0 0 0 0
44939.5 28663.5 17637.7 9587.33 8108.5 6051.25 4538.81 3312.98 2878.76 2004.01 1358.35 847.636 847.636 424.236 424.236 302.902 235.773 140.535 98.6681 46.8438 30.0325 16.4624 8.91167 5.98032 3.47138 1.8957 1.21854 0.920301 0.522952 0.246643 0.100734 0.0428272 0.0186413 0.00805047 0.00286347 0.00113243 0.000421342 0.000159366 6.19506e-05 1.13604e-05 2.44581e-06 5.29459e-07 1.16783e-07 2.83026e-08 0 0 0 0 0 0 0 0 0 0 0 0 0 0 0 0 0 0 0 0 0 0 0 0 0 0 0 0 0 0 0 0 0 0 0 0 0 0 0 0 0 0 0 0 0 0 0 0 0 0 0 0 0 0 0
46175.8 27171.4 17927 9343.06 8328.42 5803.16 3817.15 3416.1 2522.85 1944.58 1448.84 871.55 690.404 478.586 309.065 233.492 157.577 143.162 89.8689 61.4469 33.9969 19.4804 9.5546 7.35348 3.41438 1.86749 1.3886 0.982007 0.614766 0.290638 0.126631 0.0544758 0.0204861 0.0105852 0.00375974 0.00127098 0.000488193 0.000221262 8.355e-05 1.8007e-05 3.69825e-06 7.23378e-07 1.23229e-07 2.92773e-08 0 0 0 0 0 0 0 0 0 0 0 0 0 0 0 0 0 0 0 0 0 0 0 0 0 0 0 0 0 0 0 0 0 0 0 0 0 0 0 0 0 0 0 0 0 0 0 0 0 0 0 0 0 0 0
38314.5 27809.8 17397.1 11367.6 8322.19 5283.73 4395.43 3612.6 2728.68 1964.13 1502.41 1133.64 819.335 519.938 353.077 226.901 189.04 108.517 95.8789 62.6408 23.7154 11.6227 9.89674 7.87651 3.54633 2.32403 1.50596 1.03134 0.609626 0.307091 0.133811 0.0519573 0.0158005 0.0101152 0.00361399 0.0015135 0.000629093 0.000204297 8.45504e-05 1.38476e-05 3.24786e-06 8.71495e-07 2.19906e-07 4.24139e-08 0 0 0 0 0 0 0 0 0 0 0 0 0 0 0 0 0 0 0 0 0 0 0 0 0 0 0 0 0 0 0 0 0 0 0 0 0 0 0 0 0 0 0 0 0 0 0 0 0 0 0 0 0 0 0
37895.4 24897.3 17487.6 9929.24 7169.8 5601.87 4122.21 3234.35 3056.15 1865.62 1453.14 1158.08 736.804 575.324 424.264 290.865 182.003 136.242 91.017 58.0512 30.6972 17.0479 12.0196 7.10492 3.95224 1.92273 1.06213 0.997119 0.546853 0.219937 0.121047 0.0575399 0.0223097 0.00896875 0.00388493 0.00132228 0.000390923 0.000179416 7.73045e-05 1.40641e-05 3.42542e-06 7.4463e-07 1.32828e-07 2.69291e-08 0 0 0 0 0 0 0 0 0 0 0 0 0 0 0 0 0 0 0 0 0 0 0 0 0 0 0 0 0 0 0 0 0 0 0 0 0 0 0 0 0 0 0 0 0 0 0 0 0 0 0 0 0 0 0
47567.2 23934.2 20813.2 9634.33 6610.46 5522.19 4455.89 3484.94 2463.39 1638.23 1439.49 826.018 722.34 516.422 257.511 257.511 194.501 152.983 95.4401 46.1611 28.8059 17.9878 9.67153 5.81484 2.96811 1.76315 1.27106 0.837287 0.472943 0.219671 0.090822 0.0297865 0.0168599 0.00734622 0.00232002 0.00108476 0.000340761 0.000146621 5.53223e-05 1.11564e-05 2.45577e-06 6.18948e-07 1.22008e-07 3.26423e-08 0 0 0 0 0 0 0 0 0 0 0 0 0 0 0 0 0 0 0 0 0 0 0 0 0 0 0 0 0 0 0 0 0 0 0 0 0 0 0 0 0 0 0 0 0 0 0 0 0 0 0 0 0 0 0
48693.7 26223.2 18714.9 9110.75 6049.47 4859.39 4012.24 2535.23 2445.06 2159.35 1339.27 964.791 595.776 341.669 275.268 273.576 153.18 123.967 90.1536 47.9061 27.7541 14.0619 11.1767 6.73315 3.0174 1.95519 1.33991 0.889294 0.461501 0.215434 0.108253 0.0426813 0.0177572 0.00729694 0.00300846 0.00104505 0.00036059 0.000166305 5.34202e-05 1.05782e-05 2.88468e-06 5.20116e-07 1.43781e-07 3.77831e-08 1.08337e-08 0 0 0 0 0 0 0 0 0 0 0 0 0 0 0 0 0 0 0 0 0 0 0 0 0 0 0 0 0 0 0 0 0 0 0 0 0 0 0 0 0 0 0 0 0 0 0 0 0 0 0 0 0 0
39876.5 24550.4 21364.6 10805.3 7747.57 5912.06 4699.16 3798.46 2012.12 1532.76 1428.22 904.532 764.237 272.977 272.977 257.708 159.929 123.464 79.6741 54.2004 30.6413 13.7905 7.98874 3.66998 2.71388 1.53922 1.08311 0.707899 0.279095 0.0947474 0.0627142 0.0236572 0.0123418 0.00507055 0.00202576 0.000736923 0.000256806 0.000102039 3.2275e-05 7.89146e-06 1.8649e-06 5.02501e-07 1.22029e-07 3.09219e-08 0 0 0 0 0 0 0 0 0 0 0 0 0 0 0 0 0 0 0 0 0 0 0 0 0 0 0 0 0 0 0 0 0 0 0 0 0 0 0 0 0 0 0 0 0 0 0 0 0 0 0 0 0 0 0
43528.7 29386.2 13521.9 9665.46 6581.26 5931.47 4347.9 3301.8 1986.29 1638.16 1265.17 954.663 464.606 362.533 362.533 175.983 139.649 127.063 88.7234 51.6425 26.604 15.5594 10.2484 4.58708 2.20555 1.62747 1.10929 0.635622 0.322483 0.119845 0.0647288 0.0203225 0.010215 0.00310204 0.00167249 0.000652781 0.000221789 8.30577e-05 3.00976e-05 6.30443e-06 1.47561e-06 4.17736e-07 1.06234e-07 2.31606e-08 0 0 0 0 0 0 0 0 0 0 0 0 0 0 0 0 0 0 0 0 0 0 0 0 0 0 0 0 0 0 0 0 0 0 0 0 0 0 0 0 0 0 0 0 0 0 0 0 0 0 0 0 0 0 0
50237.2 27619.8 16630.6 8919.5 6271.29 6122.19 3493.93 2667.67 2105.95 1486.59 1486.59 1068.11 731.281 510.141 335.862 208.242 160.897 85.7083 78.8085 38.0376 27.1805 15.6572 9.43235 5.43786 2.58972 1.64864 1.32413 0.829512 0.482552 0.223153 0.0998482 0.035376 0.0149336 0.00544696 0.00259121 0.000728016 0.000381086 0.000150966 5.61469e-05 1.22621e-05 2.52956e-06 6.25032e-07 1.26465e-07 3.77851e-08 0 0 0 0 0 0 0 0 0 0 0 0 0 0 0 0 0 0 0 0 0 0 0 0 0 0 0 0 0 0 0 0 0 0 0 0 0 0 0 0 0 0 0 0 0 0 0 0 0 0 0 0 0 0 0
43726.6 29160.1 17361.2 8100.71 6610.15 5842.13 4801.75 2951.55 1928.98 1546.09 1228.64 821.064 508.69 411.133 286.645 238.37 145.697 117.211 79.2184 43.6416 26.3131 13.9599 8.00533 5.32187 2.52418 1.7376 1.21393 0.690488 0.364157 0.145963 0.0667479 0.0248201 0.00913447 0.00479547 0.00163862 0.000651615 0.000305815 0.000108042 4.46938e-05 7.09867e-06 1.7462e-06 3.94551e-07 9.22009e-08 1.89065e-08 0 0 0 0 0 0 0 0 0 0 0 0 0 0 0 0 0 0 0 0 0 0 0 0 0 0 0 0 0 0 0 0 0 0 0 0 0 0 0 0 0 0 0 0 0 0 0 0 0 0 0 0 0 0 0
42869 26791.5 15228.2 8772.83 7273.24 4722.46 3931.15 3414.93 2762.79 2125.6 1289.64 910.204 602.555 490.807 385.279 255.761 176.511 129.68 84.2936 62.1308 27.8222 14.2593 10.2557 6.40928 3.43769 2.17542 1.33839 0.93275 0.529956 0.319222 0.117315 0.0473881 0.0190241 0.00895183 0.00323116 0.00130834 0.00047406 0.000184864 7.92952e-05 1.43501e-05 3.59672e-06 8.17213e-07 1.64692e-07 3.49851e-08 0 0 0 0 0 0 0 0 0 0 0 0 0 0 0 0 0 0 0 0 0 0 0 0 0 0 0 0 0 0 0 0 0 0 0 0 0 0 0 0 0 0 0 0 0 0 0 0 0 0 0 0 0 0 0
43204.1 27027.6 17932.8 8091.1 7773.96 5148.79 3619.93 2919.81 2201.01 1309.76 1015.84 772.009 590.257 437.18 152.11 152.11 136.688 101.182 86.6777 48.7827 20.4194 13.9717 7.57968 5.51076 2.75257 1.59996 1.03967 0.576898 0.34331 0.144304 0.0664352 0.0250487 0.0123966 0.00507804 0.00213347 0.000873915 0.000327969 0.000118312 4.41612e-05 7.26152e-06 2.03223e-06 3.46025e-07 6.77691e-08 1.45945e-08 0 0 0 0 0 0 0 0 0 0 0 0 0 0 0 0 0 0 0 0 0 0 0 0 0 0 0 0 0 0 0 0 0 0 0 0 0 0 0 0 0 0 0 0 0 0 0 0 0 0 0 0 0 0 0
41118.3 29277.6 19161.2 10433.6 7966.47 4504.41 4504.41 4038.25 2563.95 1777.18 1351.58 1145.33 767.081 494.002 404.672 186.995 121.564 121.564 96.4605 57.3575 22.1498 13.6558 9.8034 6.59097 2.98816 1.7508 1.2608 0.765553 0.511945 0.277902 0.109033 0.0460222 0.0213327 0.00728779 0.00291834 0.000840431 0.000457408 0.000154342 6.58837e-05 1.14926e-05 2.80868e-06 6.56894e-07 1.2401e-07 2.81506e-08 0 0 0 0 0 0 0 0 0 0 0 0 0 0 0 0 0 0 0 0 0 0 0 0 0 0 0 0 0 0 0 0 0 0 0 0 0 0 0 0 0 0 0 0 0 0 0 0 0 0 0 0 0 0 0
44524.2 32024.6 18197.7 10312.3 6907.95 6441.14 4295.14 2931.25 2605.49 1633.5 1448.48 934.595 773.191 454.527 409.657 275.93 172.337 112.816 87.7159 50.7655 28.0109 12.4413 9.21273 4.2601 2.79654 1.82277 1.22895 0.70541 0.407616 0.203134 0.0990894 0.0395552 0.0187305 0.00727606 0.00243683 0.00121763 0.000413656 0.000132977 5.2422e-05 1.48732e-05 3.21241e-06 8.98787e-07 1.85762e-07 4.57089e-08 1.10851e-08 0 0 0 0 0 0 0 0 0 0 0 0 0 0 0 0 0 0 0 0 0 0 0 0 0 0 0 0 0 0 0 0 0 0 0 0 0 0 0 0 0 0 0 0 0 0 0 0 0 0 0 0 0 0
38600.9 30027.8 20175.1 9449 6833.84 5182.55 3582.16 2779.01 2338.31 1505.23 1083.9 961.304 708.744 548.374 342.28 241.502 199.91 100.448 89.8196 35.8383 26.5863 14.6728 11.0069 6.33109 3.24116 1.70393 1.14959 0.648335 0.305201 0.161217 0.0810692 0.0297996 0.0149769 0.00471126 0.00206565 0.000898223 0.000290279 0.000131117 3.98088e-05 7.58732e-06 1.10406e-06 2.55285e-07 5.96475e-08 1.16675e-08 0 0 0 0 0 0 0 0 0 0 0 0 0 0 0 0 0 0 0 0 0 0 0 0 0 0 0 0 0 0 0 0 0 0 0 0 0 0 0 0 0 0 0 0 0 0 0 0 0 0 0 0 0 0 0
39996 28635.8 18137.1 10144.6 8250.36 6085.42 4204.33 2721.72 1890.8 1699.37 1090.24 825.257 699.672 484.416 358.394 269.743 187.663 126.609 90.615 44.232 25.0562 17.4131 11.5432 5.6886 3.71206 1.69881 1.13629 0.764991 0.439536 0.198391 0.100451 0.0411408 0.0181533 0.00580665 0.00244197 0.000991489 0.000348361 0.000130324 5.15824e-05 1.08195e-05 2.00192e-06 4.55622e-07 1.14935e-07 3.16535e-08 0 0 0 0 0 0 0 0 0 0 0 0 0 0 0 0 0 0 0 0 0 0 0 0 0 0 0 0 0 0 0 0 0 0 0 0 0 0 0 0 0 0 0 0 0 0 0 0 0 0 0 0 0 0 0
35519.2 28884.1 19007.7 10118 4208.02 4208.02 3835.62 3173.65 2572.24 1472.37 1336.88 993.791 696.307 446.532 306.272 224.239 157.968 132.306 82.2862 54.9668 23.77 15.9201 8.74663 4.60439 2.21649 1.67484 1.27995 0.684409 0.396656 0.183138 0.0763091 0.0312684 0.0171168 0.00650245 0.00284998 0.000990424 0.000341926 0.000143095 4.98879e-05 1.03041e-05 2.57912e-06 4.48318e-07 1.42023e-07 3.33827e-08 0 0 0 0 0 0 0 0 0 0 0 0 0 0 0 0 0 0 0 0 0 0 0 0 0 0 0 0 0 0 0 0 0 0 0 0 0 0 0 0 0 0 0 0 0 0 0 0 0 0 0 0 0 0 0
42626.4 27551.4 16502.1 9065.48 6739.75 4988.23 4372.48 2377.91 2377.91 1448.41 970.396 727.48 631.327 398.404 335.204 252.302 181.739 120.239 97.2385 37.9447 24.6559 12.9201 9.32155 4.68445 2.4978 1.57817 1.29841 0.734099 0.385098 0.198488 0.0742383 0.0378211 0.0158783 0.00576801 0.00238976 0.000888341 0.000394682 0.000144345 5.30438e-05 1.07454e-05 2.48557e-06 6.1648e-07 1.27254e-07 2.71631e-08 0 0 0 0 0 0 0 0 0 0 0 0 0 0 0 0 0 0 0 0 0 0 0 0 0 0 0 0 0 0 0 0 0 0 0 0 0 0 0 0 0 0 0 0 0 0 0 0 0 0 0 0 0 0 0
46202.3 24669.4 20405.5 9667.47 6867.75 5194.43 4715.45 2626.6 2485.64 1253.97 1227.17 802.822 710.952 462.614 329.969 217.245 165.911 113.024 89.1435 54.2584 24.1929 15.1317 10.6254 7.00195 3.06968 1.57845 1.40934 0.836336 0.471154 0.2067 0.0865557 0.0412613 0.0148419 0.00617626 0.00259266 0.000970274 0.000410125 0.000137409 6.5131e-05 1.25756e-05 2.61226e-06 5.81238e-07 1.29985e-07 2.58143e-08 0 0 0 0 0 0 0 0 0 0 0 0 0 0 0 0 0 0 0 0 0 0 0 0 0 0 0 0 0 0 0 0 0 0 0 0 0 0 0 0 0 0 0 0 0 0 0 0 0 0 0 0 0 0 0
42794.1 27392.1 17099.1 8198.71 7440.07 5842.16 3900.76 2640.22 2282.27 1195.23 803.93 803.93 569.701 432.537 292.948 202.074 131.705 104.235 71.6064 46.1444 22.0427 13.554 8.48189 5.2336 2.35186 1.73128 1.21729 0.724676 0.342131 0.196037 0.0957797 0.0377511 0.0135102 0.00572782 0.00181381 0.000693756 0.000312959 0.00011729 5.09127e-05 7.40737e-06 1.30002e-06 3.18522e-07 7.46863e-08 1.53332e-08 0 0 0 0 0 0 0 0 0 0 0 0 0 0 0 0 0 0 0 0 0 0 0 0 0 0 0 0 0 0 0 0 0 0 0 0 0 0 0 0 0 0 0 0 0 0 0 0 0 0 0 0 0 0 0
49046.8 25001.3 21330.8 8870.23 7424.89 5318.01 3938.17 3221.42 2827.7 2145.75 1325.89 1025.12 663.988 386.995 365.023 270.585 175.011 124.868 83.3918 48.9673 28.0283 15.9259 11.1093 5.81366 3.01015 2.02538 1.22956 0.87654 0.453795 0.213825 0.0930628 0.0319718 0.0147243 0.00579076 0.00261889 0.000915567 0.000386353 0.000151878 5.11492e-05 1.21959e-05 2.41393e-06 5.68048e-07 1.08389e-07 2.9615e-08 0 0 0 0 0 0 0 0 0 0 0 0 0 0 0 0 0 0 0 0 0 0 0 0 0 0 0 0 0 0 0 0 0 0 0 0 0 0 0 0 0 0 0 0 0 0 0 0 0 0 0 0 0 0 0
35921.4 21032.5 17102.3 8801.13 7013.18 6091.13 3729.6 3236.9 2557.63 2009.29 1308 1023.63 637.406 367.948 365.512 178.095 174.396 111.143 86.5331 46.8079 30.2452 12.2717 9.95039 5.98775 2.47945 1.69482 1.233 0.847039 0.425052 0.21751 0.0941878 0.0306767 0.0128357 0.00495091 0.00229988 0.000776618 0.000355026 0.000120826 4.07281e-05 9.5189e-06 2.68043e-06 6.60237e-07 1.05263e-07 2.76062e-08 0 0 0 0 0 0 0 0 0 0 0 0 0 0 0 0 0 0 0 0 0 0 0 0 0 0 0 0 0 0 0 0 0 0 0 0 0 0 0 0 0 0 0 0 0 0 0 0 0 0 0 0 0 0 0
43892.6 30739.9 17646 9445.88 7115.3 4694 4096.86 2592.4 2405.13 1671.29 1036.25 713.198 564.482 341.92 341.92 192.839 182.552 116.985 79.6809 52.4476 26.7089 13.8546 7.84858 4.95933 2.81134 1.56103 1.05077 0.718833 0.392866 0.18496 0.0767141 0.0291893 0.0108408 0.00563007 0.00219767 0.000634277 0.00036749 0.0001185 4.36531e-05 1.30103e-05 3.12452e-06 7.35222e-07 1.7198e-07 4.08975e-08 0 0 0 0 0 0 0 0 0 0 0 0 0 0 0 0 0 0 0 0 0 0 0 0 0 0 0 0 0 0 0 0 0 0 0 0 0 0 0 0 0 0 0 0 0 0 0 0 0 0 0 0 0 0 0
44274.7 26765.5 14862.1 7517.09 5582.34 4805.5 4107.95 2606.37 2068.13 1020.51 904.827 875.66 647.862 397.952 291.641 172.622 136.365 87.7338 45.4979 39.901 18.5337 11.6185 5.77614 3.945 1.97608 1.26631 0.869387 0.452655 0.235482 0.0948456 0.0444382 0.0172462 0.00761981 0.00295193 0.00102745 0.000422901 0.000134888 6.84035e-05 2.61579e-05 5.01928e-06 1.11947e-06 2.37609e-07 6.88045e-08 1.65726e-08 0 0 0 0 0 0 0 0 0 0 0 0 0 0 0 0 0 0 0 0 0 0 0 0 0 0 0 0 0 0 0 0 0 0 0 0 0 0 0 0 0 0 0 0 0 0 0 0 0 0 0 0 0 0 0
41023.2 29724.5 15945 7360.08 7360.08 4948.06 4192.6 2346.69 2346.69 1856.68 1449.65 984.716 652.882 531.336 232.53 222.355 169.262 125.013 88.6204 55.1039 22.4435 15.2623 9.5721 4.35207 3.03854 1.61406 1.19109 0.688256 0.37814 0.163656 0.0546332 0.0284734 0.01028 0.00499839 0.00165513 0.000806077 0.000329785 0.000111808 4.27993e-05 1.05617e-05 2.38183e-06 5.20992e-07 1.23964e-07 2.37425e-08 0 0 0 0 0 0 0 0 0 0 0 0 0 0 0 0 0 0 0 0 0 0 0 0 0 0 0 0 0 0 0 0 0 0 0 0 0 0 0 0 0 0 0 0 0 0 0 0 0 0 0 0 0 0 0
43374.3 22570.5 19684.7 7750.53 6689.14 5069.94 3655.32 3095.23 2329.79 1316.33 1152.63 947.92 578.253 400.443 301.085 212.519 166.837 113.127 77.7782 42.4431 24.1013 14.1062 8.78344 5.05746 2.89461 1.3429 1.09324 0.6366 0.314941 0.149535 0.0575312 0.0256925 0.0119334 0.00397662 0.0016503 0.000594531 0.000188679 8.8993e-05 2.98237e-05 6.849e-06 1.47568e-06 3.25057e-07 7.13056e-08 1.56555e-08 0 0 0 0 0 0 0 0 0 0 0 0 0 0 0 0 0 0 0 0 0 0 0 0 0 0 0 0 0 0 0 0 0 0 0 0 0 0 0 0 0 0 0 0 0 0 0 0 0 0 0 0 0 0 0
46477.9 31172.8 23049 11152.8 7557.1 5548.09 4075.33 2853.2 2090.6 1530.95 1325.19 893.325 719.18 473.245 295.449 255.825 178.798 138.899 86.7239 53.4794 26.7319 14.9035 9.70496 5.32646 3.57012 1.92674 1.32292 0.998497 0.63092 0.326321 0.151503 0.0486601 0.0254268 0.00976391 0.00313664 0.00151223 0.000310837 0.000170654 6.20267e-05 1.54309e-05 3.05014e-06 6.95874e-07 1.73715e-07 3.61073e-08 0 0 0 0 0 0 0 0 0 0 0 0 0 0 0 0 0 0 0 0 0 0 0 0 0 0 0 0 0 0 0 0 0 0 0 0 0 0 0 0 0 0 0 0 0 0 0 0 0 0 0 0 0 0 0
38576.5 24405.6 15105.1 8338.41 6465.41 4764.13 4126.28 2376.46 2376.46 1645.98 1356.8 779.806 704.019 478.034 340.015 225.723 188.545 118.267 99.4268 43.849 25.022 15.0983 8.82103 5.98462 2.69901 1.76858 1.24751 0.657268 0.358949 0.173579 0.0717157 0.0332999 0.012654 0.0053793 0.00187411 0.000832311 0.000281785 0.000105921 4.03866e-05 9.11018e-06 2.33472e-06 5.88445e-07 1.40078e-07 3.18081e-08 0 0 0 0 0 0 0 0 0 0 0 0 0 0 0 0 0 0 0 0 0 0 0 0 0 0 0 0 0 0 0 0 0 0 0 0 0 0 0 0 0 0 0 0 0 0 0 0 0 0 0 0 0 0 0
41910.9 25119.6 15152.2 8535.27 7446.38 4386.82 3905.07 2701.19 2249.84 1437.01 1257.39 886.064 495.849 400.523 363.603 160.981 113.34 104.855 80.5113 51.6567 24.1856 14.0671 8.62558 4.41917 2.57954 1.72159 1.10485 0.774756 0.376572 0.169258 0.0711649 0.0293245 0.010381 0.00528652 0.00190951 0.000757981 0.000312332 0.000124244 4.71564e-05 8.81985e-06 2.22514e-06 5.09357e-07 7.03553e-08 1.83625e-08 0 0 0 0 0 0 0 0 0 0 0 0 0 0 0 0 0 0 0 0 0 0 0 0 0 0 0 0 0 0 0 0 0 0 0 0 0 0 0 0 0 0 0 0 0 0 0 0 0 0 0 0 0 0 0
35870.3 27415.4 21227.2 8892.03 7418.21 5846.08 4322.3 2649.2 2446.63 1371.18 1069.45 788.92 734.157 519.721 312.034 247.033 125.854 122.371 91.7457 42.5674 22.5639 13.7417 8.32201 5.23519 3.33224 1.64729 1.23653 0.740108 0.40333 0.19638 0.0787902 0.0318385 0.01338 0.00467428 0.00211429 0.000836448 0.000320583 0.000111719 5.15248e-05 9.09002e-06 1.74713e-06 4.17267e-07 7.63699e-08 1.76532e-08 0 0 0 0 0 0 0 0 0 0 0 0 0 0 0 0 0 0 0 0 0 0 0 0 0 0 0 0 0 0 0 0 0 0 0 0 0 0 0 0 0 0 0 0 0 0 0 0 0 0 0 0 0 0 0
39325.6 30795.2 18256.3 7162.31 7162.31 5723.65 4705.59 3932.26 2603.42 1946.99 1606.44 1219.07 690.859 525.939 319.37 268.35 216.78 162.286 92.6271 75.2958 35.8365 19.8484 14.3447 8.22463 3.34092 2.66062 1.65256 1.03722 0.651781 0.287991 0.134214 0.0625456 0.0231716 0.0113378 0.00397532 0.001678 0.000601143 0.000207155 9.41136e-05 1.57907e-05 2.4085e-06 5.55334e-07 1.73315e-07 4.00238e-08 0 0 0 0 0 0 0 0 0 0 0 0 0 0 0 0 0 0 0 0 0 0 0 0 0 0 0 0 0 0 0 0 0 0 0 0 0 0 0 0 0 0 0 0 0 0 0 0 0 0 0 0 0 0 0
