1.33908e+41 7.48764e+37 2.34939e+32 2.39034e+30 3.37311e+29 2.50958e+27 7.91519e+26 5.86809e+24 2.44948e+23 2.37985e+23 1.30321e+22 3.35921e+21 3.7764e+19 2.72851e+18 1.19871e+18 1.35694e+17 5.40976e+16 7.08982e+14 4.1645e+14 3.65453e+13 3.49697e+12 7.42355e+11 4.28069e+10 2.43796e+09 1.43529e+09 1.95087e+08 3.86905e+06 2.09582e+06 359073 11912 6878 1966 905 318 17 8 2 0 0 0 0 0 0 0 0 0 0 0 0 0 0 0 0 0 0 0 0 0 0 0 0 0 0 0 0 0 0 0 0 0 0 0 0 0 0 0 0 0 0 0 0 0 0 0 0 0 0 0 0 0 0 0 0 0 0
6.94959e+41 4.47162e+34 5.03381e+32 1.16938e+28 6.36494e+26 1.08947e+26 1.11881e+25 4.06386e+23 3.06114e+23 8.69817e+21 8.69817e+21 3.4931e+20 2.34391e+19 1.27928e+18 1.21085e+17 8.37092e+16 3.07413e+15 1.09154e+15 3.54939e+14 2.79692e+13 2.96923e+12 2.95867e+11 5.52114e+10 4.36637e+09 1.28619e+09 1.87078e+07 2.65253e+06 418467 29391 4047 1579 258 145 8 6 3 0 0 0 0 0 0 0 0 0 0 0 0 0 0 0 0 0 0 0 0 0 0 0 0 0 0 0 0 0 0 0 0 0 0 0 0 0 0 0 0 0 0 0 0 0 0 0 0 0 0 0 0 0 0 0 0 0 0 0
1.20178e+41 1.02261e+38 1.18102e+34 1.36097e+31 6.16908e+29 2.2786e+28 8.99122e+24 1.15918e+24 1.15918e+24 1.77344e+22 1.77344e+22 1.68345e+20 3.17873e+19 2.09887e+19 1.03375e+18 9.59346e+17 1.05353e+17 3.21026e+16 1.49497e+15 2.775e+13 9.44569e+12 2.74672e+12 4.95795e+11 2.50457e+10 2.05683e+09 3.25245e+08 7.0884e+07 2.81173e+06 756552 42671 1754 314 11 11 8 1 0 0 0 0 0 0 0 0 0 0 0 0 0 0 0 0 0 0 0 0 0 0 0 0 0 0 0 0 0 0 0 0 0 0 0 0 0 0 0 0 0 0 0 0 0 0 0 0 0 0 0 0 0 0 0 0 0 0 0
6.60013e+39 4.54391e+34 1.66515e+34 9.65451e+29 8.03515e+27 8.03515e+27 3.55824e+26 3.26414e+24 1.19118e+24 1.98864e+23 6.44255e+21 7.82584e+20 7.90486e+18 7.90486e+18 4.6675e+17 6.50387e+16 4.17353e+16 1.06095e+16 6.32446e+15 1.54588e+14 2.54307e+13 8.30928e+12 1.3013e+12 9.38662e+10 1.63579e+09 1.00895e+08 2.7895e+07 2.25636e+06 725733 10254 3184 3074 253 74 12 9 3 1 0 0 0 0 0 0 0 0 0 0 0 0 0 0 0 0 0 0 0 0 0 0 0 0 0 0 0 0 0 0 0 0 0 0 0 0 0 0 0 0 0 0 0 0 0 0 0 0 0 0 0 0 0 0 0 0 0
2.03046e+41 7.39099e+34 2.64055e+33 6.19579e+28 3.99919e+28 5.80215e+25 1.15752e+23 1.15752e+23 1.15752e+23 1.10177e+21 1.10177e+21 4.63392e+19 2.17156e+19 5.44838e+18 1.01039e+18 1.03197e+17 4.56195e+15 4.56195e+15 8.93903e+13 4.77897e+13 1.02516e+13 1.05627e+12 2.94319e+11 5.84612e+10 3.3321e+09 6.65706e+08 8.51518e+07 788157 51232 10463 1624 17 17 8 7 4 1 0 0 0 0 0 0 0 0 0 0 0 0 0 0 0 0 0 0 0 0 0 0 0 0 0 0 0 0 0 0 0 0 0 0 0 0 0 0 0 0 0 0 0 0 0 0 0 0 0 0 0 0 0 0 0 0 0 0
8.0077e+39 1.63719e+38 1.20484e+33 1.09026e+31 1.47707e+29 5.48186e+26 4.88621e+25 3.47149e+24 3.33709e+23 2.68658e+22 4.07387e+19 2.1586e+19 4.44906e+18 1.51073e+17 1.51073e+17 1.02279e+17 7.30921e+15 4.50798e+13 4.50798e+13 2.9748e+13 4.28601e+12 1.45948e+12 5.61248e+10 2.22678e+10 4.08445e+08 8.0706e+07 7.00629e+06 1.1806e+06 89479 11759 11759 3750 1066 39 23 12 2 1 0 0 0 0 0 0 0 0 0 0 0 0 0 0 0 0 0 0 0 0 0 0 0 0 0 0 0 0 0 0 0 0 0 0 0 0 0 0 0 0 0 0 0 0 0 0 0 0 0 0 0 0 0 0 0 0 0
1.16845e+41 2.14344e+34 2.14344e+34 5.65129e+30 1.55265e+29 9.4073e+28 7.46393e+26 7.46393e+26 6.09145e+24 1.43731e+24 2.08188e+22 5.37092e+21 1.9725e+20 2.50573e+18 1.41673e+18 8.72747e+16 8.72747e+16 7.10501e+14 2.3323e+14 6.17535e+13 4.26509e+12 1.5139e+12 8.70851e+10 7.01531e+10 8.87328e+09 2.60482e+08 7.67937e+07 7.7578e+06 946424 159030 8428 1237 231 31 17 6 1 0 0 0 0 0 0 0 0 0 0 0 0 0 0 0 0 0 0 0 0 0 0 0 0 0 0 0 0 0 0 0 0 0 0 0 0 0 0 0 0 0 0 0 0 0 0 0 0 0 0 0 0 0 0 0 0 0 0
5.91259e+42 4.09747e+36 1.73899e+34 1.4941e+29 1.4941e+29 7.10767e+27 4.9204e+26 2.29162e+25 2.29162e+25 6.48165e+23 3.7509e+23 5.63654e+22 1.00856e+22 1.42426e+20 4.40325e+18 1.17496e+18 1.17496e+18 3.88447e+17 1.16569e+17 6.25884e+15 6.25884e+15 4.2961e+14 7.52222e+13 1.24651e+13 4.17589e+12 1.40534e+11 3.5063e+09 7.28636e+06 7.28636e+06 79327 79327 9365 572 572 42 24 17 2 0 0 0 0 0 0 0 0 0 0 0 0 0 0 0 0 0 0 0 0 0 0 0 0 0 0 0 0 0 0 0 0 0 0 0 0 0 0 0 0 0 0 0 0 0 0 0 0 0 0 0 0 0 0 0 0 0
3.55403e+42 4.54722e+36 1.27722e+34 4.10985e+30 1.56278e+30 2.06992e+28 2.36828e+27 8.01659e+24 4.58511e+22 4.08536e+21 2.673e+21 2.36007e+19 2.36007e+19 3.47902e+18 1.55062e+18 4.88743e+17 8.51826e+16 5.01735e+15 1.05869e+15 6.10495e+12 3.51908e+12 3.16524e+11 8.17563e+09 2.27623e+08 1.53753e+08 5.6876e+06 841510 122729 64960 10672 2686 360 140 35 35 18 4 0 0 0 0 0 0 0 0 0 0 0 0 0 0 0 0 0 0 0 0 0 0 0 0 0 0 0 0 0 0 0 0 0 0 0 0 0 0 0 0 0 0 0 0 0 0 0 0 0 0 0 0 0 0 0 0 0 0
1.00938e+42 5.35831e+35 2.18815e+31 1.94108e+30 2.22061e+29 1.67309e+28 1.5226e+25 2.24343e+23 2.24343e+23 2.24343e+23 1.70167e+22 1.8614e+20 2.65495e+19 6.39657e+18 3.19602e+17 3.19602e+17 1.56774e+17 4.26517e+16 3.55505e+15 9.1818e+14 6.81935e+13 2.07221e+13 4.14925e+12 8.25162e+11 1.65765e+11 6.11897e+09 5.009e+08 4.96245e+07 8.9399e+06 189671 49490 23492 545 481 25 17 9 4 1 0 0 0 0 0 0 0 0 0 0 0 0 0 0 0 0 0 0 0 0 0 0 0 0 0 0 0 0 0 0 0 0 0 0 0 0 0 0 0 0 0 0 0 0 0 0 0 0 0 0 0 0 0 0 0 0
4.14135e+38 1.13768e+36 3.15404e+33 2.03311e+32 5.15771e+30 7.12202e+28 2.33455e+27 2.37041e+26 7.47437e+25 1.43261e+23 6.54128e+22 7.10151e+19 7.10151e+19 3.31733e+19 1.39802e+18 2.92083e+17 4.37938e+16 7.92348e+15 2.79181e+15 5.59385e+13 3.1452e+13 8.54152e+12 1.33538e+12 6.53126e+10 2.50069e+09 3.96185e+08 5.75404e+07 1.07278e+06 1.07278e+06 26306 12864 174 119 35 26 2 1 0 0 0 0 0 0 0 0 0 0 0 0 0 0 0 0 0 0 0 0 0 0 0 0 0 0 0 0 0 0 0 0 0 0 0 0 0 0 0 0 0 0 0 0 0 0 0 0 0 0 0 0 0 0 0 0 0 0
1.39726e+43 4.24649e+36 2.84076e+33 2.74133e+31 1.14759e+29 1.84916e+27 1.28518e+27 2.58906e+26 1.45133e+22 1.45133e+22 2.05644e+21 1.03786e+20 1.03786e+20 4.51385e+18 1.08281e+18 9.26722e+17 1.24882e+17 3.54169e+16 1.27889e+15 1.27889e+15 8.24709e+13 1.38087e+13 2.15111e+12 8.12785e+10 1.3851e+10 1.45893e+09 4.82137e+07 2.14395e+07 2.47536e+06 205153 1596 638 638 90 10 7 3 1 0 0 0 0 0 0 0 0 0 0 0 0 0 0 0 0 0 0 0 0 0 0 0 0 0 0 0 0 0 0 0 0 0 0 0 0 0 0 0 0 0 0 0 0 0 0 0 0 0 0 0 0 0 0 0 0 0
9.01585e+37 8.74115e+34 8.39891e+33 9.35124e+28 1.43172e+28 9.07286e+27 5.25149e+25 2.03011e+24 1.59145e+22 1.59145e+22 2.49598e+20 9.44053e+19 1.76696e+17 1.202e+17 1.202e+17 9.34429e+16 8.82553e+15 1.52268e+15 9.25305e+13 1.00821e+13 9.21784e+11 2.30627e+10 1.11005e+10 3.22106e+09 5.38263e+08 1.30865e+07 3.09122e+06 393823 1966 1573 313 82 29 11 4 2 0 0 0 0 0 0 0 0 0 0 0 0 0 0 0 0 0 0 0 0 0 0 0 0 0 0 0 0 0 0 0 0 0 0 0 0 0 0 0 0 0 0 0 0 0 0 0 0 0 0 0 0 0 0 0 0 0 0 0
1.42859e+39 7.76879e+35 1.54891e+34 2.10137e+31 2.43957e+29 4.58881e+26 2.83083e+26 1.09289e+23 1.09289e+23 7.30937e+21 2.20452e+21 3.64167e+19 1.22468e+19 1.39913e+18 5.74143e+16 5.74143e+16 3.74934e+16 9.65948e+14 5.0859e+14 1.35704e+13 7.71593e+12 3.06367e+11 6.44523e+10 7.3596e+08 2.01275e+08 7.13585e+06 239082 9662 9188 3748 3173 2107 507 13 6 3 2 0 0 0 0 0 0 0 0 0 0 0 0 0 0 0 0 0 0 0 0 0 0 0 0 0 0 0 0 0 0 0 0 0 0 0 0 0 0 0 0 0 0 0 0 0 0 0 0 0 0 0 0 0 0 0 0 0 0
4.18041e+37 1.20073e+37 6.63245e+31 4.45729e+31 3.74585e+29 1.47069e+27 6.08271e+24 6.08271e+24 6.64461e+23 1.57355e+21 1.57355e+21 9.59758e+20 5.06661e+19 5.06661e+19 3.93538e+18 7.61055e+16 1.91057e+16 2.31633e+15 3.62696e+14 6.48678e+13 4.9307e+12 1.9596e+12 9.28346e+10 3.82189e+10 1.5453e+10 5.91049e+09 1.02862e+08 1.57907e+07 7.13332e+06 710714 202154 8644 7916 1211 30 12 2 1 0 0 0 0 0 0 0 0 0 0 0 0 0 0 0 0 0 0 0 0 0 0 0 0 0 0 0 0 0 0 0 0 0 0 0 0 0 0 0 0 0 0 0 0 0 0 0 0 0 0 0 0 0 0 0 0 0
1.72203e+41 2.52435e+37 3.20753e+33 1.58519e+30 1.26118e+29 2.91274e+26 2.91274e+26 2.38049e+25 1.08586e+23 1.08586e+23 2.55331e+20 2.55331e+20 1.46291e+20 1.94778e+18 8.55051e+17 4.94938e+16 4.94938e+16 2.04913e+16 9.4222e+14 3.83436e+13 1.60821e+13 2.00932e+12 1.51457e+12 3.91407e+11 4.56662e+10 1.57307e+10 1.80816e+09 2.03369e+08 7.84132e+06 549809 132561 3398 1615 395 67 37 29 7 2 0 0 0 0 0 0 0 0 0 0 0 0 0 0 0 0 0 0 0 0 0 0 0 0 0 0 0 0 0 0 0 0 0 0 0 0 0 0 0 0 0 0 0 0 0 0 0 0 0 0 0 0 0 0 0 0
1.00085e+39 1.97197e+36 4.85713e+33 1.6621e+30 4.74058e+28 2.68971e+28 2.10615e+27 2.52531e+25 3.0523e+23 2.03295e+23 3.35466e+22 6.09028e+21 7.70133e+20 1.58984e+18 1.58984e+18 5.29751e+16 5.29751e+16 5.06323e+15 5.03422e+14 1.24652e+14 3.82364e+13 1.62915e+12 4.45194e+11 2.26755e+11 1.61766e+10 4.31996e+09 3.57431e+08 4.03737e+07 2.73574e+06 1.23408e+06 47288 2389 1235 44 44 13 5 2 0 0 0 0 0 0 0 0 0 0 0 0 0 0 0 0 0 0 0 0 0 0 0 0 0 0 0 0 0 0 0 0 0 0 0 0 0 0 0 0 0 0 0 0 0 0 0 0 0 0 0 0 0 0 0 0 0
5.93887e+40 5.93604e+36 1.16496e+36 2.31727e+30 3.83559e+29 5.36037e+28 9.74435e+27 4.42259e+26 2.78802e+23 1.8879e+22 1.8879e+22 4.44433e+20 8.45928e+18 8.45928e+18 9.44738e+17 3.48602e+16 4.55122e+15 7.76973e+14 9.3635e+12 9.3635e+12 1.83033e+12 4.523e+11 1.57403e+10 1.57403e+10 1.59001e+08 4.20291e+07 1.44594e+07 4.87358e+06 364174 2659 2134 306 38 35 20 2 1 0 0 0 0 0 0 0 0 0 0 0 0 0 0 0 0 0 0 0 0 0 0 0 0 0 0 0 0 0 0 0 0 0 0 0 0 0 0 0 0 0 0 0 0 0 0 0 0 0 0 0 0 0 0 0 0 0 0
1.85364e+41 3.51477e+37 5.00573e+34 5.77128e+30 5.81307e+28 3.11256e+28 1.57024e+27 1.86421e+26 4.68546e+24 2.56216e+23 2.06351e+22 3.15119e+20 3.15119e+20 8.06721e+17 1.89875e+17 1.15423e+17 4.75441e+16 2.28783e+15 4.78234e+14 1.62225e+14 2.78631e+11 2.78631e+11 1.21298e+11 6.78686e+09 1.13172e+09 3.55805e+08 4.60908e+07 1.40565e+06 286963 6374 1492 331 34 18 6 3 1 0 0 0 0 0 0 0 0 0 0 0 0 0 0 0 0 0 0 0 0 0 0 0 0 0 0 0 0 0 0 0 0 0 0 0 0 0 0 0 0 0 0 0 0 0 0 0 0 0 0 0 0 0 0 0 0 0 0
2.72352e+40 5.80304e+37 7.92473e+35 3.28362e+29 1.67533e+28 1.67533e+28 1.47287e+26 8.33627e+24 6.71058e+23 4.16444e+22 4.16444e+22 1.37334e+21 2.02922e+20 1.29e+18 1.36094e+17 1.2324e+17 6.66835e+15 3.39481e+15 5.36668e+14 2.24913e+14 1.4647e+13 5.06066e+11 3.78913e+11 7.18658e+10 2.26936e+09 1.48412e+08 5.14951e+06 690298 70810 27144 18197 10463 10448 7617 1533 53 8 8 3 0 0 0 0 0 0 0 0 0 0 0 0 0 0 0 0 0 0 0 0 0 0 0 0 0 0 0 0 0 0 0 0 0 0 0 0 0 0 0 0 0 0 0 0 0 0 0 0 0 0 0 0 0 0 0 0
2.037e+40 7.89375e+36 5.27204e+32 4.75576e+29 3.85225e+29 1.79156e+28 5.31254e+25 5.80706e+23 1.35509e+23 5.87539e+22 5.87539e+22 1.52979e+21 1.37826e+19 6.97323e+17 6.97323e+17 5.02516e+17 1.26428e+17 6.23059e+16 1.112e+16 3.60096e+14 3.40187e+12 7.25248e+11 6.64161e+10 2.21185e+09 5.04503e+08 1.05795e+08 1.92962e+06 337334 23312 3962 1544 145 48 11 8 3 1 0 0 0 0 0 0 0 0 0 0 0 0 0 0 0 0 0 0 0 0 0 0 0 0 0 0 0 0 0 0 0 0 0 0 0 0 0 0 0 0 0 0 0 0 0 0 0 0 0 0 0 0 0 0 0 0 0 0
5.72462e+38 1.96797e+37 2.37867e+33 1.33854e+29 1.29265e+28 1.90015e+27 1.57587e+26 9.42051e+24 4.82867e+21 4.82867e+21 1.49749e+21 2.78663e+20 6.56385e+18 1.91558e+18 1.17424e+17 2.11609e+16 9.15327e+15 7.96965e+14 3.94954e+14 2.32701e+13 1.42395e+12 1.84442e+11 2.2159e+09 7.23144e+08 1.29378e+08 2.13562e+07 1.56064e+07 3.62843e+06 254259 13091 2151 1291 65 39 11 3 1 0 0 0 0 0 0 0 0 0 0 0 0 0 0 0 0 0 0 0 0 0 0 0 0 0 0 0 0 0 0 0 0 0 0 0 0 0 0 0 0 0 0 0 0 0 0 0 0 0 0 0 0 0 0 0 0 0 0
3.41066e+39 6.41356e+35 3.5976e+33 1.10718e+32 5.05845e+30 4.07214e+29 3.04556e+25 2.55868e+24 2.55868e+24 1.20564e+22 2.418e+20 2.418e+20 1.43454e+20 1.09714e+19 5.75563e+17 6.70084e+16 6.28125e+16 3.4943e+15 2.38749e+14 6.80633e+12 4.10042e+11 4.10042e+11 1.50945e+11 1.85587e+10 1.02383e+09 1.19673e+08 7.66021e+06 820758 85025 56523 11378 1263 301 80 18 18 4 2 0 0 0 0 0 0 0 0 0 0 0 0 0 0 0 0 0 0 0 0 0 0 0 0 0 0 0 0 0 0 0 0 0 0 0 0 0 0 0 0 0 0 0 0 0 0 0 0 0 0 0 0 0 0 0 0 0
5.25395e+39 1.66028e+36 2.44973e+34 3.21737e+31 7.82119e+29 1.34668e+29 1.37599e+27 8.85101e+25 3.33399e+24 1.05939e+24 3.39893e+22 3.17647e+21 1.30057e+19 1.30057e+19 1.13808e+19 1.22025e+18 1.92726e+17 3.16579e+16 5.3351e+15 2.13768e+15 4.1167e+13 3.88831e+12 5.43696e+11 8.50529e+10 4.74316e+09 4.7148e+08 6.69691e+07 2.22614e+06 258740 89224 2431 888 411 76 14 10 7 2 0 0 0 0 0 0 0 0 0 0 0 0 0 0 0 0 0 0 0 0 0 0 0 0 0 0 0 0 0 0 0 0 0 0 0 0 0 0 0 0 0 0 0 0 0 0 0 0 0 0 0 0 0 0 0 0 0
7.13946e+41 9.75676e+36 1.14791e+36 1.09907e+31 1.08558e+29 1.08558e+29 2.82493e+26 1.67744e+25 4.68755e+24 2.99835e+24 5.69387e+22 5.76867e+21 9.04844e+20 4.34134e+18 4.34134e+18 3.99684e+17 9.76688e+16 2.70974e+15 2.70974e+15 2.84303e+13 2.22809e+13 7.18961e+12 2.67987e+12 4.51522e+11 6.29667e+09 9.46676e+08 5.31823e+07 1.12894e+07 940108 173340 47863 13609 11143 1051 45 15 5 3 0 0 0 0 0 0 0 0 0 0 0 0 0 0 0 0 0 0 0 0 0 0 0 0 0 0 0 0 0 0 0 0 0 0 0 0 0 0 0 0 0 0 0 0 0 0 0 0 0 0 0 0 0 0 0 0 0
1.07659e+39 2.21737e+37 3.03791e+33 5.65219e+28 5.65219e+28 2.14591e+27 2.14591e+27 1.64744e+25 1.64744e+25 1.42913e+22 1.42913e+22 1.24004e+21 6.72381e+20 2.4341e+18 5.5276e+17 5.74943e+16 6.22246e+15 8.73737e+13 8.73737e+13 9.71841e+11 9.71841e+11 3.23704e+11 2.96445e+10 1.21035e+09 2.10326e+08 1.02765e+08 3.06285e+07 1.99721e+07 2.70572e+06 346077 44956 21342 10347 3658 142 41 17 5 2 0 0 0 0 0 0 0 0 0 0 0 0 0 0 0 0 0 0 0 0 0 0 0 0 0 0 0 0 0 0 0 0 0 0 0 0 0 0 0 0 0 0 0 0 0 0 0 0 0 0 0 0 0 0 0 0
4.23153e+40 1.97433e+35 3.66761e+33 1.67201e+28 1.67201e+28 6.78486e+27 7.39144e+26 8.06857e+21 8.06857e+21 8.06857e+21 3.00241e+21 1.88655e+20 2.37658e+19 1.26185e+19 2.7885e+17 2.7885e+17 5.25231e+16 1.96636e+16 2.54273e+15 2.38505e+14 2.36085e+13 2.65303e+12 3.03094e+11 1.93482e+11 8.29412e+09 5.91282e+08 4.46625e+06 286404 45690 2872 1700 1320 33 33 16 6 2 0 0 0 0 0 0 0 0 0 0 0 0 0 0 0 0 0 0 0 0 0 0 0 0 0 0 0 0 0 0 0 0 0 0 0 0 0 0 0 0 0 0 0 0 0 0 0 0 0 0 0 0 0 0 0 0 0 0
2.61982e+42 4.84788e+36 1.72984e+32 8.35494e+30 1.87378e+29 4.95214e+27 7.2149e+26 9.20809e+23 9.20809e+23 3.0484e+23 6.38913e+21 8.60727e+20 3.90637e+20 3.02544e+18 3.02544e+18 7.96192e+17 1.02457e+17 2.04535e+16 3.9248e+15 9.74893e+13 1.09988e+13 3.37552e+12 2.92535e+11 5.66157e+10 6.04271e+08 4.08578e+07 2.35646e+06 39775 26411 3127 1960 1055 104 13 5 1 0 0 0 0 0 0 0 0 0 0 0 0 0 0 0 0 0 0 0 0 0 0 0 0 0 0 0 0 0 0 0 0 0 0 0 0 0 0 0 0 0 0 0 0 0 0 0 0 0 0 0 0 0 0 0 0 0 0 0
3.78605e+40 1.15648e+37 5.72833e+31 7.46359e+29 3.62588e+28 1.5691e+26 1.5691e+26 1.14034e+26 9.68838e+23 8.96504e+23 2.98738e+22 1.77772e+21 3.88785e+19 1.16582e+19 4.49691e+18 4.18387e+16 4.18387e+16 1.66252e+16 9.66144e+15 4.15558e+14 1.2571e+14 6.59243e+12 1.07724e+12 2.47097e+11 8.9222e+09 9.53752e+08 2.37173e+08 2.84495e+06 600716 48675 13660 2103 141 41 17 6 2 0 0 0 0 0 0 0 0 0 0 0 0 0 0 0 0 0 0 0 0 0 0 0 0 0 0 0 0 0 0 0 0 0 0 0 0 0 0 0 0 0 0 0 0 0 0 0 0 0 0 0 0 0 0 0 0 0 0
1.55223e+40 2.38265e+36 8.40494e+32 2.82835e+29 2.55054e+28 9.77074e+26 3.06719e+25 1.57785e+24 2.81052e+23 2.91084e+22 4.26078e+21 8.39982e+20 1.74014e+19 1.19263e+19 1.99843e+17 1.12033e+17 1.14268e+16 5.25752e+14 5.25752e+14 6.77961e+13 8.21425e+12 3.23998e+11 3.81806e+09 3.81806e+09 3.40687e+08 6.27194e+07 2.01671e+06 246064 40906 9685 2861 2861 816 22 17 6 2 0 0 0 0 0 0 0 0 0 0 0 0 0 0 0 0 0 0 0 0 0 0 0 0 0 0 0 0 0 0 0 0 0 0 0 0 0 0 0 0 0 0 0 0 0 0 0 0 0 0 0 0 0 0 0 0 0 0
1.20389e+40 4.51868e+34 4.51868e+34 8.81145e+31 5.83069e+29 5.67067e+29 1.24362e+27 6.4794e+26 1.29309e+25 2.8991e+23 1.02668e+23 6.31008e+21 6.31008e+21 9.80799e+20 2.63353e+19 8.24429e+16 7.52194e+16 7.52194e+16 1.53649e+16 3.63834e+14 8.80025e+13 2.55137e+13 8.09105e+12 1.37196e+12 7.99215e+10 1.05601e+10 2.28907e+09 1.05931e+09 1.16652e+08 8.69036e+06 111109 14533 3114 1138 469 26 11 4 1 0 0 0 0 0 0 0 0 0 0 0 0 0 0 0 0 0 0 0 0 0 0 0 0 0 0 0 0 0 0 0 0 0 0 0 0 0 0 0 0 0 0 0 0 0 0 0 0 0 0 0 0 0 0 0 0
1.32127e+42 2.61184e+33 1.85992e+33 3.79662e+30 6.14915e+28 9.77896e+26 1.25345e+26 6.06394e+23 1.55107e+23 8.75427e+22 7.21335e+21 1.33928e+20 7.56288e+18 7.56288e+18 3.85454e+17 6.56067e+16 1.50457e+16 3.74474e+15 2.05318e+15 1.15801e+14 9.59084e+11 5.04068e+10 3.30455e+09 6.00457e+08 4.61715e+07 6.49638e+06 1.31934e+06 196829 53160 619 343 130 54 4 4 2 0 0 0 0 0 0 0 0 0 0 0 0 0 0 0 0 0 0 0 0 0 0 0 0 0 0 0 0 0 0 0 0 0 0 0 0 0 0 0 0 0 0 0 0 0 0 0 0 0 0 0 0 0 0 0 0 0 0 0
2.22139e+40 2.35927e+35 1.53747e+32 9.51063e+29 4.36317e+28 4.38132e+25 4.38132e+25 5.72729e+24 8.88937e+23 9.07472e+22 8.55767e+22 5.01647e+21 2.53716e+20 7.26296e+17 6.74832e+17 8.10342e+15 8.10342e+15 7.33263e+15 4.76515e+14 1.36582e+14 5.24167e+12 5.24167e+12 8.20882e+11 1.43788e+11 7.97838e+09 1.34609e+09 8.96755e+07 5.42989e+06 271905 36823 3558 120 111 23 17 6 0 0 0 0 0 0 0 0 0 0 0 0 0 0 0 0 0 0 0 0 0 0 0 0 0 0 0 0 0 0 0 0 0 0 0 0 0 0 0 0 0 0 0 0 0 0 0 0 0 0 0 0 0 0 0 0 0 0 0
2.60084e+39 9.00537e+34 1.07207e+33 1.54362e+30 3.63092e+29 7.58815e+26 2.06512e+26 2.86131e+25 5.13338e+23 7.55123e+22 1.57788e+22 5.78633e+19 1.74805e+19 1.50658e+18 7.52791e+17 1.03429e+17 5.67914e+15 1.8585e+15 7.77344e+14 1.64331e+14 6.11621e+12 7.50168e+11 6.22598e+11 1.18937e+11 1.86378e+09 5.79749e+07 823908 823908 15420 15420 607 206 35 22 9 3 0 0 0 0 0 0 0 0 0 0 0 0 0 0 0 0 0 0 0 0 0 0 0 0 0 0 0 0 0 0 0 0 0 0 0 0 0 0 0 0 0 0 0 0 0 0 0 0 0 0 0 0 0 0 0 0 0 0 0
5.33341e+38 2.29281e+36 2.04094e+34 5.99314e+30 2.37005e+29 1.02882e+28 1.23311e+27 8.71213e+23 8.71213e+23 1.74554e+22 5.77514e+20 3.90203e+20 2.97122e+20 4.97834e+17 3.73416e+17 3.55035e+17 6.70326e+15 1.18688e+15 2.1936e+14 5.71297e+12 3.92385e+12 1.69936e+12 1.06756e+11 2.36874e+10 8.63901e+08 7.82371e+07 3.55856e+06 124147 88541 24804 885 129 57 40 35 14 4 1 0 0 0 0 0 0 0 0 0 0 0 0 0 0 0 0 0 0 0 0 0 0 0 0 0 0 0 0 0 0 0 0 0 0 0 0 0 0 0 0 0 0 0 0 0 0 0 0 0 0 0 0 0 0 0 0 0
1.08035e+40 2.49848e+36 5.03721e+33 3.5552e+28 1.63749e+27 2.01604e+25 1.7746e+25 2.08918e+22 2.08918e+22 1.88879e+20 5.20802e+19 1.99995e+18 1.99995e+18 3.20046e+17 1.16799e+15 1.16799e+15 1.16799e+15 4.1858e+13 4.1858e+13 1.06579e+13 3.24722e+12 3.21779e+11 5.30666e+10 2.08297e+09 1.11812e+08 3.15898e+06 338873 107852 23059 7712 1208 615 44 11 5 1 0 0 0 0 0 0 0 0 0 0 0 0 0 0 0 0 0 0 0 0 0 0 0 0 0 0 0 0 0 0 0 0 0 0 0 0 0 0 0 0 0 0 0 0 0 0 0 0 0 0 0 0 0 0 0 0 0 0 0
3.81742e+39 2.85357e+35 1.95022e+35 9.22424e+29 9.22424e+29 1.34064e+28 1.71405e+26 7.97848e+24 2.42801e+24 7.86327e+22 8.52124e+21 2.83752e+21 6.48794e+19 1.79966e+19 5.22609e+17 2.40612e+17 1.84524e+16 1.84524e+16 9.38738e+15 2.14488e+14 3.28056e+13 3.41297e+12 2.00106e+11 4.05525e+09 3.58373e+08 2.88714e+08 6.74546e+06 1.08687e+06 95440 5224 1671 1628 618 151 21 5 3 0 0 0 0 0 0 0 0 0 0 0 0 0 0 0 0 0 0 0 0 0 0 0 0 0 0 0 0 0 0 0 0 0 0 0 0 0 0 0 0 0 0 0 0 0 0 0 0 0 0 0 0 0 0 0 0 0 0
3.59898e+40 1.81418e+37 8.50064e+34 1.74492e+30 3.31417e+29 1.84857e+29 7.9608e+26 9.4108e+25 2.38843e+25 1.07011e+24 3.20851e+22 6.0895e+20 6.40461e+19 5.12289e+19 4.77076e+18 1.87553e+17 3.01656e+16 1.44434e+16 8.51657e+14 1.1788e+14 9.23309e+11 1.79261e+11 5.45781e+10 1.75409e+10 2.04277e+09 2.04277e+09 2.41447e+08 8.66185e+07 1.80301e+06 1.1985e+06 68552 68552 12397 1574 149 19 2 1 0 0 0 0 0 0 0 0 0 0 0 0 0 0 0 0 0 0 0 0 0 0 0 0 0 0 0 0 0 0 0 0 0 0 0 0 0 0 0 0 0 0 0 0 0 0 0 0 0 0 0 0 0 0 0 0 0
1.13496e+40 1.18224e+37 1.2402e+32 1.65943e+29 6.29399e+28 8.0549e+26 6.29153e+25 6.29153e+25 1.76319e+24 5.06413e+22 1.21112e+22 2.61101e+21 1.95784e+18 1.95784e+18 1.95784e+18 2.94364e+17 4.06328e+16 5.01652e+15 3.11559e+15 9.19115e+13 5.19953e+13 3.27586e+12 6.69279e+11 1.24161e+11 7.04103e+09 5.46531e+07 1.43005e+07 4.58123e+06 491600 64316 3813 1261 348 50 11 4 3 0 0 0 0 0 0 0 0 0 0 0 0 0 0 0 0 0 0 0 0 0 0 0 0 0 0 0 0 0 0 0 0 0 0 0 0 0 0 0 0 0 0 0 0 0 0 0 0 0 0 0 0 0 0 0 0 0 0
1.19212e+41 8.53162e+37 4.29272e+34 1.06678e+32 1.95758e+27 1.95758e+27 1.55183e+27 7.74321e+25 3.30959e+24 1.20528e+23 9.12841e+22 1.00119e+22 3.47258e+20 1.1352e+19 1.2493e+18 8.41256e+17 3.30032e+17 8.24017e+16 1.69103e+16 1.46068e+14 5.57253e+13 2.8754e+12 2.49348e+11 1.51994e+11 4.33525e+10 1.18644e+10 2.59033e+09 2.55969e+08 2.06349e+07 1.44834e+06 46382 32422 3156 3156 85 22 15 5 0 0 0 0 0 0 0 0 0 0 0 0 0 0 0 0 0 0 0 0 0 0 0 0 0 0 0 0 0 0 0 0 0 0 0 0 0 0 0 0 0 0 0 0 0 0 0 0 0 0 0 0 0 0 0 0 0
1.99831e+40 5.89919e+35 4.23554e+34 1.82303e+30 2.42233e+28 1.50131e+27 3.79429e+25 2.65966e+23 1.07445e+23 7.61796e+22 6.74882e+21 8.33635e+18 8.33635e+18 1.19654e+18 4.28981e+17 5.46624e+16 3.14623e+16 3.14871e+14 3.14871e+14 3.89253e+13 3.10302e+13 4.40858e+12 1.24021e+12 1.75776e+11 3.14631e+10 2.48948e+09 7.85649e+07 1.03642e+06 652091 85649 18405 2251 962 124 26 7 3 1 0 0 0 0 0 0 0 0 0 0 0 0 0 0 0 0 0 0 0 0 0 0 0 0 0 0 0 0 0 0 0 0 0 0 0 0 0 0 0 0 0 0 0 0 0 0 0 0 0 0 0 0 0 0 0 0 0
1.07272e+40 1.09136e+37 2.51182e+32 1.32609e+30 1.65188e+29 1.44877e+29 3.94284e+27 1.00692e+25 1.00692e+25 1.22974e+24 7.47188e+21 1.62024e+20 1.62024e+20 4.78819e+19 1.25016e+19 1.87656e+18 3.15097e+17 4.44923e+16 2.2829e+16 6.50848e+13 6.50848e+13 8.19407e+12 5.03705e+12 5.72516e+11 1.60876e+10 4.67395e+08 1.35183e+08 3.13973e+07 7.0535e+06 809625 58996 4322 197 43 10 8 3 1 0 0 0 0 0 0 0 0 0 0 0 0 0 0 0 0 0 0 0 0 0 0 0 0 0 0 0 0 0 0 0 0 0 0 0 0 0 0 0 0 0 0 0 0 0 0 0 0 0 0 0 0 0 0 0 0 0
3.14458e+39 2.88178e+36 1.82587e+33 1.20553e+30 5.02502e+28 1.16613e+27 6.46638e+24 6.46638e+24 2.63514e+23 2.48975e+21 4.47941e+20 1.66021e+20 4.10792e+19 3.08286e+18 1.71017e+17 1.12179e+17 1.12179e+17 3.28721e+15 1.77291e+15 1.59343e+14 2.88675e+13 6.373e+12 1.19671e+12 3.02408e+10 7.0327e+09 2.82336e+08 1.01099e+07 3.55855e+06 246984 17485 3104 907 328 6 6 3 0 0 0 0 0 0 0 0 0 0 0 0 0 0 0 0 0 0 0 0 0 0 0 0 0 0 0 0 0 0 0 0 0 0 0 0 0 0 0 0 0 0 0 0 0 0 0 0 0 0 0 0 0 0 0 0 0 0 0
1.70648e+40 5.44651e+34 3.00614e+33 2.48726e+30 8.55493e+28 4.15571e+26 4.15571e+26 4.90448e+25 2.92373e+24 1.01265e+23 6.22251e+21 1.35544e+21 1.46917e+20 1.24067e+19 1.5916e+18 2.3306e+17 6.85451e+16 2.33248e+15 2.33248e+15 3.6599e+14 3.09178e+13 1.0188e+13 3.80546e+12 5.76075e+11 2.52022e+10 6.61887e+09 8.02217e+08 7.11943e+06 481035 26104 5747 2586 578 59 59 38 15 3 0 0 0 0 0 0 0 0 0 0 0 0 0 0 0 0 0 0 0 0 0 0 0 0 0 0 0 0 0 0 0 0 0 0 0 0 0 0 0 0 0 0 0 0 0 0 0 0 0 0 0 0 0 0 0 0 0
1.00109e+41 1.38459e+35 9.84388e+34 2.16418e+30 3.35573e+28 1.75843e+28 2.94873e+26 3.25038e+23 3.25038e+23 7.54122e+22 4.22022e+21 1.12051e+21 1.95986e+20 4.53312e+18 5.77128e+17 1.73176e+17 8.34105e+16 2.37343e+16 8.01874e+14 1.75472e+14 1.01849e+13 5.4582e+11 5.97033e+10 4.34923e+09 1.11342e+09 4.66029e+07 576675 414819 15401 1318 1318 624 190 10 8 3 0 0 0 0 0 0 0 0 0 0 0 0 0 0 0 0 0 0 0 0 0 0 0 0 0 0 0 0 0 0 0 0 0 0 0 0 0 0 0 0 0 0 0 0 0 0 0 0 0 0 0 0 0 0 0 0 0 0 0
4.11902e+39 4.70781e+37 1.91403e+32 1.40916e+28 1.40916e+28 1.40916e+28 3.24117e+26 3.24117e+26 1.89596e+25 9.58363e+20 9.58363e+20 6.08994e+20 2.61086e+20 1.71264e+19 3.20153e+18 5.30765e+17 1.85103e+17 5.92195e+16 5.74531e+15 8.67547e+14 6.4718e+13 5.40524e+13 2.26025e+12 1.28131e+12 9.71964e+10 1.17599e+10 7.22779e+09 1.66827e+09 1.53164e+08 3.012e+07 321688 173168 2219 335 93 28 16 8 3 0 0 0 0 0 0 0 0 0 0 0 0 0 0 0 0 0 0 0 0 0 0 0 0 0 0 0 0 0 0 0 0 0 0 0 0 0 0 0 0 0 0 0 0 0 0 0 0 0 0 0 0 0 0 0 0
6.38236e+37 9.37252e+36 3.30053e+34 1.01718e+32 6.52428e+30 1.69677e+28 2.68077e+26 2.68077e+26 7.45326e+25 1.35645e+25 3.7569e+23 5.71146e+20 5.71146e+20 5.71146e+20 1.40341e+18 2.88589e+17 2.66528e+17 1.13394e+17 1.0421e+16 2.23653e+15 1.96451e+14 1.15176e+14 5.99148e+12 7.40551e+11 2.45201e+11 4.41531e+09 1.32975e+09 1.41159e+08 1.04536e+08 654301 577652 81584 5556 4693 3058 156 43 11 3 0 0 0 0 0 0 0 0 0 0 0 0 0 0 0 0 0 0 0 0 0 0 0 0 0 0 0 0 0 0 0 0 0 0 0 0 0 0 0 0 0 0 0 0 0 0 0 0 0 0 0 0 0 0 0 0
2.69525e+38 3.49747e+36 8.42889e+33 2.04698e+30 1.58759e+29 6.90851e+28 3.83981e+26 3.68293e+25 7.06976e+23 1.14962e+23 6.68494e+22 1.38933e+20 1.27623e+20 4.12443e+18 5.5639e+17 6.28388e+16 9.38622e+15 3.68093e+15 4.4853e+14 2.48266e+13 1.32255e+13 3.10014e+12 1.08498e+12 1.20222e+11 3.52669e+09 1.99174e+08 1.4222e+07 1.95493e+06 297782 43900 39758 20621 1976 238 34 13 5 0 0 0 0 0 0 0 0 0 0 0 0 0 0 0 0 0 0 0 0 0 0 0 0 0 0 0 0 0 0 0 0 0 0 0 0 0 0 0 0 0 0 0 0 0 0 0 0 0 0 0 0 0 0 0 0 0 0
1.73108e+42 2.01118e+35 2.47924e+33 1.33548e+30 1.53736e+27 1.53736e+27 1.10549e+25 4.73392e+22 7.07843e+21 5.72222e+20 5.72222e+20 6.90649e+19 5.78492e+18 1.30809e+18 4.82499e+17 3.16192e+16 1.11481e+16 2.29285e+15 4.64468e+13 1.31182e+13 3.11328e+12 3.08772e+11 5.08275e+10 2.99705e+08 1.56034e+08 1.43811e+07 1.23913e+06 169711 47611 6671 1920 514 25 10 7 2 1 0 0 0 0 0 0 0 0 0 0 0 0 0 0 0 0 0 0 0 0 0 0 0 0 0 0 0 0 0 0 0 0 0 0 0 0 0 0 0 0 0 0 0 0 0 0 0 0 0 0 0 0 0 0 0 0 0 0
4.65668e+40 1.30659e+33 1.30659e+33 2.46503e+30 3.93251e+26 3.93251e+26 2.64168e+25 8.04573e+22 4.50826e+22 2.24046e+21 1.4957e+20 1.04597e+19 2.23368e+17 2.23368e+17 5.28029e+16 5.24696e+16 3.0581e+15 8.45579e+14 5.48656e+13 8.69136e+12 5.72764e+11 1.96068e+11 1.42857e+10 3.26363e+08 2.60363e+08 1.54951e+07 3.72305e+06 208498 45783 6864 697 97 16 3 3 0 0 0 0 0 0 0 0 0 0 0 0 0 0 0 0 0 0 0 0 0 0 0 0 0 0 0 0 0 0 0 0 0 0 0 0 0 0 0 0 0 0 0 0 0 0 0 0 0 0 0 0 0 0 0 0 0 0 0 0
8.85806e+40 8.35066e+34 8.35066e+34 1.00704e+31 3.27664e+28 3.27664e+28 1.55949e+27 4.83566e+26 4.79906e+24 1.41425e+24 1.07244e+23 4.2602e+20 1.65348e+20 4.68373e+18 4.68373e+18 5.74198e+17 3.82147e+16 8.49132e+15 9.79905e+14 6.92132e+14 1.74184e+13 1.99869e+12 1.75805e+12 7.70525e+11 2.0093e+11 5.95478e+09 9.97904e+06 3.9221e+06 1.39105e+06 237437 19141 4648 299 100 22 9 3 1 0 0 0 0 0 0 0 0 0 0 0 0 0 0 0 0 0 0 0 0 0 0 0 0 0 0 0 0 0 0 0 0 0 0 0 0 0 0 0 0 0 0 0 0 0 0 0 0 0 0 0 0 0 0 0 0 0
