5.51508e+43 5.5439e+37 4.09679e+36 2.85586e+33 6.17654e+31 5.38323e+28 1.61641e+27 3.20121e+26 7.29253e+23 1.46963e+22 1.46963e+22 1.46963e+22 2.04929e+20 1.7602e+20 1.63571e+18 1.63571e+18 4.52324e+17 6.52951e+16 6.90907e+15 4.38713e+15 1.02708e+15 4.43967e+13 2.31683e+12 1.34277e+11 2.1579e+10 2.40856e+09 9.30784e+08 4.63263e+07 1.72806e+06 130953 44053 17962 3206 172 63 13 7 2 0 0 0 0 0 0 0 0 0 0 0 0 0 0 0 0 0 0 0 0 0 0 0 0 0 0 0 0 0 0 0 0 0 0 0 0 0 0 0 0 0 0 0 0 0 0 0 0 0 0 0 0 0 0 0 0 0
2.10034e+42 4.28249e+39 2.1794e+36 1.67885e+31 1.67885e+31 1.67885e+31 1.55623e+31 4.89013e+29 2.95686e+26 9.30071e+23 9.30071e+23 9.30071e+23 4.72283e+22 2.21434e+21 7.43189e+20 6.69571e+18 1.26869e+18 6.10739e+16 2.69956e+16 1.9967e+15 8.45953e+14 3.23701e+12 2.42412e+11 2.42412e+11 2.10658e+09 6.05818e+08 3.73504e+07 6.74008e+06 597394 119853 9020 3800 2514 685 101 12 6 2 0 0 0 0 0 0 0 0 0 0 0 0 0 0 0 0 0 0 0 0 0 0 0 0 0 0 0 0 0 0 0 0 0 0 0 0 0 0 0 0 0 0 0 0 0 0 0 0 0 0 0 0 0 0 0 0 0
6.90674e+42 8.79853e+37 4.12645e+32 4.12645e+32 1.6738e+30 2.26982e+28 2.26982e+28 1.18625e+26 1.18625e+26 1.85292e+24 8.8882e+22 8.82172e+21 8.82172e+21 1.3049e+19 1.3049e+19 2.15586e+18 3.54396e+17 3.8526e+16 6.48663e+14 6.48663e+14 4.21751e+14 1.96121e+13 2.72399e+12 2.41521e+11 3.8495e+09 2.44613e+09 1.19636e+08 3.20456e+07 1.1479e+07 1.31269e+06 82661 5035 1212 458 40 32 8 2 0 0 0 0 0 0 0 0 0 0 0 0 0 0 0 0 0 0 0 0 0 0 0 0 0 0 0 0 0 0 0 0 0 0 0 0 0 0 0 0 0 0 0 0 0 0 0 0 0 0 0 0 0 0 0 0 0
5.5225e+40 8.19043e+38 1.83452e+37 6.84322e+31 5.37412e+29 2.82884e+28 2.82884e+28 5.82102e+26 3.68102e+23 8.25825e+21 1.18123e+21 7.5968e+19 3.30765e+19 3.38876e+18 1.38835e+18 1.55406e+17 1.87009e+16 3.01842e+15 2.49636e+15 1.57297e+14 1.49997e+13 5.82453e+11 3.22465e+09 2.67435e+08 1.00102e+08 1.93761e+07 2.40524e+06 368266 79396 14545 10914 1306 73 40 6 6 2 0 0 0 0 0 0 0 0 0 0 0 0 0 0 0 0 0 0 0 0 0 0 0 0 0 0 0 0 0 0 0 0 0 0 0 0 0 0 0 0 0 0 0 0 0 0 0 0 0 0 0 0 0 0 0 0 0 0
1.96502e+36 1.16979e+35 1.16979e+35 1.73991e+32 1.73991e+32 1.73991e+32 2.56841e+30 5.13379e+28 5.13379e+28 2.41603e+26 8.23737e+25 1.71388e+23 1.93735e+22 1.93735e+22 4.63149e+20 4.62258e+18 4.62258e+18 4.88815e+16 4.88815e+16 2.3737e+16 4.51283e+15 9.64567e+14 4.37256e+13 9.05899e+12 6.60911e+12 7.96425e+11 9.77482e+09 5.74321e+08 3.43926e+07 1.15089e+06 75366 30328 8838 939 42 17 9 6 3 0 0 0 0 0 0 0 0 0 0 0 0 0 0 0 0 0 0 0 0 0 0 0 0 0 0 0 0 0 0 0 0 0 0 0 0 0 0 0 0 0 0 0 0 0 0 0 0 0 0 0 0 0 0 0 0
1.65694e+39 2.66259e+33 2.66259e+33 6.18751e+32 4.76473e+31 2.16656e+31 3.58471e+28 5.28089e+27 1.24274e+26 4.02282e+25 4.02282e+25 5.40859e+23 1.01967e+23 6.52101e+21 7.61237e+19 9.68885e+18 4.01101e+17 7.87543e+16 2.29642e+16 7.96644e+15 9.38192e+14 2.79213e+13 2.79213e+13 1.62445e+12 1.0021e+11 2.86971e+10 8.17484e+09 1.63069e+09 3.06622e+08 9.69126e+06 157229 33804 18471 7686 7686 3963 351 15 6 0 0 0 0 0 0 0 0 0 0 0 0 0 0 0 0 0 0 0 0 0 0 0 0 0 0 0 0 0 0 0 0 0 0 0 0 0 0 0 0 0 0 0 0 0 0 0 0 0 0 0 0 0 0 0 0
1.40579e+40 1.51893e+39 1.35471e+36 2.05948e+34 9.73787e+31 1.57875e+31 1.24773e+30 7.10176e+29 1.74146e+29 6.49449e+24 6.49449e+24 9.7495e+22 9.7495e+22 6.12852e+22 1.18063e+21 1.94227e+20 6.65419e+18 1.27874e+18 1.25081e+18 9.40847e+16 1.64199e+15 7.76746e+14 6.40695e+13 2.89904e+12 6.09937e+11 4.50035e+10 4.95231e+09 3.46744e+08 3.67783e+07 1.41494e+07 1.81776e+06 156635 2813 1349 34 27 15 3 1 0 0 0 0 0 0 0 0 0 0 0 0 0 0 0 0 0 0 0 0 0 0 0 0 0 0 0 0 0 0 0 0 0 0 0 0 0 0 0 0 0 0 0 0 0 0 0 0 0 0 0 0 0 0 0 0
4.86521e+43 7.30251e+38 1.14431e+38 7.2349e+31 3.1843e+30 5.38705e+28 1.37399e+28 6.4578e+27 5.9666e+27 3.15193e+25 1.08291e+22 6.46878e+21 3.36541e+20 1.13576e+20 1.43262e+19 7.64667e+18 1.77885e+17 1.77885e+17 3.95119e+16 5.31859e+14 1.48213e+14 1.72297e+13 2.11433e+12 6.98255e+10 2.54822e+09 3.72457e+08 1.31284e+07 6.9306e+06 781338 37457 8795 973 43 43 12 3 1 0 0 0 0 0 0 0 0 0 0 0 0 0 0 0 0 0 0 0 0 0 0 0 0 0 0 0 0 0 0 0 0 0 0 0 0 0 0 0 0 0 0 0 0 0 0 0 0 0 0 0 0 0 0 0 0 0 0
2.76166e+40 4.24262e+37 7.49964e+36 7.33594e+32 2.87861e+32 2.46147e+31 1.69411e+29 2.12346e+28 1.87426e+26 7.26729e+24 1.08168e+23 7.68804e+21 5.02702e+21 7.78952e+19 1.94197e+19 4.84097e+17 1.92632e+16 1.92632e+16 4.81642e+15 9.95952e+14 1.12136e+14 2.45372e+12 9.02735e+10 2.11166e+10 4.19272e+09 1.75374e+08 1.38031e+06 152017 49679 4340 1059 416 85 8 7 2 1 0 0 0 0 0 0 0 0 0 0 0 0 0 0 0 0 0 0 0 0 0 0 0 0 0 0 0 0 0 0 0 0 0 0 0 0 0 0 0 0 0 0 0 0 0 0 0 0 0 0 0 0 0 0 0 0 0 0
1.79047e+42 8.05749e+39 5.58445e+35 3.42113e+32 9.3851e+30 4.39252e+28 1.80565e+27 4.41739e+26 7.39055e+25 1.44546e+24 1.96965e+22 1.96965e+22 6.28524e+19 6.85087e+18 1.0792e+17 1.0792e+17 2.64722e+16 2.64722e+16 1.33981e+15 3.74383e+14 2.0301e+13 3.70787e+12 2.68476e+10 2.68476e+10 3.72874e+09 2.25821e+08 8.28245e+07 3.8836e+06 1.49012e+06 240432 21568 1016 401 39 14 4 2 0 0 0 0 0 0 0 0 0 0 0 0 0 0 0 0 0 0 0 0 0 0 0 0 0 0 0 0 0 0 0 0 0 0 0 0 0 0 0 0 0 0 0 0 0 0 0 0 0 0 0 0 0 0 0 0 0 0
1.61571e+40 8.14888e+37 1.08945e+35 3.15242e+33 1.10508e+32 6.70216e+30 3.86548e+27 1.59294e+26 1.59294e+26 5.07138e+23 2.11537e+21 2.11537e+21 2.11537e+21 8.64426e+20 1.92473e+18 3.93396e+17 1.35893e+17 7.7907e+16 8.78025e+15 2.88042e+15 2.25684e+14 1.99979e+13 8.77689e+11 3.07574e+11 1.39891e+10 9.76652e+08 4.66638e+08 5.35858e+07 9.47569e+06 813218 298836 5746 5746 975 244 64 13 3 1 0 0 0 0 0 0 0 0 0 0 0 0 0 0 0 0 0 0 0 0 0 0 0 0 0 0 0 0 0 0 0 0 0 0 0 0 0 0 0 0 0 0 0 0 0 0 0 0 0 0 0 0 0 0 0 0
5.0322e+43 1.22089e+41 2.58645e+36 1.49446e+32 1.49446e+32 1.00299e+32 1.86957e+30 4.38958e+29 8.13086e+28 9.11653e+26 6.64459e+22 6.64459e+22 1.2328e+22 3.67648e+21 2.81596e+19 3.9942e+18 1.32551e+16 1.32551e+16 6.51119e+15 4.9145e+15 3.24383e+14 4.49258e+13 3.60987e+12 1.85449e+12 8.09591e+10 1.66624e+10 8.7384e+08 7.26294e+06 1.5012e+06 523905 38867 22043 2123 304 52 11 9 5 1 0 0 0 0 0 0 0 0 0 0 0 0 0 0 0 0 0 0 0 0 0 0 0 0 0 0 0 0 0 0 0 0 0 0 0 0 0 0 0 0 0 0 0 0 0 0 0 0 0 0 0 0 0 0 0 0
1.83756e+43 1.01476e+38 8.15107e+35 3.06135e+33 2.45818e+30 2.40531e+30 9.11541e+28 1.18563e+27 3.33589e+25 2.99464e+21 2.99464e+21 2.0701e+20 6.40483e+19 1.16668e+19 8.85854e+18 2.37569e+17 6.8723e+15 5.90905e+15 4.65566e+15 8.46962e+13 3.1772e+13 1.98175e+12 7.69383e+11 7.98329e+10 1.66737e+09 2.05509e+08 1.22095e+07 339042 144203 14041 1005 171 109 16 9 3 1 0 0 0 0 0 0 0 0 0 0 0 0 0 0 0 0 0 0 0 0 0 0 0 0 0 0 0 0 0 0 0 0 0 0 0 0 0 0 0 0 0 0 0 0 0 0 0 0 0 0 0 0 0 0 0 0 0 0
3.25249e+43 8.59769e+36 5.6437e+34 4.81611e+33 8.58091e+32 8.70071e+30 2.49636e+29 6.238e+25 6.238e+25 5.13587e+24 2.51035e+24 1.00728e+22 7.82557e+21 2.35656e+20 3.9167e+19 1.4953e+18 8.79326e+17 7.54775e+17 1.69657e+17 1.17311e+16 4.31806e+14 6.75543e+13 6.36297e+12 1.09644e+12 1.444e+11 2.53898e+10 2.97017e+09 2.64155e+08 1.00988e+08 6.70554e+06 351473 121032 30703 6937 643 48 14 3 2 0 0 0 0 0 0 0 0 0 0 0 0 0 0 0 0 0 0 0 0 0 0 0 0 0 0 0 0 0 0 0 0 0 0 0 0 0 0 0 0 0 0 0 0 0 0 0 0 0 0 0 0 0 0 0 0
5.76392e+41 1.57717e+39 1.27863e+36 1.63034e+31 1.46351e+31 4.65576e+28 1.22357e+27 7.03152e+25 1.12566e+24 7.74106e+23 1.57149e+21 2.13172e+20 4.89558e+19 2.14213e+18 1.34988e+18 1.98741e+17 8.57881e+16 2.48563e+16 1.77616e+15 3.27029e+14 2.7486e+13 8.90071e+12 6.67715e+11 1.34669e+11 1.18949e+10 2.03988e+09 2.44229e+08 1.63526e+07 667517 84851 10803 8072 3154 646 25 25 5 3 0 0 0 0 0 0 0 0 0 0 0 0 0 0 0 0 0 0 0 0 0 0 0 0 0 0 0 0 0 0 0 0 0 0 0 0 0 0 0 0 0 0 0 0 0 0 0 0 0 0 0 0 0 0 0 0 0
2.43899e+39 1.91682e+39 8.16924e+34 3.19183e+32 2.18499e+30 2.24404e+29 3.00544e+27 7.46021e+26 5.24509e+24 1.39876e+23 1.81581e+21 7.22213e+19 3.96579e+19 1.71047e+18 2.906e+17 3.44806e+15 3.44806e+15 3.50919e+14 1.20373e+14 3.69333e+13 3.07588e+12 3.24169e+11 3.38225e+10 2.54193e+09 5.06636e+07 3.74925e+06 464716 85548 21030 8020 4897 2033 58 10 8 4 1 0 0 0 0 0 0 0 0 0 0 0 0 0 0 0 0 0 0 0 0 0 0 0 0 0 0 0 0 0 0 0 0 0 0 0 0 0 0 0 0 0 0 0 0 0 0 0 0 0 0 0 0 0 0 0 0 0 0
1.57106e+37 5.55422e+36 1.35359e+35 7.06314e+32 1.16053e+30 9.12983e+29 3.31271e+26 3.31271e+26 4.84927e+23 1.62144e+22 8.54121e+20 4.77174e+18 4.77174e+18 4.77174e+18 1.70295e+18 2.64988e+17 8.62236e+16 3.5436e+16 5.50275e+15 3.61891e+14 5.36349e+13 1.41247e+12 5.22997e+11 6.69065e+10 4.21569e+09 2.8674e+08 1.56295e+07 587824 109264 12349 490 490 119 31 5 5 2 0 0 0 0 0 0 0 0 0 0 0 0 0 0 0 0 0 0 0 0 0 0 0 0 0 0 0 0 0 0 0 0 0 0 0 0 0 0 0 0 0 0 0 0 0 0 0 0 0 0 0 0 0 0 0 0 0 0
1.08787e+42 1.5256e+38 3.83588e+36 2.23148e+33 2.23148e+33 9.2775e+31 4.34978e+30 2.27828e+29 1.01293e+26 1.49385e+25 5.02376e+24 7.67426e+18 7.67426e+18 7.67426e+18 7.67426e+18 7.67426e+18 7.87021e+17 7.87021e+17 4.0957e+17 4.07477e+16 9.66454e+15 7.65275e+14 4.11675e+14 8.75504e+12 2.46842e+12 1.76576e+11 3.06895e+10 4.69699e+09 1.07563e+08 1.32785e+07 1.32501e+06 103654 20138 3254 1249 99 38 8 2 0 0 0 0 0 0 0 0 0 0 0 0 0 0 0 0 0 0 0 0 0 0 0 0 0 0 0 0 0 0 0 0 0 0 0 0 0 0 0 0 0 0 0 0 0 0 0 0 0 0 0 0 0 0 0 0
6.57405e+41 2.23733e+36 2.23733e+36 1.17614e+33 2.4611e+29 2.4611e+29 1.15876e+28 1.15876e+28 1.15876e+28 4.71911e+24 3.65717e+23 2.32675e+22 1.55676e+22 3.89366e+20 4.99555e+19 4.28334e+17 4.28334e+17 2.69722e+16 7.11282e+15 3.7308e+14 2.0931e+14 5.3479e+12 4.29545e+11 2.89745e+11 5.81901e+09 5.23708e+08 3.11303e+07 6.6149e+06 408417 48550 3743 559 95 11 8 4 2 0 0 0 0 0 0 0 0 0 0 0 0 0 0 0 0 0 0 0 0 0 0 0 0 0 0 0 0 0 0 0 0 0 0 0 0 0 0 0 0 0 0 0 0 0 0 0 0 0 0 0 0 0 0 0 0 0 0
1.31979e+43 1.75667e+39 8.05137e+34 9.61225e+29 9.61225e+29 3.30275e+28 3.30275e+28 4.6635e+26 2.85995e+26 4.44598e+23 1.79552e+23 1.26982e+22 3.15956e+20 3.56433e+19 2.12228e+18 2.79224e+17 2.79224e+17 1.93093e+16 1.93093e+16 1.27142e+14 4.212e+13 3.60709e+12 1.93445e+11 3.75679e+10 4.60172e+09 9.26059e+08 3.036e+07 7.12169e+06 1.95993e+06 213635 23177 3735 740 136 43 11 4 1 0 0 0 0 0 0 0 0 0 0 0 0 0 0 0 0 0 0 0 0 0 0 0 0 0 0 0 0 0 0 0 0 0 0 0 0 0 0 0 0 0 0 0 0 0 0 0 0 0 0 0 0 0 0 0 0 0
3.13304e+41 1.53499e+38 2.7109e+36 4.35667e+30 4.22428e+29 3.88635e+27 4.96154e+25 1.4765e+24 3.40401e+21 3.14958e+18 3.14958e+18 3.14958e+18 3.14958e+18 7.20248e+17 4.6811e+17 9.99015e+16 5.75226e+16 9.93591e+15 2.70544e+15 1.31704e+14 1.16461e+13 8.9381e+11 1.57192e+11 1.18191e+10 7.02128e+08 4.60405e+07 5.66309e+06 722490 67735 15641 1721 600 65 19 7 6 1 0 0 0 0 0 0 0 0 0 0 0 0 0 0 0 0 0 0 0 0 0 0 0 0 0 0 0 0 0 0 0 0 0 0 0 0 0 0 0 0 0 0 0 0 0 0 0 0 0 0 0 0 0 0 0 0 0 0
2.7167e+38 2.7167e+38 2.22849e+36 6.807e+32 4.84475e+32 4.16611e+28 4.16611e+28 2.57186e+27 1.3033e+27 5.5677e+25 2.09909e+25 1.53206e+23 5.96011e+20 1.44518e+20 1.44518e+20 9.11315e+18 2.92657e+18 5.91189e+17 6.70473e+16 5.87984e+15 6.65792e+14 1.00524e+14 1.61851e+13 4.92657e+12 6.32896e+11 1.55709e+11 1.22517e+10 8.5304e+07 1.23939e+07 4.31944e+06 439604 31522 9728 2000 559 54 9 6 1 0 0 0 0 0 0 0 0 0 0 0 0 0 0 0 0 0 0 0 0 0 0 0 0 0 0 0 0 0 0 0 0 0 0 0 0 0 0 0 0 0 0 0 0 0 0 0 0 0 0 0 0 0 0 0 0
1.39988e+42 1.03536e+37 1.03536e+37 4.31095e+33 6.18144e+31 2.14983e+29 1.59217e+29 1.79685e+28 4.38065e+27 1.93946e+25 1.4948e+24 3.52822e+23 4.542e+22 4.38966e+20 7.20317e+18 3.32109e+18 8.27261e+17 1.26608e+17 2.02677e+16 9.14266e+15 8.41422e+14 3.37723e+13 7.21961e+12 2.12831e+12 3.20581e+11 7.20402e+10 4.08694e+09 1.21443e+09 3.74457e+08 6.32416e+07 1.37442e+06 349843 33927 4178 139 84 44 37 28 0 0 0 0 0 0 0 0 0 0 0 0 0 0 0 0 0 0 0 0 0 0 0 0 0 0 0 0 0 0 0 0 0 0 0 0 0 0 0 0 0 0 0 0 0 0 0 0 0 0 0 0 0 0 0 0
5.46023e+40 1.52326e+37 5.01941e+35 8.73204e+33 5.53979e+30 2.40669e+30 3.74885e+29 7.76129e+25 7.76129e+25 1.39078e+25 1.65891e+23 3.29021e+21 3.29021e+21 7.81147e+20 7.49007e+19 2.93035e+18 3.36752e+17 1.19342e+16 4.63692e+15 3.96599e+15 2.68116e+14 4.95045e+13 7.96875e+12 5.35255e+11 1.16189e+11 1.02564e+10 1.29094e+08 6.02517e+07 1.82734e+07 7.96638e+06 1.25857e+06 80383 9987 3542 1109 490 33 20 5 0 0 0 0 0 0 0 0 0 0 0 0 0 0 0 0 0 0 0 0 0 0 0 0 0 0 0 0 0 0 0 0 0 0 0 0 0 0 0 0 0 0 0 0 0 0 0 0 0 0 0 0 0 0 0 0
7.5622e+38 2.76042e+36 1.16826e+34 1.24691e+30 2.70753e+29 8.20158e+28 9.79056e+26 2.28983e+25 7.95502e+23 3.62606e+23 3.81231e+22 4.02753e+18 4.02753e+18 1.62772e+17 1.62772e+17 1.61113e+17 6.11406e+16 5.22808e+14 8.75697e+13 7.17743e+13 4.14838e+12 1.55717e+12 4.37092e+11 6.19934e+10 4.28585e+08 2.47362e+08 1.04567e+07 581585 151512 24562 6917 1597 693 87 18 4 2 1 0 0 0 0 0 0 0 0 0 0 0 0 0 0 0 0 0 0 0 0 0 0 0 0 0 0 0 0 0 0 0 0 0 0 0 0 0 0 0 0 0 0 0 0 0 0 0 0 0 0 0 0 0 0 0 0 0
1.03315e+42 7.00866e+36 1.58029e+36 2.14947e+32 6.22872e+30 1.71931e+29 5.76782e+27 2.25034e+26 6.48266e+25 3.50809e+25 1.82147e+23 6.5832e+21 9.94371e+18 9.94371e+18 7.31072e+18 2.09633e+18 1.87419e+17 9.81636e+15 9.81636e+15 4.37751e+15 1.47912e+15 2.92498e+13 1.54344e+12 2.60196e+11 4.38349e+09 3.52732e+08 1.77794e+08 6.55699e+06 485800 96268 10826 7775 362 58 4 4 3 0 0 0 0 0 0 0 0 0 0 0 0 0 0 0 0 0 0 0 0 0 0 0 0 0 0 0 0 0 0 0 0 0 0 0 0 0 0 0 0 0 0 0 0 0 0 0 0 0 0 0 0 0 0 0 0 0 0
1.20605e+40 1.35083e+37 1.40842e+35 5.74462e+31 2.69321e+31 4.02387e+28 4.54341e+25 4.54341e+25 4.54341e+25 2.26308e+24 1.68753e+23 3.77658e+22 7.04099e+21 2.0996e+19 4.32561e+18 5.02421e+17 1.79978e+16 1.79978e+16 6.30756e+14 1.7593e+14 3.53552e+13 1.51348e+12 3.05683e+11 1.56092e+11 2.44821e+09 4.14259e+08 2.86226e+06 1.38737e+06 139409 25679 25679 11778 1022 45 20 10 4 0 0 0 0 0 0 0 0 0 0 0 0 0 0 0 0 0 0 0 0 0 0 0 0 0 0 0 0 0 0 0 0 0 0 0 0 0 0 0 0 0 0 0 0 0 0 0 0 0 0 0 0 0 0 0 0 0 0
2.29817e+41 5.10902e+38 1.54132e+37 1.73553e+33 5.35209e+31 7.21312e+29 7.21312e+29 5.19318e+28 2.07979e+27 1.44666e+27 6.28509e+23 2.54138e+23 7.56011e+22 1.06174e+20 1.20061e+19 7.00409e+18 1.96134e+17 7.86554e+16 7.10851e+16 7.70015e+15 2.46143e+15 3.25982e+13 2.13082e+12 1.72061e+12 1.74863e+11 1.41836e+10 1.5208e+09 3.32972e+08 9.60624e+06 395773 395773 12682 3108 394 5 5 3 3 0 0 0 0 0 0 0 0 0 0 0 0 0 0 0 0 0 0 0 0 0 0 0 0 0 0 0 0 0 0 0 0 0 0 0 0 0 0 0 0 0 0 0 0 0 0 0 0 0 0 0 0 0 0 0 0 0
1.30233e+41 2.12462e+39 3.58583e+36 1.23385e+34 7.68838e+31 7.68838e+31 9.41128e+30 4.73336e+28 8.42708e+27 2.50231e+25 6.42243e+24 1.22137e+24 4.84874e+21 1.82993e+21 1.85483e+20 9.53986e+19 4.10715e+18 3.62068e+16 3.62068e+16 6.19934e+14 6.19934e+14 3.64312e+14 1.31888e+12 1.31888e+12 9.67195e+10 1.23236e+10 4.75556e+09 4.78454e+08 3.80356e+07 895265 649827 117295 7954 1307 199 51 6 3 2 0 0 0 0 0 0 0 0 0 0 0 0 0 0 0 0 0 0 0 0 0 0 0 0 0 0 0 0 0 0 0 0 0 0 0 0 0 0 0 0 0 0 0 0 0 0 0 0 0 0 0 0 0 0 0 0
3.45359e+41 1.96434e+38 5.15479e+35 4.52047e+32 4.94978e+30 2.50328e+29 4.47188e+28 1.49958e+26 4.56312e+23 4.56312e+23 1.67639e+23 3.61582e+20 4.04565e+17 4.04565e+17 4.04565e+17 4.04565e+17 4.49221e+16 4.49221e+16 5.20502e+15 5.30347e+14 1.21058e+13 7.2951e+11 1.47586e+11 3.49239e+10 1.10146e+10 1.1683e+09 2.58441e+08 3.86524e+06 225543 222609 28778 9178 412 27 9 4 1 0 0 0 0 0 0 0 0 0 0 0 0 0 0 0 0 0 0 0 0 0 0 0 0 0 0 0 0 0 0 0 0 0 0 0 0 0 0 0 0 0 0 0 0 0 0 0 0 0 0 0 0 0 0 0 0 0 0
1.15862e+39 1.10657e+37 4.1454e+36 1.94359e+34 2.06655e+33 3.08656e+31 7.30805e+27 7.30805e+27 7.30805e+27 9.15829e+25 2.04363e+24 1.50243e+24 5.25881e+20 5.25881e+20 4.37758e+19 8.37191e+18 1.07203e+18 5.44927e+16 5.44927e+16 1.81466e+15 1.07065e+15 1.53404e+13 1.33373e+12 1.53861e+11 6.04972e+09 1.58151e+09 1.41276e+08 1.84369e+07 3.42843e+06 129451 9574 5203 311 311 180 13 6 2 0 0 0 0 0 0 0 0 0 0 0 0 0 0 0 0 0 0 0 0 0 0 0 0 0 0 0 0 0 0 0 0 0 0 0 0 0 0 0 0 0 0 0 0 0 0 0 0 0 0 0 0 0 0 0 0 0
4.02578e+44 1.63721e+36 1.63721e+36 9.68385e+33 1.68819e+32 1.13851e+30 2.55133e+29 1.50738e+27 5.32893e+24 5.32893e+24 2.88228e+24 6.43914e+21 6.43914e+21 4.67967e+20 1.11181e+20 2.46112e+18 8.73735e+17 3.86748e+17 2.46186e+17 2.84408e+16 4.77833e+15 1.0382e+14 4.93429e+12 6.86399e+11 6.96222e+10 6.90364e+09 2.4349e+08 2.60813e+07 5.63528e+06 2.07584e+06 696545 151034 7584 3457 3157 455 18 8 4 0 0 0 0 0 0 0 0 0 0 0 0 0 0 0 0 0 0 0 0 0 0 0 0 0 0 0 0 0 0 0 0 0 0 0 0 0 0 0 0 0 0 0 0 0 0 0 0 0 0 0 0 0 0 0 0
1.43067e+43 1.45859e+38 3.23587e+34 2.09009e+33 8.52895e+30 3.55588e+29 1.39089e+28 5.94134e+26 2.967e+25 1.72718e+23 1.72718e+23 8.29855e+21 4.13898e+18 4.13898e+18 3.05269e+17 3.05269e+17 8.96344e+16 3.01453e+16 1.98422e+16 3.17017e+15 1.21445e+14 1.28276e+12 1.81533e+11 1.80647e+10 1.37178e+09 2.87718e+07 4.00982e+06 1.06201e+06 23423 23423 3876 3876 681 169 9 5 3 1 0 0 0 0 0 0 0 0 0 0 0 0 0 0 0 0 0 0 0 0 0 0 0 0 0 0 0 0 0 0 0 0 0 0 0 0 0 0 0 0 0 0 0 0 0 0 0 0 0 0 0 0 0 0 0 0 0
3.41638e+41 7.23221e+39 3.04092e+37 4.28563e+34 1.00899e+33 3.03313e+29 3.03313e+29 5.10056e+28 1.79549e+26 1.79549e+26 3.25127e+23 2.83981e+23 6.62394e+20 2.54655e+19 2.54655e+19 1.08652e+18 1.08652e+18 1.55139e+17 2.85993e+16 7.42203e+15 4.83531e+14 5.28942e+13 5.52977e+12 8.24402e+11 3.34255e+08 2.43356e+08 2.43356e+08 1.19451e+07 1.35504e+06 282334 62088 62088 10564 1974 357 79 39 31 6 0 0 0 0 0 0 0 0 0 0 0 0 0 0 0 0 0 0 0 0 0 0 0 0 0 0 0 0 0 0 0 0 0 0 0 0 0 0 0 0 0 0 0 0 0 0 0 0 0 0 0 0 0 0 0 0
1.05888e+41 1.0248e+39 4.33006e+36 1.58616e+35 3.50149e+30 3.50149e+30 2.76132e+30 4.23954e+28 8.09383e+26 3.09638e+25 4.0787e+24 1.66489e+22 6.00196e+21 9.62869e+20 3.32697e+20 1.17853e+19 3.17425e+18 2.6702e+17 1.06244e+17 6.10199e+15 1.95104e+14 6.85497e+13 1.94226e+12 1.27486e+11 1.77366e+10 4.34114e+09 7.37364e+07 2.13777e+07 1.47994e+06 436110 67837 22533 5355 505 210 19 6 2 0 0 0 0 0 0 0 0 0 0 0 0 0 0 0 0 0 0 0 0 0 0 0 0 0 0 0 0 0 0 0 0 0 0 0 0 0 0 0 0 0 0 0 0 0 0 0 0 0 0 0 0 0 0 0 0 0
1.15622e+42 5.56582e+38 9.97206e+36 3.96332e+30 3.96332e+30 1.01488e+30 1.4271e+28 8.62667e+25 8.4922e+24 1.84289e+23 1.60702e+21 1.60702e+21 4.70063e+19 3.05728e+18 7.982e+17 4.31687e+17 7.95742e+16 2.98082e+16 5.85296e+15 6.22488e+14 3.91687e+13 2.22705e+12 1.19661e+11 5.3853e+09 5.3853e+09 6.66611e+08 1.46715e+08 6.93596e+06 2.02013e+06 620134 14708 2452 1237 45 20 3 3 1 0 0 0 0 0 0 0 0 0 0 0 0 0 0 0 0 0 0 0 0 0 0 0 0 0 0 0 0 0 0 0 0 0 0 0 0 0 0 0 0 0 0 0 0 0 0 0 0 0 0 0 0 0 0 0 0 0
6.89514e+40 9.92351e+37 9.92351e+37 6.41248e+32 1.66034e+30 6.50853e+28 5.57242e+26 1.68268e+26 3.19649e+25 5.94315e+23 2.38116e+20 4.02069e+19 6.97452e+18 1.29047e+18 1.4676e+17 1.91798e+16 1.91798e+16 2.21903e+15 8.13758e+13 9.01384e+12 1.74924e+12 2.81546e+11 4.25789e+10 4.05858e+09 5.46562e+08 1.77036e+08 1.18633e+07 2.21435e+06 109697 3586 2648 647 38 34 8 3 2 0 0 0 0 0 0 0 0 0 0 0 0 0 0 0 0 0 0 0 0 0 0 0 0 0 0 0 0 0 0 0 0 0 0 0 0 0 0 0 0 0 0 0 0 0 0 0 0 0 0 0 0 0 0 0 0 0 0
4.69875e+39 2.10225e+39 2.10024e+33 1.40336e+33 2.4334e+31 4.13584e+30 9.62305e+28 9.12724e+27 6.16644e+26 3.64129e+25 2.43239e+24 5.6244e+23 4.7916e+21 3.02061e+19 7.7353e+18 3.06441e+17 3.06441e+17 2.16239e+17 1.36519e+17 2.16044e+16 1.45862e+14 1.23583e+14 7.758e+12 5.95797e+11 1.11742e+11 3.69451e+09 6.79057e+08 5.30943e+07 2.66822e+06 111150 58037 12965 1637 327 38 18 7 2 1 0 0 0 0 0 0 0 0 0 0 0 0 0 0 0 0 0 0 0 0 0 0 0 0 0 0 0 0 0 0 0 0 0 0 0 0 0 0 0 0 0 0 0 0 0 0 0 0 0 0 0 0 0 0 0 0
1.06208e+40 5.08544e+39 7.11435e+35 1.4717e+32 9.73191e+29 9.73191e+29 2.62986e+28 2.32978e+26 2.32978e+26 9.60715e+23 9.02482e+23 2.12315e+21 6.69385e+20 6.84375e+19 2.2848e+18 1.89963e+17 1.2713e+17 7.20881e+16 3.62132e+15 1.24376e+15 3.43245e+13 1.22496e+13 1.62339e+12 5.2712e+11 2.00414e+10 4.5042e+08 3.69168e+07 2.51932e+07 4.36288e+06 836560 34047 6765 1021 262 128 24 11 2 1 0 0 0 0 0 0 0 0 0 0 0 0 0 0 0 0 0 0 0 0 0 0 0 0 0 0 0 0 0 0 0 0 0 0 0 0 0 0 0 0 0 0 0 0 0 0 0 0 0 0 0 0 0 0 0 0
3.15564e+40 6.41012e+37 1.39667e+35 1.73017e+33 9.10035e+30 6.07391e+30 3.91556e+28 2.10618e+25 3.96198e+24 1.29436e+24 1.8352e+21 1.11522e+21 1.17251e+19 9.37563e+18 5.86565e+16 5.86565e+16 5.86565e+16 2.68185e+16 5.64094e+15 4.75439e+14 8.48472e+13 9.89273e+12 9.21587e+10 9.21587e+10 9.98173e+09 1.05274e+09 1.52856e+07 1.92763e+06 850276 114712 14986 1779 240 45 14 5 2 1 0 0 0 0 0 0 0 0 0 0 0 0 0 0 0 0 0 0 0 0 0 0 0 0 0 0 0 0 0 0 0 0 0 0 0 0 0 0 0 0 0 0 0 0 0 0 0 0 0 0 0 0 0 0 0 0 0
5.10497e+38 5.10497e+38 4.07449e+34 1.29101e+33 2.36369e+31 8.78905e+30 2.3204e+30 8.74104e+28 1.38501e+27 2.33314e+25 8.03666e+23 5.327e+22 6.16892e+21 3.0524e+21 4.96443e+20 1.48606e+18 1.05459e+18 1.04902e+17 4.81275e+16 7.01024e+15 1.18444e+15 2.90352e+14 1.41247e+13 9.46664e+11 3.63811e+10 6.07621e+09 3.80434e+09 1.64314e+08 5.57772e+07 895921 90034 25174 6131 802 97 26 15 4 2 0 0 0 0 0 0 0 0 0 0 0 0 0 0 0 0 0 0 0 0 0 0 0 0 0 0 0 0 0 0 0 0 0 0 0 0 0 0 0 0 0 0 0 0 0 0 0 0 0 0 0 0 0 0 0 0
4.96137e+40 5.71971e+37 8.37164e+35 1.52912e+32 3.05129e+30 1.16605e+30 1.41332e+28 1.34908e+27 6.03668e+26 3.1912e+23 3.1912e+23 5.79501e+21 3.9723e+20 9.55809e+18 2.34282e+18 2.34282e+18 4.7329e+17 1.09534e+17 2.2831e+16 5.18254e+15 6.3143e+13 1.33925e+13 1.40521e+12 2.1207e+11 1.4433e+10 1.01764e+10 2.69279e+09 3.3387e+08 6.52503e+07 3.47332e+06 289608 19757 1923 327 51 24 9 2 1 0 0 0 0 0 0 0 0 0 0 0 0 0 0 0 0 0 0 0 0 0 0 0 0 0 0 0 0 0 0 0 0 0 0 0 0 0 0 0 0 0 0 0 0 0 0 0 0 0 0 0 0 0 0 0 0
5.9752e+38 4.98856e+37 5.50749e+36 3.33889e+33 1.27014e+30 2.47916e+29 3.49417e+25 3.49417e+25 5.94485e+23 2.53469e+22 5.70171e+20 5.70171e+20 2.27992e+19 5.24806e+18 8.10676e+17 2.438e+17 3.30931e+16 4.00395e+15 8.47536e+14 4.55874e+14 4.51913e+12 5.25811e+11 9.30973e+09 5.99159e+09 2.9124e+08 7.73355e+07 5.72609e+06 345422 73075 18153 1781 952 22 7 5 2 0 0 0 0 0 0 0 0 0 0 0 0 0 0 0 0 0 0 0 0 0 0 0 0 0 0 0 0 0 0 0 0 0 0 0 0 0 0 0 0 0 0 0 0 0 0 0 0 0 0 0 0 0 0 0 0 0 0 0
1.69566e+41 9.5455e+37 5.35844e+32 1.35037e+32 3.08732e+30 1.44091e+29 1.78749e+28 6.23874e+25 6.31135e+23 6.31135e+23 1.50018e+21 5.18803e+18 5.18803e+18 5.18803e+18 5.18803e+18 4.89261e+17 3.91899e+16 2.05404e+15 7.76602e+14 2.3638e+14 1.1758e+13 3.09641e+12 1.15303e+11 1.77749e+10 6.03448e+09 2.04498e+08 1.0959e+08 2.23324e+06 391506 17962 4004 1045 91 41 7 3 1 0 0 0 0 0 0 0 0 0 0 0 0 0 0 0 0 0 0 0 0 0 0 0 0 0 0 0 0 0 0 0 0 0 0 0 0 0 0 0 0 0 0 0 0 0 0 0 0 0 0 0 0 0 0 0 0 0 0
6.53989e+41 4.41773e+37 4.81873e+34 2.69996e+29 2.69996e+29 2.69996e+29 2.41603e+26 2.41603e+26 9.16718e+22 4.63157e+21 4.63157e+21 1.28228e+20 8.51674e+19 7.86485e+18 1.53473e+17 1.53473e+17 1.53473e+17 1.44165e+16 9.62455e+15 2.66864e+15 3.97552e+14 4.98007e+13 1.59999e+12 2.22753e+11 2.27596e+10 2.20522e+09 9.31328e+07 1.62092e+06 1.62092e+06 40177 5284 4386 105 77 10 4 3 0 0 0 0 0 0 0 0 0 0 0 0 0 0 0 0 0 0 0 0 0 0 0 0 0 0 0 0 0 0 0 0 0 0 0 0 0 0 0 0 0 0 0 0 0 0 0 0 0 0 0 0 0 0 0 0 0 0
1.49121e+43 2.62241e+36 1.28613e+35 1.2217e+33 7.47484e+31 8.84967e+30 6.9967e+27 1.47789e+25 6.03493e+23 2.5866e+23 8.22702e+22 6.99969e+22 1.05667e+21 3.37646e+20 2.18477e+18 2.85424e+17 2.85424e+17 6.6555e+16 9.88848e+15 2.28247e+14 7.46198e+13 2.24012e+12 4.59609e+11 5.92978e+10 9.67505e+09 7.13962e+08 3.78769e+07 1.12504e+07 1.024e+06 28030 4191 2276 374 45 30 11 4 1 0 0 0 0 0 0 0 0 0 0 0 0 0 0 0 0 0 0 0 0 0 0 0 0 0 0 0 0 0 0 0 0 0 0 0 0 0 0 0 0 0 0 0 0 0 0 0 0 0 0 0 0 0 0 0 0 0
1.1277e+41 1.46955e+40 2.04212e+36 5.0633e+32 5.0633e+32 2.09663e+31 3.23256e+30 1.59403e+30 2.98051e+28 5.94603e+24 5.94603e+24 3.49442e+23 4.09998e+22 1.01564e+21 2.605e+19 2.605e+19 2.21074e+18 2.6814e+16 2.6814e+16 5.42078e+15 5.20108e+14 7.65603e+13 1.42198e+12 2.04067e+11 6.00644e+10 4.44326e+09 2.83168e+09 1.91069e+08 4.35509e+07 1.29458e+07 1.48926e+06 30934 5828 1262 195 56 28 6 2 0 0 0 0 0 0 0 0 0 0 0 0 0 0 0 0 0 0 0 0 0 0 0 0 0 0 0 0 0 0 0 0 0 0 0 0 0 0 0 0 0 0 0 0 0 0 0 0 0 0 0 0 0 0 0 0
4.60373e+41 2.31265e+37 2.75917e+36 7.28479e+32 2.78182e+31 2.16269e+29 7.51167e+25 4.67319e+24 4.67319e+24 2.25434e+24 6.91158e+22 9.14723e+21 6.1212e+21 3.96153e+20 3.85485e+18 8.98443e+17 2.65576e+17 1.11893e+16 1.11893e+16 7.17763e+15 8.35814e+14 8.76303e+12 5.71652e+12 1.57818e+11 4.6905e+10 2.23162e+10 5.32316e+08 5.57738e+06 2.29915e+06 97075 25852 7059 2303 1076 93 19 7 4 1 0 0 0 0 0 0 0 0 0 0 0 0 0 0 0 0 0 0 0 0 0 0 0 0 0 0 0 0 0 0 0 0 0 0 0 0 0 0 0 0 0 0 0 0 0 0 0 0 0 0 0 0 0 0 0 0
9.88842e+38 1.30262e+37 3.41265e+35 2.28405e+31 1.44748e+29 1.44748e+29 2.15691e+25 8.94614e+23 8.70783e+22 8.70783e+22 1.0503e+21 1.0503e+21 1.99732e+20 1.05713e+19 1.134e+18 3.3638e+17 1.41177e+17 1.40188e+16 1.40188e+16 2.15491e+15 1.27957e+14 1.45134e+12 3.04088e+10 3.04088e+10 5.82881e+09 8.71583e+08 8.45704e+07 2.1948e+07 1.40335e+06 65333 8869 2252 561 25 7 6 4 0 0 0 0 0 0 0 0 0 0 0 0 0 0 0 0 0 0 0 0 0 0 0 0 0 0 0 0 0 0 0 0 0 0 0 0 0 0 0 0 0 0 0 0 0 0 0 0 0 0 0 0 0 0 0 0 0 0
1.38508e+43 6.36158e+35 6.36158e+35 1.54505e+34 8.19335e+30 1.6037e+30 6.72203e+29 1.61549e+25 1.61549e+25 6.35481e+24 3.80394e+24 1.73049e+22 7.2699e+21 1.34478e+20 2.74647e+19 5.90048e+17 3.05679e+17 1.91289e+16 1.91289e+16 4.19294e+15 1.62163e+14 2.26345e+12 1.35115e+12 4.96491e+11 2.15257e+10 1.3878e+09 1.34385e+08 1.18749e+07 617784 78908 12013 3160 844 51 26 6 3 0 0 0 0 0 0 0 0 0 0 0 0 0 0 0 0 0 0 0 0 0 0 0 0 0 0 0 0 0 0 0 0 0 0 0 0 0 0 0 0 0 0 0 0 0 0 0 0 0 0 0 0 0 0 0 0 0 0
5.41767e+40 1.16596e+40 2.49504e+35 3.03645e+31 4.92515e+30 4.85072e+30 4.28709e+27 4.14882e+25 5.08749e+24 2.42454e+24 3.23408e+21 7.55592e+20 1.11429e+20 4.63772e+18 5.96078e+17 1.1495e+17 7.95115e+16 5.81658e+15 1.96022e+14 7.85805e+13 4.82808e+12 4.82808e+12 6.71485e+10 1.9336e+10 7.77478e+08 4.42592e+08 1.34045e+06 670384 362920 10086 4377 809 354 126 17 6 1 0 0 0 0 0 0 0 0 0 0 0 0 0 0 0 0 0 0 0 0 0 0 0 0 0 0 0 0 0 0 0 0 0 0 0 0 0 0 0 0 0 0 0 0 0 0 0 0 0 0 0 0 0 0 0 0 0 0
