1074.52 694.906 636.741 507.004 399.872 372.651 318.802 318.802 318.802 316.01 310.182 305.262 302.887 302.887 301.508 301.322 300.877 300.372 300.232 300.221 300.147 300.082 300.062 300.021 300.017 300.009 300.006 300.002 300.001 300.001 300 300 300 300 300 300 300 300 300 300 300 300 300 300 300 300 300 300 300 300 300 300 300 300 300 300 300 300 300 300 300 300 300 300 300 300 300 300 300 300 300 300 300 300 300 300 300 300 300 300 300 300 300 300 300 300 300 300 300 300 300 300 300 300 300 300
1171.91 805.445 706.978 476.774 433.254 349.682 337.77 334.584 315.533 313.202 308.048 304.968 302.472 302.383 301.782 301.236 300.656 300.598 300.363 300.194 300.14 300.063 300.046 300.03 300.017 300.011 300.004 300.002 300.001 300.001 300 300 300 300 300 300 300 300 300 300 300 300 300 300 300 300 300 300 300 300 300 300 300 300 300 300 300 300 300 300 300 300 300 300 300 300 300 300 300 300 300 300 300 300 300 300 300 300 300 300 300 300 300 300 300 300 300 300 300 300 300 300 300 300 300 300
1037.79 931.883 611.842 469.574 466.272 409.565 381.348 351.797 328.635 318.936 313.508 309.069 304.865 303.453 302.471 301.602 301.223 300.604 300.345 300.248 300.155 300.097 300.054 300.026 300.019 300.015 300.006 300.002 300.001 300.001 300.001 300 300 300 300 300 300 300 300 300 300 300 300 300 300 300 300 300 300 300 300 300 300 300 300 300 300 300 300 300 300 300 300 300 300 300 300 300 300 300 300 300 300 300 300 300 300 300 300 300 300 300 300 300 300 300 300 300 300 300 300 300 300 300 300 300
1018.63 697.949 640.681 471.814 454.135 376.177 355.772 329.686 320.742 315.243 309.489 306.48 303.726 302.287 301.843 301.227 300.68 300.388 300.364 300.199 300.089 300.084 300.053 300.023 300.018 300.01 300.006 300.002 300.001 300.001 300 300 300 300 300 300 300 300 300 300 300 300 300 300 300 300 300 300 300 300 300 300 300 300 300 300 300 300 300 300 300 300 300 300 300 300 300 300 300 300 300 300 300 300 300 300 300 300 300 300 300 300 300 300 300 300 300 300 300 300 300 300 300 300 300 300
1217.67 1072.82 748.078 505.14 388.822 383.047 355.941 342.557 331.124 316.604 311.892 307.215 304.544 302.49 301.573 301.188 300.572 300.54 300.352 300.189 300.122 300.085 300.04 300.025 300.019 300.01 300.008 300.002 300.001 300.001 300 300 300 300 300 300 300 300 300 300 300 300 300 300 300 300 300 300 300 300 300 300 300 300 300 300 300 300 300 300 300 300 300 300 300 300 300 300 300 300 300 300 300 300 300 300 300 300 300 300 300 300 300 300 300 300 300 300 300 300 300 300 300 300 300 300
1607.94 911.672 659.089 549.839 420.176 376.415 353.707 326.801 314.887 314.887 310.223 305.451 303.64 302.956 301.846 301.125 300.886 300.468 300.308 300.231 300.128 300.082 300.038 300.025 300.02 300.01 300.006 300.002 300.001 300.001 300 300 300 300 300 300 300 300 300 300 300 300 300 300 300 300 300 300 300 300 300 300 300 300 300 300 300 300 300 300 300 300 300 300 300 300 300 300 300 300 300 300 300 300 300 300 300 300 300 300 300 300 300 300 300 300 300 300 300 300 300 300 300 300 300 300
1187.65 839.628 679.702 458.907 439.114 367.482 354.867 334.514 320.525 315.273 307.515 306.631 304.789 302.71 301.598 300.936 300.791 300.522 300.371 300.183 300.114 300.08 300.06 300.038 300.022 300.012 300.007 300.003 300.002 300.001 300 300 300 300 300 300 300 300 300 300 300 300 300 300 300 300 300 300 300 300 300 300 300 300 300 300 300 300 300 300 300 300 300 300 300 300 300 300 300 300 300 300 300 300 300 300 300 300 300 300 300 300 300 300 300 300 300 300 300 300 300 300 300 300 300 300
1427.7 739.85 666.037 479.551 407.349 380.597 347.453 338.401 322.497 312.85 309.643 305.188 303.615 302.243 301.437 301.153 300.809 300.401 300.281 300.165 300.139 300.089 300.054 300.024 300.017 300.01 300.006 300.002 300.001 300.001 300 300 300 300 300 300 300 300 300 300 300 300 300 300 300 300 300 300 300 300 300 300 300 300 300 300 300 300 300 300 300 300 300 300 300 300 300 300 300 300 300 300 300 300 300 300 300 300 300 300 300 300 300 300 300 300 300 300 300 300 300 300 300 300 300 300
1305.82 813.238 710.832 439.901 439.901 376.684 359.439 340.781 319.565 316.903 310.415 306.146 304.9 302.076 301.652 301.201 300.843 300.549 300.36 300.245 300.143 300.084 300.061 300.028 300.02 300.011 300.006 300.003 300.001 300.001 300 300 300 300 300 300 300 300 300 300 300 300 300 300 300 300 300 300 300 300 300 300 300 300 300 300 300 300 300 300 300 300 300 300 300 300 300 300 300 300 300 300 300 300 300 300 300 300 300 300 300 300 300 300 300 300 300 300 300 300 300 300 300 300 300 300
1255.42 942.397 680.66 467.292 423.857 394.738 334.404 334.404 324.013 313.689 308.458 306.483 304.153 302.419 301.682 301.315 300.834 300.485 300.32 300.203 300.122 300.069 300.036 300.033 300.01 300.009 300.006 300.002 300.001 300.001 300 300 300 300 300 300 300 300 300 300 300 300 300 300 300 300 300 300 300 300 300 300 300 300 300 300 300 300 300 300 300 300 300 300 300 300 300 300 300 300 300 300 300 300 300 300 300 300 300 300 300 300 300 300 300 300 300 300 300 300 300 300 300 300 300 300
1359.18 952.283 675.296 473.794 436.694 388.572 366.98 326.228 319.884 316.981 311.141 307.194 302.413 302.413 302.148 300.913 300.473 300.461 300.332 300.203 300.129 300.047 300.047 300.033 300.019 300.011 300.007 300.002 300.001 300.001 300.001 300 300 300 300 300 300 300 300 300 300 300 300 300 300 300 300 300 300 300 300 300 300 300 300 300 300 300 300 300 300 300 300 300 300 300 300 300 300 300 300 300 300 300 300 300 300 300 300 300 300 300 300 300 300 300 300 300 300 300 300 300 300 300 300 300
1149.84 702.915 659.936 490.57 427.94 402.62 353.337 329.043 320.582 317.275 307.97 305.687 304.634 302.389 301.089 301.088 300.662 300.41 300.258 300.151 300.111 300.061 300.035 300.028 300.01 300.009 300.006 300.002 300.001 300.001 300 300 300 300 300 300 300 300 300 300 300 300 300 300 300 300 300 300 300 300 300 300 300 300 300 300 300 300 300 300 300 300 300 300 300 300 300 300 300 300 300 300 300 300 300 300 300 300 300 300 300 300 300 300 300 300 300 300 300 300 300 300 300 300 300 300
1006.23 645.94 645.94 439.378 407.477 363.765 360.872 343.49 319.526 314.447 310.818 305.184 303.118 303.02 301.434 301.262 300.725 300.457 300.24 300.154 300.124 300.089 300.038 300.027 300.013 300.007 300.005 300.002 300.001 300.001 300 300 300 300 300 300 300 300 300 300 300 300 300 300 300 300 300 300 300 300 300 300 300 300 300 300 300 300 300 300 300 300 300 300 300 300 300 300 300 300 300 300 300 300 300 300 300 300 300 300 300 300 300 300 300 300 300 300 300 300 300 300 300 300 300 300
755.634 755.634 624.257 538.18 403.512 403.512 380.967 341.877 330.174 317.691 308.242 306.513 305.058 303.13 301.912 301.201 300.68 300.601 300.375 300.203 300.175 300.074 300.053 300.03 300.021 300.011 300.007 300.002 300.001 300.001 300 300 300 300 300 300 300 300 300 300 300 300 300 300 300 300 300 300 300 300 300 300 300 300 300 300 300 300 300 300 300 300 300 300 300 300 300 300 300 300 300 300 300 300 300 300 300 300 300 300 300 300 300 300 300 300 300 300 300 300 300 300 300 300 300 300
1474.52 605.914 605.914 494.418 465.991 412.566 378.018 353.237 328.333 321.655 313.033 308.513 306.499 303.005 301.899 301.405 301.113 300.678 300.386 300.226 300.178 300.088 300.064 300.032 300.027 300.014 300.008 300.003 300.002 300.001 300.001 300 300 300 300 300 300 300 300 300 300 300 300 300 300 300 300 300 300 300 300 300 300 300 300 300 300 300 300 300 300 300 300 300 300 300 300 300 300 300 300 300 300 300 300 300 300 300 300 300 300 300 300 300 300 300 300 300 300 300 300 300 300 300 300 300
1510.11 1099 792.216 507.253 418.462 386.565 343.513 343.347 325.394 314.545 309.83 306.172 303.635 301.964 301.631 301.099 300.7 300.452 300.198 300.19 300.126 300.085 300.044 300.024 300.015 300.01 300.007 300.003 300.001 300.001 300 300 300 300 300 300 300 300 300 300 300 300 300 300 300 300 300 300 300 300 300 300 300 300 300 300 300 300 300 300 300 300 300 300 300 300 300 300 300 300 300 300 300 300 300 300 300 300 300 300 300 300 300 300 300 300 300 300 300 300 300 300 300 300 300 300
856.469 856.469 638.297 483.832 383.882 383.882 345.017 325.848 314.806 314.806 307.374 306.811 303.748 302.823 301.408 300.965 300.78 300.437 300.304 300.169 300.14 300.066 300.043 300.033 300.015 300.012 300.007 300.002 300.001 300.001 300 300 300 300 300 300 300 300 300 300 300 300 300 300 300 300 300 300 300 300 300 300 300 300 300 300 300 300 300 300 300 300 300 300 300 300 300 300 300 300 300 300 300 300 300 300 300 300 300 300 300 300 300 300 300 300 300 300 300 300 300 300 300 300 300 300
940.738 878.105 816.381 540.81 495.464 411.494 382.421 349.646 335.439 321.501 313.387 308.71 306.268 303.717 301.89 301.582 300.947 300.642 300.372 300.289 300.173 300.103 300.085 300.051 300.024 300.017 300.01 300.004 300.002 300.001 300.001 300 300 300 300 300 300 300 300 300 300 300 300 300 300 300 300 300 300 300 300 300 300 300 300 300 300 300 300 300 300 300 300 300 300 300 300 300 300 300 300 300 300 300 300 300 300 300 300 300 300 300 300 300 300 300 300 300 300 300 300 300 300 300 300 300
1640.32 1051 731.732 531.261 436.063 375.514 370.071 339.954 323.794 317.38 308.805 306.725 305.746 302.742 302.205 301.172 300.931 300.638 300.36 300.238 300.161 300.117 300.049 300.032 300.022 300.012 300.007 300.002 300.001 300.001 300 300 300 300 300 300 300 300 300 300 300 300 300 300 300 300 300 300 300 300 300 300 300 300 300 300 300 300 300 300 300 300 300 300 300 300 300 300 300 300 300 300 300 300 300 300 300 300 300 300 300 300 300 300 300 300 300 300 300 300 300 300 300 300 300 300
959.864 752.75 601.142 531.146 441.51 395.672 371.088 327.674 326.689 311.299 311.299 307.577 304.013 302.175 301.746 301.231 300.658 300.472 300.338 300.197 300.102 300.057 300.042 300.03 300.017 300.013 300.008 300.002 300.001 300.001 300 300 300 300 300 300 300 300 300 300 300 300 300 300 300 300 300 300 300 300 300 300 300 300 300 300 300 300 300 300 300 300 300 300 300 300 300 300 300 300 300 300 300 300 300 300 300 300 300 300 300 300 300 300 300 300 300 300 300 300 300 300 300 300 300 300
1126.16 762.137 675.367 519.885 405.998 390.939 347.873 333.736 324.851 313.338 308.713 305.658 304.259 303.071 301.784 301.17 300.67 300.539 300.265 300.203 300.129 300.063 300.048 300.017 300.012 300.008 300.005 300.002 300.001 300.001 300 300 300 300 300 300 300 300 300 300 300 300 300 300 300 300 300 300 300 300 300 300 300 300 300 300 300 300 300 300 300 300 300 300 300 300 300 300 300 300 300 300 300 300 300 300 300 300 300 300 300 300 300 300 300 300 300 300 300 300 300 300 300 300 300 300
1366.31 1057.25 813.071 469.342 449.443 386.233 360.814 347.131 325.595 315.272 310.095 307.428 304.582 302.012 301.505 301.347 300.715 300.53 300.341 300.223 300.106 300.071 300.05 300.027 300.021 300.01 300.006 300.002 300.001 300.001 300 300 300 300 300 300 300 300 300 300 300 300 300 300 300 300 300 300 300 300 300 300 300 300 300 300 300 300 300 300 300 300 300 300 300 300 300 300 300 300 300 300 300 300 300 300 300 300 300 300 300 300 300 300 300 300 300 300 300 300 300 300 300 300 300 300
1496.44 1006.86 537.241 432.381 432.381 380.179 342.36 330.278 325.051 307.459 307.459 304.331 302.737 301.508 301.267 300.737 300.669 300.49 300.331 300.244 300.125 300.077 300.042 300.031 300.016 300.01 300.005 300.002 300.001 300.001 300 300 300 300 300 300 300 300 300 300 300 300 300 300 300 300 300 300 300 300 300 300 300 300 300 300 300 300 300 300 300 300 300 300 300 300 300 300 300 300 300 300 300 300 300 300 300 300 300 300 300 300 300 300 300 300 300 300 300 300 300 300 300 300 300 300
984.232 874.889 741.102 477.429 435.555 394.915 357.112 331.416 323.579 317.116 310.081 306.209 304.244 302.776 301.757 300.868 300.796 300.538 300.284 300.21 300.097 300.071 300.046 300.022 300.014 300.012 300.007 300.002 300.001 300.001 300 300 300 300 300 300 300 300 300 300 300 300 300 300 300 300 300 300 300 300 300 300 300 300 300 300 300 300 300 300 300 300 300 300 300 300 300 300 300 300 300 300 300 300 300 300 300 300 300 300 300 300 300 300 300 300 300 300 300 300 300 300 300 300 300 300
1565.93 596.508 596.508 473.375 425.173 404.624 343.03 339.428 317.836 317.765 311.637 307.186 302.915 302.915 302.107 301.332 300.511 300.379 300.36 300.253 300.129 300.096 300.046 300.033 300.02 300.008 300.008 300.003 300.001 300.001 300 300 300 300 300 300 300 300 300 300 300 300 300 300 300 300 300 300 300 300 300 300 300 300 300 300 300 300 300 300 300 300 300 300 300 300 300 300 300 300 300 300 300 300 300 300 300 300 300 300 300 300 300 300 300 300 300 300 300 300 300 300 300 300 300 300
858.825 858.825 772.393 509.773 468.612 388.943 369.745 333.939 326.649 313.896 309.445 307.286 304.595 302.585 302.13 301.2 300.738 300.579 300.369 300.222 300.167 300.081 300.049 300.028 300.02 300.011 300.008 300.002 300.001 300.001 300 300 300 300 300 300 300 300 300 300 300 300 300 300 300 300 300 300 300 300 300 300 300 300 300 300 300 300 300 300 300 300 300 300 300 300 300 300 300 300 300 300 300 300 300 300 300 300 300 300 300 300 300 300 300 300 300 300 300 300 300 300 300 300 300 300
954.468 938.323 686.767 494.124 401.217 356.311 356.311 327.603 319.562 313.747 306.907 306.425 303.069 301.645 301.022 301.022 300.548 300.352 300.239 300.166 300.095 300.066 300.042 300.021 300.016 300.01 300.004 300.002 300.001 300.001 300 300 300 300 300 300 300 300 300 300 300 300 300 300 300 300 300 300 300 300 300 300 300 300 300 300 300 300 300 300 300 300 300 300 300 300 300 300 300 300 300 300 300 300 300 300 300 300 300 300 300 300 300 300 300 300 300 300 300 300 300 300 300 300 300 300
1118.1 908.543 618.765 455.566 393.911 383.918 344.516 330.527 316.621 313.62 309.611 306.862 304.044 302.12 301.755 301.038 300.439 300.233 300.233 300.165 300.084 300.067 300.045 300.026 300.016 300.009 300.006 300.002 300.001 300.001 300 300 300 300 300 300 300 300 300 300 300 300 300 300 300 300 300 300 300 300 300 300 300 300 300 300 300 300 300 300 300 300 300 300 300 300 300 300 300 300 300 300 300 300 300 300 300 300 300 300 300 300 300 300 300 300 300 300 300 300 300 300 300 300 300 300
1267.17 793.022 725.447 514.868 432.38 380.165 366.091 347.456 332.386 318.285 306.13 306.13 304.918 302.914 302.067 301.354 300.768 300.596 300.356 300.243 300.143 300.099 300.055 300.034 300.019 300.013 300.006 300.002 300.001 300.001 300 300 300 300 300 300 300 300 300 300 300 300 300 300 300 300 300 300 300 300 300 300 300 300 300 300 300 300 300 300 300 300 300 300 300 300 300 300 300 300 300 300 300 300 300 300 300 300 300 300 300 300 300 300 300 300 300 300 300 300 300 300 300 300 300 300
1222.24 893.463 619.358 577.73 493.944 391.659 391.659 332.608 332.608 321.021 310.968 308.833 306.801 303.128 301.939 301.858 301.288 300.631 300.279 300.279 300.148 300.125 300.083 300.049 300.033 300.017 300.009 300.003 300.002 300.001 300.001 300 300 300 300 300 300 300 300 300 300 300 300 300 300 300 300 300 300 300 300 300 300 300 300 300 300 300 300 300 300 300 300 300 300 300 300 300 300 300 300 300 300 300 300 300 300 300 300 300 300 300 300 300 300 300 300 300 300 300 300 300 300 300 300 300
1054.64 754.138 624.716 517.489 445.576 368.449 368.449 345.367 323.358 313.112 309.853 306.708 304.05 302.392 301.352 300.917 300.774 300.392 300.264 300.187 300.098 300.077 300.043 300.021 300.017 300.01 300.006 300.003 300.001 300.001 300 300 300 300 300 300 300 300 300 300 300 300 300 300 300 300 300 300 300 300 300 300 300 300 300 300 300 300 300 300 300 300 300 300 300 300 300 300 300 300 300 300 300 300 300 300 300 300 300 300 300 300 300 300 300 300 300 300 300 300 300 300 300 300 300 300
993.373 733.532 729.877 544.725 452.123 403.859 386.868 366.914 341.439 323.356 312.444 308.486 305.532 304.202 301.689 301.643 300.921 300.553 300.416 300.242 300.155 300.092 300.057 300.046 300.025 300.016 300.007 300.003 300.001 300.001 300.001 300 300 300 300 300 300 300 300 300 300 300 300 300 300 300 300 300 300 300 300 300 300 300 300 300 300 300 300 300 300 300 300 300 300 300 300 300 300 300 300 300 300 300 300 300 300 300 300 300 300 300 300 300 300 300 300 300 300 300 300 300 300 300 300 300
884.17 760.917 557.774 444.329 433.536 372.362 332.766 328.712 320.872 311.704 308.35 306.393 304.704 301.85 301.85 301.166 300.661 300.406 300.27 300.189 300.149 300.084 300.06 300.037 300.019 300.013 300.006 300.002 300.001 300.001 300 300 300 300 300 300 300 300 300 300 300 300 300 300 300 300 300 300 300 300 300 300 300 300 300 300 300 300 300 300 300 300 300 300 300 300 300 300 300 300 300 300 300 300 300 300 300 300 300 300 300 300 300 300 300 300 300 300 300 300 300 300 300 300 300 300
1101.9 942.988 668.864 511.712 402.261 368.648 332.751 329.627 321.012 312.291 307.226 306.36 303.455 302.72 301.544 301.042 300.783 300.433 300.327 300.197 300.083 300.061 300.05 300.029 300.018 300.011 300.007 300.002 300.002 300.001 300 300 300 300 300 300 300 300 300 300 300 300 300 300 300 300 300 300 300 300 300 300 300 300 300 300 300 300 300 300 300 300 300 300 300 300 300 300 300 300 300 300 300 300 300 300 300 300 300 300 300 300 300 300 300 300 300 300 300 300 300 300 300 300 300 300
1334.29 739.297 602.366 560.418 498.211 399.557 389.872 344.354 330.807 312.498 310.64 309.381 305.724 303.218 302.478 302.02 301.025 300.504 300.498 300.262 300.173 300.117 300.075 300.05 300.024 300.013 300.007 300.003 300.002 300.001 300 300 300 300 300 300 300 300 300 300 300 300 300 300 300 300 300 300 300 300 300 300 300 300 300 300 300 300 300 300 300 300 300 300 300 300 300 300 300 300 300 300 300 300 300 300 300 300 300 300 300 300 300 300 300 300 300 300 300 300 300 300 300 300 300 300
925.215 773.576 662.582 442.306 405.258 383.226 352.474 334.885 323.559 312.687 309.779 305.259 304.075 302.374 301.15 301.097 300.679 300.457 300.295 300.245 300.12 300.082 300.052 300.024 300.019 300.011 300.006 300.002 300.001 300.001 300 300 300 300 300 300 300 300 300 300 300 300 300 300 300 300 300 300 300 300 300 300 300 300 300 300 300 300 300 300 300 300 300 300 300 300 300 300 300 300 300 300 300 300 300 300 300 300 300 300 300 300 300 300 300 300 300 300 300 300 300 300 300 300 300 300
1062.35 1062.35 624.212 475.051 418.454 374.972 356.163 340.654 324.991 318.013 309.928 305.679 304.614 302.894 301.761 301.535 300.937 300.589 300.26 300.219 300.139 300.073 300.042 300.032 300.02 300.012 300.005 300.002 300.001 300.001 300 300 300 300 300 300 300 300 300 300 300 300 300 300 300 300 300 300 300 300 300 300 300 300 300 300 300 300 300 300 300 300 300 300 300 300 300 300 300 300 300 300 300 300 300 300 300 300 300 300 300 300 300 300 300 300 300 300 300 300 300 300 300 300 300 300
1037.14 853.945 721.717 522.104 435.174 421.899 371.864 365.409 323.74 323.74 312.286 306.943 305.848 303.1 301.996 301.338 300.9 300.546 300.341 300.255 300.129 300.079 300.053 300.033 300.023 300.014 300.009 300.003 300.002 300.001 300 300 300 300 300 300 300 300 300 300 300 300 300 300 300 300 300 300 300 300 300 300 300 300 300 300 300 300 300 300 300 300 300 300 300 300 300 300 300 300 300 300 300 300 300 300 300 300 300 300 300 300 300 300 300 300 300 300 300 300 300 300 300 300 300 300
899.309 876.154 759.971 523.089 445.851 397.454 342.349 341.737 329.942 316.449 313.317 310.472 305.13 304.484 302.498 301.742 301.054 300.571 300.411 300.294 300.174 300.106 300.061 300.042 300.021 300.011 300.009 300.003 300.002 300.001 300.001 300 300 300 300 300 300 300 300 300 300 300 300 300 300 300 300 300 300 300 300 300 300 300 300 300 300 300 300 300 300 300 300 300 300 300 300 300 300 300 300 300 300 300 300 300 300 300 300 300 300 300 300 300 300 300 300 300 300 300 300 300 300 300 300 300
1284.81 1001.04 651.264 505.371 437.431 392.018 365.986 350.393 319.602 312.988 308.485 306.661 304.812 302.413 301.66 301.144 300.742 300.52 300.26 300.202 300.103 300.08 300.04 300.031 300.018 300.012 300.007 300.002 300.001 300.001 300 300 300 300 300 300 300 300 300 300 300 300 300 300 300 300 300 300 300 300 300 300 300 300 300 300 300 300 300 300 300 300 300 300 300 300 300 300 300 300 300 300 300 300 300 300 300 300 300 300 300 300 300 300 300 300 300 300 300 300 300 300 300 300 300 300
1277.3 949.937 639.843 457.214 359.99 359.99 342.672 335.258 314.93 310.696 306.672 304.576 303.34 302.628 300.856 300.816 300.674 300.39 300.232 300.16 300.095 300.054 300.033 300.027 300.014 300.009 300.004 300.002 300.001 300.001 300 300 300 300 300 300 300 300 300 300 300 300 300 300 300 300 300 300 300 300 300 300 300 300 300 300 300 300 300 300 300 300 300 300 300 300 300 300 300 300 300 300 300 300 300 300 300 300 300 300 300 300 300 300 300 300 300 300 300 300 300 300 300 300 300 300
926.677 819.802 725.54 529.351 427.693 427.693 383.003 355.083 321.712 320.519 314.786 308.157 305.539 302.434 302.376 301.595 301.057 300.753 300.46 300.224 300.154 300.104 300.06 300.036 300.02 300.013 300.008 300.003 300.001 300.001 300 300 300 300 300 300 300 300 300 300 300 300 300 300 300 300 300 300 300 300 300 300 300 300 300 300 300 300 300 300 300 300 300 300 300 300 300 300 300 300 300 300 300 300 300 300 300 300 300 300 300 300 300 300 300 300 300 300 300 300 300 300 300 300 300 300
1094.02 878.589 654.537 506.115 432.229 382.504 346.71 330.882 321.774 313.533 310.262 306.594 304.542 302.726 301.733 301.418 300.859 300.556 300.268 300.16 300.113 300.076 300.053 300.029 300.02 300.011 300.008 300.002 300.001 300.001 300.001 300 300 300 300 300 300 300 300 300 300 300 300 300 300 300 300 300 300 300 300 300 300 300 300 300 300 300 300 300 300 300 300 300 300 300 300 300 300 300 300 300 300 300 300 300 300 300 300 300 300 300 300 300 300 300 300 300 300 300 300 300 300 300 300 300
1044.38 814.19 617.857 507.007 447.988 424.682 367.422 324.079 323.453 313.013 310.142 306.846 302.936 302.365 301.352 301.031 300.886 300.53 300.284 300.237 300.116 300.082 300.043 300.03 300.018 300.007 300.007 300.002 300.001 300.001 300 300 300 300 300 300 300 300 300 300 300 300 300 300 300 300 300 300 300 300 300 300 300 300 300 300 300 300 300 300 300 300 300 300 300 300 300 300 300 300 300 300 300 300 300 300 300 300 300 300 300 300 300 300 300 300 300 300 300 300 300 300 300 300 300 300
1291.48 1059.17 667.906 496.748 466.651 386.42 357.677 338.709 322.706 319.22 312.636 306.607 305.694 303.477 302.108 301.357 300.924 300.584 300.227 300.215 300.156 300.052 300.052 300.032 300.013 300.01 300.007 300.002 300.001 300.001 300 300 300 300 300 300 300 300 300 300 300 300 300 300 300 300 300 300 300 300 300 300 300 300 300 300 300 300 300 300 300 300 300 300 300 300 300 300 300 300 300 300 300 300 300 300 300 300 300 300 300 300 300 300 300 300 300 300 300 300 300 300 300 300 300 300
1469.53 1177.21 792.613 514.927 470.076 387.333 339.667 339.667 333.183 318.009 313.505 306.827 303.884 303.305 301.935 301.518 300.914 300.51 300.387 300.197 300.143 300.095 300.051 300.021 300.018 300.011 300.007 300.002 300.001 300.001 300 300 300 300 300 300 300 300 300 300 300 300 300 300 300 300 300 300 300 300 300 300 300 300 300 300 300 300 300 300 300 300 300 300 300 300 300 300 300 300 300 300 300 300 300 300 300 300 300 300 300 300 300 300 300 300 300 300 300 300 300 300 300 300 300 300
1561.6 917.174 678.574 506.46 446.206 385.817 349.658 331.199 324.968 317.622 309.152 306.473 303.625 302.22 301.519 300.746 300.596 300.368 300.291 300.183 300.116 300.069 300.042 300.024 300.012 300.007 300.006 300.001 300.001 300 300 300 300 300 300 300 300 300 300 300 300 300 300 300 300 300 300 300 300 300 300 300 300 300 300 300 300 300 300 300 300 300 300 300 300 300 300 300 300 300 300 300 300 300 300 300 300 300 300 300 300 300 300 300 300 300 300 300 300 300 300 300 300 300 300 300
1586.55 959.412 654.996 472.35 400.527 388.808 351.669 332.08 327.644 315.817 309.606 305.494 303.835 302.73 301.528 301.066 300.504 300.504 300.301 300.206 300.127 300.076 300.04 300.017 300.016 300.01 300.006 300.002 300.001 300.001 300 300 300 300 300 300 300 300 300 300 300 300 300 300 300 300 300 300 300 300 300 300 300 300 300 300 300 300 300 300 300 300 300 300 300 300 300 300 300 300 300 300 300 300 300 300 300 300 300 300 300 300 300 300 300 300 300 300 300 300 300 300 300 300 300 300
1097.55 1016.88 616.314 484.25 418.693 374.21 363.968 350.965 324.675 314.017 310.042 308.585 304.193 302.584 301.691 301.217 300.724 300.388 300.269 300.208 300.111 300.066 300.037 300.027 300.015 300.009 300.004 300.002 300.001 300.001 300 300 300 300 300 300 300 300 300 300 300 300 300 300 300 300 300 300 300 300 300 300 300 300 300 300 300 300 300 300 300 300 300 300 300 300 300 300 300 300 300 300 300 300 300 300 300 300 300 300 300 300 300 300 300 300 300 300 300 300 300 300 300 300 300 300
1409.51 974.479 753.384 513.25 475.589 408.866 355.438 350.407 323.171 315.458 315.458 307.031 304.69 302.882 301.948 301.199 300.737 300.487 300.404 300.224 300.152 300.076 300.044 300.023 300.02 300.012 300.008 300.002 300.001 300.001 300.001 300 300 300 300 300 300 300 300 300 300 300 300 300 300 300 300 300 300 300 300 300 300 300 300 300 300 300 300 300 300 300 300 300 300 300 300 300 300 300 300 300 300 300 300 300 300 300 300 300 300 300 300 300 300 300 300 300 300 300 300 300 300 300 300 300
1155.9 864.504 596.473 461.958 406.413 393.518 343.263 324.353 317.859 312.227 310.267 307.256 304.342 302.176 301.377 301.134 300.6 300.348 300.209 300.209 300.109 300.06 300.035 300.022 300.012 300.006 300.006 300.002 300.001 300.001 300 300 300 300 300 300 300 300 300 300 300 300 300 300 300 300 300 300 300 300 300 300 300 300 300 300 300 300 300 300 300 300 300 300 300 300 300 300 300 300 300 300 300 300 300 300 300 300 300 300 300 300 300 300 300 300 300 300 300 300 300 300 300 300 300 300
