288.35 231.574 231.574 231.574 231.574 231.574 231.574 231.574 231.574 231.574 231.574 231.574 231.574 231.574 231.574 231.574 231.574 231.574 231.574 225.617 225.617 225.617 225.617 225.617 225.617 222.835 220.971 220.971 217.885 217.407 217.407 217.407 217.407 217.407 215.444 215.444 214.442 211.591 211.591 211.591 211.536 211.536 211.536 211.536 211.536 211.536 211.139 211.139 211.139 210.532 210.532 210.532 210.217 210.217 210.217 209.894 209.894 209.894 208.279 208.279 208.129 208.02 207.223 207.223 207.223 207.223 207.223 207.215 206.739 206.739 205.844 205.2 205.2 205.2 205.2 204.779 204.096 203.724 203.724 203.719 203.719 203.661 203.492 203.293 203.28 203.276 203.247 203.199 203.174 203.174 203.174 203.174 203.174 203.174 203.174 203.174
163.982 163.982 163.982 129.789 129.789 129.789 129.789 129.789 129.789 126.314 126.314 125.851 125.851 109.921 109.921 109.921 109.921 106.075 104.45 102.876 102.876 101.399 101.399 100.657 100.555 100.443 100.336 100.124 100.053 100.037 100.015 100.01 100.004 100.003 100.002 100.001 100.001 100 100 100 100 100 100 100 100 100 100 100 100 100 100 100 100 100 100 100 100 100 100 100 100 100 100 100 100 100 100 100 100 100 100 100 100 100 100 100 100 100 100 100 100 100 100 100 100 100 100 100 100 100 100 100 100 100 100 100
294.095 282.727 202.037 202.037 202.037 202.037 202.037 202.037 202.037 202.037 202.037 202.037 202.037 202.037 202.037 202.037 202.037 202.037 202.037 202.037 202.037 202.037 202.037 200.628 200.628 200.628 200.628 200.628 200.628 200.628 200.628 200.628 200.628 200.628 200.628 200.628 200.628 200.628 200.628 200.628 200.628 200.628 198.672 191.589 189.638 188.755 188.755 188.755 186.669 156.128 145.065 126.026 110.666 106.823 100.362 100.13 100.047 100.008 100.004 100.001 100 100 100 100 100 100 100 100 100 100 100 100 100 100 100 100 100 100 100 100 100 100 100 100 100 100 100 100 100 100 100 100 100 100 100 100
265.697 214.018 214.018 213.664 213.664 213.664 156.714 156.714 156.714 156.714 156.714 156.714 156.714 156.714 156.714 156.714 156.714 156.714 156.714 156.714 156.714 156.714 156.714 156.714 156.714 142.661 142.661 137.687 136.273 131.967 119.362 119.362 109.162 108.697 105.069 102.432 102.432 101.805 101.181 100.639 100.309 100.159 100.08 100.032 100.01 100.003 100.002 100.001 100 100 100 100 100 100 100 100 100 100 100 100 100 100 100 100 100 100 100 100 100 100 100 100 100 100 100 100 100 100 100 100 100 100 100 100 100 100 100 100 100 100 100 100 100 100 100 100
269.407 258.677 258.204 236.562 236.562 145.687 145.687 145.687 145.687 145.687 145.687 136.494 135.126 125.32 125.32 125.32 125.32 113.054 113.054 113.054 113.054 111.231 108.525 106.177 105.105 104.433 102.722 101.86 101.001 100.73 100.581 100.409 100.255 100.149 100.101 100.056 100.028 100.016 100.009 100.003 100.002 100.001 100 100 100 100 100 100 100 100 100 100 100 100 100 100 100 100 100 100 100 100 100 100 100 100 100 100 100 100 100 100 100 100 100 100 100 100 100 100 100 100 100 100 100 100 100 100 100 100 100 100 100 100 100 100
277.039 276.978 276.603 220.303 220.303 220.303 220.303 220.303 220.303 220.303 220.303 220.303 220.303 220.303 220.303 220.303 220.303 220.303 206.977 206.977 206.977 206.977 206.977 206.977 206.977 206.977 206.977 206.977 206.977 206.977 198.175 198.175 198.175 198.175 198.175 198.127 197.896 197.896 197.896 197.659 197.659 197.659 197.659 197.659 197.659 197.659 197.659 197.303 197.303 194.456 145.53 145.53 142.955 142.8 103.444 101.852 100.721 100.177 100.047 100.013 100.004 100.001 100 100 100 100 100 100 100 100 100 100 100 100 100 100 100 100 100 100 100 100 100 100 100 100 100 100 100 100 100 100 100 100 100 100
274.1 274.1 231.732 208.285 194.493 128.258 128.258 128.258 128.258 121.764 113.525 113.525 113.418 113.187 111.407 106.443 106.443 104.616 102.242 102.242 101.675 101.338 101.042 100.812 100.66 100.394 100.223 100.098 100.042 100.033 100.02 100.011 100.005 100.004 100.002 100.001 100.001 100 100 100 100 100 100 100 100 100 100 100 100 100 100 100 100 100 100 100 100 100 100 100 100 100 100 100 100 100 100 100 100 100 100 100 100 100 100 100 100 100 100 100 100 100 100 100 100 100 100 100 100 100 100 100 100 100 100 100
204.972 204.972 175.242 175.242 175.242 175.242 175.242 175.242 175.242 175.242 174.436 174.436 174.436 156.678 156.678 156.678 156.678 152.245 137.956 137.956 118.979 115.272 115.272 109.494 107.963 107.963 105.271 103.559 101.791 101.657 101.497 100.483 100.437 100.373 100.208 100.168 100.091 100.055 100.018 100.01 100.003 100.002 100.001 100 100 100 100 100 100 100 100 100 100 100 100 100 100 100 100 100 100 100 100 100 100 100 100 100 100 100 100 100 100 100 100 100 100 100 100 100 100 100 100 100 100 100 100 100 100 100 100 100 100 100 100 100
295.471 266.304 244.699 244.699 234.722 234.722 175.472 170.51 170.51 170.51 170.51 133.182 133.182 133.182 133.182 131.962 131.962 131.962 131.962 131.962 131.962 131.962 131.962 131.962 128.792 128.792 128.792 123.662 123.662 123.662 123.662 123.662 121.234 113.934 113.747 107.27 106.48 103.379 102.499 101.909 101.206 100.592 100.241 100.078 100.037 100.014 100.004 100.002 100.001 100 100 100 100 100 100 100 100 100 100 100 100 100 100 100 100 100 100 100 100 100 100 100 100 100 100 100 100 100 100 100 100 100 100 100 100 100 100 100 100 100 100 100 100 100 100 100
245.872 167.483 167.483 158.542 158.542 154.497 154.497 154.497 154.497 154.497 135.628 130.264 130.264 129.574 113.118 113.118 113.118 110.392 108.372 107.509 104.855 103.133 102.472 101.768 101.768 101.391 100.882 100.48 100.373 100.25 100.138 100.087 100.038 100.018 100.015 100.009 100.005 100.002 100.001 100.001 100 100 100 100 100 100 100 100 100 100 100 100 100 100 100 100 100 100 100 100 100 100 100 100 100 100 100 100 100 100 100 100 100 100 100 100 100 100 100 100 100 100 100 100 100 100 100 100 100 100 100 100 100 100 100 100
268.838 206.783 168.462 168.462 168.462 168.462 168.462 168.462 146.787 145.854 141.24 136.755 123.149 123.149 111.44 107.885 105.701 104.209 104.209 103.357 102.767 101.949 101.383 100.917 100.752 100.594 100.379 100.118 100.073 100.067 100.032 100.02 100.007 100.007 100.004 100.002 100.001 100.001 100 100 100 100 100 100 100 100 100 100 100 100 100 100 100 100 100 100 100 100 100 100 100 100 100 100 100 100 100 100 100 100 100 100 100 100 100 100 100 100 100 100 100 100 100 100 100 100 100 100 100 100 100 100 100 100 100 100
140.693 140.693 140.693 140.693 140.693 140.693 140.693 140.693 140.693 140.693 140.693 140.693 140.693 140.693 140.693 130.066 130.066 130.066 130.066 120.165 120.165 120.165 120.165 120.165 120.165 120.165 120.165 104.478 104.478 104.478 104.478 102.403 101.947 101.13 100.935 100.723 100.372 100.233 100.107 100.039 100.027 100.011 100.004 100.002 100.001 100 100 100 100 100 100 100 100 100 100 100 100 100 100 100 100 100 100 100 100 100 100 100 100 100 100 100 100 100 100 100 100 100 100 100 100 100 100 100 100 100 100 100 100 100 100 100 100 100 100 100
286.337 275.435 268.229 249.412 249.412 249.412 249.412 249.412 233.59 233.59 232.754 232.754 232.754 232.754 232.754 232.754 232.754 232.754 232.754 232.754 232.754 232.754 228.537 223.104 223.104 223.104 223.104 223.104 223.104 223.104 223.104 219.351 219.351 219.351 219.351 219.351 218.374 218.173 216.93 216.513 216.513 213.92 211.864 211.864 211.864 211.07 210.466 210.232 210.232 210.232 210.232 210.156 209.808 209.747 206.979 206.979 206.979 206.979 206.979 206.66 205.79 205.583 205.182 204.307 204.307 203.05 202.751 202.751 202.738 202.58 202.58 202.566 202.449 202.362 202.362 201.833 201.833 201.772 201.772 201.772 201.746 201.746 201.734 201.715 201.713 201.713 201.713 201.713 201.713 201.713 201.713 201.713 201.713 201.713 201.713 201.713
300.811 287.448 257.595 257.595 257.595 244.739 244.739 244.739 243.549 243.549 243.549 243.549 243.549 236.835 230.753 230.753 230.753 230.753 230.753 230.753 229.927 229.927 229.927 229.927 229.927 227.307 223.268 220.63 220.076 220.076 217.764 217.764 217.764 215.77 214.883 209.634 209.634 209.634 209.634 209.634 208.754 208.754 208.754 208.754 208.623 208.623 206.843 205.771 205.771 205.771 205.475 205.475 204.979 204.979 204.77 204.77 204.77 204.77 204.418 204.418 204.175 203.902 203.902 203.902 203.902 203.889 203.627 203.627 203.627 203.591 203.591 203.409 202.899 202.899 202.863 202.863 202.802 202.157 202.157 202.136 202.079 201.88 201.82 201.773 201.716 201.713 201.713 201.713 201.713 201.713 201.713 201.713 201.713 201.713 201.713 201.713
229.219 229.219 229.219 215.631 183.111 183.111 183.111 183.111 164.738 164.738 162.688 162.688 162.688 154.119 141.779 130.249 118.695 118.695 118.695 118.695 113.807 113.807 109.31 108.793 105.394 104.184 103.127 101.727 101.228 100.983 100.61 100.387 100.24 100.169 100.098 100.046 100.021 100.015 100.006 100.002 100.001 100 100 100 100 100 100 100 100 100 100 100 100 100 100 100 100 100 100 100 100 100 100 100 100 100 100 100 100 100 100 100 100 100 100 100 100 100 100 100 100 100 100 100 100 100 100 100 100 100 100 100 100 100 100 100
233.765 233.765 233.765 233.765 233.765 233.765 233.765 233.765 233.765 233.765 233.765 233.765 155.818 155.818 155.818 155.818 155.818 155.818 155.818 149.412 149.361 128.782 128.782 128.782 125.876 125.876 119.205 113.499 113.499 112.222 112.222 108.935 108.935 108.935 107.757 105.425 104.663 103.74 102.903 101.335 100.865 100.505 100.28 100.094 100.044 100.017 100.005 100.002 100.001 100 100 100 100 100 100 100 100 100 100 100 100 100 100 100 100 100 100 100 100 100 100 100 100 100 100 100 100 100 100 100 100 100 100 100 100 100 100 100 100 100 100 100 100 100 100 100
225.05 225.05 225.05 225.05 225.05 188.651 188.651 188.651 188.651 188.651 188.651 188.651 176.49 164.217 164.217 137.573 137.573 134.963 134.963 123.2 123.2 116.579 116.579 110.338 106.89 106.89 104.084 102.338 101.705 101.001 100.569 100.5 100.329 100.267 100.163 100.084 100.058 100.038 100.015 100.006 100.003 100.001 100 100 100 100 100 100 100 100 100 100 100 100 100 100 100 100 100 100 100 100 100 100 100 100 100 100 100 100 100 100 100 100 100 100 100 100 100 100 100 100 100 100 100 100 100 100 100 100 100 100 100 100 100 100
269.663 269.663 269.663 257.44 257.44 248.155 248.155 248.155 248.155 243.388 241.897 241.897 241.897 241.897 241.897 238.352 238.352 173.926 173.926 173.926 169.302 150.847 142.384 142.384 142.384 142.384 142.384 142.384 142.384 142.384 142.384 142.384 142.384 140.869 140.869 140.869 134.572 132.095 132.095 132.095 132.095 117.24 108.231 103.118 101.425 101.042 100.541 100.17 100.081 100.025 100.008 100.003 100.001 100 100 100 100 100 100 100 100 100 100 100 100 100 100 100 100 100 100 100 100 100 100 100 100 100 100 100 100 100 100 100 100 100 100 100 100 100 100 100 100 100 100 100
237.014 237.014 237.014 237.014 237.014 178.639 178.639 178.639 178.639 178.639 178.639 178.639 178.639 178.639 178.639 178.639 178.639 178.639 178.639 178.639 178.639 178.639 141.659 135.157 135.157 135.157 135.157 122.467 122.467 122.467 122.467 122.467 122.467 122.467 122.467 120.903 120.903 119.628 116.819 108.965 105.946 104.615 102.557 101.495 100.722 100.414 100.179 100.068 100.023 100.009 100.003 100.001 100 100 100 100 100 100 100 100 100 100 100 100 100 100 100 100 100 100 100 100 100 100 100 100 100 100 100 100 100 100 100 100 100 100 100 100 100 100 100 100 100 100 100 100
272.952 272.952 253.953 253.953 198.669 198.669 182.785 182.785 182.785 182.785 162.604 162.604 150.788 150.788 136.288 136.288 124.251 115.583 115.583 115.583 112.44 112.44 109.667 105.453 104.33 103.499 101.885 101.597 100.914 100.914 100.505 100.337 100.202 100.161 100.082 100.046 100.018 100.013 100.006 100.002 100.001 100.001 100 100 100 100 100 100 100 100 100 100 100 100 100 100 100 100 100 100 100 100 100 100 100 100 100 100 100 100 100 100 100 100 100 100 100 100 100 100 100 100 100 100 100 100 100 100 100 100 100 100 100 100 100 100
281.772 281.772 270.044 266.144 255.276 239.54 239.54 232.328 232.328 232.328 232.328 232.328 232.328 232.328 232.328 227.004 227.004 227.004 227.004 227.004 227.004 227.004 227.004 226.671 226.671 224.698 221.978 221.978 221.394 221.394 219.877 218.079 214.854 214.854 214.854 214.854 214.854 214.854 214.188 214.188 214.188 214.188 214.188 211.856 210.443 210.443 208.331 208.254 208.254 208.254 207.312 207.312 207.312 207.298 206.077 206.077 206.077 206.077 205.676 205.676 205.676 205.676 205.676 205.676 205.501 205.482 205.482 205.482 205.482 205.482 205.069 204.909 204.909 204.904 204.904 204.904 204.832 204.657 204.305 204.113 204.088 204.088 204.08 204.069 204.068 204.018 204.008 204.008 204.008 204.008 204.008 204.008 204.008 204.008 204.008 204.008
239.362 239.362 239.362 204.447 204.447 204.447 160.308 160.308 160.308 132.908 128.462 128.462 128.462 128.462 128.462 128.462 128.462 128.462 128.462 128.462 128.462 128.462 124.193 122.931 113.432 111.843 109.658 109.658 108.493 105.975 104.462 104.462 102.607 101.849 101.806 101.061 100.943 100.688 100.341 100.194 100.098 100.053 100.02 100.005 100.003 100.001 100.001 100 100 100 100 100 100 100 100 100 100 100 100 100 100 100 100 100 100 100 100 100 100 100 100 100 100 100 100 100 100 100 100 100 100 100 100 100 100 100 100 100 100 100 100 100 100 100 100 100
298.386 273.949 267.751 208.145 208.145 208.145 208.145 208.145 198.014 198.014 198.014 146.08 146.08 146.08 142.304 142.304 142.304 142.304 125.725 125.725 115.889 115.889 115.889 110.209 104.195 104.195 104.195 102.835 101.722 101.713 101.19 100.662 100.552 100.285 100.183 100.086 100.057 100.036 100.019 100.01 100.004 100.002 100.001 100 100 100 100 100 100 100 100 100 100 100 100 100 100 100 100 100 100 100 100 100 100 100 100 100 100 100 100 100 100 100 100 100 100 100 100 100 100 100 100 100 100 100 100 100 100 100 100 100 100 100 100 100
282.498 279.265 255.687 252.69 252.69 248.113 248.113 244.977 235.183 235.183 235.183 230.283 230.283 230.283 230.283 230.283 230.283 230.283 230.283 230.283 230.283 220.068 220.068 220.068 220.068 220.068 220.068 220.068 218.417 218.417 218.417 218.417 214.043 212.575 212.575 212.575 212.575 212.575 212.575 212.575 212.575 212.575 211.941 211.941 209.811 209.811 209.811 209.676 209.423 209.423 209.423 209.319 209.319 209.266 208.475 208.475 206.052 205.936 205.936 205.936 205.936 205.936 204.797 204.797 204.797 204.797 204.797 204.763 204.763 204.64 204.64 204.533 204.363 204.017 203.806 203.806 203.789 203.631 203.63 203.406 203.374 203.33 203.29 203.22 203.208 203.204 203.2 203.194 203.193 203.193 203.193 203.193 203.193 203.193 203.193 203.193
204.552 180.186 180.186 177.718 177.718 177.718 177.718 177.718 177.718 122.519 122.519 122.519 122.519 122.519 122.519 122.234 117.555 117.555 116.511 107.154 107.154 105.854 105.854 103.268 103.268 102.392 101.661 100.834 100.834 100.713 100.462 100.352 100.22 100.107 100.094 100.059 100.023 100.015 100.009 100.004 100.002 100.001 100 100 100 100 100 100 100 100 100 100 100 100 100 100 100 100 100 100 100 100 100 100 100 100 100 100 100 100 100 100 100 100 100 100 100 100 100 100 100 100 100 100 100 100 100 100 100 100 100 100 100 100 100 100
270.654 261.297 261.297 220.061 220.061 220.061 220.061 219.784 219.784 191.861 191.861 191.861 191.861 191.861 191.861 191.861 191.861 188.635 188.635 176.396 176.396 176.396 176.396 172.035 171.995 171.995 163.459 151.516 151.516 151.516 127.195 124.435 124.435 124.435 124.435 124.435 124.435 124.156 124.156 124.156 124.156 124.156 124.156 123.512 122.449 117.757 107.532 104.002 102.919 101.358 100.538 100.212 100.064 100.022 100.001 100 100 100 100 100 100 100 100 100 100 100 100 100 100 100 100 100 100 100 100 100 100 100 100 100 100 100 100 100 100 100 100 100 100 100 100 100 100 100 100 100
302.665 273.953 267.38 260.51 250.519 250.519 250.519 250.519 248.114 238.186 238.186 235.233 235.233 235.233 235.233 235.233 235.233 234.092 234.092 234.092 234.092 232.746 232.61 232.61 232.61 229.423 229.423 224.34 224.34 221.759 219.401 218.28 217.177 217.177 217.177 217.128 217.128 215.379 215.379 215.379 209.785 209.785 209.718 209.551 208.426 208.426 208.426 207.785 205.93 205.93 205.93 205.93 205.806 205.41 205.402 205.402 205.402 204.791 204.791 204.791 204.656 204.656 204.656 203.876 203.876 203.876 203.411 203.2 203.2 203.023 202.919 202.606 202.507 202.507 202.41 202.369 202.363 202.197 202.141 201.735 200.364 200.107 200.003 200 200 200 200 200 200 200 200 200 200 200 200 200
280.135 255.676 250.822 250.822 250.822 246.667 246.667 246.667 246.667 246.667 191.194 179.389 179.389 179.389 179.389 179.389 179.389 179.389 172.631 172.631 172.631 162.095 162.095 162.095 162.095 162.095 162.095 162.095 155.579 139.072 139.072 139.072 128 128 122.297 119.584 119.584 119.584 119.584 111.865 106.118 103.956 100.953 100.792 100.271 100.174 100.061 100.023 100.009 100.002 100.001 100 100 100 100 100 100 100 100 100 100 100 100 100 100 100 100 100 100 100 100 100 100 100 100 100 100 100 100 100 100 100 100 100 100 100 100 100 100 100 100 100 100 100 100 100
281.179 274.59 271.347 239.14 224.707 163.193 163.193 163.193 163.193 163.193 163.193 163.193 163.193 156.245 137.437 137.437 137.437 136.018 136.018 136.018 136.018 136.018 136.018 128.639 122.187 122.187 120.274 115.118 107.122 106.121 106.121 104.352 103.612 102.06 101.79 101.281 101.258 100.826 100.56 100.255 100.074 100.07 100.026 100.013 100.005 100.002 100.001 100 100 100 100 100 100 100 100 100 100 100 100 100 100 100 100 100 100 100 100 100 100 100 100 100 100 100 100 100 100 100 100 100 100 100 100 100 100 100 100 100 100 100 100 100 100 100 100 100
294.351 264.335 258.825 249.971 249.971 249.967 242.786 242.786 239.172 155.671 155.671 155.671 155.671 155.671 155.671 154.254 154.254 154.254 154.254 154.254 154.254 154.254 154.254 154.254 152.196 152.196 152.196 149.691 146.657 146.657 146.657 146.657 146.657 146.102 146.102 137.318 136.372 136.372 134.224 129.841 127.579 127.579 111.68 104.964 102.262 101.422 100.862 100.308 100.086 100.049 100.018 100.006 100.002 100.001 100 100 100 100 100 100 100 100 100 100 100 100 100 100 100 100 100 100 100 100 100 100 100 100 100 100 100 100 100 100 100 100 100 100 100 100 100 100 100 100 100 100
260.048 260.048 235.901 235.901 235.901 235.901 235.901 235.901 235.901 235.901 235.901 235.901 230.437 230.437 230.437 230.437 218.357 201.609 201.609 181.258 181.258 181.258 181.258 181.258 181.258 181.258 165.345 134.177 121.896 121.896 121.896 121.896 121.896 120.69 120.69 111.647 111.647 108.501 104.971 102.824 102.044 100.842 100.415 100.221 100.101 100.041 100.013 100.004 100.002 100.001 100 100 100 100 100 100 100 100 100 100 100 100 100 100 100 100 100 100 100 100 100 100 100 100 100 100 100 100 100 100 100 100 100 100 100 100 100 100 100 100 100 100 100 100 100 100
288.394 195.498 195.498 195.498 195.498 195.498 195.498 195.498 195.498 195.498 195.498 158.741 158.741 158.741 158.683 153.766 153.766 153.766 153.083 142.427 118.397 118.397 118.397 114.834 113.443 103.711 103.711 103.26 102.239 101.273 100.935 100.935 100.647 100.361 100.215 100.129 100.056 100.05 100.027 100.012 100.004 100.002 100.001 100 100 100 100 100 100 100 100 100 100 100 100 100 100 100 100 100 100 100 100 100 100 100 100 100 100 100 100 100 100 100 100 100 100 100 100 100 100 100 100 100 100 100 100 100 100 100 100 100 100 100 100 100
179.515 179.515 179.515 179.515 179.515 179.515 179.515 148.627 148.627 148.627 135.519 126.418 126.418 123.662 110.149 106.704 106.704 106.246 104.56 103.083 102.576 102.095 101.953 101.235 100.862 100.484 100.416 100.156 100.11 100.051 100.036 100.031 100.015 100.007 100.005 100.002 100.001 100.001 100 100 100 100 100 100 100 100 100 100 100 100 100 100 100 100 100 100 100 100 100 100 100 100 100 100 100 100 100 100 100 100 100 100 100 100 100 100 100 100 100 100 100 100 100 100 100 100 100 100 100 100 100 100 100 100 100 100
247.656 247.656 247.656 247.562 247.562 247.562 247.562 247.546 231.608 231.608 231.608 231.608 231.608 231.608 231.608 231.608 231.608 231.608 231.608 231.608 231.608 231.608 231.608 231.608 231.608 214.137 214.137 214.137 214.137 214.137 201.056 201.056 201.056 201.056 159.952 159.952 155.387 155.387 149.842 146.381 146.381 145.796 144.252 131.715 114.544 107.322 104.551 101.606 100.766 100.287 100.147 100.053 100.015 100.003 100 100 100 100 100 100 100 100 100 100 100 100 100 100 100 100 100 100 100 100 100 100 100 100 100 100 100 100 100 100 100 100 100 100 100 100 100 100 100 100 100 100
299.103 261.202 167.493 167.493 167.493 167.493 167.493 167.493 167.493 167.493 167.493 167.493 167.493 167.493 167.493 167.493 167.493 167.493 167.493 167.493 167.493 167.493 167.493 167.493 167.493 167.493 167.493 167.493 167.493 167.493 167.493 167.493 167.493 167.493 167.493 167.493 167.493 167.493 167.493 167.493 167.493 167.493 167.493 167.493 166.192 166.192 155.978 134.773 134.773 119.206 115.275 109.733 102.772 101.404 100.044 100.014 100.003 100.001 100 100 100 100 100 100 100 100 100 100 100 100 100 100 100 100 100 100 100 100 100 100 100 100 100 100 100 100 100 100 100 100 100 100 100 100 100 100
262.48 247.851 247.851 247.695 223.86 223.86 194.432 182.14 182.14 182.14 182.14 180.37 167.022 167.022 155.012 135.66 135.66 130.22 124.252 120.092 112.382 107.819 107.015 105.13 104.336 103.247 102.048 100.993 100.902 100.56 100.419 100.247 100.123 100.084 100.049 100.024 100.02 100.01 100.004 100.002 100.001 100 100 100 100 100 100 100 100 100 100 100 100 100 100 100 100 100 100 100 100 100 100 100 100 100 100 100 100 100 100 100 100 100 100 100 100 100 100 100 100 100 100 100 100 100 100 100 100 100 100 100 100 100 100 100
132.373 132.373 132.373 132.373 122.647 122.647 122.647 122.647 122.647 122.647 122.647 122.647 117.352 117.352 114.555 114.555 113.248 113.05 108.403 108.403 103.447 103.447 103.12 102.734 102.592 101.522 101.44 100.54 100.54 100.333 100.129 100.089 100.053 100.04 100.016 100.01 100.005 100.002 100.001 100.001 100 100 100 100 100 100 100 100 100 100 100 100 100 100 100 100 100 100 100 100 100 100 100 100 100 100 100 100 100 100 100 100 100 100 100 100 100 100 100 100 100 100 100 100 100 100 100 100 100 100 100 100 100 100 100 100
260.569 260.569 260.569 237.921 237.921 237.921 237.921 183.328 183.328 183.328 183.328 183.328 179.611 179.611 179.611 153.716 153.716 153.716 153.716 141.691 141.691 127.959 127.959 127.959 123.407 123.407 117.338 104.123 104.123 104.123 103.765 103.132 101.92 101.749 100.888 100.77 100.588 100.305 100.241 100.106 100.07 100.031 100.011 100.005 100.002 100.001 100 100 100 100 100 100 100 100 100 100 100 100 100 100 100 100 100 100 100 100 100 100 100 100 100 100 100 100 100 100 100 100 100 100 100 100 100 100 100 100 100 100 100 100 100 100 100 100 100 100
285.547 277.493 187.42 187.42 187.42 187.42 187.42 187.42 187.42 187.42 187.42 187.42 185.09 185.09 185.09 185.09 176.012 148.395 137.195 137.195 119.587 116.327 115.404 105.356 105.356 105.356 102.477 101.804 101.444 101.145 100.71 100.576 100.292 100.239 100.134 100.094 100.039 100.023 100.015 100.005 100.002 100.001 100 100 100 100 100 100 100 100 100 100 100 100 100 100 100 100 100 100 100 100 100 100 100 100 100 100 100 100 100 100 100 100 100 100 100 100 100 100 100 100 100 100 100 100 100 100 100 100 100 100 100 100 100 100
233.257 228.201 223.566 223.566 223.566 223.566 223.566 223.566 223.566 159.221 159.221 159.221 159.221 159.221 159.221 159.221 159.221 159.221 157.308 157.308 157.308 157.308 157.308 157.308 157.308 157.308 157.308 157.308 157.308 157.308 157.308 157.308 157.308 157.308 153.642 153.642 151.794 151.794 150.54 149.655 147.494 139.367 130.604 123.723 116.091 105.046 102.907 102.411 101.049 100.452 100.177 100.054 100.014 100.005 100 100 100 100 100 100 100 100 100 100 100 100 100 100 100 100 100 100 100 100 100 100 100 100 100 100 100 100 100 100 100 100 100 100 100 100 100 100 100 100 100 100
276.231 229.144 229.144 229.144 209.527 209.527 209.527 209.527 209.527 208.932 208.932 208.932 208.932 208.932 208.932 208.932 208.932 208.932 208.932 208.932 208.62 208.62 195.286 195.286 195.286 195.286 195.286 194.453 194.453 193.94 193.94 193.94 181.712 181.712 149.524 149.524 143.374 143.374 143.374 143.15 135.328 135.328 135.328 128.494 128.494 107.515 103.419 102.197 100.759 100.429 100.147 100.043 100.01 100.004 100 100 100 100 100 100 100 100 100 100 100 100 100 100 100 100 100 100 100 100 100 100 100 100 100 100 100 100 100 100 100 100 100 100 100 100 100 100 100 100 100 100
278.084 278.084 262.481 243.359 243.359 243.359 243.359 243.359 201.628 200.795 200.795 176.22 153.729 145.723 145.723 139.623 120.792 120.792 120.792 112.762 110.793 106.503 104.448 104.089 102.66 101.819 101.819 100.753 100.716 100.509 100.374 100.241 100.148 100.1 100.044 100.026 100.02 100.01 100.004 100.002 100.001 100 100 100 100 100 100 100 100 100 100 100 100 100 100 100 100 100 100 100 100 100 100 100 100 100 100 100 100 100 100 100 100 100 100 100 100 100 100 100 100 100 100 100 100 100 100 100 100 100 100 100 100 100 100 100
170.33 170.33 170.33 154.894 141.879 141.879 141.879 141.879 141.879 134.269 120.682 109.007 109.007 109.007 109.007 109.007 108.168 108.168 105.893 104.739 103.279 103.279 102.776 102.535 101.654 101.076 100.773 100.457 100.254 100.138 100.113 100.062 100.028 100.024 100.009 100.005 100.002 100.001 100.001 100 100 100 100 100 100 100 100 100 100 100 100 100 100 100 100 100 100 100 100 100 100 100 100 100 100 100 100 100 100 100 100 100 100 100 100 100 100 100 100 100 100 100 100 100 100 100 100 100 100 100 100 100 100 100 100 100
239.204 239.204 239.204 239.204 239.204 239.204 239.204 193.208 193.208 193.208 178.198 164.253 164.253 164.253 164.253 164.253 164.253 159.183 142.89 118.745 111.237 111.237 111.237 108.53 105.227 105.227 104.345 101.699 101.699 101.364 100.676 100.642 100.502 100.298 100.168 100.118 100.06 100.031 100.013 100.005 100.002 100.001 100 100 100 100 100 100 100 100 100 100 100 100 100 100 100 100 100 100 100 100 100 100 100 100 100 100 100 100 100 100 100 100 100 100 100 100 100 100 100 100 100 100 100 100 100 100 100 100 100 100 100 100 100 100
163.269 163.269 163.269 163.269 163.269 163.269 163.269 163.269 149.584 149.584 149.584 142.445 129.589 129.589 127.9 127.9 127.9 127.9 127.9 127.9 127.754 127.754 127.754 127.754 127.754 127.754 126.014 114.147 114.147 107.157 107.157 105.316 104.176 102.032 102.032 102.032 101.365 100.688 100.64 100.41 100.165 100.08 100.041 100.016 100.007 100.003 100.001 100 100 100 100 100 100 100 100 100 100 100 100 100 100 100 100 100 100 100 100 100 100 100 100 100 100 100 100 100 100 100 100 100 100 100 100 100 100 100 100 100 100 100 100 100 100 100 100 100
306.86 273.308 264.116 257.755 252.053 247.796 247.796 245.26 245.26 238.654 238.654 238.654 232.331 232.331 232.331 232.331 227.859 227.859 227.859 227.859 222.952 222.952 222.952 222.952 222.952 221.492 221.492 221.492 219.143 219.143 219.143 218.204 218.204 218.204 218.204 211.997 211.997 208.208 208.208 206.705 206.705 206.705 205.307 205.307 205.307 205.307 205.307 205.206 205.206 205.206 205.206 205.206 205.206 205.206 205.004 204.461 204.461 204.461 204.461 203.299 203.272 202.826 202.605 202.388 202.36 202.36 202.311 202.311 202.298 202.287 202.183 202.183 202.183 202.183 202.174 202.169 202.16 202.014 202.004 202.004 202.004 201.981 201.981 201.981 201.98 201.978 201.96 201.959 201.957 201.957 201.957 201.957 201.957 201.957 201.957 201.957
276.755 187.018 187.018 187.018 187.018 187.018 187.018 187.018 187.018 187.018 187.018 166.794 166.794 137.344 137.344 137.344 137.344 137.344 120.82 120.82 120.82 120.82 120.82 120.82 117.993 117.993 116.138 107.142 103.62 102.693 102.693 102.292 101.648 100.909 100.81 100.472 100.398 100.191 100.129 100.041 100.034 100.017 100.007 100.002 100.001 100 100 100 100 100 100 100 100 100 100 100 100 100 100 100 100 100 100 100 100 100 100 100 100 100 100 100 100 100 100 100 100 100 100 100 100 100 100 100 100 100 100 100 100 100 100 100 100 100 100 100
296.658 254.437 254.437 251.246 241.569 241.569 241.569 241.569 236.033 236.033 236.033 236.033 236.033 236.033 236.033 236.033 225.339 225.339 225.339 225.339 225.339 225.339 213.769 213.769 213.769 195.452 170.843 155.762 155.762 148.856 148.856 143.509 143.509 140.158 140.158 140.158 139.761 139.761 139.519 139.519 139.194 128.576 119.832 113.129 104.033 103.462 101.712 100.889 100.42 100.121 100.064 100.014 100.007 100.002 100 100 100 100 100 100 100 100 100 100 100 100 100 100 100 100 100 100 100 100 100 100 100 100 100 100 100 100 100 100 100 100 100 100 100 100 100 100 100 100 100 100
282.601 271.41 252.638 250.96 239.097 167.632 167.632 167.632 167.632 167.632 167.632 167.632 167.632 167.632 167.632 149.51 149.51 149.51 148.327 137.575 125.015 119.897 119.897 119.527 117.873 108.838 106.939 102.595 102.043 101.434 101.434 101.085 100.717 100.321 100.185 100.185 100.117 100.061 100.036 100.01 100.005 100.003 100.001 100 100 100 100 100 100 100 100 100 100 100 100 100 100 100 100 100 100 100 100 100 100 100 100 100 100 100 100 100 100 100 100 100 100 100 100 100 100 100 100 100 100 100 100 100 100 100 100 100 100 100 100 100
304.159 283.902 270.085 250.982 250.982 156.122 156.122 156.122 156.122 145.568 145.568 145.568 145.568 145.568 134.92 134.92 134.92 134.92 122.97 122.906 121.238 120.428 120.428 120.428 120.428 114.063 113.657 105.177 105.177 104.654 103.694 101.842 101.842 100.793 100.793 100.498 100.469 100.228 100.124 100.056 100.039 100.014 100.007 100.003 100.001 100 100 100 100 100 100 100 100 100 100 100 100 100 100 100 100 100 100 100 100 100 100 100 100 100 100 100 100 100 100 100 100 100 100 100 100 100 100 100 100 100 100 100 100 100 100 100 100 100 100 100
282.921 259.31 259.31 210.538 210.538 210.538 210.538 210.538 210.538 210.538 210.538 210.538 210.538 210.538 210.538 210.538 210.538 210.538 210.538 210.538 210.538 210.538 210.538 210.538 210.538 210.538 196.559 196.559 196.559 196.559 196.559 196.559 196.559 196.211 196.211 196.211 196.211 196.211 196.211 196.211 196.211 196.211 196.211 196.211 196.211 196.211 193.618 193.618 193.483 193.483 186.645 186.385 186.067 186.067 180.787 175.845 173.21 171.754 135.236 128.749 113.891 105.454 102.583 101.111 100.41 100.106 100.027 100.004 100.001 100 100 100 100 100 100 100 100 100 100 100 100 100 100 100 100 100 100 100 100 100 100 100 100 100 100 100
