8394.63 3550.96 3550.96 2971.39 2142.51 2055.96 1547.53 1069.61 862.331 507.544 436.854 321.493 276.037 219.276 192.924 147.691 143.187 132.286 128.283 122.037 116.937 114.978 112.935 110.529 106.799 103.52 101.789 101.037 100.596 100.351 100.214 100.125 100.089 100.046 100.029 100.019 100.011 100.007 100.004 100.001 100 100 100 100 100 100 100 100 100 100 100 100 100 100 100 100 100 100 100 100 100 100 100 100 100 100 100 100 100 100 100 100 100 100 100 100 100 100 100 100 100 100 100 100 100 100 100 100 100 100 100 100 100 100 100
6751.94 4611.2 3869.03 2500.64 2324.74 2093.09 1461.48 1071.08 824.625 636.655 455.4 353.116 276.585 203.361 186.9 156.672 145.445 137.163 128.112 120.765 118.448 115.867 113.235 109.208 106.404 103.308 102.045 101.18 100.689 100.41 100.149 100.133 100.085 100.051 100.029 100.019 100.012 100.007 100.005 100.001 100 100 100 100 100 100 100 100 100 100 100 100 100 100 100 100 100 100 100 100 100 100 100 100 100 100 100 100 100 100 100 100 100 100 100 100 100 100 100 100 100 100 100 100 100 100 100 100 100 100 100 100 100 100 100
7837.93 4457.37 3775.02 2879.8 2473.07 1915.21 1321.54 989.707 735.096 602.576 393.852 349.866 239.167 186.261 169.132 156.191 142.564 132.734 123.981 119.454 116.272 113.968 113.041 108.723 105.745 103.582 101.966 101.103 100.581 100.369 100.213 100.108 100.084 100.046 100.028 100.02 100.012 100.006 100.005 100.001 100 100 100 100 100 100 100 100 100 100 100 100 100 100 100 100 100 100 100 100 100 100 100 100 100 100 100 100 100 100 100 100 100 100 100 100 100 100 100 100 100 100 100 100 100 100 100 100 100 100 100 100 100 100 100
6603.62 5499.55 3828.5 3094.73 2925.89 1485.75 1323.14 1095.89 1012.5 721.929 557.358 330.187 305.442 223.116 208.424 166.297 158.409 137.263 133.266 125.348 121.061 116.149 114.649 112.203 107.997 104.959 103.023 101.496 101.01 100.582 100.315 100.192 100.099 100.077 100.038 100.027 100.016 100.009 100.006 100.001 100 100 100 100 100 100 100 100 100 100 100 100 100 100 100 100 100 100 100 100 100 100 100 100 100 100 100 100 100 100 100 100 100 100 100 100 100 100 100 100 100 100 100 100 100 100 100 100 100 100 100 100 100 100 100
8420.9 6276.28 6276.28 3597.61 3119.09 2415.82 2248.2 1658.81 784.19 749.258 685.304 547.927 344.573 278.011 224.72 195.22 163.595 151.003 137.928 128.326 122.709 118.564 114.968 111.843 110.944 106.692 102.927 102.244 101.11 100.649 100.4 100.25 100.104 100.078 100.047 100.028 100.016 100.011 100.006 100.001 100.001 100 100 100 100 100 100 100 100 100 100 100 100 100 100 100 100 100 100 100 100 100 100 100 100 100 100 100 100 100 100 100 100 100 100 100 100 100 100 100 100 100 100 100 100 100 100 100 100 100 100 100 100 100 100
8374.42 5936.26 5042.74 3224.72 2454.96 1831.73 1831.73 1128.84 1092.48 690.213 508.018 364.214 301.061 230.407 192.569 165.803 146.745 133.161 126.52 119.787 118.036 115.44 112.711 110.341 106.261 103.007 101.985 101.136 100.421 100.349 100.199 100.103 100.072 100.047 100.024 100.013 100.01 100.006 100.004 100.001 100 100 100 100 100 100 100 100 100 100 100 100 100 100 100 100 100 100 100 100 100 100 100 100 100 100 100 100 100 100 100 100 100 100 100 100 100 100 100 100 100 100 100 100 100 100 100 100 100 100 100 100 100 100 100
5896.73 5896.73 4863.16 3006.03 2121.34 2121.34 1410.67 1123.75 890.051 595.541 507.843 342.364 297.909 235.01 198.032 174.281 153.55 138.123 125.675 123.71 118.586 114.756 113.063 110.574 107.145 104.678 102.628 101.316 100.59 100.464 100.225 100.135 100.088 100.06 100.036 100.021 100.013 100.008 100.005 100.001 100 100 100 100 100 100 100 100 100 100 100 100 100 100 100 100 100 100 100 100 100 100 100 100 100 100 100 100 100 100 100 100 100 100 100 100 100 100 100 100 100 100 100 100 100 100 100 100 100 100 100 100 100 100 100
8390.3 5235.81 5164.08 3421.95 2841.96 2108.7 1913.86 1553.94 895.433 895.433 529.323 469.457 375.49 254.029 222.68 183.024 159.959 145.665 136.309 128.215 121.707 117.454 115.63 113.237 110.201 105.544 103.94 101.937 101.147 100.61 100.301 100.204 100.122 100.072 100.037 100.027 100.018 100.009 100.007 100.002 100.001 100 100 100 100 100 100 100 100 100 100 100 100 100 100 100 100 100 100 100 100 100 100 100 100 100 100 100 100 100 100 100 100 100 100 100 100 100 100 100 100 100 100 100 100 100 100 100 100 100 100 100 100 100 100
6647.63 5646.48 4858.98 3201.71 2737.35 2341.67 1444.93 1040.81 897.973 689.654 539.536 373.462 311.941 221.375 199.506 169.914 154.159 142.99 131.089 125.347 120.6 117.401 114.775 112.052 108.42 105.938 103.253 101.577 100.881 100.591 100.327 100.18 100.102 100.073 100.042 100.027 100.016 100.01 100.006 100.001 100.001 100 100 100 100 100 100 100 100 100 100 100 100 100 100 100 100 100 100 100 100 100 100 100 100 100 100 100 100 100 100 100 100 100 100 100 100 100 100 100 100 100 100 100 100 100 100 100 100 100 100 100 100 100 100
6607.39 3961.63 3961.63 2474.13 2474.13 2326.73 1577.22 1378.82 773.235 662.521 567.776 363.215 223.549 223.549 189.464 154.655 145.057 138.393 130.388 123.255 118.712 115.399 114.097 110.992 108.144 104.499 101.979 101.461 100.786 100.531 100.295 100.16 100.079 100.054 100.033 100.024 100.014 100.007 100.005 100.001 100 100 100 100 100 100 100 100 100 100 100 100 100 100 100 100 100 100 100 100 100 100 100 100 100 100 100 100 100 100 100 100 100 100 100 100 100 100 100 100 100 100 100 100 100 100 100 100 100 100 100 100 100 100 100
8174.04 7363.16 4693.83 4092.88 2882.8 2700.32 1794.19 1409.46 1249.29 875.316 550.19 423.932 355.924 274.421 196.577 164.145 155.977 141.871 134.642 124.95 120.862 117.447 114.825 112.165 108.549 105.527 102.901 101.729 100.999 100.493 100.295 100.179 100.083 100.064 100.042 100.024 100.014 100.009 100.005 100.001 100 100 100 100 100 100 100 100 100 100 100 100 100 100 100 100 100 100 100 100 100 100 100 100 100 100 100 100 100 100 100 100 100 100 100 100 100 100 100 100 100 100 100 100 100 100 100 100 100 100 100 100 100 100 100
8292.45 6668.1 5485.32 3650.18 2710.65 2229.44 1926.76 1529.54 1049.26 847.311 536.042 401.509 300.68 256.134 233.576 193.696 154.742 145.762 132.34 126.989 120.023 117.461 114.563 112.723 108.534 105.55 102.897 101.865 101.009 100.585 100.331 100.178 100.115 100.065 100.035 100.024 100.013 100.009 100.005 100.001 100 100 100 100 100 100 100 100 100 100 100 100 100 100 100 100 100 100 100 100 100 100 100 100 100 100 100 100 100 100 100 100 100 100 100 100 100 100 100 100 100 100 100 100 100 100 100 100 100 100 100 100 100 100 100
6301.95 6301.95 5510.13 3836.67 2536.13 1972.94 1526.16 1441.84 963.445 773.362 586.528 414.115 350.167 252.855 191.391 191.391 166.79 148.039 127.009 126.457 120.634 116.958 115.021 111.499 108.549 105.285 102.676 101.37 100.814 100.507 100.364 100.157 100.113 100.064 100.038 100.024 100.015 100.007 100.004 100.001 100 100 100 100 100 100 100 100 100 100 100 100 100 100 100 100 100 100 100 100 100 100 100 100 100 100 100 100 100 100 100 100 100 100 100 100 100 100 100 100 100 100 100 100 100 100 100 100 100 100 100 100 100 100 100
7588.11 6748.16 5673.98 3256.41 2688.21 2154.76 2009.17 1394.62 1051.06 729.113 511.292 430.619 345.459 272.48 212.776 182.293 154.522 142.752 137.019 129.134 120.195 117.147 115.615 112.589 108.63 105.27 103.571 101.885 100.681 100.548 100.326 100.174 100.126 100.072 100.039 100.027 100.016 100.011 100.006 100.001 100 100 100 100 100 100 100 100 100 100 100 100 100 100 100 100 100 100 100 100 100 100 100 100 100 100 100 100 100 100 100 100 100 100 100 100 100 100 100 100 100 100 100 100 100 100 100 100 100 100 100 100 100 100 100
5985.61 4334.08 3641.66 2801.84 2249.69 1906.11 1509.05 1113.87 725.388 512.265 418.095 333.629 253.39 199.958 177.777 160.247 141.102 134.827 126.043 120.013 116.747 114.943 112.334 109.333 105.844 103.461 102.041 101.005 100.614 100.338 100.197 100.114 100.067 100.036 100.024 100.014 100.01 100.006 100.003 100.001 100 100 100 100 100 100 100 100 100 100 100 100 100 100 100 100 100 100 100 100 100 100 100 100 100 100 100 100 100 100 100 100 100 100 100 100 100 100 100 100 100 100 100 100 100 100 100 100 100 100 100 100 100 100 100
6927.45 6391.46 5560.64 3445.95 2267.96 2267.96 1773.69 1391.4 1164.6 706.163 626.094 440.768 338.658 245.623 214.938 180.207 159.983 143.039 134.91 126.359 121.981 118.006 114.161 112.53 108.881 106.535 103.318 102.094 101.12 100.501 100.388 100.234 100.138 100.067 100.05 100.03 100.019 100.011 100.007 100.001 100.001 100 100 100 100 100 100 100 100 100 100 100 100 100 100 100 100 100 100 100 100 100 100 100 100 100 100 100 100 100 100 100 100 100 100 100 100 100 100 100 100 100 100 100 100 100 100 100 100 100 100 100 100 100 100
8005.41 6857.06 4584.98 3264 2631.64 2118.63 1760.39 1444.81 1141.71 618.785 573.148 397.045 340.786 258.512 197.541 180.995 162.882 144.014 138.83 126.531 121.468 118.543 115.867 113.412 110.331 105.565 103.957 101.945 100.847 100.605 100.369 100.193 100.113 100.072 100.044 100.026 100.015 100.009 100.006 100.001 100.001 100 100 100 100 100 100 100 100 100 100 100 100 100 100 100 100 100 100 100 100 100 100 100 100 100 100 100 100 100 100 100 100 100 100 100 100 100 100 100 100 100 100 100 100 100 100 100 100 100 100 100 100 100 100
7558.2 5529.71 4886.79 3109.57 2956.98 2254.02 1667.84 1492.85 1066.21 762.61 593.082 416.136 334.879 253.027 209.356 187.111 155.686 143.248 132.707 125.979 119.677 116.872 114.511 111.052 105.155 104.28 102.596 101.318 100.823 100.498 100.249 100.162 100.102 100.07 100.039 100.025 100.016 100.009 100.005 100.001 100.001 100 100 100 100 100 100 100 100 100 100 100 100 100 100 100 100 100 100 100 100 100 100 100 100 100 100 100 100 100 100 100 100 100 100 100 100 100 100 100 100 100 100 100 100 100 100 100 100 100 100 100 100 100 100
6803.19 6608.69 4220.18 2913.93 2913.93 2262.23 1519.41 1296.16 919.169 716.669 485.745 412.939 319.92 248.568 211.323 170.646 154.439 141.246 131.326 122.357 119.799 117.143 114.678 110.965 108.135 105.016 102.598 101.638 100.671 100.499 100.233 100.189 100.109 100.056 100.034 100.022 100.014 100.009 100.006 100.001 100 100 100 100 100 100 100 100 100 100 100 100 100 100 100 100 100 100 100 100 100 100 100 100 100 100 100 100 100 100 100 100 100 100 100 100 100 100 100 100 100 100 100 100 100 100 100 100 100 100 100 100 100 100 100
7791.56 5975.74 4726.54 3186.16 2346.95 1636.95 1387.86 1298.59 1000.2 668.497 531.208 399.186 321.279 224.596 197.657 175.146 157.855 138.394 132.234 121.439 119.763 115.537 113.415 110.15 105.955 104.237 102.415 101.352 100.718 100.288 100.262 100.123 100.085 100.043 100.032 100.02 100.013 100.008 100.004 100.001 100.001 100 100 100 100 100 100 100 100 100 100 100 100 100 100 100 100 100 100 100 100 100 100 100 100 100 100 100 100 100 100 100 100 100 100 100 100 100 100 100 100 100 100 100 100 100 100 100 100 100 100 100 100 100 100
4888.99 4888.99 4228.1 2990.71 1971.71 1731.87 1047.34 994.155 657.548 567.89 382.965 344.913 248.572 219.185 165.071 160.198 144.806 130.78 128.492 120.73 116.772 115.247 113.612 108.383 105.387 103.683 101.855 100.91 100.598 100.277 100.189 100.104 100.054 100.041 100.027 100.016 100.009 100.005 100.003 100.001 100 100 100 100 100 100 100 100 100 100 100 100 100 100 100 100 100 100 100 100 100 100 100 100 100 100 100 100 100 100 100 100 100 100 100 100 100 100 100 100 100 100 100 100 100 100 100 100 100 100 100 100 100 100 100
6538.06 4286.53 4286.53 3608.79 2507.77 2105.5 1572.92 1539.51 1154.17 813.113 400.892 399.937 328.592 246.667 208.669 181.859 157.236 140.449 133.905 125.666 120.619 116.03 114.476 111.786 107.777 104.653 102.797 101.249 100.869 100.503 100.307 100.184 100.095 100.055 100.035 100.02 100.014 100.007 100.004 100.001 100 100 100 100 100 100 100 100 100 100 100 100 100 100 100 100 100 100 100 100 100 100 100 100 100 100 100 100 100 100 100 100 100 100 100 100 100 100 100 100 100 100 100 100 100 100 100 100 100 100 100 100 100 100 100
8368.47 6310.73 5471.15 3743.05 2842.11 2559.44 2002.21 1601.37 1183.94 990.647 739.155 485.177 429.213 313.015 228.44 203.894 181.575 152.917 135.796 129.858 121.681 119.044 116.033 113.331 111.183 106.937 103.296 102.452 101.375 100.746 100.452 100.244 100.155 100.09 100.057 100.03 100.02 100.014 100.008 100.002 100.001 100 100 100 100 100 100 100 100 100 100 100 100 100 100 100 100 100 100 100 100 100 100 100 100 100 100 100 100 100 100 100 100 100 100 100 100 100 100 100 100 100 100 100 100 100 100 100 100 100 100 100 100 100 100
7907.2 6742.98 5825.58 2278.69 2278.69 2278.69 1428.87 1404.54 929.988 593.655 495.771 368.197 302.011 248.253 199.007 178.572 155.618 140.831 130.743 125.269 120.188 116.923 114.477 111.146 108.271 104.595 102.872 101.81 100.981 100.539 100.292 100.173 100.113 100.068 100.039 100.027 100.014 100.01 100.006 100.001 100 100 100 100 100 100 100 100 100 100 100 100 100 100 100 100 100 100 100 100 100 100 100 100 100 100 100 100 100 100 100 100 100 100 100 100 100 100 100 100 100 100 100 100 100 100 100 100 100 100 100 100 100 100 100
8201.2 6904.96 4822.87 3092.64 2561.11 1790.84 1790.84 1382.92 1158.84 850.291 623.592 422.19 407.428 276.915 224.046 171.142 165.54 148.334 136.424 127.743 120.026 117.793 114.959 112.879 110.882 107.095 103.985 102.232 101.279 100.629 100.401 100.242 100.15 100.086 100.053 100.024 100.02 100.012 100.008 100.002 100.001 100 100 100 100 100 100 100 100 100 100 100 100 100 100 100 100 100 100 100 100 100 100 100 100 100 100 100 100 100 100 100 100 100 100 100 100 100 100 100 100 100 100 100 100 100 100 100 100 100 100 100 100 100 100
6754.77 6064.46 5266.26 3422.28 2737.59 1726.18 1726.18 1099.23 953.775 781.899 507.848 425.709 308.82 246.259 207.152 167.643 156.1 139.582 132.995 124.836 121.603 117.296 114.002 112.305 107.294 103.952 102.928 101.529 100.76 100.465 100.276 100.156 100.084 100.064 100.039 100.023 100.014 100.009 100.005 100.001 100.001 100 100 100 100 100 100 100 100 100 100 100 100 100 100 100 100 100 100 100 100 100 100 100 100 100 100 100 100 100 100 100 100 100 100 100 100 100 100 100 100 100 100 100 100 100 100 100 100 100 100 100 100 100 100
5812.81 5096.29 5096.29 3593.98 2735.09 2281.94 1947.48 1530.06 1051.21 819.411 564.365 502.834 353.329 288.477 210.302 183.374 157.924 145.917 136.866 128.225 122.808 118.123 115.677 113.337 109.753 106.055 103.283 102.246 101.134 100.519 100.351 100.184 100.113 100.066 100.043 100.023 100.014 100.01 100.006 100.001 100.001 100 100 100 100 100 100 100 100 100 100 100 100 100 100 100 100 100 100 100 100 100 100 100 100 100 100 100 100 100 100 100 100 100 100 100 100 100 100 100 100 100 100 100 100 100 100 100 100 100 100 100 100 100 100
7086.25 7086.25 5381.02 3609.01 2662.12 2384.58 1622.05 1622.05 1379.45 881.909 578.368 506.731 374.108 270.865 222.903 186.784 160.227 147.884 134.32 128.588 122.374 119.193 115.742 113.391 110.544 107.137 103.921 102.497 100.955 100.604 100.423 100.224 100.148 100.092 100.061 100.036 100.022 100.015 100.009 100.002 100.001 100 100 100 100 100 100 100 100 100 100 100 100 100 100 100 100 100 100 100 100 100 100 100 100 100 100 100 100 100 100 100 100 100 100 100 100 100 100 100 100 100 100 100 100 100 100 100 100 100 100 100 100 100 100
7738.68 5040.63 5040.63 2824.91 2824.91 2380.15 1523.66 906.961 906.961 821.088 531.285 379.387 295.55 234.684 179.923 167.565 148.849 134.766 129.912 124.742 118.901 116.505 113.838 109.084 107.258 104.375 102.323 101.37 100.901 100.47 100.241 100.169 100.091 100.053 100.033 100.02 100.013 100.008 100.005 100.001 100 100 100 100 100 100 100 100 100 100 100 100 100 100 100 100 100 100 100 100 100 100 100 100 100 100 100 100 100 100 100 100 100 100 100 100 100 100 100 100 100 100 100 100 100 100 100 100 100 100 100 100 100 100 100
6851.73 5231.55 4108.09 3300.07 3140.64 2016.93 1573.35 1226.09 863.489 715.928 529.845 398.263 310.911 220.512 194.408 167.403 148.026 134.287 127.498 123.271 118.377 114.963 113.85 110.771 106.303 104.31 102.092 101.258 100.773 100.385 100.244 100.128 100.081 100.054 100.028 100.017 100.013 100.008 100.005 100.001 100 100 100 100 100 100 100 100 100 100 100 100 100 100 100 100 100 100 100 100 100 100 100 100 100 100 100 100 100 100 100 100 100 100 100 100 100 100 100 100 100 100 100 100 100 100 100 100 100 100 100 100 100 100 100
8428.08 7078.1 5304.25 3571.45 2880.25 2078.21 1144.72 1144.72 1101.36 779.873 634.46 409.362 337.653 270.35 208.892 184.308 157.535 144.599 131.806 124.505 121.745 117.48 115.355 113.907 110.494 106.686 102.952 102.01 101.169 100.593 100.346 100.229 100.133 100.07 100.043 100.026 100.015 100.01 100.006 100.001 100.001 100 100 100 100 100 100 100 100 100 100 100 100 100 100 100 100 100 100 100 100 100 100 100 100 100 100 100 100 100 100 100 100 100 100 100 100 100 100 100 100 100 100 100 100 100 100 100 100 100 100 100 100 100 100
7013.5 3743.55 3743.55 3217.85 2307.48 2140.8 1294.19 940.742 875.968 691.688 501.331 358.243 297.448 233.466 180.863 161.42 149.494 135.175 129.695 122.564 119.264 116.049 113.754 109.814 105.939 102.962 102.003 101.231 100.696 100.372 100.218 100.159 100.085 100.054 100.035 100.02 100.013 100.008 100.005 100.001 100 100 100 100 100 100 100 100 100 100 100 100 100 100 100 100 100 100 100 100 100 100 100 100 100 100 100 100 100 100 100 100 100 100 100 100 100 100 100 100 100 100 100 100 100 100 100 100 100 100 100 100 100 100 100
5460.39 5460.39 4717.42 2295.18 2142.91 2061.91 1932.45 1005.05 854.16 635.769 424.211 401.281 292.089 236.24 188.48 163.475 150.027 138.08 130.079 123.426 118.355 115.734 114.348 110.749 108.433 104.597 102.766 101.51 100.839 100.334 100.279 100.152 100.089 100.058 100.036 100.023 100.013 100.009 100.005 100.001 100.001 100 100 100 100 100 100 100 100 100 100 100 100 100 100 100 100 100 100 100 100 100 100 100 100 100 100 100 100 100 100 100 100 100 100 100 100 100 100 100 100 100 100 100 100 100 100 100 100 100 100 100 100 100 100
4522.71 4522.71 4420.13 2612.28 2285.03 2100.56 1504.95 1084.32 728.223 593.44 435.666 380.332 288.754 219.736 187.336 158.656 148.744 137.028 127.305 121.262 118.143 115.451 113.158 109.996 105.503 103.391 101.825 101.3 100.601 100.368 100.221 100.12 100.07 100.051 100.032 100.019 100.011 100.007 100.005 100.001 100 100 100 100 100 100 100 100 100 100 100 100 100 100 100 100 100 100 100 100 100 100 100 100 100 100 100 100 100 100 100 100 100 100 100 100 100 100 100 100 100 100 100 100 100 100 100 100 100 100 100 100 100 100 100
7654.42 5185.97 4583.93 3211.37 2595.73 1802.28 1299.71 954.68 735.368 717.172 558.323 422.951 287.856 240.507 189.627 163.55 151.079 136.736 130.153 121.707 118.798 116.47 114.207 111.894 107.547 104.622 102.089 101.357 100.719 100.457 100.216 100.137 100.08 100.054 100.03 100.018 100.01 100.007 100.004 100.001 100 100 100 100 100 100 100 100 100 100 100 100 100 100 100 100 100 100 100 100 100 100 100 100 100 100 100 100 100 100 100 100 100 100 100 100 100 100 100 100 100 100 100 100 100 100 100 100 100 100 100 100 100 100 100
6136.2 5474.7 4101.46 2744.45 2712.41 2250.02 1496.15 1103.69 811.877 612.53 536.481 409.861 302.745 221.785 189.29 156.222 150.116 137.421 129.171 124.482 119.023 115.964 114.317 111.294 107.812 104.178 102.144 101.253 100.603 100.366 100.223 100.127 100.074 100.05 100.031 100.021 100.014 100.008 100.004 100.001 100 100 100 100 100 100 100 100 100 100 100 100 100 100 100 100 100 100 100 100 100 100 100 100 100 100 100 100 100 100 100 100 100 100 100 100 100 100 100 100 100 100 100 100 100 100 100 100 100 100 100 100 100 100 100
7794.39 6994.41 4971.35 3988.75 2354.84 2197.4 1822.24 1142.14 1026.48 756.458 551.233 402.23 334.656 248.959 209.376 174.258 149.847 140.599 130.988 124.595 118.941 115.923 114.773 112.312 107.978 104.608 103.081 101.064 100.814 100.473 100.233 100.127 100.067 100.053 100.033 100.021 100.011 100.008 100.004 100.001 100 100 100 100 100 100 100 100 100 100 100 100 100 100 100 100 100 100 100 100 100 100 100 100 100 100 100 100 100 100 100 100 100 100 100 100 100 100 100 100 100 100 100 100 100 100 100 100 100 100 100 100 100 100 100
7288.47 6427.9 4875.45 3851.15 3152.7 1898.57 1698.28 1553.19 1208.28 873.923 652.454 440.835 337.64 300.217 235.355 186.753 162.984 145.368 136.476 127.17 120.024 117.562 114.716 112.221 109.381 104.713 102.894 101.462 100.802 100.538 100.301 100.192 100.107 100.062 100.032 100.024 100.013 100.008 100.005 100.001 100 100 100 100 100 100 100 100 100 100 100 100 100 100 100 100 100 100 100 100 100 100 100 100 100 100 100 100 100 100 100 100 100 100 100 100 100 100 100 100 100 100 100 100 100 100 100 100 100 100 100 100 100 100 100
6597.45 6283.93 4118.43 3388.92 3084.51 2116.37 2011.22 1290.44 1006.73 852.141 592.704 452.017 326.781 239.409 195.113 179.233 165.162 144.808 134.699 125.611 121.21 117.318 114.915 112.797 109.041 105.85 103.155 101.889 101.095 100.625 100.324 100.206 100.108 100.084 100.048 100.029 100.017 100.011 100.007 100.001 100.001 100 100 100 100 100 100 100 100 100 100 100 100 100 100 100 100 100 100 100 100 100 100 100 100 100 100 100 100 100 100 100 100 100 100 100 100 100 100 100 100 100 100 100 100 100 100 100 100 100 100 100 100 100 100
5280.87 4398.08 4398.08 2660.9 2298.33 2060.11 1695.51 1442.13 936.542 787.605 529.545 428.747 336.009 213.93 210.81 180.75 155.072 137.51 130.422 125.116 118.977 116.712 113.972 111.406 107.7 104.655 102.447 101.5 100.717 100.437 100.27 100.157 100.074 100.044 100.036 100.015 100.012 100.008 100.005 100.001 100.001 100 100 100 100 100 100 100 100 100 100 100 100 100 100 100 100 100 100 100 100 100 100 100 100 100 100 100 100 100 100 100 100 100 100 100 100 100 100 100 100 100 100 100 100 100 100 100 100 100 100 100 100 100 100
5760.24 5726.11 4906.69 3193.11 2590.94 2056.58 1733.28 1121.58 744.956 597.051 446.638 315.872 258.6 208.228 173.126 158.051 147.851 135.971 128.601 123.359 119.803 115.262 114.156 110.718 107.425 104.166 102.407 101.176 100.775 100.437 100.267 100.164 100.104 100.063 100.036 100.022 100.011 100.009 100.005 100.001 100 100 100 100 100 100 100 100 100 100 100 100 100 100 100 100 100 100 100 100 100 100 100 100 100 100 100 100 100 100 100 100 100 100 100 100 100 100 100 100 100 100 100 100 100 100 100 100 100 100 100 100 100 100 100
5978.3 5978.3 4016.05 2235.35 2158.11 2158.11 1648.49 1309.95 954.092 722.545 467.772 335.319 310.694 231.717 198.352 170.897 158.718 138.704 135.311 124.223 120.497 116.929 113.96 111.508 108.893 105.361 102.962 101.527 100.768 100.487 100.262 100.166 100.102 100.063 100.039 100.023 100.014 100.009 100.006 100.001 100 100 100 100 100 100 100 100 100 100 100 100 100 100 100 100 100 100 100 100 100 100 100 100 100 100 100 100 100 100 100 100 100 100 100 100 100 100 100 100 100 100 100 100 100 100 100 100 100 100 100 100 100 100 100
6395.35 6134.46 4819.71 4186.1 3684.39 2365.77 1949.63 1623.85 1269.34 881.755 721.942 531.776 377.692 279.287 262.618 182.788 151.451 145.172 138.413 128.962 123.016 119.155 116.072 113.585 110.385 106.651 103.945 102.368 101.093 100.687 100.408 100.244 100.137 100.079 100.045 100.031 100.018 100.011 100.007 100.001 100.001 100 100 100 100 100 100 100 100 100 100 100 100 100 100 100 100 100 100 100 100 100 100 100 100 100 100 100 100 100 100 100 100 100 100 100 100 100 100 100 100 100 100 100 100 100 100 100 100 100 100 100 100 100 100
7307.75 3519.03 3351.23 2003.28 2003.28 2003.28 1564.34 1318.51 963.418 764.54 584.496 371.484 319.572 249.494 218.581 174.116 154.858 141.142 132.971 121.481 119.19 116.139 114.332 111.483 107.422 104.489 102.541 101.181 100.865 100.487 100.29 100.176 100.111 100.056 100.036 100.024 100.013 100.009 100.006 100.001 100.001 100 100 100 100 100 100 100 100 100 100 100 100 100 100 100 100 100 100 100 100 100 100 100 100 100 100 100 100 100 100 100 100 100 100 100 100 100 100 100 100 100 100 100 100 100 100 100 100 100 100 100 100 100 100
8168.23 5555.86 4725.39 3554.37 3284.04 2288.24 1522.11 1158.35 901.581 752.127 464.281 406.977 340.905 252.985 202.692 176.292 156.947 145.53 132.472 122.982 120.245 117.051 114.268 110.903 107.371 105.087 102.608 101.551 100.705 100.471 100.246 100.173 100.103 100.059 100.039 100.023 100.014 100.008 100.005 100.001 100 100 100 100 100 100 100 100 100 100 100 100 100 100 100 100 100 100 100 100 100 100 100 100 100 100 100 100 100 100 100 100 100 100 100 100 100 100 100 100 100 100 100 100 100 100 100 100 100 100 100 100 100 100 100
7202.54 5270.12 4792.7 1317.85 1317.85 1317.85 980.715 950.023 678.296 499.93 375.77 322.319 246.152 201.14 170.612 152.122 141.129 132.879 122.168 120.472 117.584 114.403 112.994 107.288 105.244 102.799 101.874 100.883 100.551 100.295 100.184 100.102 100.059 100.04 100.025 100.016 100.009 100.006 100.003 100.001 100 100 100 100 100 100 100 100 100 100 100 100 100 100 100 100 100 100 100 100 100 100 100 100 100 100 100 100 100 100 100 100 100 100 100 100 100 100 100 100 100 100 100 100 100 100 100 100 100 100 100 100 100 100 100
7971.85 5325.79 5325.79 3548.8 3250.42 2177.42 1825.54 1209.72 965.885 849.976 585.98 382.502 297.962 243.839 219.185 179.082 160.97 140.649 133.902 124.312 121.524 116.491 114.904 112.714 108.653 105.723 102.575 101.942 100.95 100.563 100.34 100.172 100.117 100.07 100.037 100.024 100.014 100.009 100.006 100.001 100.001 100 100 100 100 100 100 100 100 100 100 100 100 100 100 100 100 100 100 100 100 100 100 100 100 100 100 100 100 100 100 100 100 100 100 100 100 100 100 100 100 100 100 100 100 100 100 100 100 100 100 100 100 100 100
6763.07 6420.07 4835.05 2591.16 2591.16 2104.55 1728.29 1212.46 906.891 670.348 513.03 373.526 294.728 209.871 208.49 164.482 154.375 139.639 131.924 124.344 119.251 116.032 114.362 110.835 107.293 104.073 102.035 101.441 100.735 100.431 100.246 100.141 100.089 100.057 100.033 100.022 100.012 100.008 100.004 100.001 100 100 100 100 100 100 100 100 100 100 100 100 100 100 100 100 100 100 100 100 100 100 100 100 100 100 100 100 100 100 100 100 100 100 100 100 100 100 100 100 100 100 100 100 100 100 100 100 100 100 100 100 100 100 100
7044.37 5999.78 5053.09 2397.17 2397.17 1905.03 1633.44 1224.35 967.311 652.833 447.634 283.563 243.713 224.708 181.282 156.113 148.908 133.244 128.816 122.077 117.947 115.878 112.996 110.269 106.623 104.288 102.079 101.19 100.675 100.476 100.261 100.15 100.095 100.045 100.034 100.02 100.012 100.007 100.005 100.001 100 100 100 100 100 100 100 100 100 100 100 100 100 100 100 100 100 100 100 100 100 100 100 100 100 100 100 100 100 100 100 100 100 100 100 100 100 100 100 100 100 100 100 100 100 100 100 100 100 100 100 100 100 100 100
7088.42 5295.85 4838.86 1853.59 1722.24 1722.24 1306.06 1095.57 921.86 677.947 522.633 346.517 298.12 234.984 196.828 175.266 146.627 140.812 133.167 125.237 119.02 116.325 113.502 110.339 108.103 104.872 103.012 101.446 100.837 100.438 100.3 100.173 100.11 100.065 100.032 100.023 100.012 100.008 100.005 100.001 100 100 100 100 100 100 100 100 100 100 100 100 100 100 100 100 100 100 100 100 100 100 100 100 100 100 100 100 100 100 100 100 100 100 100 100 100 100 100 100 100 100 100 100 100 100 100 100 100 100 100 100 100 100 100
7298.82 5500.08 4573.48 2935.16 2597.86 1667.01 1333.65 1018.62 755.994 654.73 523.16 366.682 282.153 211.07 189.611 161.481 137.193 134.221 126.093 122.459 117.711 113.254 112.892 109.386 105.209 103.924 102.121 101.332 100.7 100.419 100.245 100.138 100.083 100.052 100.036 100.019 100.011 100.008 100.004 100.001 100 100 100 100 100 100 100 100 100 100 100 100 100 100 100 100 100 100 100 100 100 100 100 100 100 100 100 100 100 100 100 100 100 100 100 100 100 100 100 100 100 100 100 100 100 100 100 100 100 100 100 100 100 100 100
