953.582 766.517 766.517 641.289 615.93 605.285 579.622 543.11 543.11 531.386 505.977 466.69 419.698 403.649 391.429 374.323 366.577 364.091 339.737 317.712 307.579 305.691 302.278 301.862 301.149 300.789 300.489 300.128 300.079 300.037 300.027 300.015 300.009 300.005 300.004 300.002 300.001 300.001 300 300 300 300 300 300 300 300 300 300 300 300 300 300 300 300 300 300 300 300 300 300 300 300 300 300 300 300 300 300 300 300 300 300 300 300 300 300 300 300 300 300 300 300 300 300 300 300 300 300 300 300 300 300 300 300 300 300
920.07 759.764 638.169 506.524 475.741 445.809 429.935 399.875 372.081 367.32 352.146 331.375 320.894 310.199 305.765 305.765 303.799 301.452 301.083 300.771 300.445 300.3 300.145 300.105 300.078 300.051 300.028 300.006 300.006 300.003 300.002 300.001 300.001 300 300 300 300 300 300 300 300 300 300 300 300 300 300 300 300 300 300 300 300 300 300 300 300 300 300 300 300 300 300 300 300 300 300 300 300 300 300 300 300 300 300 300 300 300 300 300 300 300 300 300 300 300 300 300 300 300 300 300 300 300 300 300
911.023 788.956 707.278 542.673 528.818 458.557 420.485 417.176 381.735 381.735 376.245 361.861 346.003 323.497 319.619 310.463 308.472 304.396 304.19 302.533 301.535 300.89 300.523 300.293 300.204 300.102 300.067 300.017 300.015 300.009 300.004 300.003 300.001 300.001 300 300 300 300 300 300 300 300 300 300 300 300 300 300 300 300 300 300 300 300 300 300 300 300 300 300 300 300 300 300 300 300 300 300 300 300 300 300 300 300 300 300 300 300 300 300 300 300 300 300 300 300 300 300 300 300 300 300 300 300 300 300
864.976 765.314 669.206 480.089 450.712 450.712 364.925 364.925 364.925 364.925 356.912 331.83 328.736 313.108 309.005 306.792 304.787 303.145 301.994 301.431 300.672 300.487 300.323 300.194 300.129 300.057 300.038 300.012 300.007 300.005 300.003 300.001 300.001 300.001 300 300 300 300 300 300 300 300 300 300 300 300 300 300 300 300 300 300 300 300 300 300 300 300 300 300 300 300 300 300 300 300 300 300 300 300 300 300 300 300 300 300 300 300 300 300 300 300 300 300 300 300 300 300 300 300 300 300 300 300 300 300
647.688 647.688 621.196 425.192 403.606 403.606 403.036 373.402 353.394 327.768 323.998 316.777 312.139 308.193 304.441 303.294 302.415 301.478 300.785 300.581 300.346 300.235 300.106 300.089 300.052 300.033 300.014 300.007 300.004 300.002 300.001 300.001 300 300 300 300 300 300 300 300 300 300 300 300 300 300 300 300 300 300 300 300 300 300 300 300 300 300 300 300 300 300 300 300 300 300 300 300 300 300 300 300 300 300 300 300 300 300 300 300 300 300 300 300 300 300 300 300 300 300 300 300 300 300 300 300
920.172 712.037 566.199 494.203 476.707 432.284 406.844 384.911 379.29 364.229 338.44 325.957 323.898 312.319 308.604 307.177 304.177 302.53 302.07 301.266 300.693 300.381 300.286 300.181 300.089 300.05 300.035 300.012 300.007 300.004 300.002 300.002 300.001 300 300 300 300 300 300 300 300 300 300 300 300 300 300 300 300 300 300 300 300 300 300 300 300 300 300 300 300 300 300 300 300 300 300 300 300 300 300 300 300 300 300 300 300 300 300 300 300 300 300 300 300 300 300 300 300 300 300 300 300 300 300 300
705.474 705.474 683.346 526.931 490.953 438.15 417.241 387.899 380.901 372.008 360.15 341.229 317.982 314.439 309.94 306.791 304.018 302.771 301.772 301.162 300.852 300.489 300.305 300.188 300.109 300.058 300.031 300.014 300.007 300.004 300.002 300.001 300.001 300 300 300 300 300 300 300 300 300 300 300 300 300 300 300 300 300 300 300 300 300 300 300 300 300 300 300 300 300 300 300 300 300 300 300 300 300 300 300 300 300 300 300 300 300 300 300 300 300 300 300 300 300 300 300 300 300 300 300 300 300 300 300
1034.79 820.601 797.833 590.241 590.241 579.313 502.241 458.197 448.197 417.421 389.646 386.508 352.335 338.69 328.948 325.051 313.025 309.018 305.569 303.553 301.763 301.323 300.665 300.321 300.295 300.122 300.093 300.031 300.019 300.012 300.006 300.003 300.002 300.001 300.001 300 300 300 300 300 300 300 300 300 300 300 300 300 300 300 300 300 300 300 300 300 300 300 300 300 300 300 300 300 300 300 300 300 300 300 300 300 300 300 300 300 300 300 300 300 300 300 300 300 300 300 300 300 300 300 300 300 300 300 300 300
861.685 836.664 702.391 494.635 413.781 413.781 413.781 382.836 382.836 362.275 332.165 331.14 320.725 314.978 309.191 305.507 303.107 302.196 301.579 300.671 300.527 300.403 300.234 300.108 300.078 300.049 300.029 300.01 300.005 300.003 300.002 300.001 300.001 300 300 300 300 300 300 300 300 300 300 300 300 300 300 300 300 300 300 300 300 300 300 300 300 300 300 300 300 300 300 300 300 300 300 300 300 300 300 300 300 300 300 300 300 300 300 300 300 300 300 300 300 300 300 300 300 300 300 300 300 300 300 300
663.27 647.718 578.563 418.355 418.355 418.355 376.917 376.11 366.828 347.126 328.027 323.58 314.694 309.547 306.092 304.846 302.421 301.698 301.138 300.684 300.371 300.279 300.149 300.083 300.064 300.035 300.018 300.008 300.004 300.002 300.001 300.001 300 300 300 300 300 300 300 300 300 300 300 300 300 300 300 300 300 300 300 300 300 300 300 300 300 300 300 300 300 300 300 300 300 300 300 300 300 300 300 300 300 300 300 300 300 300 300 300 300 300 300 300 300 300 300 300 300 300 300 300 300 300 300 300
988.249 667.398 667.398 504.146 472.178 470.748 435.985 410.448 382.725 373.949 351.44 345.832 323.744 318.295 311.574 307.104 303.087 302.13 302.13 301.02 300.65 300.332 300.241 300.178 300.095 300.037 300.023 300.013 300.006 300.005 300.002 300.001 300.001 300 300 300 300 300 300 300 300 300 300 300 300 300 300 300 300 300 300 300 300 300 300 300 300 300 300 300 300 300 300 300 300 300 300 300 300 300 300 300 300 300 300 300 300 300 300 300 300 300 300 300 300 300 300 300 300 300 300 300 300 300 300 300
775.782 685.389 662.388 455.728 455.728 446.244 422.483 377.961 332.078 332.078 332.078 323.062 319.296 313.292 307.04 304.934 302.973 302.145 301.443 300.75 300.506 300.381 300.203 300.137 300.082 300.045 300.025 300.008 300.005 300.003 300.002 300.001 300.001 300 300 300 300 300 300 300 300 300 300 300 300 300 300 300 300 300 300 300 300 300 300 300 300 300 300 300 300 300 300 300 300 300 300 300 300 300 300 300 300 300 300 300 300 300 300 300 300 300 300 300 300 300 300 300 300 300 300 300 300 300 300 300
836.224 669.756 590.677 462.561 430.854 394.864 385.89 373.797 370.2 354.658 331.096 323.63 317.938 311.989 307.301 304.248 303.147 302.002 301.456 300.837 300.517 300.349 300.191 300.152 300.071 300.049 300.032 300.008 300.005 300.003 300.002 300.001 300 300 300 300 300 300 300 300 300 300 300 300 300 300 300 300 300 300 300 300 300 300 300 300 300 300 300 300 300 300 300 300 300 300 300 300 300 300 300 300 300 300 300 300 300 300 300 300 300 300 300 300 300 300 300 300 300 300 300 300 300 300 300 300
727.666 727.666 591.681 535.993 461.71 440.192 438.37 391.77 379.874 338.723 332.447 331.678 319.703 310.383 305.65 304.944 302.954 302.308 301.285 300.628 300.479 300.365 300.198 300.111 300.082 300.042 300.024 300.008 300.006 300.003 300.001 300.001 300.001 300 300 300 300 300 300 300 300 300 300 300 300 300 300 300 300 300 300 300 300 300 300 300 300 300 300 300 300 300 300 300 300 300 300 300 300 300 300 300 300 300 300 300 300 300 300 300 300 300 300 300 300 300 300 300 300 300 300 300 300 300 300 300
976.918 724.424 645.896 498.688 476.708 449.798 420.962 392.843 379.188 363.607 346.797 326.076 318.558 310.261 307.025 305.251 303.275 302.187 301.497 300.899 300.403 300.264 300.215 300.125 300.068 300.035 300.023 300.007 300.005 300.003 300.002 300.001 300 300 300 300 300 300 300 300 300 300 300 300 300 300 300 300 300 300 300 300 300 300 300 300 300 300 300 300 300 300 300 300 300 300 300 300 300 300 300 300 300 300 300 300 300 300 300 300 300 300 300 300 300 300 300 300 300 300 300 300 300 300 300 300
837.858 737.68 627.164 492.58 482.338 482.338 415.52 402.135 378.721 358.708 350.033 341.488 326.957 322.745 316.178 309.641 307.198 304.234 302.33 302.045 301.19 300.499 300.38 300.221 300.15 300.084 300.042 300.018 300.01 300.005 300.003 300.002 300.001 300.001 300 300 300 300 300 300 300 300 300 300 300 300 300 300 300 300 300 300 300 300 300 300 300 300 300 300 300 300 300 300 300 300 300 300 300 300 300 300 300 300 300 300 300 300 300 300 300 300 300 300 300 300 300 300 300 300 300 300 300 300 300 300
919.174 692.903 649.838 454.974 454.974 423.204 423.204 374.674 365.736 344.822 316.708 316.708 314.305 308.034 306.966 303.05 301.852 301.342 301.099 300.59 300.342 300.242 300.132 300.093 300.058 300.034 300.019 300.006 300.003 300.002 300.001 300.001 300 300 300 300 300 300 300 300 300 300 300 300 300 300 300 300 300 300 300 300 300 300 300 300 300 300 300 300 300 300 300 300 300 300 300 300 300 300 300 300 300 300 300 300 300 300 300 300 300 300 300 300 300 300 300 300 300 300 300 300 300 300 300 300
1015.67 801.805 683.226 514.145 486.549 486.549 409.729 409.729 392.068 379.888 374.142 354.259 340.137 330.492 316.953 310.84 306.697 304.509 303.599 301.861 301.38 300.84 300.443 300.3 300.165 300.111 300.057 300.021 300.013 300.009 300.005 300.003 300.002 300.001 300 300 300 300 300 300 300 300 300 300 300 300 300 300 300 300 300 300 300 300 300 300 300 300 300 300 300 300 300 300 300 300 300 300 300 300 300 300 300 300 300 300 300 300 300 300 300 300 300 300 300 300 300 300 300 300 300 300 300 300 300 300
840.312 840.312 710.234 596.479 540.196 486.318 457.797 440.741 417.214 410.942 393.548 373.621 354.548 340.826 317.971 314.535 312.366 307.874 304.407 302.883 301.69 301.067 300.507 300.39 300.224 300.122 300.059 300.024 300.014 300.01 300.003 300.003 300.002 300.001 300 300 300 300 300 300 300 300 300 300 300 300 300 300 300 300 300 300 300 300 300 300 300 300 300 300 300 300 300 300 300 300 300 300 300 300 300 300 300 300 300 300 300 300 300 300 300 300 300 300 300 300 300 300 300 300 300 300 300 300 300 300
862.384 679.66 524.804 494.75 444.87 444.87 430.707 397.194 382.79 373.967 357.809 338.16 326.908 320.695 309.607 307.08 303.994 302.765 301.452 301.143 300.687 300.373 300.28 300.139 300.074 300.055 300.039 300.014 300.007 300.003 300.002 300.001 300.001 300 300 300 300 300 300 300 300 300 300 300 300 300 300 300 300 300 300 300 300 300 300 300 300 300 300 300 300 300 300 300 300 300 300 300 300 300 300 300 300 300 300 300 300 300 300 300 300 300 300 300 300 300 300 300 300 300 300 300 300 300 300 300
976.158 683.408 683.408 505.362 498.271 460.532 436.776 422.443 357.088 355.475 350.461 341.91 321.967 314.678 306.946 306.74 303.949 302.456 301.434 300.717 300.601 300.395 300.216 300.138 300.087 300.038 300.025 300.01 300.004 300.003 300.001 300.001 300.001 300 300 300 300 300 300 300 300 300 300 300 300 300 300 300 300 300 300 300 300 300 300 300 300 300 300 300 300 300 300 300 300 300 300 300 300 300 300 300 300 300 300 300 300 300 300 300 300 300 300 300 300 300 300 300 300 300 300 300 300 300 300 300
812.974 752.008 533.401 495.775 440.259 440.259 399.771 381.968 379.394 372.281 357.529 335.115 323.623 312.333 309.227 304.79 304.339 302.479 301.76 301.183 300.482 300.467 300.21 300.142 300.086 300.042 300.032 300.012 300.005 300.003 300.002 300.001 300.001 300 300 300 300 300 300 300 300 300 300 300 300 300 300 300 300 300 300 300 300 300 300 300 300 300 300 300 300 300 300 300 300 300 300 300 300 300 300 300 300 300 300 300 300 300 300 300 300 300 300 300 300 300 300 300 300 300 300 300 300 300 300 300
871.217 871.217 578.079 554.263 466.936 466.936 442.4 421.979 412.699 370.355 366.944 343.17 323.662 323.662 313.825 310.721 306.947 303.115 302.488 301.692 300.939 300.509 300.446 300.234 300.168 300.098 300.053 300.016 300.011 300.005 300.004 300.002 300.001 300 300 300 300 300 300 300 300 300 300 300 300 300 300 300 300 300 300 300 300 300 300 300 300 300 300 300 300 300 300 300 300 300 300 300 300 300 300 300 300 300 300 300 300 300 300 300 300 300 300 300 300 300 300 300 300 300 300 300 300 300 300 300
843.71 673.367 588.76 519.597 470.867 470.867 423.928 403.834 396.685 356.353 356.353 345.979 320.261 320.261 314.503 308.805 304.737 304.129 302.753 302.116 301.262 300.83 300.304 300.228 300.184 300.101 300.062 300.018 300.011 300.006 300.005 300.002 300.001 300.001 300 300 300 300 300 300 300 300 300 300 300 300 300 300 300 300 300 300 300 300 300 300 300 300 300 300 300 300 300 300 300 300 300 300 300 300 300 300 300 300 300 300 300 300 300 300 300 300 300 300 300 300 300 300 300 300 300 300 300 300 300 300
843.112 601.441 601.441 552.051 453.343 453.343 415.118 415.118 396.672 361.684 350.946 331.55 321.835 312.134 305.997 305.926 303.794 302.116 301.748 300.934 300.746 300.508 300.251 300.13 300.078 300.053 300.032 300.007 300.005 300.004 300.002 300.001 300 300 300 300 300 300 300 300 300 300 300 300 300 300 300 300 300 300 300 300 300 300 300 300 300 300 300 300 300 300 300 300 300 300 300 300 300 300 300 300 300 300 300 300 300 300 300 300 300 300 300 300 300 300 300 300 300 300 300 300 300 300 300 300
921.589 825.592 616.445 594.036 503.038 481.378 455.135 432.454 419.099 388.645 385.227 369.958 355.119 336.577 318.92 313.809 307.166 305.62 302.728 302.415 301.522 300.626 300.461 300.315 300.209 300.097 300.073 300.021 300.011 300.008 300.004 300.002 300.001 300.001 300 300 300 300 300 300 300 300 300 300 300 300 300 300 300 300 300 300 300 300 300 300 300 300 300 300 300 300 300 300 300 300 300 300 300 300 300 300 300 300 300 300 300 300 300 300 300 300 300 300 300 300 300 300 300 300 300 300 300 300 300 300
839.666 750.113 598.243 494.678 415.982 408.289 364.902 360.317 332.351 331.577 320.207 316.102 311.841 307.201 305.283 303.147 302.138 301.339 300.844 300.572 300.367 300.218 300.118 300.056 300.051 300.023 300.015 300.005 300.003 300.001 300.001 300.001 300 300 300 300 300 300 300 300 300 300 300 300 300 300 300 300 300 300 300 300 300 300 300 300 300 300 300 300 300 300 300 300 300 300 300 300 300 300 300 300 300 300 300 300 300 300 300 300 300 300 300 300 300 300 300 300 300 300 300 300 300 300 300 300
926.59 698.718 659.11 484.438 478.295 398.094 398.094 387.659 372.905 350.708 344.331 324.607 317.46 312.337 306.06 304.513 302.764 302.171 301.09 300.772 300.414 300.286 300.194 300.133 300.081 300.034 300.024 300.011 300.005 300.003 300.001 300.001 300.001 300 300 300 300 300 300 300 300 300 300 300 300 300 300 300 300 300 300 300 300 300 300 300 300 300 300 300 300 300 300 300 300 300 300 300 300 300 300 300 300 300 300 300 300 300 300 300 300 300 300 300 300 300 300 300 300 300 300 300 300 300 300 300
946.192 730.521 730.521 551.691 445.874 445.874 444.6 417.674 384.873 369.91 352.867 339.5 325.107 315.988 311.844 308.485 304.558 303.103 301.816 301.07 300.43 300.43 300.199 300.096 300.096 300.062 300.021 300.008 300.007 300.003 300.002 300.001 300.001 300 300 300 300 300 300 300 300 300 300 300 300 300 300 300 300 300 300 300 300 300 300 300 300 300 300 300 300 300 300 300 300 300 300 300 300 300 300 300 300 300 300 300 300 300 300 300 300 300 300 300 300 300 300 300 300 300 300 300 300 300 300 300
704.323 653.072 653.072 440.838 440.838 434.931 402.412 371.638 371.638 364.921 356.717 336.38 322.699 311.377 309.534 306.88 304.652 303.107 301.789 300.988 300.652 300.442 300.243 300.109 300.097 300.042 300.03 300.01 300.007 300.004 300.002 300.001 300.001 300 300 300 300 300 300 300 300 300 300 300 300 300 300 300 300 300 300 300 300 300 300 300 300 300 300 300 300 300 300 300 300 300 300 300 300 300 300 300 300 300 300 300 300 300 300 300 300 300 300 300 300 300 300 300 300 300 300 300 300 300 300 300
832.429 568.783 568.783 504.228 492.873 437.122 426.131 383.46 378.934 378.934 345.586 339.322 326.105 317.272 317.272 314.071 305.558 303.65 302.453 301.352 300.997 300.585 300.254 300.216 300.086 300.078 300.048 300.013 300.011 300.006 300.003 300.002 300.001 300.001 300 300 300 300 300 300 300 300 300 300 300 300 300 300 300 300 300 300 300 300 300 300 300 300 300 300 300 300 300 300 300 300 300 300 300 300 300 300 300 300 300 300 300 300 300 300 300 300 300 300 300 300 300 300 300 300 300 300 300 300 300 300
735.505 587.328 524.371 494.767 414.102 414.102 404.738 364.886 364.886 364.886 349.188 328.074 322.674 313.695 309.366 306.559 304.764 302.32 301.475 301.077 300.612 300.435 300.233 300.142 300.091 300.062 300.033 300.012 300.005 300.004 300.002 300.001 300.001 300 300 300 300 300 300 300 300 300 300 300 300 300 300 300 300 300 300 300 300 300 300 300 300 300 300 300 300 300 300 300 300 300 300 300 300 300 300 300 300 300 300 300 300 300 300 300 300 300 300 300 300 300 300 300 300 300 300 300 300 300 300 300
917.821 689.089 548.74 508.305 417.369 408.096 403.421 389.111 386.306 367.368 337.098 334.882 325.094 307.921 307.921 305.613 303.923 302.715 301.958 300.634 300.593 300.268 300.229 300.156 300.048 300.048 300.032 300.009 300.005 300.003 300.001 300.001 300 300 300 300 300 300 300 300 300 300 300 300 300 300 300 300 300 300 300 300 300 300 300 300 300 300 300 300 300 300 300 300 300 300 300 300 300 300 300 300 300 300 300 300 300 300 300 300 300 300 300 300 300 300 300 300 300 300 300 300 300 300 300 300
682.995 682.995 635.559 482.429 437.212 437.212 413.675 389.801 373.458 366.354 347.197 320.356 320.356 317.7 312.998 309.295 305.568 302.464 302.014 301.134 300.925 300.575 300.331 300.196 300.094 300.069 300.053 300.016 300.009 300.005 300.003 300.001 300.001 300.001 300 300 300 300 300 300 300 300 300 300 300 300 300 300 300 300 300 300 300 300 300 300 300 300 300 300 300 300 300 300 300 300 300 300 300 300 300 300 300 300 300 300 300 300 300 300 300 300 300 300 300 300 300 300 300 300 300 300 300 300 300 300
1025.55 807.712 682.774 429.149 429.149 429.149 407.656 395.019 376.478 354.947 343.739 325.816 318.581 314.609 307.868 304.604 303.093 302.362 301.313 300.942 300.661 300.348 300.201 300.133 300.071 300.028 300.023 300.009 300.004 300.002 300.001 300.001 300.001 300 300 300 300 300 300 300 300 300 300 300 300 300 300 300 300 300 300 300 300 300 300 300 300 300 300 300 300 300 300 300 300 300 300 300 300 300 300 300 300 300 300 300 300 300 300 300 300 300 300 300 300 300 300 300 300 300 300 300 300 300 300 300
940.98 805.228 577.144 495.034 430.982 430.982 386.207 386.207 367.802 351.185 348.932 331.546 316.729 308.569 304.186 303.925 303.111 302.046 301.468 300.607 300.585 300.378 300.195 300.104 300.091 300.031 300.023 300.009 300.005 300.003 300.001 300.001 300 300 300 300 300 300 300 300 300 300 300 300 300 300 300 300 300 300 300 300 300 300 300 300 300 300 300 300 300 300 300 300 300 300 300 300 300 300 300 300 300 300 300 300 300 300 300 300 300 300 300 300 300 300 300 300 300 300 300 300 300 300 300 300
856.533 798.806 748.369 458.731 452.498 428.223 399.595 399.595 378.112 366.657 353.401 336.023 323.537 311.889 309.135 305.24 304.028 303.071 301.557 301.136 300.562 300.365 300.2 300.08 300.059 300.042 300.03 300.011 300.006 300.003 300.002 300.001 300.001 300 300 300 300 300 300 300 300 300 300 300 300 300 300 300 300 300 300 300 300 300 300 300 300 300 300 300 300 300 300 300 300 300 300 300 300 300 300 300 300 300 300 300 300 300 300 300 300 300 300 300 300 300 300 300 300 300 300 300 300 300 300 300
596.46 596.46 534.016 530.135 450.156 450.156 432.526 391.333 379.66 352.194 337.242 337.242 320.909 313.024 308.119 303.482 302.805 301.872 300.788 300.776 300.599 300.374 300.172 300.053 300.053 300.047 300.027 300.009 300.005 300.003 300.002 300.001 300.001 300 300 300 300 300 300 300 300 300 300 300 300 300 300 300 300 300 300 300 300 300 300 300 300 300 300 300 300 300 300 300 300 300 300 300 300 300 300 300 300 300 300 300 300 300 300 300 300 300 300 300 300 300 300 300 300 300 300 300 300 300 300 300
924.11 762.934 632.275 493.725 478.036 434.831 391.361 379.481 360.217 345.318 329.095 315.82 312.517 306.426 303.705 302.7 301.835 301.021 300.833 300.519 300.322 300.195 300.122 300.068 300.044 300.026 300.013 300.005 300.003 300.001 300.001 300.001 300 300 300 300 300 300 300 300 300 300 300 300 300 300 300 300 300 300 300 300 300 300 300 300 300 300 300 300 300 300 300 300 300 300 300 300 300 300 300 300 300 300 300 300 300 300 300 300 300 300 300 300 300 300 300 300 300 300 300 300 300 300 300 300
761 735.422 695.502 442.822 442.822 402.676 401.766 370.565 338.96 338.96 323.71 321.59 310.214 307.238 305.209 302.441 302.153 301.437 300.83 300.522 300.379 300.269 300.172 300.1 300.045 300.018 300.015 300.007 300.005 300.002 300.002 300.001 300.001 300 300 300 300 300 300 300 300 300 300 300 300 300 300 300 300 300 300 300 300 300 300 300 300 300 300 300 300 300 300 300 300 300 300 300 300 300 300 300 300 300 300 300 300 300 300 300 300 300 300 300 300 300 300 300 300 300 300 300 300 300 300 300
908.733 684.724 568.736 533.621 462.659 451.632 427.905 407.549 381.981 354.097 340.042 322.989 314.632 308.698 307.455 304.855 302.621 302.02 301.382 300.866 300.55 300.338 300.152 300.098 300.065 300.035 300.028 300.009 300.005 300.003 300.001 300.001 300.001 300 300 300 300 300 300 300 300 300 300 300 300 300 300 300 300 300 300 300 300 300 300 300 300 300 300 300 300 300 300 300 300 300 300 300 300 300 300 300 300 300 300 300 300 300 300 300 300 300 300 300 300 300 300 300 300 300 300 300 300 300 300 300
865.775 786.957 607.117 487.909 481.541 447.771 403.464 395.852 358.119 358.119 349.082 330.381 315.125 313.953 306.947 305.724 302.959 302.098 301.465 300.811 300.624 300.301 300.157 300.148 300.098 300.042 300.024 300.007 300.005 300.003 300.002 300.001 300.001 300 300 300 300 300 300 300 300 300 300 300 300 300 300 300 300 300 300 300 300 300 300 300 300 300 300 300 300 300 300 300 300 300 300 300 300 300 300 300 300 300 300 300 300 300 300 300 300 300 300 300 300 300 300 300 300 300 300 300 300 300 300 300
949.676 711.484 494.242 494.242 494.242 429.691 426.564 387.385 380.812 361.191 355.931 325.215 325.215 312.149 310.654 306.799 304.13 303.205 301.35 300.733 300.552 300.393 300.239 300.165 300.089 300.046 300.025 300.009 300.007 300.003 300.002 300.001 300.001 300 300 300 300 300 300 300 300 300 300 300 300 300 300 300 300 300 300 300 300 300 300 300 300 300 300 300 300 300 300 300 300 300 300 300 300 300 300 300 300 300 300 300 300 300 300 300 300 300 300 300 300 300 300 300 300 300 300 300 300 300 300 300
843.888 731.331 665.769 496.174 473.09 418.634 413.027 393.065 371.083 352.407 337.011 321.799 316.334 313.815 309.784 304.471 303.614 302.089 301.323 300.883 300.543 300.313 300.186 300.105 300.084 300.041 300.024 300.011 300.005 300.003 300.002 300.001 300.001 300 300 300 300 300 300 300 300 300 300 300 300 300 300 300 300 300 300 300 300 300 300 300 300 300 300 300 300 300 300 300 300 300 300 300 300 300 300 300 300 300 300 300 300 300 300 300 300 300 300 300 300 300 300 300 300 300 300 300 300 300 300 300
774.428 682.072 682.072 482.801 452.137 444.053 402.366 372.43 357.986 357.986 355.899 343.409 325.256 319.776 314.829 306.221 304.947 303.487 302.388 301.331 300.816 300.599 300.385 300.261 300.159 300.084 300.053 300.015 300.012 300.006 300.003 300.002 300.001 300.001 300 300 300 300 300 300 300 300 300 300 300 300 300 300 300 300 300 300 300 300 300 300 300 300 300 300 300 300 300 300 300 300 300 300 300 300 300 300 300 300 300 300 300 300 300 300 300 300 300 300 300 300 300 300 300 300 300 300 300 300 300 300
877.055 773.985 704.602 464.208 449.319 421.331 399.982 374.806 363.103 341.68 334.749 324.278 310.624 309.839 307.427 304.11 302.703 301.633 300.796 300.708 300.419 300.312 300.179 300.112 300.064 300.035 300.024 300.007 300.004 300.003 300.002 300.001 300.001 300 300 300 300 300 300 300 300 300 300 300 300 300 300 300 300 300 300 300 300 300 300 300 300 300 300 300 300 300 300 300 300 300 300 300 300 300 300 300 300 300 300 300 300 300 300 300 300 300 300 300 300 300 300 300 300 300 300 300 300 300 300 300
833.742 758.519 700.01 522.89 487.93 465.564 398.152 398.152 393.892 359.603 358.229 333.178 324.19 315.333 307.818 307.818 304.916 303.844 301.86 300.851 300.851 300.481 300.221 300.131 300.072 300.055 300.03 300.014 300.007 300.003 300.002 300.001 300.001 300 300 300 300 300 300 300 300 300 300 300 300 300 300 300 300 300 300 300 300 300 300 300 300 300 300 300 300 300 300 300 300 300 300 300 300 300 300 300 300 300 300 300 300 300 300 300 300 300 300 300 300 300 300 300 300 300 300 300 300 300 300 300
841.288 761.555 597.166 468.785 468.785 418.027 412.917 399.57 386.483 353.017 343.881 317.897 317.897 315.533 309.982 305.688 303.29 302.262 300.961 300.443 300.443 300.302 300.182 300.111 300.078 300.041 300.025 300.007 300.005 300.003 300.002 300.001 300 300 300 300 300 300 300 300 300 300 300 300 300 300 300 300 300 300 300 300 300 300 300 300 300 300 300 300 300 300 300 300 300 300 300 300 300 300 300 300 300 300 300 300 300 300 300 300 300 300 300 300 300 300 300 300 300 300 300 300 300 300 300 300
958.324 719.26 575.875 464.991 464.991 452.373 401.716 380.991 369.475 346.897 327.04 314.47 314.172 310.246 305.292 303.35 302.451 301.464 301.251 300.821 300.386 300.194 300.182 300.095 300.068 300.034 300.021 300.005 300.004 300.002 300.002 300.001 300 300 300 300 300 300 300 300 300 300 300 300 300 300 300 300 300 300 300 300 300 300 300 300 300 300 300 300 300 300 300 300 300 300 300 300 300 300 300 300 300 300 300 300 300 300 300 300 300 300 300 300 300 300 300 300 300 300 300 300 300 300 300 300
1011 677.774 677.774 523.965 477.962 477.962 434.616 399.671 390.439 377.755 342.758 341.136 320.187 314.497 307.592 304.72 303.658 302.741 301.729 300.825 300.635 300.324 300.258 300.158 300.063 300.041 300.028 300.008 300.004 300.003 300.002 300.001 300.001 300 300 300 300 300 300 300 300 300 300 300 300 300 300 300 300 300 300 300 300 300 300 300 300 300 300 300 300 300 300 300 300 300 300 300 300 300 300 300 300 300 300 300 300 300 300 300 300 300 300 300 300 300 300 300 300 300 300 300 300 300 300 300
851.302 759.574 728.122 475.8 475.8 432.485 432.485 399.05 384.166 362.14 353.791 330.728 318.118 317.218 309.897 306.033 305.264 303.417 302.222 301.36 300.851 300.413 300.354 300.168 300.109 300.054 300.049 300.015 300.008 300.005 300.003 300.002 300.001 300.001 300 300 300 300 300 300 300 300 300 300 300 300 300 300 300 300 300 300 300 300 300 300 300 300 300 300 300 300 300 300 300 300 300 300 300 300 300 300 300 300 300 300 300 300 300 300 300 300 300 300 300 300 300 300 300 300 300 300 300 300 300 300
