10609.8 8776.81 6898 3809.46 1115.34 709.061 709.061 390.693 105.083 105.083 54.1462 37.3254 18.7926 9.95266 5.5743 2.58506 1.02909 0.336327 0.245438 0.105222 0.0689903 0.0242341 0.00585755 0.00321348 0.00153982 0.000642854 0.000294704 5.06353e-05 1.71009e-05 6.67393e-06 3.38367e-06 1.11266e-06 3.86324e-07 1.42287e-07 5.2707e-08 0 0 0 0 0 0 0 0 0 0 0 0 0 0 0 0 0 0 0 0 0 0 0 0 0 0 0 0 0 0 0 0 0 0 0 0 0 0 0 0 0 0 0 0 0 0 0 0 0 0 0 0 0 0 0 0 0 0 0 0 0
20371.3 12927 7426.43 3817.8 2159.33 1131.2 780.506 439.962 151.245 118.197 98.1907 65.5559 25.32 8.40038 7.86181 3.69309 1.64535 1.35366 0.633111 0.173462 0.0845764 0.0489297 0.0187188 0.00870966 0.00346243 0.000901833 0.000296283 8.45435e-05 4.79969e-05 8.35967e-06 3.46958e-06 1.76684e-06 5.10575e-07 2.60208e-07 5.98322e-08 3.09093e-08 0 0 0 0 0 0 0 0 0 0 0 0 0 0 0 0 0 0 0 0 0 0 0 0 0 0 0 0 0 0 0 0 0 0 0 0 0 0 0 0 0 0 0 0 0 0 0 0 0 0 0 0 0 0 0 0 0 0 0 0
19688.4 17137.4 8484.2 2292.1 1668.19 1112.99 532.935 396.88 183.242 93.5576 50.6895 32.6288 18.0263 8.07033 4.15435 2.67306 1.2245 0.289265 0.273679 0.159459 0.0682578 0.0292204 0.0156769 0.00553059 0.00243186 0.000706794 0.000294965 3.55718e-05 1.19642e-05 1.02739e-05 2.70635e-06 1.80245e-06 4.56297e-07 2.17921e-07 1.19739e-07 3.4931e-08 0 0 0 0 0 0 0 0 0 0 0 0 0 0 0 0 0 0 0 0 0 0 0 0 0 0 0 0 0 0 0 0 0 0 0 0 0 0 0 0 0 0 0 0 0 0 0 0 0 0 0 0 0 0 0 0 0 0 0 0
17178.8 16598.7 9078.58 3865.29 2384.24 735.813 503.024 448.957 183.242 90.307 90.307 42.5644 20.1548 11.2551 5.63337 2.46492 1.13205 0.536794 0.322414 0.134719 0.0622102 0.0241461 0.0125481 0.00338717 0.00288346 0.00086765 0.00024817 4.75109e-05 2.74604e-05 8.45593e-06 2.95102e-06 1.89188e-06 4.27304e-07 9.91362e-08 4.53771e-08 1.87383e-08 0 0 0 0 0 0 0 0 0 0 0 0 0 0 0 0 0 0 0 0 0 0 0 0 0 0 0 0 0 0 0 0 0 0 0 0 0 0 0 0 0 0 0 0 0 0 0 0 0 0 0 0 0 0 0 0 0 0 0 0
13416.3 13416.3 13416.3 4964.66 2660.59 1513.29 778.667 198.651 198.651 101.046 38.756 38.756 15.0052 11.0123 5.72193 3.49259 1.48559 0.658645 0.418986 0.185863 0.0686378 0.023507 0.0169107 0.00487323 0.00287167 0.00175385 0.000700863 8.64394e-05 3.68898e-05 1.86141e-05 5.47457e-06 2.03159e-06 5.08357e-07 2.17654e-07 6.79192e-08 2.8706e-08 1.04371e-08 0 0 0 0 0 0 0 0 0 0 0 0 0 0 0 0 0 0 0 0 0 0 0 0 0 0 0 0 0 0 0 0 0 0 0 0 0 0 0 0 0 0 0 0 0 0 0 0 0 0 0 0 0 0 0 0 0 0 0
22081.7 9003.54 9003.54 2465.35 1626.86 1316.53 355.569 355.569 151.102 46.3043 46.3043 32.7325 7.58762 7.58762 4.73573 2.57401 1.3883 0.499336 0.395574 0.143828 0.0780231 0.0226377 0.00728844 0.0041076 0.0023336 0.000557791 0.000214882 3.17576e-05 1.93095e-05 5.3486e-06 2.99328e-06 8.61486e-07 3.28976e-07 2.01257e-07 4.72494e-08 1.85127e-08 0 0 0 0 0 0 0 0 0 0 0 0 0 0 0 0 0 0 0 0 0 0 0 0 0 0 0 0 0 0 0 0 0 0 0 0 0 0 0 0 0 0 0 0 0 0 0 0 0 0 0 0 0 0 0 0 0 0 0 0
19079.6 11903.6 7486.54 3131.06 1640.44 886.143 433.93 263.531 101.33 100.041 45.8925 31.3604 13.8945 8.50731 3.27733 1.81863 1.31949 0.897995 0.407469 0.152007 0.0411581 0.0325271 0.0108781 0.00438056 0.00202315 0.000678054 0.000620669 7.62448e-05 2.69717e-05 1.24428e-05 3.64042e-06 1.95164e-06 5.50021e-07 1.23663e-07 7.41658e-08 1.57799e-08 0 0 0 0 0 0 0 0 0 0 0 0 0 0 0 0 0 0 0 0 0 0 0 0 0 0 0 0 0 0 0 0 0 0 0 0 0 0 0 0 0 0 0 0 0 0 0 0 0 0 0 0 0 0 0 0 0 0 0 0
15223.2 8503.03 6717.1 1873.25 1368.66 1343.18 680.516 545.75 264.611 160.304 83.3981 45.5867 26.1971 10.0624 5.73801 2.85978 1.39351 0.814512 0.399906 0.177859 0.0714976 0.0374233 0.0115369 0.00642245 0.00430734 0.0014298 0.000524742 7.76728e-05 3.85244e-05 6.24608e-06 3.63789e-06 1.31774e-06 6.12433e-07 3.31597e-07 1.07771e-07 3.19634e-08 2.10237e-08 0 0 0 0 0 0 0 0 0 0 0 0 0 0 0 0 0 0 0 0 0 0 0 0 0 0 0 0 0 0 0 0 0 0 0 0 0 0 0 0 0 0 0 0 0 0 0 0 0 0 0 0 0 0 0 0 0 0 0
22997.6 14419.6 14135.8 6854.81 3657.69 1793.94 742.297 742.297 285.99 235.805 135.589 82.1882 29.6769 22.075 10.7026 5.25653 1.73748 1.38956 1.03482 0.485624 0.18151 0.093679 0.0251427 0.0103342 0.006061 0.00225786 0.000975401 0.000154352 7.50452e-05 1.80081e-05 1.11381e-05 4.01131e-06 1.16245e-06 4.08837e-07 1.50484e-07 3.3611e-08 2.21123e-08 1.05759e-08 0 0 0 0 0 0 0 0 0 0 0 0 0 0 0 0 0 0 0 0 0 0 0 0 0 0 0 0 0 0 0 0 0 0 0 0 0 0 0 0 0 0 0 0 0 0 0 0 0 0 0 0 0 0 0 0 0 0
13054.5 9543.03 7280.47 2394.99 2259.45 1235.94 416.424 416.424 203.93 121.554 74.733 35.0879 20.2109 9.7072 5.52235 3.28013 2.07865 1.37558 0.398545 0.180066 0.0467945 0.0333099 0.0188292 0.00465225 0.00364922 0.000777741 0.000495045 4.56839e-05 4.56839e-05 1.22e-05 3.90029e-06 3.3721e-06 5.52763e-07 3.33164e-07 1.13347e-07 4.89536e-08 1.67105e-08 0 0 0 0 0 0 0 0 0 0 0 0 0 0 0 0 0 0 0 0 0 0 0 0 0 0 0 0 0 0 0 0 0 0 0 0 0 0 0 0 0 0 0 0 0 0 0 0 0 0 0 0 0 0 0 0 0 0 0
7244.97 7244.97 7244.97 1673 790.429 790.429 465.653 323.504 85.2635 76.4915 47.0766 26.5932 12.9328 8.0315 3.92605 3.08873 0.941343 0.374957 0.215247 0.0896125 0.0544409 0.0260118 0.0062778 0.00567687 0.00123464 0.000733231 0.000347462 4.55125e-05 2.21171e-05 8.75756e-06 3.52054e-06 1.35522e-06 3.70294e-07 2.78883e-07 6.87366e-08 3.74537e-08 0 0 0 0 0 0 0 0 0 0 0 0 0 0 0 0 0 0 0 0 0 0 0 0 0 0 0 0 0 0 0 0 0 0 0 0 0 0 0 0 0 0 0 0 0 0 0 0 0 0 0 0 0 0 0 0 0 0 0 0
17472.7 17472.7 8271.66 3890.48 2033.68 870.104 817.912 271.049 150.617 63.3176 49.8643 37.4371 15.6916 6.46861 5.86875 1.73186 1.19608 0.500116 0.283509 0.102718 0.0347901 0.020434 0.00863987 0.00361405 0.0016853 0.000327795 0.000220464 2.93229e-05 2.00907e-05 9.11521e-06 2.66726e-06 1.37059e-06 5.86269e-07 1.43925e-07 6.46083e-08 2.26412e-08 0 0 0 0 0 0 0 0 0 0 0 0 0 0 0 0 0 0 0 0 0 0 0 0 0 0 0 0 0 0 0 0 0 0 0 0 0 0 0 0 0 0 0 0 0 0 0 0 0 0 0 0 0 0 0 0 0 0 0 0
15185.7 7821.4 7821.4 3270.79 1928.03 1224.19 816.688 296.308 215.054 135.307 65.9427 27.2779 12.8159 7.32054 5.38622 2.63089 0.393617 0.393617 0.217813 0.215206 0.061209 0.0422903 0.0202313 0.00469114 0.00261192 0.00109083 0.000694071 0.000101856 2.32327e-05 1.65749e-05 3.79684e-06 2.34536e-06 6.50248e-07 2.51087e-07 9.28973e-08 3.63264e-08 1.32997e-08 0 0 0 0 0 0 0 0 0 0 0 0 0 0 0 0 0 0 0 0 0 0 0 0 0 0 0 0 0 0 0 0 0 0 0 0 0 0 0 0 0 0 0 0 0 0 0 0 0 0 0 0 0 0 0 0 0 0 0
22379 14602 10837.1 1693.98 1693.98 1004.1 298.437 111.65 111.65 59.9385 50.8131 35.809 20.2795 8.4158 6.59592 2.24608 1.6305 0.424718 0.321681 0.205189 0.0594763 0.0378481 0.0107291 0.00578835 0.00221984 0.000903794 0.00035024 7.4233e-05 2.16058e-05 7.2004e-06 3.52369e-06 1.47996e-06 4.9962e-07 2.70901e-07 6.35987e-08 2.16875e-08 0 0 0 0 0 0 0 0 0 0 0 0 0 0 0 0 0 0 0 0 0 0 0 0 0 0 0 0 0 0 0 0 0 0 0 0 0 0 0 0 0 0 0 0 0 0 0 0 0 0 0 0 0 0 0 0 0 0 0 0
20008.2 14800.1 8297.31 1924.69 1196.9 1196.9 275.159 275.159 81.2707 81.2707 68.2829 32.9844 8.00686 8.00686 4.51689 2.48448 1.55162 0.444121 0.202468 0.14891 0.0431697 0.0376898 0.0100539 0.00612486 0.00190774 0.00154887 0.00029826 5.75038e-05 1.86866e-05 1.31031e-05 4.79165e-06 1.66613e-06 4.81532e-07 3.13488e-07 8.80187e-08 2.93762e-08 0 0 0 0 0 0 0 0 0 0 0 0 0 0 0 0 0 0 0 0 0 0 0 0 0 0 0 0 0 0 0 0 0 0 0 0 0 0 0 0 0 0 0 0 0 0 0 0 0 0 0 0 0 0 0 0 0 0 0 0
16783.5 16783.5 14700.5 2968.4 1667.26 1198.87 842.691 452.181 437.975 236.671 87.6296 22.9279 22.9279 14.5385 8.72815 3.64161 2.55324 0.850347 0.722166 0.308683 0.14346 0.0605959 0.0255577 0.0127889 0.0033496 0.0012028 0.000442775 0.000129729 5.76987e-05 2.10578e-05 5.36727e-06 1.86663e-06 1.2378e-06 2.03068e-07 1.76346e-07 4.33043e-08 1.43106e-08 0 0 0 0 0 0 0 0 0 0 0 0 0 0 0 0 0 0 0 0 0 0 0 0 0 0 0 0 0 0 0 0 0 0 0 0 0 0 0 0 0 0 0 0 0 0 0 0 0 0 0 0 0 0 0 0 0 0 0
25249.9 15542.3 12116.2 4800.46 1236.28 1125.22 573.467 359.71 209.278 102.253 52.6286 13.8574 13.8574 7.91064 3.57974 2.68184 0.846607 0.762506 0.48951 0.191293 0.0919541 0.0371468 0.0137883 0.00761161 0.0016943 0.000737546 0.000572646 7.43466e-05 2.10471e-05 7.81527e-06 2.49681e-06 1.64713e-06 4.44476e-07 1.51765e-07 9.53052e-08 3.3058e-08 1.50958e-08 0 0 0 0 0 0 0 0 0 0 0 0 0 0 0 0 0 0 0 0 0 0 0 0 0 0 0 0 0 0 0 0 0 0 0 0 0 0 0 0 0 0 0 0 0 0 0 0 0 0 0 0 0 0 0 0 0 0 0
31498.2 19545 11642.4 3918.2 2943.37 1887.53 788.119 618.672 87.5617 87.5617 87.5617 41.8985 21.0035 12.5643 5.06019 2.70419 2.27441 0.654924 0.3036 0.258162 0.0468024 0.0282526 0.0113067 0.00580673 0.0015205 0.00140565 0.000671218 7.57781e-05 4.35998e-05 1.10051e-05 5.47172e-06 2.06707e-06 7.97431e-07 1.57701e-07 9.91118e-08 2.32167e-08 0 0 0 0 0 0 0 0 0 0 0 0 0 0 0 0 0 0 0 0 0 0 0 0 0 0 0 0 0 0 0 0 0 0 0 0 0 0 0 0 0 0 0 0 0 0 0 0 0 0 0 0 0 0 0 0 0 0 0 0
19294.2 17108.4 12272.2 5840.54 2225.38 772.512 623.128 151.644 151.644 150.556 58.6344 39.2752 14.3154 10.1459 6.0009 3.19239 0.88966 0.419844 0.249592 0.125108 0.0368866 0.0298056 0.0089417 0.00404009 0.00120008 0.000761269 0.000387438 6.29782e-05 1.69049e-05 1.22761e-05 4.47208e-06 2.07945e-06 7.4657e-07 2.18899e-07 8.78206e-08 3.85152e-08 1.14806e-08 0 0 0 0 0 0 0 0 0 0 0 0 0 0 0 0 0 0 0 0 0 0 0 0 0 0 0 0 0 0 0 0 0 0 0 0 0 0 0 0 0 0 0 0 0 0 0 0 0 0 0 0 0 0 0 0 0 0 0
19458.2 19458.2 11325.3 2727.19 2635.07 1235.14 1062.61 117.055 117.055 117.055 59.2128 39.1767 24.2704 11.1164 4.53687 2.8164 1.9413 0.34658 0.246151 0.107827 0.0443559 0.0311517 0.0180227 0.00472322 0.00293679 0.000457837 0.000457837 5.17106e-05 8.90116e-06 4.94313e-06 2.98796e-06 8.24061e-07 4.51872e-07 1.22065e-07 5.38767e-08 0 0 0 0 0 0 0 0 0 0 0 0 0 0 0 0 0 0 0 0 0 0 0 0 0 0 0 0 0 0 0 0 0 0 0 0 0 0 0 0 0 0 0 0 0 0 0 0 0 0 0 0 0 0 0 0 0 0 0 0 0
27607.1 16333.6 11852.6 4649.95 1880.83 1320.95 590.193 553.897 308.925 169.685 82.5067 35.8543 25.9053 15.9639 7.50556 5.55224 1.19856 1.19856 0.503356 0.266406 0.111476 0.0510711 0.0250504 0.0057013 0.00368779 0.000722796 0.000722796 0.000122097 4.09578e-05 1.62225e-05 7.16371e-06 2.21915e-06 4.65151e-07 2.42016e-07 8.65675e-08 2.40645e-08 1.05301e-08 0 0 0 0 0 0 0 0 0 0 0 0 0 0 0 0 0 0 0 0 0 0 0 0 0 0 0 0 0 0 0 0 0 0 0 0 0 0 0 0 0 0 0 0 0 0 0 0 0 0 0 0 0 0 0 0 0 0 0
11827.4 11827.4 10441 3772.79 1797.4 997.867 529.11 294.86 199.116 104.788 47.9127 45.7897 11.5062 9.5197 5.20734 2.33768 1.2739 0.972897 0.25432 0.144726 0.0644335 0.0310494 0.0113894 0.00644407 0.00264859 0.00137847 0.000440951 6.27547e-05 2.3183e-05 8.60695e-06 4.22355e-06 1.21187e-06 2.86495e-07 1.88254e-07 4.25454e-08 2.5302e-08 0 0 0 0 0 0 0 0 0 0 0 0 0 0 0 0 0 0 0 0 0 0 0 0 0 0 0 0 0 0 0 0 0 0 0 0 0 0 0 0 0 0 0 0 0 0 0 0 0 0 0 0 0 0 0 0 0 0 0 0
28533.4 15463.1 10187.1 4190.42 2396.48 1145.21 544.22 303.829 227.47 133.491 64.376 19.1807 8.5527 7.26523 5.3082 1.64795 0.56181 0.56181 0.222265 0.135295 0.0474814 0.0199831 0.00921808 0.0035199 0.00184059 0.00108961 0.000382333 6.26755e-05 2.15791e-05 7.69519e-06 1.43884e-06 1.43884e-06 3.52166e-07 1.39427e-07 7.16021e-08 2.38246e-08 0 0 0 0 0 0 0 0 0 0 0 0 0 0 0 0 0 0 0 0 0 0 0 0 0 0 0 0 0 0 0 0 0 0 0 0 0 0 0 0 0 0 0 0 0 0 0 0 0 0 0 0 0 0 0 0 0 0 0 0
14711.3 13775.3 7213.95 1839.09 556.937 556.937 556.937 481.767 304.811 171.129 70.952 55.166 35.1036 2.58818 2.58818 2.58818 1.67497 0.603467 0.395825 0.204736 0.138203 0.0310149 0.0129562 0.00622164 0.00468301 0.00142975 0.000541141 9.10602e-05 4.25714e-05 1.0703e-05 2.18277e-06 1.63008e-06 6.93808e-07 2.54803e-07 1.01696e-07 5.09468e-08 1.21163e-08 0 0 0 0 0 0 0 0 0 0 0 0 0 0 0 0 0 0 0 0 0 0 0 0 0 0 0 0 0 0 0 0 0 0 0 0 0 0 0 0 0 0 0 0 0 0 0 0 0 0 0 0 0 0 0 0 0 0 0
16102.2 12778.9 4277.18 2410.49 1183.66 700.471 416.22 377.495 171.608 127.382 67.3977 25.6656 13.4349 10.1829 4.05403 1.47629 0.980095 0.907977 0.366812 0.0948421 0.0517179 0.0317226 0.0118887 0.0049225 0.00273832 0.000547598 0.00040573 5.04473e-05 1.70831e-05 7.54568e-06 2.53589e-06 1.09123e-06 3.98512e-07 1.0416e-07 5.07559e-08 1.57283e-08 0 0 0 0 0 0 0 0 0 0 0 0 0 0 0 0 0 0 0 0 0 0 0 0 0 0 0 0 0 0 0 0 0 0 0 0 0 0 0 0 0 0 0 0 0 0 0 0 0 0 0 0 0 0 0 0 0 0 0 0
23958.6 10753.1 6322.72 3960.42 2418.51 379.711 379.711 159.599 159.599 149.789 79.6048 30.2567 22.1493 5.80898 5.29925 3.13898 1.99826 0.369025 0.369025 0.196955 0.0975855 0.0350632 0.0104813 0.00574426 0.00238908 0.000950809 0.000500826 9.82982e-05 5.04741e-05 2.03547e-05 8.52712e-06 2.19247e-06 7.63584e-07 1.99872e-07 7.53951e-08 3.53518e-08 1.07178e-08 0 0 0 0 0 0 0 0 0 0 0 0 0 0 0 0 0 0 0 0 0 0 0 0 0 0 0 0 0 0 0 0 0 0 0 0 0 0 0 0 0 0 0 0 0 0 0 0 0 0 0 0 0 0 0 0 0 0 0
20838.3 7621.99 5922.12 5803.18 2878.72 1764.4 829.273 695.642 279.911 105.07 73.9688 42.8113 23.2318 14.7575 9.76781 2.8648 1.86386 1.31262 0.433881 0.257397 0.0864494 0.0465912 0.0231041 0.00789162 0.00263091 0.001514 0.000699328 8.39279e-05 5.8173e-05 1.17585e-05 7.31824e-06 3.42144e-06 1.29693e-06 5.11019e-07 1.61279e-07 8.15519e-08 3.27092e-08 0 0 0 0 0 0 0 0 0 0 0 0 0 0 0 0 0 0 0 0 0 0 0 0 0 0 0 0 0 0 0 0 0 0 0 0 0 0 0 0 0 0 0 0 0 0 0 0 0 0 0 0 0 0 0 0 0 0 0
25924.4 10835.9 7197.11 3260.32 1813.67 1222.49 409.887 393.56 234.424 113.895 67.6183 35.0048 14.9526 7.2181 6.50307 1.51089 1.51089 0.944346 0.433857 0.184131 0.0977609 0.0323887 0.0129522 0.0076645 0.00427148 0.00123973 0.000675696 8.41253e-05 4.8803e-05 1.90951e-05 2.72367e-06 2.72367e-06 5.53172e-07 4.1465e-07 2.0573e-07 6.42694e-08 0 0 0 0 0 0 0 0 0 0 0 0 0 0 0 0 0 0 0 0 0 0 0 0 0 0 0 0 0 0 0 0 0 0 0 0 0 0 0 0 0 0 0 0 0 0 0 0 0 0 0 0 0 0 0 0 0 0 0 0
16751.2 7893.48 7058.34 2962.45 1244.31 790.269 533.31 169.916 102.745 102.745 35.5759 27.4058 8.18254 8.18254 2.81874 2.00382 0.845824 0.403118 0.158546 0.0706474 0.0320391 0.0175194 0.00921804 0.00260873 0.00193806 0.000399005 0.000214706 5.36714e-05 2.81138e-05 9.47762e-06 1.90999e-06 1.67742e-06 4.25241e-07 2.46733e-07 6.08013e-08 1.30221e-08 0 0 0 0 0 0 0 0 0 0 0 0 0 0 0 0 0 0 0 0 0 0 0 0 0 0 0 0 0 0 0 0 0 0 0 0 0 0 0 0 0 0 0 0 0 0 0 0 0 0 0 0 0 0 0 0 0 0 0 0
15217.9 10912.1 9138.72 2163.13 1603.81 1178.22 595.211 410.879 102.202 93.4207 58.8819 31.3522 19.9063 9.68521 5.71677 2.78224 1.92602 0.62302 0.268447 0.194638 0.140681 0.0358495 0.022791 0.0109738 0.00491216 0.00233232 0.00124786 8.13424e-05 4.72593e-05 1.63017e-05 4.9491e-06 2.77746e-06 1.23814e-06 3.41894e-07 1.012e-07 5.00201e-08 1.51411e-08 0 0 0 0 0 0 0 0 0 0 0 0 0 0 0 0 0 0 0 0 0 0 0 0 0 0 0 0 0 0 0 0 0 0 0 0 0 0 0 0 0 0 0 0 0 0 0 0 0 0 0 0 0 0 0 0 0 0 0
11663.6 11663.6 8071.28 3725.93 2841.91 740.076 740.076 381.551 322.872 83.7832 38.3356 38.3356 27.4972 6.00256 5.39832 2.95085 2.25932 0.991532 0.504047 0.245159 0.0878294 0.0516136 0.00794545 0.00726245 0.00310652 0.00145486 0.000255726 9.52844e-05 4.30615e-05 1.66048e-05 2.73597e-06 1.85443e-06 7.97619e-07 2.02266e-07 5.94915e-08 5.02126e-08 0 0 0 0 0 0 0 0 0 0 0 0 0 0 0 0 0 0 0 0 0 0 0 0 0 0 0 0 0 0 0 0 0 0 0 0 0 0 0 0 0 0 0 0 0 0 0 0 0 0 0 0 0 0 0 0 0 0 0 0
14797.1 14069.1 6492.34 3259.99 1649.91 799.851 472.73 165.625 165.625 57.3636 53.2 33.2199 20.8097 7.74494 2.47297 1.60837 1.11541 0.541257 0.2235 0.0996823 0.0585508 0.0231202 0.00497942 0.00497942 0.00297653 0.000965811 0.000535127 7.03734e-05 3.28575e-05 1.29754e-05 3.64213e-06 1.37728e-06 7.0575e-07 1.53069e-07 5.88385e-08 3.02749e-08 1.29066e-08 0 0 0 0 0 0 0 0 0 0 0 0 0 0 0 0 0 0 0 0 0 0 0 0 0 0 0 0 0 0 0 0 0 0 0 0 0 0 0 0 0 0 0 0 0 0 0 0 0 0 0 0 0 0 0 0 0 0 0
13249.4 8856.52 8856.52 2495.26 950.895 645.562 645.562 210.932 210.932 103.116 68.6682 36.6981 22.3187 15.1985 5.28594 3.50076 0.785509 0.320112 0.278032 0.123899 0.0934446 0.0311758 0.0170932 0.00565488 0.00180762 0.00103486 0.000427409 0.000105277 4.43597e-05 1.86356e-05 6.82255e-06 1.92433e-06 7.91599e-07 2.26091e-07 9.94211e-08 1.93974e-08 0 0 0 0 0 0 0 0 0 0 0 0 0 0 0 0 0 0 0 0 0 0 0 0 0 0 0 0 0 0 0 0 0 0 0 0 0 0 0 0 0 0 0 0 0 0 0 0 0 0 0 0 0 0 0 0 0 0 0 0
30553.2 18460.3 7675.21 4546.77 1556.06 895.244 704.415 379.742 83.1133 83.1133 71.3612 42.4391 3.65653 3.65653 3.65653 3.65653 1.67878 0.497704 0.211313 0.119877 0.0803841 0.0139699 0.0139699 0.00603834 0.00209612 0.000919964 0.000389025 5.38061e-05 2.29767e-05 1.16355e-05 4.99156e-06 2.16564e-06 9.91216e-07 1.5712e-07 1.03951e-07 2.35573e-08 1.7984e-08 0 0 0 0 0 0 0 0 0 0 0 0 0 0 0 0 0 0 0 0 0 0 0 0 0 0 0 0 0 0 0 0 0 0 0 0 0 0 0 0 0 0 0 0 0 0 0 0 0 0 0 0 0 0 0 0 0 0 0
26647.6 11833.8 9587.01 2287.7 1223.33 970.437 593.442 321.001 156.259 87.4862 70.6138 29.4309 11.412 7.32139 4.46183 3.02349 1.75197 0.736825 0.261501 0.0888566 0.0508807 0.0336369 0.0193476 0.00667416 0.00248875 0.000862077 0.000455919 9.96886e-05 3.39178e-05 1.22578e-05 5.02438e-06 2.70631e-06 6.42983e-07 4.90895e-07 2.40004e-07 7.63224e-08 1.65944e-08 0 0 0 0 0 0 0 0 0 0 0 0 0 0 0 0 0 0 0 0 0 0 0 0 0 0 0 0 0 0 0 0 0 0 0 0 0 0 0 0 0 0 0 0 0 0 0 0 0 0 0 0 0 0 0 0 0 0 0
21585.7 13000.4 5885.08 2328.88 1283.85 1068.08 319.446 279.94 175.084 138.426 37.2674 37.1078 18.8996 9.04506 4.74763 1.92465 0.905835 0.534997 0.171559 0.0678919 0.0639124 0.0231878 0.0110269 0.0032622 0.00250398 0.00048234 0.000293389 4.4329e-05 1.08137e-05 6.98485e-06 2.02238e-06 7.03861e-07 1.48902e-07 1.15413e-07 3.31635e-08 0 0 0 0 0 0 0 0 0 0 0 0 0 0 0 0 0 0 0 0 0 0 0 0 0 0 0 0 0 0 0 0 0 0 0 0 0 0 0 0 0 0 0 0 0 0 0 0 0 0 0 0 0 0 0 0 0 0 0 0 0
24841.3 9718 9718 2503.61 2503.61 1597.18 1145.74 581.405 332.143 158.958 49.3163 49.3163 13.2629 13.2629 5.85813 3.94195 1.66035 0.737581 0.442436 0.138329 0.0813836 0.0213723 0.00944373 0.00612086 0.00323301 0.000425671 0.000425671 6.74138e-05 2.36618e-05 9.57226e-06 4.12781e-06 1.72336e-06 5.76997e-07 2.97482e-07 9.15186e-08 2.20157e-08 1.28538e-08 0 0 0 0 0 0 0 0 0 0 0 0 0 0 0 0 0 0 0 0 0 0 0 0 0 0 0 0 0 0 0 0 0 0 0 0 0 0 0 0 0 0 0 0 0 0 0 0 0 0 0 0 0 0 0 0 0 0 0
17178.6 17178.6 5631.63 2722.74 2279.54 668.379 668.379 290.596 110.351 94.2001 54.0935 38.5599 18.0218 5.48427 4.99357 1.62892 0.696203 0.661931 0.271965 0.172763 0.0656551 0.0370293 0.0127213 0.00331431 0.00215382 0.000845131 0.00020733 4.4433e-05 1.53967e-05 6.18029e-06 4.17845e-06 1.03003e-06 3.83586e-07 1.21965e-07 2.63461e-08 2.63461e-08 1.10372e-08 0 0 0 0 0 0 0 0 0 0 0 0 0 0 0 0 0 0 0 0 0 0 0 0 0 0 0 0 0 0 0 0 0 0 0 0 0 0 0 0 0 0 0 0 0 0 0 0 0 0 0 0 0 0 0 0 0 0 0
9431.65 7503.48 7503.48 2585.59 971.454 652.167 652.167 405.036 205.729 163.224 85.2599 68.9016 22.2955 13.9511 6.75989 3.2677 1.76703 1.06913 0.471565 0.253121 0.0482449 0.0348165 0.0194669 0.0078913 0.00397772 0.00120707 0.000356323 7.90616e-05 2.61342e-05 1.56416e-05 4.71365e-06 8.89475e-07 3.77698e-07 2.55921e-07 7.16979e-08 2.85555e-08 0 0 0 0 0 0 0 0 0 0 0 0 0 0 0 0 0 0 0 0 0 0 0 0 0 0 0 0 0 0 0 0 0 0 0 0 0 0 0 0 0 0 0 0 0 0 0 0 0 0 0 0 0 0 0 0 0 0 0 0
26959.9 18330 7379.38 2550.84 1049.22 1028.79 331.813 331.813 153.167 145.736 59.5475 33.0626 16.7005 8.46542 3.99636 2.26425 1.57534 0.619334 0.452013 0.157966 0.0329339 0.0329339 0.0115854 0.00646026 0.00172272 0.000479971 0.000396564 8.29668e-05 2.93859e-05 1.17105e-05 3.71579e-06 1.28963e-06 6.20606e-07 7.51415e-08 6.23649e-08 1.46518e-08 0 0 0 0 0 0 0 0 0 0 0 0 0 0 0 0 0 0 0 0 0 0 0 0 0 0 0 0 0 0 0 0 0 0 0 0 0 0 0 0 0 0 0 0 0 0 0 0 0 0 0 0 0 0 0 0 0 0 0 0
10451.3 10451.3 4819.36 3005.35 2165.95 1131.08 851.33 396.514 169.642 118.3 57.5864 18.3652 17.9289 6.95834 4.02311 1.27785 1.27785 0.884118 0.29687 0.211109 0.097063 0.0349765 0.0214632 0.00653733 0.00288718 0.000801727 0.000339973 3.60201e-05 2.50193e-05 1.34304e-05 4.99314e-06 1.48072e-06 8.02389e-07 2.88304e-07 1.12049e-07 5.26687e-08 1.59556e-08 0 0 0 0 0 0 0 0 0 0 0 0 0 0 0 0 0 0 0 0 0 0 0 0 0 0 0 0 0 0 0 0 0 0 0 0 0 0 0 0 0 0 0 0 0 0 0 0 0 0 0 0 0 0 0 0 0 0 0
15392.8 12078.1 5414.68 3698.78 1609.83 683.543 683.543 415.181 415.181 178.3 107.318 51.2907 29.9605 13.8029 5.45033 2.84838 1.59814 0.361084 0.355933 0.1514 0.0587243 0.0191566 0.0166725 0.00406744 0.00331888 0.000724811 0.00022605 4.45898e-05 1.6599e-05 1.14811e-05 2.7902e-06 1.08275e-06 3.84982e-07 1.70564e-07 8.50686e-08 2.58042e-08 1.264e-08 0 0 0 0 0 0 0 0 0 0 0 0 0 0 0 0 0 0 0 0 0 0 0 0 0 0 0 0 0 0 0 0 0 0 0 0 0 0 0 0 0 0 0 0 0 0 0 0 0 0 0 0 0 0 0 0 0 0 0
17493.7 15105.8 10398.2 3591.68 1037.34 1037.34 966.289 445.972 243.552 113.015 53.7836 30.1966 18.0942 11.7044 5.48937 2.73373 2.2066 0.585647 0.318653 0.220381 0.0673845 0.0233043 0.0132208 0.00605542 0.00174455 0.000941659 0.000399061 4.81148e-05 2.71598e-05 1.04489e-05 3.07238e-06 1.37442e-06 4.76652e-07 1.59174e-07 8.7869e-08 2.56292e-08 0 0 0 0 0 0 0 0 0 0 0 0 0 0 0 0 0 0 0 0 0 0 0 0 0 0 0 0 0 0 0 0 0 0 0 0 0 0 0 0 0 0 0 0 0 0 0 0 0 0 0 0 0 0 0 0 0 0 0 0
19943.2 16603 9303.01 3487.81 1826.15 894.083 679.749 283.673 275.776 91.5136 73.239 37.4049 11.0661 8.33357 6.03001 3.17199 1.54174 0.517059 0.517059 0.246422 0.0544897 0.0478173 0.0200871 0.00919565 0.00335228 0.00192364 0.000440933 8.97759e-05 4.07828e-05 1.66206e-05 5.36759e-06 2.02615e-06 7.37188e-07 3.52004e-07 7.0365e-08 3.42283e-08 0 0 0 0 0 0 0 0 0 0 0 0 0 0 0 0 0 0 0 0 0 0 0 0 0 0 0 0 0 0 0 0 0 0 0 0 0 0 0 0 0 0 0 0 0 0 0 0 0 0 0 0 0 0 0 0 0 0 0 0
18123.3 16185.4 6133.51 3206.07 2326.44 1325.47 814.51 621.76 260.902 99.4862 99.4862 45.5394 22.0088 5.98014 5.98014 3.17214 1.11846 1.11846 0.368003 0.0949284 0.0610582 0.0298056 0.0183842 0.00594729 0.0014568 0.000589408 0.000452738 6.75266e-05 2.82079e-05 9.68891e-06 4.46715e-06 1.467e-06 6.41198e-07 2.25085e-07 9.95318e-08 4.08816e-08 0 0 0 0 0 0 0 0 0 0 0 0 0 0 0 0 0 0 0 0 0 0 0 0 0 0 0 0 0 0 0 0 0 0 0 0 0 0 0 0 0 0 0 0 0 0 0 0 0 0 0 0 0 0 0 0 0 0 0 0
10322.7 7950.06 7950.06 2909.22 2909.22 1203.14 596.091 295.141 110.16 110.16 110.16 48.339 19.6079 11.6818 5.85095 3.39587 1.64858 0.556353 0.449272 0.164423 0.0645721 0.035688 0.0198132 0.00356227 0.00203859 0.000913437 0.0001836 6.26112e-05 1.68389e-05 1.38904e-05 4.0992e-06 1.50851e-06 2.4057e-07 2.01361e-07 4.27183e-08 2.20592e-08 0 0 0 0 0 0 0 0 0 0 0 0 0 0 0 0 0 0 0 0 0 0 0 0 0 0 0 0 0 0 0 0 0 0 0 0 0 0 0 0 0 0 0 0 0 0 0 0 0 0 0 0 0 0 0 0 0 0 0 0
19830.2 10715.8 3353.91 2693.06 1919.48 1601.09 718.322 381.354 247.981 127.752 69.8691 24.5547 14.4493 10.2093 3.48006 1.96107 1.41663 1.13457 0.629908 0.149687 0.0700327 0.0219513 0.00892894 0.00558523 0.00206997 0.000739775 0.000404028 0.00010224 2.02148e-05 1.0806e-05 5.19753e-06 1.83252e-06 6.80046e-07 2.17065e-07 7.37176e-08 4.22212e-08 1.26661e-08 0 0 0 0 0 0 0 0 0 0 0 0 0 0 0 0 0 0 0 0 0 0 0 0 0 0 0 0 0 0 0 0 0 0 0 0 0 0 0 0 0 0 0 0 0 0 0 0 0 0 0 0 0 0 0 0 0 0 0
14437 13910 7153.15 3739.04 1133.79 543.26 269.986 142.539 98.744 58.9062 31.5551 18.6645 18.6645 11.5543 3.9156 2.31014 1.20391 0.656975 0.431621 0.125379 0.0854909 0.0175893 0.00925755 0.0058889 0.00227625 0.000741677 0.000424505 7.22337e-05 2.49156e-05 1.10526e-05 3.35371e-06 1.07376e-06 4.26402e-07 2.0242e-07 1.05796e-07 2.10501e-08 0 0 0 0 0 0 0 0 0 0 0 0 0 0 0 0 0 0 0 0 0 0 0 0 0 0 0 0 0 0 0 0 0 0 0 0 0 0 0 0 0 0 0 0 0 0 0 0 0 0 0 0 0 0 0 0 0 0 0 0
26513.3 12066.5 10934.5 3272.66 1124.99 1124.99 659.278 300.818 228.987 106.213 54.4813 53.4621 20.6704 9.88747 6.23423 4.36228 1.6552 0.848757 0.334465 0.175818 0.0765855 0.0325226 0.00925804 0.00624456 0.0019849 0.000789952 0.000360316 5.40141e-05 2.82834e-05 1.28407e-05 3.93038e-06 1.73753e-06 9.16726e-07 3.25239e-07 6.61396e-08 3.60337e-08 1.01588e-08 0 0 0 0 0 0 0 0 0 0 0 0 0 0 0 0 0 0 0 0 0 0 0 0 0 0 0 0 0 0 0 0 0 0 0 0 0 0 0 0 0 0 0 0 0 0 0 0 0 0 0 0 0 0 0 0 0 0 0
21464.3 19037.4 13735.2 4514.97 2628.7 1825.77 758.455 538.967 309.671 106.714 103.331 65.5204 27.7892 17.6212 5.74802 3.85158 1.4083 1.08587 0.586844 0.262895 0.159572 0.0468075 0.0174384 0.0110442 0.00401614 0.00209393 0.000576031 0.000137256 4.49089e-05 3.0411e-05 2.28963e-06 2.28963e-06 1.15336e-06 4.01647e-07 1.02399e-07 6.74848e-08 1.4785e-08 0 0 0 0 0 0 0 0 0 0 0 0 0 0 0 0 0 0 0 0 0 0 0 0 0 0 0 0 0 0 0 0 0 0 0 0 0 0 0 0 0 0 0 0 0 0 0 0 0 0 0 0 0 0 0 0 0 0 0
23147.7 21707.5 10636 4322.63 4243.67 1067.36 668.177 369.039 348.886 203.345 98.3374 63.0482 14.6262 14.6262 6.52613 4.64091 1.56632 1.38084 0.773798 0.30309 0.0614611 0.0426211 0.0248974 0.0108269 0.00394484 0.00136974 0.000399844 5.27649e-05 2.3342e-05 1.64515e-05 9.88265e-06 1.78769e-06 1.3427e-06 3.5122e-07 1.97945e-07 4.09388e-08 2.81096e-08 0 0 0 0 0 0 0 0 0 0 0 0 0 0 0 0 0 0 0 0 0 0 0 0 0 0 0 0 0 0 0 0 0 0 0 0 0 0 0 0 0 0 0 0 0 0 0 0 0 0 0 0 0 0 0 0 0 0 0
