39392.9 33998.7 24181.9 14453.7 9986.16 8198.87 6208.22 4785.53 3253.79 2351.91 1895.25 1320.5 1011.44 446.615 400.259 400.259 256.883 219.872 153.13 75.2191 42.5867 24.6674 12.2131 8.63044 4.34578 2.52245 1.66877 1.12615 0.613212 0.286049 0.152117 0.0574709 0.0221226 0.0101992 0.00375237 0.0013354 0.000607005 0.000218589 6.87848e-05 1.53551e-05 2.80111e-06 6.90995e-07 1.40267e-07 3.73973e-08 0 0 0 0 0 0 0 0 0 0 0 0 0 0 0 0 0 0 0 0 0 0 0 0 0 0 0 0 0 0 0 0 0 0 0 0 0 0 0 0 0 0 0 0 0 0 0 0 0 0 0 0 0 0 0
50768.7 31921.1 18666.8 12504.5 8379.61 6897.76 5033.63 3590.02 3001.17 2206.47 1355.06 970.518 861.356 664.901 412.128 328.479 87.4458 87.4458 87.4458 70.3441 37.6349 22.5704 12.7439 8.38781 4.62566 2.22432 1.62497 1.02059 0.520668 0.27039 0.120582 0.0471122 0.0203953 0.00857703 0.00327941 0.00140216 0.000504753 0.000200758 6.8399e-05 1.46883e-05 2.73568e-06 4.99712e-07 1.45611e-07 2.76492e-08 0 0 0 0 0 0 0 0 0 0 0 0 0 0 0 0 0 0 0 0 0 0 0 0 0 0 0 0 0 0 0 0 0 0 0 0 0 0 0 0 0 0 0 0 0 0 0 0 0 0 0 0 0 0 0
46302.4 28287.9 16575.7 8700.58 8495.38 5978.6 4000.4 2818.73 2301.9 2013 1644.6 1065.96 880.312 590.67 504.608 300.407 214.96 161.787 97.7024 60.2935 38.0821 19.0303 9.95245 6.71724 3.14109 1.9446 1.19909 0.835698 0.451481 0.234783 0.0980342 0.040219 0.0147538 0.00708205 0.00289033 0.000914166 0.00045016 0.000183542 7.30789e-05 1.69173e-05 3.63301e-06 7.68736e-07 1.88114e-07 3.94521e-08 0 0 0 0 0 0 0 0 0 0 0 0 0 0 0 0 0 0 0 0 0 0 0 0 0 0 0 0 0 0 0 0 0 0 0 0 0 0 0 0 0 0 0 0 0 0 0 0 0 0 0 0 0 0 0
34350.5 33453 23259.4 9612.71 9253.48 6679.56 4943.1 3769.95 3142.09 2281.89 2175.75 1272.55 808.658 493.979 479.31 341.525 203.234 197.945 124.339 75.0921 44.5831 23.151 13.1011 7.54902 5.23457 2.35844 1.55556 1.17295 0.654281 0.29195 0.1408 0.0656194 0.0237639 0.00681693 0.00404208 0.00180108 0.000624501 0.000246327 8.54424e-05 1.62534e-05 3.45736e-06 5.66412e-07 1.53212e-07 3.52831e-08 0 0 0 0 0 0 0 0 0 0 0 0 0 0 0 0 0 0 0 0 0 0 0 0 0 0 0 0 0 0 0 0 0 0 0 0 0 0 0 0 0 0 0 0 0 0 0 0 0 0 0 0 0 0 0
42979.1 28586 23633.3 12399.8 8525.12 7346.24 4663 3495.07 3212.66 1803.24 1685.72 1391.83 981.944 611.266 470.21 261.48 189.658 143.573 119.156 70.2436 39.305 20.0563 12.0115 6.26232 3.11582 1.88649 1.11389 0.817027 0.496499 0.232495 0.100948 0.0402042 0.0175019 0.00573683 0.00270895 0.00121538 0.000397852 0.000160224 5.89272e-05 1.35657e-05 2.6607e-06 7.5642e-07 1.77066e-07 3.9964e-08 0 0 0 0 0 0 0 0 0 0 0 0 0 0 0 0 0 0 0 0 0 0 0 0 0 0 0 0 0 0 0 0 0 0 0 0 0 0 0 0 0 0 0 0 0 0 0 0 0 0 0 0 0 0 0
44117.6 26447.1 23453.2 11634.6 8165.6 5707.15 4657.13 3961.61 2828.49 2054.73 1941.27 1339.19 752.648 708.469 489.862 385.806 228.752 140.269 128.321 78.6057 42.325 20.639 12.7202 6.75432 4.38811 2.22666 1.56372 0.974114 0.552418 0.304458 0.131454 0.0373824 0.0202801 0.00882468 0.00301838 0.00112017 0.000470806 0.000165179 4.50673e-05 9.03901e-06 1.56243e-06 4.62008e-07 1.05731e-07 3.12523e-08 0 0 0 0 0 0 0 0 0 0 0 0 0 0 0 0 0 0 0 0 0 0 0 0 0 0 0 0 0 0 0 0 0 0 0 0 0 0 0 0 0 0 0 0 0 0 0 0 0 0 0 0 0 0 0
42499.1 25982.1 16990.3 9556.05 7351.73 5469.24 4399.54 3527.34 2544 1810.65 1516.21 1081.7 769.09 376.704 376.704 234.422 194.282 143.527 107.65 30.3744 25.2901 19.4387 10.8129 6.37449 3.35155 1.99182 1.43516 0.942377 0.566292 0.255978 0.118599 0.0564838 0.0228144 0.0085967 0.00407416 0.00140482 0.000559637 0.000231101 7.54914e-05 1.55231e-05 3.40653e-06 7.91949e-07 1.46371e-07 2.70159e-08 0 0 0 0 0 0 0 0 0 0 0 0 0 0 0 0 0 0 0 0 0 0 0 0 0 0 0 0 0 0 0 0 0 0 0 0 0 0 0 0 0 0 0 0 0 0 0 0 0 0 0 0 0 0 0
47927.1 33305.9 22557.4 14813.9 9798.2 8207.27 4609.69 4609.69 2800.6 2515.65 1622.78 1207.86 1018.89 693.176 548.202 409.126 226.45 141.338 101.869 91.9193 50.3996 22.1255 11.4268 9.67951 5.29571 2.94587 1.48652 1.14752 0.649645 0.334586 0.163633 0.0535733 0.0312271 0.0120307 0.00349528 0.00176851 0.00055248 0.000217457 7.68561e-05 1.75355e-05 3.68585e-06 7.21081e-07 1.46331e-07 3.23695e-08 0 0 0 0 0 0 0 0 0 0 0 0 0 0 0 0 0 0 0 0 0 0 0 0 0 0 0 0 0 0 0 0 0 0 0 0 0 0 0 0 0 0 0 0 0 0 0 0 0 0 0 0 0 0 0
42620.1 30851.4 20206.3 10099.9 8169.86 5800.12 3864.98 3007.84 2211.85 1356 1234.87 936.395 824.853 445.058 431.724 259.416 203.489 125.051 98.0096 59.7378 36.9127 18.3378 8.85107 5.37022 3.59699 2.08121 1.3951 1.04295 0.60126 0.351014 0.152054 0.0724315 0.0297486 0.0126069 0.00495387 0.00170297 0.000750553 0.000272962 0.000105378 2.1117e-05 5.42184e-06 1.01234e-06 2.34217e-07 5.45517e-08 1.21892e-08 0 0 0 0 0 0 0 0 0 0 0 0 0 0 0 0 0 0 0 0 0 0 0 0 0 0 0 0 0 0 0 0 0 0 0 0 0 0 0 0 0 0 0 0 0 0 0 0 0 0 0 0 0 0
44649.8 30911.1 19696.9 11231.7 7486.26 7125.86 4971.83 3426.79 2774.83 2374.75 1909.64 1307.14 999.703 620.025 416.036 311.813 261.768 170.546 121.596 54.5781 35.04 21.3508 13.52 9.05817 5.40041 2.54048 1.70414 1.10519 0.657881 0.309807 0.147168 0.0643305 0.027262 0.00894542 0.0032996 0.00183112 0.000616927 0.000253468 7.77644e-05 1.61724e-05 4.23314e-06 1.01221e-06 2.41009e-07 4.19069e-08 1.06547e-08 0 0 0 0 0 0 0 0 0 0 0 0 0 0 0 0 0 0 0 0 0 0 0 0 0 0 0 0 0 0 0 0 0 0 0 0 0 0 0 0 0 0 0 0 0 0 0 0 0 0 0 0 0 0
52926.8 29799.5 21419 11264.3 9640.59 7208.97 5820.49 4075.76 2413.77 2413.77 2028.6 1271.06 885.825 659.983 568.985 283.706 210.635 174.353 118.062 61.0679 46.5203 19.105 11.6869 6.4238 5.11921 2.6839 1.6195 1.00362 0.669348 0.299959 0.153116 0.055886 0.0224888 0.0102806 0.00407886 0.00157054 0.000531886 0.000168602 8.26349e-05 1.79203e-05 3.65199e-06 6.7794e-07 1.58776e-07 3.08725e-08 0 0 0 0 0 0 0 0 0 0 0 0 0 0 0 0 0 0 0 0 0 0 0 0 0 0 0 0 0 0 0 0 0 0 0 0 0 0 0 0 0 0 0 0 0 0 0 0 0 0 0 0 0 0 0
41662.8 27970.9 24674.1 11330.8 9011.06 5586.39 4775.8 3950.49 3142.78 2461.16 1649.18 1194.18 609.544 609.544 556.805 351.87 239.612 136.408 106.436 75.3001 38.1527 19.8674 12.5425 8.26258 4.62864 2.46603 1.54751 0.976539 0.647078 0.268083 0.126541 0.0433407 0.0156352 0.00805127 0.00362493 0.0013664 0.000510004 0.000198249 6.5485e-05 1.77228e-05 3.58288e-06 8.38361e-07 2.0109e-07 4.82981e-08 0 0 0 0 0 0 0 0 0 0 0 0 0 0 0 0 0 0 0 0 0 0 0 0 0 0 0 0 0 0 0 0 0 0 0 0 0 0 0 0 0 0 0 0 0 0 0 0 0 0 0 0 0 0 0
48840 26781.3 20249.6 10949.7 6985.43 6722.25 4597.77 2557.73 2557.73 2158.2 1594.11 1011.67 814.928 557.518 462.75 236.572 180.255 139.072 95.5009 56.9332 34.2404 18.9274 11.6108 7.50151 3.94544 2.19073 1.54849 1.01444 0.676554 0.329104 0.155743 0.059898 0.0241216 0.0106092 0.00426792 0.00164177 0.000677055 0.000277811 0.000103764 1.88868e-05 5.32066e-06 1.07938e-06 2.4851e-07 4.58656e-08 0 0 0 0 0 0 0 0 0 0 0 0 0 0 0 0 0 0 0 0 0 0 0 0 0 0 0 0 0 0 0 0 0 0 0 0 0 0 0 0 0 0 0 0 0 0 0 0 0 0 0 0 0 0 0
52101.9 29566.9 19875.2 12149.2 10676.3 5840.61 4158.76 4158.76 2859.82 2730.45 1733.82 1272.57 906.459 628.77 520.929 347.102 271.393 155.074 128.074 79.0884 35.9282 20.9859 14.9124 9.9356 4.81986 2.4274 1.73796 1.30326 0.823334 0.391666 0.199835 0.0933312 0.0364431 0.0144511 0.00586158 0.00213968 0.000937323 0.000264365 0.000123148 3.3349e-05 8.41334e-06 1.87394e-06 4.54256e-07 1.35762e-07 2.54479e-08 0 0 0 0 0 0 0 0 0 0 0 0 0 0 0 0 0 0 0 0 0 0 0 0 0 0 0 0 0 0 0 0 0 0 0 0 0 0 0 0 0 0 0 0 0 0 0 0 0 0 0 0 0 0
49081.2 34543 24902.9 13218.5 9552.9 5758.29 4786.72 3445.91 2728.7 1649.55 1649.55 1164.93 914.109 617.982 456.836 208.649 208.649 130.898 107.312 50.5321 34.9446 15.8536 9.91096 5.99318 2.46746 1.93681 1.3168 0.865462 0.446585 0.24524 0.10941 0.0401368 0.0175444 0.00788639 0.00297189 0.00128316 0.000544711 0.000192826 7.72642e-05 1.56075e-05 3.149e-06 9.79043e-07 2.67965e-07 5.89528e-08 1.1722e-08 0 0 0 0 0 0 0 0 0 0 0 0 0 0 0 0 0 0 0 0 0 0 0 0 0 0 0 0 0 0 0 0 0 0 0 0 0 0 0 0 0 0 0 0 0 0 0 0 0 0 0 0 0 0
44719 28187 17714.3 7560.13 6318.5 6270.93 4057.44 3780.91 2122.82 1724.23 1425.22 1173.54 726.544 503.674 487.415 262.907 217.341 144.161 91.6175 34.4947 22.9018 15.542 10.1085 5.73646 2.76266 1.9222 1.38347 0.86244 0.538709 0.210602 0.109411 0.0438627 0.016589 0.00714986 0.00306022 0.00122623 0.000413957 0.000188885 6.86742e-05 1.33641e-05 2.56278e-06 7.35918e-07 1.29166e-07 2.97514e-08 0 0 0 0 0 0 0 0 0 0 0 0 0 0 0 0 0 0 0 0 0 0 0 0 0 0 0 0 0 0 0 0 0 0 0 0 0 0 0 0 0 0 0 0 0 0 0 0 0 0 0 0 0 0 0
51218.8 18859.5 17294.4 10556.8 8782.69 6187.27 3640.81 3188.25 2660.51 2022.44 1658.08 1198.42 884.764 536.505 412.706 236.418 197.833 147.465 123.324 77.0444 35.4958 22.4393 10.4641 7.48633 3.40918 2.09116 1.33163 0.913072 0.517523 0.240495 0.0830029 0.0440259 0.0145068 0.00636148 0.00286631 0.00109973 0.000469422 0.000194181 6.40424e-05 1.77095e-05 4.38329e-06 9.66802e-07 2.10041e-07 5.69056e-08 1.41189e-08 0 0 0 0 0 0 0 0 0 0 0 0 0 0 0 0 0 0 0 0 0 0 0 0 0 0 0 0 0 0 0 0 0 0 0 0 0 0 0 0 0 0 0 0 0 0 0 0 0 0 0 0 0 0
36803.2 28615.3 22851.6 11820.9 6822.19 4814.2 3898.85 3275.75 2306.98 1765.92 1228.24 998.101 760.044 494.384 239.126 198.738 132.937 132.937 71.8239 54.8754 36.5161 14.8899 10.5509 6.79613 3.14416 2.17573 1.21297 0.823097 0.474268 0.240048 0.116426 0.0461026 0.020343 0.00889126 0.00326034 0.00133626 0.000469717 0.000190644 6.67983e-05 1.45636e-05 2.93519e-06 4.72354e-07 8.86984e-08 2.24402e-08 0 0 0 0 0 0 0 0 0 0 0 0 0 0 0 0 0 0 0 0 0 0 0 0 0 0 0 0 0 0 0 0 0 0 0 0 0 0 0 0 0 0 0 0 0 0 0 0 0 0 0 0 0 0 0
41046.9 31210.6 22900.1 11719.8 9949.72 6462.35 4661.92 3731.36 3140.58 2101.27 1694.12 905.498 799.136 602.636 487.462 379.51 243.599 171.536 87.7684 62.486 43.7278 22.0905 11.874 7.75844 4.40343 2.41909 1.66479 1.07263 0.555781 0.325556 0.140335 0.0589811 0.0235284 0.00939708 0.00366838 0.00180674 0.000488838 0.000209042 6.58501e-05 1.25202e-05 2.99526e-06 6.72852e-07 1.51875e-07 2.54081e-08 0 0 0 0 0 0 0 0 0 0 0 0 0 0 0 0 0 0 0 0 0 0 0 0 0 0 0 0 0 0 0 0 0 0 0 0 0 0 0 0 0 0 0 0 0 0 0 0 0 0 0 0 0 0 0
46431.3 36075.8 23241.7 8748.52 8084.95 5503.37 4426.38 3429.88 2621.89 2192.66 1469.33 1073.2 795.551 584.32 439.395 245.54 200.736 131.152 102.505 74.6503 39.2866 21.1876 12.4245 7.39265 4.44365 2.27515 1.46346 0.984628 0.575074 0.320209 0.150654 0.0471672 0.0232194 0.00945026 0.00268914 0.00134283 0.000501296 0.000208036 8.56108e-05 1.59166e-05 3.50944e-06 8.82165e-07 1.99895e-07 4.61043e-08 1.09544e-08 0 0 0 0 0 0 0 0 0 0 0 0 0 0 0 0 0 0 0 0 0 0 0 0 0 0 0 0 0 0 0 0 0 0 0 0 0 0 0 0 0 0 0 0 0 0 0 0 0 0 0 0 0 0
45232.3 36543 29977.4 16468.3 11479.9 7881.38 6104.93 4018.62 3437.7 2620.65 2317.53 1512.98 916.519 818.921 533.968 354.042 249.039 185.983 142.949 77.9721 33.8895 22.2166 12.8573 9.14933 4.42765 2.16088 1.63254 1.1817 0.690418 0.309993 0.125604 0.0734416 0.0238501 0.0107183 0.00447841 0.00182663 0.000547548 0.000222587 8.06802e-05 1.78768e-05 3.80979e-06 1.06416e-06 2.1109e-07 5.18309e-08 1.0489e-08 0 0 0 0 0 0 0 0 0 0 0 0 0 0 0 0 0 0 0 0 0 0 0 0 0 0 0 0 0 0 0 0 0 0 0 0 0 0 0 0 0 0 0 0 0 0 0 0 0 0 0 0 0 0
48833.7 30793.9 24593.1 13207 9284.59 5917.74 4800.05 4784.42 2919.71 2109.84 1588.72 1321.49 707.994 619.813 442.661 325.339 208.815 178.534 114.762 81.1845 35.7681 23.9578 12.159 6.20083 4.00956 2.21813 1.36214 0.882137 0.533299 0.266385 0.118033 0.0534184 0.0144681 0.0069617 0.00264615 0.00109609 0.000418252 0.000158723 5.71613e-05 1.15004e-05 2.72775e-06 5.54127e-07 1.50477e-07 3.54299e-08 0 0 0 0 0 0 0 0 0 0 0 0 0 0 0 0 0 0 0 0 0 0 0 0 0 0 0 0 0 0 0 0 0 0 0 0 0 0 0 0 0 0 0 0 0 0 0 0 0 0 0 0 0 0 0
35402.5 35402.5 21906.6 12563.3 10044.3 8264.68 3689.9 3689.9 3150.49 1949.83 1852.57 1055.41 843.664 626.316 419.579 306.541 234.896 150.82 121.319 71.7099 46.8832 20.6227 13.9884 7.72671 3.60849 2.3362 1.59801 1.14719 0.626155 0.369201 0.159165 0.0534919 0.0295071 0.0123201 0.00490026 0.00187542 0.0006663 0.000267723 9.55231e-05 1.6009e-05 3.15036e-06 6.55906e-07 1.31343e-07 2.29775e-08 0 0 0 0 0 0 0 0 0 0 0 0 0 0 0 0 0 0 0 0 0 0 0 0 0 0 0 0 0 0 0 0 0 0 0 0 0 0 0 0 0 0 0 0 0 0 0 0 0 0 0 0 0 0 0
49972.5 26260.2 19103.5 13077.6 7525.63 5954.05 5678.34 4063.27 2508.27 1968.52 1373.51 814.586 799.997 611.327 397.119 345.752 215.016 153.072 126.883 58.0783 28.4041 18.0064 12.2269 6.09996 3.24485 2.24724 1.50979 0.931185 0.605385 0.291294 0.156531 0.0428466 0.022918 0.00913918 0.00321932 0.00126973 0.000477084 0.000192663 6.71417e-05 1.81412e-05 3.97021e-06 9.67131e-07 2.56343e-07 4.77396e-08 1.20043e-08 0 0 0 0 0 0 0 0 0 0 0 0 0 0 0 0 0 0 0 0 0 0 0 0 0 0 0 0 0 0 0 0 0 0 0 0 0 0 0 0 0 0 0 0 0 0 0 0 0 0 0 0 0 0
52537.3 27058.4 21278.9 10696.2 7734.39 6387.67 4796.38 3398.14 2210.79 1911.41 1315.89 1041.84 834.217 534.738 422.958 251.051 236.769 164.908 104.777 51.3216 31.4964 17.6299 9.56403 6.82434 2.88729 1.9284 1.37038 0.84772 0.472384 0.262311 0.0902311 0.0410626 0.0171382 0.00752093 0.00230731 0.00102825 0.000533578 0.000200574 7.62817e-05 1.73532e-05 3.48497e-06 8.11213e-07 1.73859e-07 4.17823e-08 0 0 0 0 0 0 0 0 0 0 0 0 0 0 0 0 0 0 0 0 0 0 0 0 0 0 0 0 0 0 0 0 0 0 0 0 0 0 0 0 0 0 0 0 0 0 0 0 0 0 0 0 0 0 0
50190.6 31073.8 24433 8974.76 8974.76 8038.63 5498.25 3697.04 2876.71 2343.3 1978.4 1630.87 1147.18 829.291 615.122 423.949 261.244 185.374 128.753 94.2793 57.6207 31.676 19.9221 10.6467 7.53376 3.81235 2.01106 1.43432 0.953214 0.520252 0.261139 0.101687 0.040915 0.0173772 0.0060039 0.00206731 0.00101788 0.00036967 0.000142171 4.12641e-05 1.0705e-05 2.49091e-06 6.63068e-07 1.66653e-07 3.55462e-08 0 0 0 0 0 0 0 0 0 0 0 0 0 0 0 0 0 0 0 0 0 0 0 0 0 0 0 0 0 0 0 0 0 0 0 0 0 0 0 0 0 0 0 0 0 0 0 0 0 0 0 0 0 0
50682.8 34489.8 19486.9 10515.4 8897.42 6018.02 5316.96 4548.05 3454.87 2376.55 1865.04 1333.22 967.615 725.86 590.762 366.702 266.899 174.117 99.5386 83.634 44.0062 25.5985 13.7684 8.27478 4.40477 2.39212 1.50554 1.1445 0.710217 0.3814 0.145885 0.067672 0.0283022 0.0112702 0.0035919 0.00174165 0.000622835 0.000238366 7.73084e-05 1.79274e-05 2.86275e-06 7.7215e-07 1.85731e-07 4.30133e-08 0 0 0 0 0 0 0 0 0 0 0 0 0 0 0 0 0 0 0 0 0 0 0 0 0 0 0 0 0 0 0 0 0 0 0 0 0 0 0 0 0 0 0 0 0 0 0 0 0 0 0 0 0 0 0
49672.5 31650.7 21357 12285.9 10037.9 7757.67 5556.34 3845.1 2793.52 2251.64 1284.08 1196.16 942.328 555.642 456.095 285.498 224.602 138.496 105.309 56.3913 43.3095 19.1587 10.2017 6.45327 4.30296 2.21867 1.29134 1.02619 0.624486 0.315505 0.115611 0.0579734 0.0230406 0.0109041 0.00401651 0.0016025 0.000581245 0.000243939 9.52056e-05 2.20008e-05 5.09273e-06 1.29828e-06 2.9142e-07 7.70368e-08 1.44876e-08 0 0 0 0 0 0 0 0 0 0 0 0 0 0 0 0 0 0 0 0 0 0 0 0 0 0 0 0 0 0 0 0 0 0 0 0 0 0 0 0 0 0 0 0 0 0 0 0 0 0 0 0 0 0
29847.3 24400.7 20792.6 11727.6 10295.3 7593.99 4302.23 3380.63 2634.34 2558.06 1944.46 746.923 746.923 622.736 480.804 324.936 185.354 173.815 116.025 63.3342 47.6541 28.2727 14.1729 9.619 4.86795 2.52043 1.60656 1.08863 0.482009 0.32937 0.14806 0.05609 0.0287156 0.0112804 0.00440341 0.001676 0.00052872 0.000200687 8.14443e-05 1.75683e-05 3.3072e-06 6.25959e-07 1.48089e-07 3.32897e-08 0 0 0 0 0 0 0 0 0 0 0 0 0 0 0 0 0 0 0 0 0 0 0 0 0 0 0 0 0 0 0 0 0 0 0 0 0 0 0 0 0 0 0 0 0 0 0 0 0 0 0 0 0 0 0
48723.8 30363.9 21031.9 13211.2 7281.15 6058.89 4862.84 4153.02 3377.02 2162.56 1787.31 1375.69 1040.45 507.395 479.339 359.874 241.252 122.929 119.62 76.7792 42.534 19.1737 12.1168 8.13067 4.39713 1.96542 1.48242 0.997381 0.53907 0.262917 0.0908802 0.0393223 0.0178572 0.00710276 0.00254931 0.000724225 0.000352747 0.00013379 5.71248e-05 1.31862e-05 2.45874e-06 5.39339e-07 1.24856e-07 3.3363e-08 0 0 0 0 0 0 0 0 0 0 0 0 0 0 0 0 0 0 0 0 0 0 0 0 0 0 0 0 0 0 0 0 0 0 0 0 0 0 0 0 0 0 0 0 0 0 0 0 0 0 0 0 0 0 0
48464.3 30625.5 22025.9 10400.4 7998.64 7998.64 5255.94 4281.23 2686.3 2438.23 1506.71 1056.71 820.859 655.705 442.915 345.557 222.19 151.806 73.5302 73.5302 38.6435 23.5254 11.8557 9.12807 4.1914 2.65056 1.62575 1.1917 0.59998 0.35322 0.148725 0.0687743 0.0277518 0.0103773 0.00495476 0.00157695 0.000725584 0.000202483 8.78065e-05 1.71458e-05 4.18833e-06 8.96381e-07 1.92908e-07 4.10799e-08 0 0 0 0 0 0 0 0 0 0 0 0 0 0 0 0 0 0 0 0 0 0 0 0 0 0 0 0 0 0 0 0 0 0 0 0 0 0 0 0 0 0 0 0 0 0 0 0 0 0 0 0 0 0 0
37609.1 27700 18193.3 10618.8 8933.22 5139.34 4914.23 3468.74 2987.26 2403.28 1272.98 1176.33 1003.64 666.704 436.969 362.877 249.135 170.459 111.329 62.2015 39.0999 20.9876 9.39445 6.06601 3.52963 1.88585 1.11552 0.695246 0.297897 0.17301 0.0773129 0.0315639 0.0135819 0.00509292 0.00208744 0.00081075 0.000283028 0.000116766 4.00659e-05 9.42558e-06 2.29856e-06 6.95075e-07 1.55514e-07 3.33226e-08 0 0 0 0 0 0 0 0 0 0 0 0 0 0 0 0 0 0 0 0 0 0 0 0 0 0 0 0 0 0 0 0 0 0 0 0 0 0 0 0 0 0 0 0 0 0 0 0 0 0 0 0 0 0 0
45791 35282.5 21414.3 10063 7619.91 5652.82 5040.52 3861.78 2665.88 1407.78 1407.78 1261.97 952.967 594.931 369.184 305.293 246.233 123.492 99.3516 62.244 35.4006 20.5735 10.7446 6.72994 3.32473 1.8078 1.3225 0.972167 0.50515 0.231091 0.106221 0.0377404 0.0143027 0.00678093 0.00243396 0.000908628 0.000331545 0.000138204 4.09759e-05 1.01622e-05 2.08488e-06 5.76973e-07 1.05045e-07 2.61972e-08 0 0 0 0 0 0 0 0 0 0 0 0 0 0 0 0 0 0 0 0 0 0 0 0 0 0 0 0 0 0 0 0 0 0 0 0 0 0 0 0 0 0 0 0 0 0 0 0 0 0 0 0 0 0 0
49952.8 27587.1 17399.2 14308.7 10139.7 5906.74 5280.74 3688.95 3008.31 2280.88 1720.47 1337.62 1176.8 726.864 567.453 334.919 237.059 190.674 132.708 59.3624 40.1983 19.4777 14.5375 9.02196 4.30888 2.41242 1.7049 1.14873 0.74028 0.406713 0.190175 0.0915349 0.0386816 0.0157741 0.00651529 0.00225691 0.000979955 0.000362762 0.000135608 2.65898e-05 5.86731e-06 1.29284e-06 3.02817e-07 8.1865e-08 1.55296e-08 0 0 0 0 0 0 0 0 0 0 0 0 0 0 0 0 0 0 0 0 0 0 0 0 0 0 0 0 0 0 0 0 0 0 0 0 0 0 0 0 0 0 0 0 0 0 0 0 0 0 0 0 0 0
46654.9 27951.1 19221.1 12686.3 11318 6495.35 3997.29 3997.29 3547.72 2276.61 1914.37 1271.4 973.377 625.242 445.731 317.638 292.091 203.685 121.418 87.3855 40.2037 22.1996 11.533 8.93103 5.29626 2.33329 1.68199 1.00788 0.530197 0.329487 0.148294 0.0587213 0.0255531 0.0114707 0.00459443 0.00146314 0.000692867 0.000259828 9.53379e-05 2.10069e-05 4.35783e-06 9.54708e-07 1.99339e-07 4.32676e-08 1.03084e-08 0 0 0 0 0 0 0 0 0 0 0 0 0 0 0 0 0 0 0 0 0 0 0 0 0 0 0 0 0 0 0 0 0 0 0 0 0 0 0 0 0 0 0 0 0 0 0 0 0 0 0 0 0 0
48090.2 32475.7 26720.1 12734.8 10238.8 8516.52 5494.73 4246.8 2877.35 2351.9 1643.22 1448.78 1019.74 676.109 559.368 311.174 269.769 182.935 126.824 56.6144 33.1488 21.4464 13.4687 7.29981 3.5059 2.13791 1.47688 1.00512 0.58639 0.223019 0.11571 0.0453796 0.0197255 0.0075674 0.00289425 0.00109334 0.000484636 0.000145802 7.49817e-05 1.32838e-05 3.02206e-06 5.45959e-07 1.53823e-07 3.4161e-08 0 0 0 0 0 0 0 0 0 0 0 0 0 0 0 0 0 0 0 0 0 0 0 0 0 0 0 0 0 0 0 0 0 0 0 0 0 0 0 0 0 0 0 0 0 0 0 0 0 0 0 0 0 0 0
41464.7 30777.4 22652.2 9689.07 8390.27 6194.79 4820.54 3512.73 2490.65 1996.47 1554.02 1281.92 855.003 582.147 432.158 311.258 226.317 140.646 104.465 43.5734 29.6166 18.5765 11.7225 8.35208 4.17709 2.39168 1.46196 0.89815 0.466366 0.209077 0.0907226 0.0376453 0.0165359 0.00584551 0.00201792 0.000934021 0.000407083 0.000158267 5.60924e-05 1.25185e-05 3.09547e-06 5.29018e-07 1.46536e-07 1.94749e-08 0 0 0 0 0 0 0 0 0 0 0 0 0 0 0 0 0 0 0 0 0 0 0 0 0 0 0 0 0 0 0 0 0 0 0 0 0 0 0 0 0 0 0 0 0 0 0 0 0 0 0 0 0 0 0
48916.3 32086.8 19243.6 11123.3 9224.73 7261.47 5105.32 3932.97 2762.28 2109.16 1406.45 1209.11 938.458 679.681 473.028 354.826 276.606 166.558 144.196 76.7797 46.756 26.5361 15.751 8.00831 5.33261 2.92055 1.52214 1.25488 0.702636 0.427277 0.105446 0.0753135 0.0299537 0.010729 0.00508751 0.00153234 0.000637338 0.000230035 6.5481e-05 2.19811e-05 3.05641e-06 1.06841e-06 2.14567e-07 4.5017e-08 1.05335e-08 0 0 0 0 0 0 0 0 0 0 0 0 0 0 0 0 0 0 0 0 0 0 0 0 0 0 0 0 0 0 0 0 0 0 0 0 0 0 0 0 0 0 0 0 0 0 0 0 0 0 0 0 0 0
46216.1 33727.3 23512.4 11433.8 7470.87 6606.75 4100.5 3847.83 2652.87 2148.98 1264.03 831.438 639.7 562.632 375.114 290.714 161.614 117.37 108.421 65.6102 26.0357 15.0924 8.84827 6.00754 3.13339 1.96677 1.18535 0.852911 0.430777 0.20798 0.0797127 0.0346193 0.0167559 0.00751757 0.00237094 0.00102615 0.00039554 0.000122191 5.28918e-05 1.04493e-05 2.16983e-06 6.47215e-07 1.32845e-07 3.60204e-08 0 0 0 0 0 0 0 0 0 0 0 0 0 0 0 0 0 0 0 0 0 0 0 0 0 0 0 0 0 0 0 0 0 0 0 0 0 0 0 0 0 0 0 0 0 0 0 0 0 0 0 0 0 0 0
41122.1 34703.1 25367.3 13629.4 10266.9 8028.47 5650.16 3747.52 2984.89 2221.57 1403.18 1286.51 833.556 584.377 537.639 320.765 209.811 137.758 112.812 63.4218 38.2738 19.9126 15.4926 8.11967 4.60266 2.49385 1.49361 1.06079 0.655643 0.286672 0.114191 0.0561125 0.0204311 0.00797224 0.00334608 0.00133326 0.000538803 0.000162026 6.91119e-05 1.76928e-05 5.06632e-06 1.07866e-06 2.20676e-07 6.17736e-08 1.1909e-08 0 0 0 0 0 0 0 0 0 0 0 0 0 0 0 0 0 0 0 0 0 0 0 0 0 0 0 0 0 0 0 0 0 0 0 0 0 0 0 0 0 0 0 0 0 0 0 0 0 0 0 0 0 0
53578.2 30844.3 24441.8 13754.2 8771.69 5088.44 4450.28 2244.83 2145.98 2061.93 1444.43 1057.5 780.301 576.215 442.388 263.304 216.594 162.4 107.495 37.6722 34.2642 17.6827 11.7182 7.82407 4.36216 2.14944 1.27081 0.896781 0.557065 0.258836 0.139805 0.0570225 0.0232586 0.0102771 0.00367538 0.00170015 0.000507969 0.000248545 8.43263e-05 1.75244e-05 3.97937e-06 9.67286e-07 2.00441e-07 4.19736e-08 0 0 0 0 0 0 0 0 0 0 0 0 0 0 0 0 0 0 0 0 0 0 0 0 0 0 0 0 0 0 0 0 0 0 0 0 0 0 0 0 0 0 0 0 0 0 0 0 0 0 0 0 0 0 0
38994.7 34621.8 24621.2 12283.4 8010.18 6308.68 4599.74 4205.93 2364.9 1954.44 1505.53 1055.58 800.907 505.957 294.486 279.735 172.377 118.821 81.8734 58.227 38.3909 19.0671 12.2594 5.39507 3.21019 1.91694 1.45214 0.937741 0.447851 0.251776 0.0952157 0.0392434 0.0188775 0.00748761 0.00223112 0.000963056 0.0003394 0.000148555 4.02704e-05 1.01775e-05 2.62442e-06 5.15864e-07 1.23991e-07 2.87423e-08 0 0 0 0 0 0 0 0 0 0 0 0 0 0 0 0 0 0 0 0 0 0 0 0 0 0 0 0 0 0 0 0 0 0 0 0 0 0 0 0 0 0 0 0 0 0 0 0 0 0 0 0 0 0 0
49341.4 28195.8 19772.7 13411.8 9310.75 7077 5117.78 3422.36 2441.55 2078.31 1300.8 1300.8 723.997 671.697 432.797 395.608 293.986 193.501 133.619 83.4261 49.7981 26.6922 14.4232 9.37254 4.31151 2.54204 1.67988 1.12829 0.812143 0.306986 0.166551 0.0692983 0.0303312 0.0134999 0.00548008 0.00206966 0.000761154 0.000302698 0.000121609 2.29511e-05 5.05087e-06 1.34754e-06 3.08663e-07 6.12765e-08 1.50188e-08 0 0 0 0 0 0 0 0 0 0 0 0 0 0 0 0 0 0 0 0 0 0 0 0 0 0 0 0 0 0 0 0 0 0 0 0 0 0 0 0 0 0 0 0 0 0 0 0 0 0 0 0 0 0
45873.6 30884.3 22012.2 10275.3 9946.53 5164.91 3691.53 3691.53 3060.03 2063.35 1626.92 1177.08 814.145 651.254 488.833 237.327 195.705 157.494 117.239 58.5813 38.5272 21.2268 15.1964 7.91073 5.50775 2.78166 1.65191 1.18789 0.736175 0.351246 0.155697 0.06008 0.029084 0.0106102 0.00458657 0.00158687 0.000733849 0.000211918 0.0001097 2.19958e-05 4.73012e-06 1.40171e-06 2.948e-07 5.14393e-08 1.43199e-08 0 0 0 0 0 0 0 0 0 0 0 0 0 0 0 0 0 0 0 0 0 0 0 0 0 0 0 0 0 0 0 0 0 0 0 0 0 0 0 0 0 0 0 0 0 0 0 0 0 0 0 0 0 0
48182.8 25729.5 17036 12567.8 8529.19 5818.95 4494.96 3254.01 2802.39 1584.64 1402.23 1080.05 925.256 587.529 433.504 343.558 264.807 164.423 110.692 72.4782 40.7155 25.6094 13.7411 7.7996 4.62793 1.9582 1.45506 0.974533 0.624066 0.348876 0.131729 0.0558707 0.0252206 0.00841908 0.00369763 0.00125598 0.000540923 0.000184838 7.48209e-05 1.56376e-05 2.93262e-06 5.77671e-07 1.41892e-07 2.59234e-08 0 0 0 0 0 0 0 0 0 0 0 0 0 0 0 0 0 0 0 0 0 0 0 0 0 0 0 0 0 0 0 0 0 0 0 0 0 0 0 0 0 0 0 0 0 0 0 0 0 0 0 0 0 0 0
45142.3 34628.2 22532.2 11380.3 6745.63 6121.52 3953.55 3324.95 1915.5 1915.5 1048.96 1048.96 897.881 519.072 427.301 285.1 201.545 154.28 105.565 61.6235 37.8118 17.0981 11.6407 6.82242 3.73606 2.02833 1.36592 0.858466 0.501378 0.325615 0.165412 0.0722193 0.0297001 0.0124771 0.00486455 0.00191444 0.000851949 0.000217578 0.000106415 2.13383e-05 4.60865e-06 9.29156e-07 1.91543e-07 5.43163e-08 1.17373e-08 0 0 0 0 0 0 0 0 0 0 0 0 0 0 0 0 0 0 0 0 0 0 0 0 0 0 0 0 0 0 0 0 0 0 0 0 0 0 0 0 0 0 0 0 0 0 0 0 0 0 0 0 0 0
49568.7 33928.5 24071.4 13044.2 10194.7 7193.28 4712.01 3784.08 2466.55 2466.55 1691.55 1423.95 840.761 749.911 541.325 291.021 291.021 198.813 134.659 94.0064 47.8663 21.7266 12.0732 8.42447 5.1058 2.52783 1.73473 1.19359 0.670136 0.343805 0.147512 0.0566977 0.0258686 0.00923326 0.0043393 0.00114403 0.000756293 0.000220467 9.01161e-05 2.04083e-05 4.72573e-06 1.14644e-06 2.21956e-07 4.69643e-08 0 0 0 0 0 0 0 0 0 0 0 0 0 0 0 0 0 0 0 0 0 0 0 0 0 0 0 0 0 0 0 0 0 0 0 0 0 0 0 0 0 0 0 0 0 0 0 0 0 0 0 0 0 0 0
46801.2 28750.6 17426.5 9620.37 7273.72 6403.08 4156.22 2967.55 2062.73 1752.38 1251.33 772.149 691.95 465.388 309.879 243.59 179.479 115.577 83.2632 50.2555 25.9397 14.5646 9.78135 6.14964 2.91896 1.75289 1.24914 0.744834 0.385542 0.15315 0.0675337 0.0367342 0.0114821 0.00552611 0.00186753 0.000758199 0.000307265 0.00010813 4.09039e-05 6.56282e-06 1.66685e-06 3.55371e-07 6.33844e-08 1.41835e-08 0 0 0 0 0 0 0 0 0 0 0 0 0 0 0 0 0 0 0 0 0 0 0 0 0 0 0 0 0 0 0 0 0 0 0 0 0 0 0 0 0 0 0 0 0 0 0 0 0 0 0 0 0 0 0
50236.1 30178.1 22903.5 9870.88 7054.32 5969.93 4714.76 3374.92 2606.31 2018.64 1333.23 1100.25 696.61 530.57 355.266 241.844 165.372 103.09 95.3863 58.206 27.0679 16.0819 10.2202 5.2592 2.7876 1.92874 1.18738 0.797493 0.384505 0.206663 0.1 0.0358229 0.0182499 0.00553772 0.00252025 0.00110916 0.000352981 0.000140998 5.68341e-05 1.19253e-05 2.08507e-06 4.68612e-07 9.6881e-08 2.629e-08 0 0 0 0 0 0 0 0 0 0 0 0 0 0 0 0 0 0 0 0 0 0 0 0 0 0 0 0 0 0 0 0 0 0 0 0 0 0 0 0 0 0 0 0 0 0 0 0 0 0 0 0 0 0 0
58765.4 29791.3 21731.8 10724.7 8050.92 6959.15 4523.87 3829.24 2723.78 1652.03 1652.03 895.669 895.669 715.074 493 299.607 223.961 152.392 122.137 66.4154 41.0625 22.2021 11.0198 6.82334 4.14995 2.38277 1.41807 1.21453 0.757831 0.418429 0.143152 0.0785066 0.0334264 0.0145102 0.00576836 0.0022006 0.000755219 0.000307952 0.000124909 2.4761e-05 5.20223e-06 8.84044e-07 2.07212e-07 5.21901e-08 1.4886e-08 0 0 0 0 0 0 0 0 0 0 0 0 0 0 0 0 0 0 0 0 0 0 0 0 0 0 0 0 0 0 0 0 0 0 0 0 0 0 0 0 0 0 0 0 0 0 0 0 0 0 0 0 0 0
46126.4 23997.9 23055 12228.8 7454.79 4391.1 4391.1 2598.92 2402.59 1686.31 1500.47 885.211 602.746 461.065 436.45 230.217 202.234 137.617 100.978 60.7525 30.6297 19.1134 11.8275 6.01946 2.71054 1.903 1.07784 0.772922 0.355066 0.192825 0.094381 0.0393075 0.0180376 0.00746022 0.00287115 0.00113699 0.000467802 0.000142073 6.60239e-05 1.369e-05 3.49051e-06 7.5819e-07 1.29635e-07 2.64902e-08 0 0 0 0 0 0 0 0 0 0 0 0 0 0 0 0 0 0 0 0 0 0 0 0 0 0 0 0 0 0 0 0 0 0 0 0 0 0 0 0 0 0 0 0 0 0 0 0 0 0 0 0 0 0 0
