179282 169850 130675 96505.4 67549.8 67549.8 44722.8 43930.3 22405.6 18621.1 13218.5 8188.24 6281.9 4892.15 2810.45 2260.01 1533.92 842.041 599.317 328.462 215.44 106.872 74.9865 37.3091 22.2028 14.3775 7.69162 2.58425 1.27335 0.965565 0.588321 0.285936 0.125379 0.0686339 0.0307065 0.0208467 0.00978621 0.00462214 0.00201503 0.000185101 7.10704e-05 2.11384e-05 5.31008e-06 1.61988e-06 6.76826e-07 1.85625e-07 5.35687e-08 1.57761e-08 0 0 0 0 0 0 0 0 0 0 0 0 0 0 0 0 0 0 0 0 0 0 0 0 0 0 0 0 0 0 0 0 0 0 0 0 0 0 0 0 0 0 0 0 0 0 0
119709 119709 119709 97020.4 71909.4 71909.4 51823.2 37736.8 25702.6 17365.9 14999.7 11221.1 6329.65 5337.6 3399.05 1673.9 1673.9 1120.66 759.663 469.372 283.029 112.649 87.8363 42.019 27.1071 16.3885 8.06367 5.47663 2.5513 1.13761 0.704826 0.310468 0.164364 0.0945371 0.0439324 0.0237958 0.0110307 0.00393152 0.00214475 0.000209971 5.85786e-05 2.55028e-05 6.61546e-06 1.97992e-06 6.72453e-07 2.84436e-07 8.6278e-08 2.39522e-08 1.08101e-08 0 0 0 0 0 0 0 0 0 0 0 0 0 0 0 0 0 0 0 0 0 0 0 0 0 0 0 0 0 0 0 0 0 0 0 0 0 0 0 0 0 0 0 0 0 0
166380 137531 131861 81321.1 69544.4 69544.4 41367.9 29744.6 20300.9 16532.3 11146.9 7410.44 3862.12 3575.88 1873.52 1425.79 1011.84 603.457 400.651 219.745 109.436 88.248 52.5583 24.8464 15.1595 7.37722 4.02333 2.52937 1.3659 0.593058 0.344233 0.213531 0.107166 0.0584461 0.0200941 0.012327 0.00573436 0.00167122 0.00141972 0.000191324 3.87903e-05 1.59534e-05 5.08863e-06 1.00526e-06 4.08307e-07 1.39938e-07 3.95723e-08 1.06569e-08 0 0 0 0 0 0 0 0 0 0 0 0 0 0 0 0 0 0 0 0 0 0 0 0 0 0 0 0 0 0 0 0 0 0 0 0 0 0 0 0 0 0 0 0 0 0 0
155630 136875 132236 77033.1 64334.6 55640.8 47823.2 27065.3 23332.9 17607.5 10783.8 6906.03 5799.72 3485.51 1972.64 1597.73 920.07 727.594 390.717 286.229 165.319 81.8513 59.2921 31.8627 16.8546 7.0207 3.35733 2.57376 1.29654 0.822906 0.382537 0.166482 0.100657 0.0572878 0.0197096 0.0145838 0.00730541 0.00336069 0.00154056 0.00012142 5.4162e-05 2.4669e-05 7.82617e-06 2.19427e-06 8.21051e-07 2.45632e-07 8.13173e-08 2.3356e-08 0 0 0 0 0 0 0 0 0 0 0 0 0 0 0 0 0 0 0 0 0 0 0 0 0 0 0 0 0 0 0 0 0 0 0 0 0 0 0 0 0 0 0 0 0 0 0
194209 149144 106500 92521.2 86408.1 79891.2 39360.6 35297.5 26007.1 15604 14376.6 8492.14 5688.19 3729.03 1809.93 1625.97 1228.15 920.831 473.714 274.261 160.392 84.4399 59.7905 32.495 17.4557 11.1463 6.39329 3.38648 1.63756 0.841084 0.505127 0.279806 0.158317 0.0876652 0.0336058 0.00996059 0.00993619 0.00477791 0.00200622 0.000242527 7.59692e-05 1.77667e-05 5.31234e-06 1.87096e-06 5.42898e-07 1.78188e-07 5.87165e-08 1.79373e-08 0 0 0 0 0 0 0 0 0 0 0 0 0 0 0 0 0 0 0 0 0 0 0 0 0 0 0 0 0 0 0 0 0 0 0 0 0 0 0 0 0 0 0 0 0 0 0
164781 134262 124978 108723 85327.3 67706.9 48042.8 40827.8 28640.4 19492 13237.3 9026.24 8188.12 3306.45 3306.45 1829.39 1301.34 757.784 699.628 296.646 254.086 72.7555 72.7555 48.7557 25.9825 14.9909 9.1475 4.2962 2.97577 1.43726 0.784016 0.334794 0.193684 0.0760219 0.0490301 0.0236603 0.00822878 0.00533141 0.00306553 0.000270738 9.6835e-05 2.27642e-05 8.54113e-06 2.17039e-06 9.28767e-07 3.01275e-07 8.36189e-08 2.52051e-08 1.1674e-08 0 0 0 0 0 0 0 0 0 0 0 0 0 0 0 0 0 0 0 0 0 0 0 0 0 0 0 0 0 0 0 0 0 0 0 0 0 0 0 0 0 0 0 0 0 0
156265 138456 115622 96067.2 88824.5 68483.8 57515.8 34707.7 24352.1 16445.4 11906.6 8629.06 6241.82 3637.29 2724.71 2018.78 1279.19 855.537 452.253 298.938 188.425 86.5611 56.9882 40.1603 19.5348 10.2959 4.75685 2.98364 1.21936 0.886123 0.481004 0.29574 0.153956 0.0855813 0.0398951 0.0188641 0.00837403 0.00456953 0.00155861 0.000246858 5.89729e-05 2.09049e-05 5.72235e-06 2.79743e-06 1.26903e-06 3.59174e-07 1.18966e-07 4.46262e-08 1.60923e-08 0 0 0 0 0 0 0 0 0 0 0 0 0 0 0 0 0 0 0 0 0 0 0 0 0 0 0 0 0 0 0 0 0 0 0 0 0 0 0 0 0 0 0 0 0 0
121817 121817 121817 87174.2 71490.2 52620.6 52281.2 37349.5 24956.4 17784.6 12751.1 7159.41 5409.33 3140.52 2733.6 1739.48 1148.44 542.092 489.132 210.051 165.819 91.9802 55.7455 23.9324 13.8673 8.29362 4.30455 2.40657 1.3846 0.550239 0.477929 0.263212 0.129386 0.0673408 0.0336242 0.00796245 0.00747559 0.00463922 0.00208769 0.000125458 3.58772e-05 2.35264e-05 5.18612e-06 1.88047e-06 4.71993e-07 1.71063e-07 4.99653e-08 1.51199e-08 0 0 0 0 0 0 0 0 0 0 0 0 0 0 0 0 0 0 0 0 0 0 0 0 0 0 0 0 0 0 0 0 0 0 0 0 0 0 0 0 0 0 0 0 0 0 0
134941 134941 134941 104003 66487.7 66487.7 55365.5 36754.3 24868.5 19103.6 13664 9293.93 6774.91 2849.18 2849.18 2076.22 1454.43 1129.02 681.851 306.505 215.772 147.899 73.6225 37.4334 19.0551 12.2707 9.74395 5.04583 2.37108 1.45027 0.553184 0.300581 0.187081 0.0572817 0.0327161 0.0189929 0.0092942 0.0043751 0.00186793 0.000196134 7.51169e-05 2.36153e-05 7.8066e-06 2.6595e-06 9.86286e-07 3.47549e-07 9.42229e-08 2.08977e-08 0 0 0 0 0 0 0 0 0 0 0 0 0 0 0 0 0 0 0 0 0 0 0 0 0 0 0 0 0 0 0 0 0 0 0 0 0 0 0 0 0 0 0 0 0 0 0
163831 121408 121408 115444 85336.1 72950.7 62450.6 48223.6 31044.9 16053.8 15171.5 8851.04 6536.16 4855.11 3208.14 2378.56 1457.87 944.443 663.819 260.085 202.207 104.906 75.3129 30.1956 22.6271 13.381 4.74151 3.94058 2.08126 0.939757 0.517639 0.250794 0.0967326 0.0701406 0.0379498 0.0222073 0.00925776 0.00352046 0.00178377 0.000134129 4.14132e-05 1.76035e-05 6.43043e-06 2.41462e-06 8.82708e-07 2.69688e-07 7.26819e-08 2.52837e-08 0 0 0 0 0 0 0 0 0 0 0 0 0 0 0 0 0 0 0 0 0 0 0 0 0 0 0 0 0 0 0 0 0 0 0 0 0 0 0 0 0 0 0 0 0 0 0
154963 121044 121044 81616.8 81616.8 81616.8 61685.6 59423.6 38790.1 32651.9 21615.1 13745.8 10607.2 7557.22 2544.15 2418.5 1827.08 1231.01 986.543 584.221 289.501 220.585 99.0051 68.8895 47.4462 22.8199 15.336 7.78596 4.1347 2.55198 1.08647 0.58294 0.291778 0.167514 0.0745357 0.0397278 0.011921 0.00914312 0.0039108 0.000351412 0.000112505 4.11519e-05 1.27865e-05 4.45271e-06 1.79526e-06 6.97509e-07 2.0521e-07 6.93651e-08 3.06369e-08 1.21616e-08 0 0 0 0 0 0 0 0 0 0 0 0 0 0 0 0 0 0 0 0 0 0 0 0 0 0 0 0 0 0 0 0 0 0 0 0 0 0 0 0 0 0 0 0 0
146919 111008 111008 91082.6 91082.6 71819.1 66705.4 46818.6 29069 27548 18153.1 10083.5 8393.76 4639.47 4528.08 2742.24 1326.14 1017.07 485.939 472.478 286.334 154.785 101.602 51.0063 27.7388 16.9023 9.27614 4.25842 2.25805 1.24122 0.81546 0.273631 0.194344 0.105346 0.0600907 0.0227926 0.0150228 0.00857928 0.00290943 0.000286061 0.000107043 3.63399e-05 1.17827e-05 2.94821e-06 7.55867e-07 3.21541e-07 1.02345e-07 3.77558e-08 1.07944e-08 0 0 0 0 0 0 0 0 0 0 0 0 0 0 0 0 0 0 0 0 0 0 0 0 0 0 0 0 0 0 0 0 0 0 0 0 0 0 0 0 0 0 0 0 0 0
150846 134257 105707 85224.3 69721.5 38994 38994 28910.4 22108.6 17093.9 13170.9 8542.62 6057.67 4537.27 2092.47 1939.68 1100.63 631.543 515.089 340.906 187.009 102.607 38.8992 30.5936 17.2975 11.6184 5.23225 3.40954 1.46384 1.00431 0.466084 0.279149 0.133676 0.0494387 0.0250344 0.0151826 0.00480235 0.00365306 0.00160455 0.000195019 7.63897e-05 2.49372e-05 7.81452e-06 2.47001e-06 6.99758e-07 2.83612e-07 8.22263e-08 3.18254e-08 1.18857e-08 0 0 0 0 0 0 0 0 0 0 0 0 0 0 0 0 0 0 0 0 0 0 0 0 0 0 0 0 0 0 0 0 0 0 0 0 0 0 0 0 0 0 0 0 0 0
137614 131538 131538 46006.4 46006.4 46006.4 38552.2 30746.5 19950.2 18655 10470.6 5493.87 5328.18 2803.75 1982.08 1516.85 944.789 843.16 500.485 255.661 177.401 104.716 49.7502 31.5431 17.9956 5.63543 4.76729 2.9163 1.29911 0.400897 0.312655 0.206309 0.101462 0.0411569 0.0284993 0.017738 0.00658903 0.00278804 0.0016982 0.000149227 3.80554e-05 1.91431e-05 6.72199e-06 2.73976e-06 9.54647e-07 2.93219e-07 8.05259e-08 1.59221e-08 0 0 0 0 0 0 0 0 0 0 0 0 0 0 0 0 0 0 0 0 0 0 0 0 0 0 0 0 0 0 0 0 0 0 0 0 0 0 0 0 0 0 0 0 0 0 0
164023 128865 83424.4 59046.2 59046.2 59046.2 36472 31997.1 21133.4 13320.2 8330.9 6180.23 3556.36 2337.22 2211.88 1604.37 882.891 573.207 421.116 269.846 167.629 105.51 47.6872 28.808 14.9173 10.6463 4.25737 2.77857 1.39055 0.804473 0.32842 0.230145 0.105239 0.0512877 0.0271212 0.0142599 0.00605553 0.00282662 0.00144651 0.000128999 3.29278e-05 1.07083e-05 4.36276e-06 1.61924e-06 5.58099e-07 1.61034e-07 5.0912e-08 2.03187e-08 0 0 0 0 0 0 0 0 0 0 0 0 0 0 0 0 0 0 0 0 0 0 0 0 0 0 0 0 0 0 0 0 0 0 0 0 0 0 0 0 0 0 0 0 0 0 0
173143 125908 125908 116584 90484.6 70679.6 57339.9 40101.1 30682.5 25109.5 17157.1 13409.6 9286.52 5348.23 3830.7 2229.05 1544.21 959.853 642.58 356.48 184.759 134.852 73.5595 40.5978 17.6216 12.0058 8.00652 4.14707 1.90106 1.26091 0.605252 0.309873 0.195402 0.0661133 0.0441388 0.0136144 0.0100053 0.00539458 0.00240903 0.000181496 5.78513e-05 1.78798e-05 5.50244e-06 1.52436e-06 5.93216e-07 1.81249e-07 6.5171e-08 2.85121e-08 0 0 0 0 0 0 0 0 0 0 0 0 0 0 0 0 0 0 0 0 0 0 0 0 0 0 0 0 0 0 0 0 0 0 0 0 0 0 0 0 0 0 0 0 0 0 0
159448 159448 132884 79900.7 75718.4 70182.6 41172.4 34194.8 24890.9 15264.7 14722.7 9154.01 5685.83 4176.92 2028.71 1810.88 1064.27 745.441 564.891 345.116 164.409 114.346 51.1631 29.4846 15.128 8.5805 4.98609 3.05122 1.86271 0.668587 0.512301 0.198061 0.101939 0.0537223 0.0149343 0.0115683 0.00615271 0.00287126 0.00157161 8.29591e-05 4.37362e-05 1.31626e-05 4.49624e-06 1.3904e-06 5.49206e-07 1.42314e-07 5.06151e-08 1.26739e-08 0 0 0 0 0 0 0 0 0 0 0 0 0 0 0 0 0 0 0 0 0 0 0 0 0 0 0 0 0 0 0 0 0 0 0 0 0 0 0 0 0 0 0 0 0 0 0
166756 106593 106593 86440.3 86440.3 61877.2 52474.7 48741.4 32330.1 23332.5 9822.89 9822.89 4771.46 4771.46 2785.32 1677.94 1314.51 1029.45 621.202 332.297 226.817 168.097 90.6682 44.0943 25.3936 14.5381 5.20916 4.06497 2.69415 1.1772 0.756625 0.357618 0.206389 0.106829 0.0457521 0.0217988 0.0102086 0.00612854 0.00357163 0.000303435 0.000101636 3.77227e-05 1.18371e-05 3.25449e-06 1.28167e-06 4.18162e-07 2.01946e-07 6.80267e-08 2.24418e-08 0 0 0 0 0 0 0 0 0 0 0 0 0 0 0 0 0 0 0 0 0 0 0 0 0 0 0 0 0 0 0 0 0 0 0 0 0 0 0 0 0 0 0 0 0 0
140274 140274 140274 99998.6 76380.3 47826.5 47826.5 47826.5 29043.5 20394.6 16054.4 10664.7 8080.34 4509.25 3706.1 2391.27 1793.03 955.189 853.223 439.393 231.004 172.617 112.333 51.2651 31.165 14.5673 8.53398 3.82769 2.83313 1.52324 0.843063 0.38283 0.224316 0.132149 0.0579886 0.0306378 0.0147378 0.00830026 0.00392645 0.000462329 0.000145171 5.55512e-05 1.55656e-05 6.06353e-06 1.69889e-06 5.48721e-07 2.56954e-07 7.87112e-08 1.92722e-08 0 0 0 0 0 0 0 0 0 0 0 0 0 0 0 0 0 0 0 0 0 0 0 0 0 0 0 0 0 0 0 0 0 0 0 0 0 0 0 0 0 0 0 0 0 0
187098 98644.1 98644.1 97031.7 86411 72092.6 48867.6 46090.6 31837.6 25432.9 15776.5 10626 5947 5947 2943.67 2153.62 1367.15 979.903 507.221 272.62 223.958 97.8678 75.5688 44.8119 23.7008 13.4801 8.23552 4.25304 2.56003 1.0117 0.670531 0.296052 0.221759 0.085432 0.0453991 0.0277469 0.0135469 0.00623689 0.00293528 0.000411696 0.000130001 4.42537e-05 1.61292e-05 5.14627e-06 1.70895e-06 7.38995e-07 2.06033e-07 6.29179e-08 1.70925e-08 0 0 0 0 0 0 0 0 0 0 0 0 0 0 0 0 0 0 0 0 0 0 0 0 0 0 0 0 0 0 0 0 0 0 0 0 0 0 0 0 0 0 0 0 0 0
128481 103777 96851.8 96851.8 96851.8 68563.6 57625.8 34810.3 30082.3 18328.5 15404.4 8818.95 5826.44 4094.72 3006.4 1791.7 747.33 692.871 512.751 328.249 225.62 108.226 65.995 30.0306 18.9629 12.3131 5.04396 3.18468 1.63932 1.0632 0.513252 0.251902 0.154216 0.0798999 0.036174 0.0226927 0.0126806 0.00500209 0.00233463 0.000291178 8.27818e-05 2.76998e-05 8.28212e-06 3.30322e-06 1.06112e-06 4.48428e-07 9.43811e-08 5.05753e-08 1.7445e-08 0 0 0 0 0 0 0 0 0 0 0 0 0 0 0 0 0 0 0 0 0 0 0 0 0 0 0 0 0 0 0 0 0 0 0 0 0 0 0 0 0 0 0 0 0 0
183293 150842 97843.1 92711.7 92711.7 70152.4 62465.4 44496.6 33463.1 20651.8 15366.4 9150.84 5754.19 4377.43 3342.07 1358.63 1358.63 716.226 563.023 364.234 227.927 126.763 72.6863 40.4889 25.075 9.37214 5.99454 4.16608 2.10694 1.44887 0.618566 0.333093 0.184998 0.0724183 0.0409872 0.020545 0.00904779 0.00534982 0.00178607 0.000166057 5.34117e-05 2.23015e-05 6.8461e-06 2.28069e-06 6.56508e-07 1.86899e-07 8.05024e-08 3.02837e-08 0 0 0 0 0 0 0 0 0 0 0 0 0 0 0 0 0 0 0 0 0 0 0 0 0 0 0 0 0 0 0 0 0 0 0 0 0 0 0 0 0 0 0 0 0 0 0
139295 115153 109087 83233.4 73596 46045.9 46045.9 31361.5 27512.2 17834.2 12479.6 6788.3 5818.42 3587 2313.6 1463.7 1220.11 746.092 454.189 321.145 168.539 92.628 42.1565 23.213 14.8571 9.20296 5.19076 2.17237 1.13472 0.776448 0.507269 0.212637 0.0989715 0.0574897 0.0296669 0.0147378 0.0077463 0.0035223 0.00119915 0.000178421 5.49682e-05 2.10238e-05 7.65458e-06 2.66746e-06 1.02131e-06 3.8302e-07 1.48073e-07 4.58381e-08 1.05333e-08 0 0 0 0 0 0 0 0 0 0 0 0 0 0 0 0 0 0 0 0 0 0 0 0 0 0 0 0 0 0 0 0 0 0 0 0 0 0 0 0 0 0 0 0 0 0
154806 103794 103794 98330.2 80807.6 63662.3 52675.5 46277.5 30409 25936.9 16751.6 8453.91 6879.37 5627.82 2993.81 2102.4 1085.76 1010 700.377 400.272 211.883 103.894 56.4395 41.0512 24.6032 12.3712 7.60816 3.84081 2.18634 0.931325 0.546371 0.255059 0.171132 0.0827927 0.0339746 0.0191046 0.00793312 0.00441647 0.00219572 0.000204002 6.76148e-05 2.27036e-05 7.54808e-06 2.79089e-06 1.06194e-06 3.63272e-07 1.0132e-07 4.56793e-08 1.90383e-08 0 0 0 0 0 0 0 0 0 0 0 0 0 0 0 0 0 0 0 0 0 0 0 0 0 0 0 0 0 0 0 0 0 0 0 0 0 0 0 0 0 0 0 0 0 0
196552 140026 121582 94713.8 94713.8 63587.4 52209.4 39045 27648.3 18860.2 15297.3 9871.69 6506.72 4394.33 2621.67 1703.73 1346.99 866.147 308.79 274.549 195.567 72.3572 66.6227 30.8344 23.0434 9.32018 6.00549 3.85662 1.80251 0.862971 0.470593 0.260796 0.0987587 0.0617496 0.0334914 0.0171137 0.00741823 0.00373003 0.00176431 0.000206695 6.00923e-05 1.97695e-05 4.05494e-06 2.54017e-06 8.8732e-07 3.25078e-07 1.39893e-07 5.04094e-08 1.46067e-08 0 0 0 0 0 0 0 0 0 0 0 0 0 0 0 0 0 0 0 0 0 0 0 0 0 0 0 0 0 0 0 0 0 0 0 0 0 0 0 0 0 0 0 0 0 0
164253 133729 131184 85158.4 65603.8 57989.1 48526.1 32812.7 17633.6 14900 12142 8048.17 5731.69 3753.1 1927.87 1550.19 1061.54 642.695 516.553 311.563 216.972 113.138 67.5786 31.5479 21.5074 9.16779 5.85364 2.78466 1.9056 0.857922 0.536088 0.19325 0.08234 0.075671 0.0364754 0.0140967 0.00997587 0.00419795 0.00239324 0.000183993 3.72993e-05 1.66386e-05 4.74718e-06 1.65919e-06 7.49808e-07 2.20579e-07 6.10015e-08 1.90529e-08 0 0 0 0 0 0 0 0 0 0 0 0 0 0 0 0 0 0 0 0 0 0 0 0 0 0 0 0 0 0 0 0 0 0 0 0 0 0 0 0 0 0 0 0 0 0 0
90915.7 90915.7 82387 78425.5 65506 48796.4 47196 39984.7 32342.9 18344.3 15250.5 10144.1 6413.68 4321.9 2841.26 1812.76 1390.22 823.431 623.753 387.061 256.397 119.28 71.5498 45.0087 27.6822 13.4085 7.08916 4.58918 2.463 1.17781 0.796279 0.380907 0.197185 0.0903599 0.0431004 0.0240892 0.0114192 0.00461045 0.00356651 0.000177508 9.24653e-05 2.61616e-05 9.19359e-06 3.2544e-06 8.73782e-07 3.58276e-07 1.21098e-07 3.46048e-08 0 0 0 0 0 0 0 0 0 0 0 0 0 0 0 0 0 0 0 0 0 0 0 0 0 0 0 0 0 0 0 0 0 0 0 0 0 0 0 0 0 0 0 0 0 0 0
111698 71487.4 71487.4 71487.4 71487.4 71487.4 50817.6 41979.4 27776.3 21087.3 17013.8 10391.1 6527.45 4409.96 3826.7 1762.1 1488.62 1100.89 502.48 223.229 164.771 125.196 77.3376 37.5567 24.735 15.6414 8.42166 3.60921 1.99685 1.02811 0.61768 0.353893 0.124255 0.0768299 0.0337161 0.0185241 0.00872955 0.00410628 0.00221107 0.000222333 6.69278e-05 3.01644e-05 7.41347e-06 3.35957e-06 1.05351e-06 3.82973e-07 1.3858e-07 5.30927e-08 1.37106e-08 0 0 0 0 0 0 0 0 0 0 0 0 0 0 0 0 0 0 0 0 0 0 0 0 0 0 0 0 0 0 0 0 0 0 0 0 0 0 0 0 0 0 0 0 0 0
189787 142614 119988 69278.1 69278.1 49147 48481.6 30178 17926.8 16006.3 9125.54 5828.49 4447.71 3537.63 1519.24 1266 1018.27 663.344 440.078 254.604 164.204 88.1216 47.5966 21.002 10.6964 10.6964 4.102 2.37473 1.2076 0.718126 0.371895 0.20361 0.0750726 0.0510561 0.0216066 0.00873243 0.00470366 0.00311921 0.00133508 0.000113342 5.17662e-05 1.00414e-05 3.9958e-06 9.44228e-07 3.80695e-07 1.18677e-07 3.86401e-08 1.2046e-08 0 0 0 0 0 0 0 0 0 0 0 0 0 0 0 0 0 0 0 0 0 0 0 0 0 0 0 0 0 0 0 0 0 0 0 0 0 0 0 0 0 0 0 0 0 0 0
160914 136846 92627.8 92627.8 83504.7 74225.3 52980 23388.2 23388.2 20154.6 11234.5 8685.89 5445.9 5000.68 3319.9 1835.34 1319.46 729.156 729.156 369.568 209.525 121.224 82.82 27.7158 22.6599 11.202 6.63834 4.35734 2.34618 1.25689 0.614446 0.386157 0.18266 0.0780066 0.0512213 0.0258678 0.0120499 0.00522156 0.00258464 0.000235845 7.49121e-05 2.62816e-05 8.69614e-06 2.7922e-06 1.05015e-06 2.15288e-07 6.38981e-08 1.65014e-08 0 0 0 0 0 0 0 0 0 0 0 0 0 0 0 0 0 0 0 0 0 0 0 0 0 0 0 0 0 0 0 0 0 0 0 0 0 0 0 0 0 0 0 0 0 0 0
134120 104431 104431 104431 70518.8 67177.9 58418.8 39204.7 31797.2 21856.3 12462 9141.68 7286.17 3812.14 1821.99 1821.99 1244.86 881.396 586.805 356.855 191.287 134.329 73.3134 38.0457 21.7163 11.2431 6.09479 3.34505 1.71878 0.52603 0.450236 0.202465 0.100385 0.0610915 0.0271573 0.0147169 0.00707089 0.00433436 0.0016563 0.000151977 6.6585e-05 1.50536e-05 6.00287e-06 1.73369e-06 5.59607e-07 1.73294e-07 5.75538e-08 2.43288e-08 0 0 0 0 0 0 0 0 0 0 0 0 0 0 0 0 0 0 0 0 0 0 0 0 0 0 0 0 0 0 0 0 0 0 0 0 0 0 0 0 0 0 0 0 0 0 0
159493 137142 111279 99022.2 90462.3 90462.3 68807.5 45041.8 38321.6 30763.8 17754.8 13603.3 7657.59 6131.49 3137.93 2567.91 1506.94 1137.67 653.461 427.143 220.452 142.512 86.3458 61.5051 23.1163 17.614 11.057 5.75737 3.72082 1.44924 0.898865 0.336899 0.261173 0.10401 0.0444434 0.0249899 0.0113296 0.00540759 0.00324639 0.000387054 0.000131458 3.30197e-05 1.26142e-05 3.92144e-06 1.66476e-06 5.43205e-07 2.13198e-07 6.36826e-08 2.22385e-08 0 0 0 0 0 0 0 0 0 0 0 0 0 0 0 0 0 0 0 0 0 0 0 0 0 0 0 0 0 0 0 0 0 0 0 0 0 0 0 0 0 0 0 0 0 0
141777 76474.9 76474.9 76474.9 76474.9 71286.2 58704.6 40621.7 26630.9 21158.8 15236.3 8421.53 6522.04 4969.71 2785 2236.77 1348.91 1034.88 567.135 319.761 173.996 144.912 72.7939 39.3404 25.413 11.5393 8.25735 4.52285 1.06296 0.996872 0.469602 0.303766 0.147923 0.0621093 0.0395248 0.0188424 0.00909427 0.00429548 0.00146293 0.000196398 5.20542e-05 1.70915e-05 6.09476e-06 1.56614e-06 6.07484e-07 1.99615e-07 5.95898e-08 2.29372e-08 0 0 0 0 0 0 0 0 0 0 0 0 0 0 0 0 0 0 0 0 0 0 0 0 0 0 0 0 0 0 0 0 0 0 0 0 0 0 0 0 0 0 0 0 0 0 0
161345 143845 85713.8 80403.6 80403.6 79502.4 48395.1 40734.7 32865.9 24792.8 19620.2 12447.3 8146.23 5339.98 3741.82 2345.98 1759.89 1182.35 692.468 414.493 172.134 132.197 66.9611 42.271 29.4822 14.4364 6.66375 3.7032 3.01845 1.34958 0.671065 0.357539 0.185982 0.0793749 0.0483808 0.0169209 0.00542476 0.00285009 0.00230597 0.000203204 4.12407e-05 1.39698e-05 5.61042e-06 1.99716e-06 7.26632e-07 2.16733e-07 7.24598e-08 1.81863e-08 0 0 0 0 0 0 0 0 0 0 0 0 0 0 0 0 0 0 0 0 0 0 0 0 0 0 0 0 0 0 0 0 0 0 0 0 0 0 0 0 0 0 0 0 0 0 0
191143 149202 125276 102819 101106 65882.7 52712.6 31869.8 26460.3 18030.3 11397.6 9057.2 3708.63 2337.04 2337.04 2309.35 1135.71 788.404 571.075 255.928 164.979 115.315 72.7386 29.8754 19.8801 13.9098 6.34945 3.01157 1.93246 0.926591 0.510476 0.254456 0.161601 0.0631594 0.0399442 0.0146428 0.0107164 0.00436828 0.00165288 0.000296081 7.80072e-05 2.75637e-05 9.27371e-06 1.95628e-06 9.72042e-07 3.77347e-07 1.18445e-07 2.75392e-08 0 0 0 0 0 0 0 0 0 0 0 0 0 0 0 0 0 0 0 0 0 0 0 0 0 0 0 0 0 0 0 0 0 0 0 0 0 0 0 0 0 0 0 0 0 0 0
169390 167784 111367 102026 85732.8 55364.8 55364.8 47188.8 33852.7 22194.9 19193 10760.5 5780.25 3973.33 3786.43 1825.58 1499.39 933.824 432.927 340.094 199.063 111.817 70.7619 26.6716 15.609 11.5375 7.12174 4.69038 2.66827 1.40517 0.706699 0.309203 0.102292 0.0736703 0.0281099 0.0147094 0.00918434 0.00303981 0.00207085 0.000166462 6.92862e-05 1.51831e-05 4.72089e-06 1.46518e-06 4.84096e-07 1.8664e-07 5.63213e-08 1.01244e-08 0 0 0 0 0 0 0 0 0 0 0 0 0 0 0 0 0 0 0 0 0 0 0 0 0 0 0 0 0 0 0 0 0 0 0 0 0 0 0 0 0 0 0 0 0 0 0
99647 99647 99647 83308.8 66714 66074 41894 31441.7 24888.2 20843.7 10992.5 8269.78 5813.08 5036.17 3627.54 1421.07 950.454 908.906 584.351 426.778 240.253 138.401 82.2159 36.5451 27.4216 15.2114 7.88988 4.26416 1.91407 1.4412 0.796009 0.315291 0.139291 0.0580005 0.0544813 0.0168015 0.011644 0.0054563 0.00298624 0.000229874 0.00010251 2.80862e-05 1.08432e-05 3.29997e-06 8.5847e-07 4.20212e-07 1.63148e-07 5.48947e-08 1.54684e-08 0 0 0 0 0 0 0 0 0 0 0 0 0 0 0 0 0 0 0 0 0 0 0 0 0 0 0 0 0 0 0 0 0 0 0 0 0 0 0 0 0 0 0 0 0 0
118921 99776.3 89795.6 89795.6 76759.9 58319.6 43399.4 24224.2 23612.9 19362.8 8983.8 8296.72 6234.65 3004 2579.33 1438.05 1438.05 847.982 441.213 253.395 152.476 96.5902 53.0045 31.4392 15.7082 9.59727 3.51465 1.71625 1.06382 0.578795 0.338784 0.183966 0.0818555 0.0530234 0.0293068 0.0148518 0.00683585 0.00344356 0.0018068 0.000172087 5.95192e-05 2.35526e-05 7.36382e-06 2.29884e-06 5.8285e-07 1.80996e-07 6.51844e-08 2.37889e-08 0 0 0 0 0 0 0 0 0 0 0 0 0 0 0 0 0 0 0 0 0 0 0 0 0 0 0 0 0 0 0 0 0 0 0 0 0 0 0 0 0 0 0 0 0 0 0
171376 130569 103850 86493.5 86493.5 60061.5 56790.3 44309 30024.7 21666.1 12019.8 10605.2 8211.69 5570.87 3279.08 2375.73 1706.86 834.541 556.423 332.026 121.252 121.252 83.2979 44.8248 19.2005 11.3355 6.14036 4.06251 1.78739 1.15535 0.476457 0.359814 0.204438 0.0854454 0.0406486 0.0210662 0.010073 0.0048612 0.00260071 0.000314785 5.83628e-05 3.15267e-05 9.32877e-06 2.39319e-06 8.3069e-07 2.25666e-07 8.67215e-08 2.30605e-08 0 0 0 0 0 0 0 0 0 0 0 0 0 0 0 0 0 0 0 0 0 0 0 0 0 0 0 0 0 0 0 0 0 0 0 0 0 0 0 0 0 0 0 0 0 0 0
142359 140537 129343 89686.6 89508.4 67524.5 56692.9 43182.5 31675.5 20152.6 15434.7 8913.6 6288.99 5304.89 3464.02 1945.34 1478.14 992.484 683.935 317.659 178.69 98.6611 64.5262 39.4647 29.0041 12.7538 6.08864 4.75019 2.35162 1.3297 0.597833 0.250463 0.157927 0.0553066 0.0254367 0.0229215 0.0116526 0.00412613 0.00200982 0.000262614 9.81805e-05 2.96763e-05 8.96673e-06 3.58706e-06 9.70142e-07 2.90668e-07 8.77746e-08 2.59411e-08 0 0 0 0 0 0 0 0 0 0 0 0 0 0 0 0 0 0 0 0 0 0 0 0 0 0 0 0 0 0 0 0 0 0 0 0 0 0 0 0 0 0 0 0 0 0 0
162659 143518 137407 88387.2 81654.5 71698.8 60285.8 32697.6 27778.9 16240.8 12598.3 6882.69 3546.87 3546.87 2935.06 1312.55 1014.65 728.577 540.619 285.617 183.623 77.3667 48.5281 25.3933 17.1443 7.80559 6.65893 3.32663 1.96602 0.84029 0.606758 0.208735 0.129409 0.0782754 0.0393217 0.0199356 0.0114998 0.0051987 0.00226607 0.000240888 4.76127e-05 1.82527e-05 6.03114e-06 1.72489e-06 5.3149e-07 1.50265e-07 5.64402e-08 1.57084e-08 0 0 0 0 0 0 0 0 0 0 0 0 0 0 0 0 0 0 0 0 0 0 0 0 0 0 0 0 0 0 0 0 0 0 0 0 0 0 0 0 0 0 0 0 0 0 0
139654 110903 110903 103257 83071.4 73580.2 64859.5 41660.4 29419 19315.5 15478.8 7426.72 6790.04 4066.29 3359 1820.1 1501.02 952.341 508.133 351.387 213.711 108.498 60.7022 41.495 17.1529 11.9358 6.74943 3.5413 1.58619 0.942123 0.532611 0.213617 0.15022 0.0629603 0.0366263 0.0213973 0.00709309 0.00470722 0.00250881 0.000161087 8.3828e-05 1.98867e-05 8.06323e-06 3.23437e-06 1.23922e-06 3.84373e-07 1.49762e-07 5.20474e-08 1.57557e-08 0 0 0 0 0 0 0 0 0 0 0 0 0 0 0 0 0 0 0 0 0 0 0 0 0 0 0 0 0 0 0 0 0 0 0 0 0 0 0 0 0 0 0 0 0 0
160029 136067 109064 100676 85442.3 69083 62386 43366.4 24932.5 17153.2 14666.3 10786.4 7359.67 3535.34 2649.35 1798.16 1137.46 954.15 646.403 286.958 195.659 146.954 75.2442 35.6493 20.4954 9.492 5.04573 3.34744 1.79651 0.838468 0.537618 0.216064 0.096741 0.0540431 0.034846 0.0139012 0.00664308 0.00374285 0.00161756 0.000130638 4.24472e-05 1.5745e-05 3.98768e-06 1.10496e-06 3.89265e-07 1.20677e-07 3.52509e-08 1.49801e-08 0 0 0 0 0 0 0 0 0 0 0 0 0 0 0 0 0 0 0 0 0 0 0 0 0 0 0 0 0 0 0 0 0 0 0 0 0 0 0 0 0 0 0 0 0 0 0
119791 119791 97894.8 90910.7 77040.6 74968.4 49517.9 30571.3 29939.8 18014.9 9486.15 7262.24 6804.2 3818.97 2496.61 2164.94 1418.64 971.418 452.602 369.722 222.613 128.44 65.441 48.8783 30.9089 13.7797 7.43755 4.61769 2.01581 1.27599 0.68091 0.338774 0.162715 0.0922795 0.0430676 0.0177027 0.011353 0.00550099 0.00264417 0.000274418 9.14682e-05 2.74911e-05 1.07736e-05 3.20909e-06 1.1765e-06 2.94462e-07 8.69113e-08 1.76674e-08 0 0 0 0 0 0 0 0 0 0 0 0 0 0 0 0 0 0 0 0 0 0 0 0 0 0 0 0 0 0 0 0 0 0 0 0 0 0 0 0 0 0 0 0 0 0 0
205158 115441 114701 108823 72237.2 61462.9 60478 48460.2 28349.1 27042.7 13239 11267.2 6142.84 5243.94 3192.22 2091.3 1570.99 962.988 550.413 421.033 221.65 152.351 82.9737 37.8336 29.3586 12.9993 7.41143 4.53409 2.50358 1.32322 0.813599 0.371237 0.161252 0.0582947 0.0487257 0.0246924 0.00930391 0.00644415 0.00325108 0.000199876 7.87615e-05 2.24228e-05 7.62544e-06 3.01866e-06 1.0168e-06 3.50215e-07 6.25504e-08 1.96e-08 0 0 0 0 0 0 0 0 0 0 0 0 0 0 0 0 0 0 0 0 0 0 0 0 0 0 0 0 0 0 0 0 0 0 0 0 0 0 0 0 0 0 0 0 0 0 0
143390 143390 115188 82518.5 82518.5 72885.3 65032.4 35334.6 31008 22135.2 15827.2 8790.76 6072.59 3337.92 3337.92 2326.66 1539.31 1125.7 620.788 368.542 251.772 166.201 69.6783 51.1379 21.5512 14.1728 7.21866 3.40315 2.22712 0.987014 0.489855 0.256176 0.119873 0.0477833 0.0391027 0.0125904 0.00726365 0.00424574 0.0018263 0.000245398 7.44272e-05 3.09067e-05 7.89275e-06 3.39483e-06 1.43211e-06 4.33165e-07 1.29571e-07 4.50559e-08 1.45163e-08 0 0 0 0 0 0 0 0 0 0 0 0 0 0 0 0 0 0 0 0 0 0 0 0 0 0 0 0 0 0 0 0 0 0 0 0 0 0 0 0 0 0 0 0 0 0
163330 116625 113203 107955 80229.9 63594.9 41421.7 29618.1 29618.1 19488.6 10298.3 7047.48 5424.72 4404.12 2895.84 1991.89 1145.57 528.261 486.94 254.366 129.125 105.87 45.3123 27.547 17.0927 7.10796 6.35372 2.93964 1.61384 0.879275 0.379002 0.262046 0.126376 0.0803032 0.0372799 0.0196469 0.0108239 0.00449503 0.00216524 0.000205861 8.34782e-05 2.8131e-05 8.2962e-06 3.36035e-06 8.25025e-07 3.35387e-07 8.15897e-08 1.87187e-08 0 0 0 0 0 0 0 0 0 0 0 0 0 0 0 0 0 0 0 0 0 0 0 0 0 0 0 0 0 0 0 0 0 0 0 0 0 0 0 0 0 0 0 0 0 0 0
131944 118509 95625.2 92081 56321.9 56321.9 51663.6 40468.9 26911.2 19985.3 12313.2 9554.84 5245.69 2939.6 2422.12 1865.92 1209.3 549.179 510.245 264.633 168.258 95.7753 63.9199 30.2011 17.0454 11.6647 4.30304 3.6358 2.16903 0.998653 0.422029 0.222937 0.117614 0.0769968 0.0286205 0.0179512 0.00467761 0.00388069 0.00217179 0.000150449 5.44991e-05 1.54924e-05 4.78289e-06 1.46513e-06 5.50681e-07 1.55111e-07 5.37433e-08 1.69054e-08 0 0 0 0 0 0 0 0 0 0 0 0 0 0 0 0 0 0 0 0 0 0 0 0 0 0 0 0 0 0 0 0 0 0 0 0 0 0 0 0 0 0 0 0 0 0 0
79780.6 79780.6 79780.6 79780.6 79780.6 76408.2 44107.1 39044.8 35525.9 18399.8 12034.5 8547.52 4935.87 4237.29 1745.46 1371.62 1256.75 794.306 566.851 288.972 217.442 107.376 59.2384 42.958 25.4965 13.1778 6.64361 4.24436 2.19347 0.851595 0.493417 0.252 0.142688 0.0505078 0.0256124 0.015966 0.00923301 0.00461782 0.00161405 0.000134545 6.43128e-05 1.56326e-05 6.30778e-06 2.41063e-06 6.6308e-07 2.35885e-07 8.21482e-08 1.71974e-08 0 0 0 0 0 0 0 0 0 0 0 0 0 0 0 0 0 0 0 0 0 0 0 0 0 0 0 0 0 0 0 0 0 0 0 0 0 0 0 0 0 0 0 0 0 0 0
217440 139017 120463 104982 91209.8 70142.7 53650.5 49875.1 39100.3 28057.3 19048.4 9893.13 8546.61 4994.74 2484.53 2372.51 1451.6 1242.79 594.414 478.391 243.3 159.324 96.382 42.2685 26.8251 15.1057 6.46101 4.04915 2.44571 1.79913 0.870072 0.338761 0.235063 0.128658 0.0689927 0.0290318 0.0117744 0.00791895 0.00352806 0.000368939 0.000101977 4.18487e-05 1.55152e-05 5.51421e-06 1.62537e-06 3.51091e-07 1.2591e-07 3.6518e-08 1.02128e-08 0 0 0 0 0 0 0 0 0 0 0 0 0 0 0 0 0 0 0 0 0 0 0 0 0 0 0 0 0 0 0 0 0 0 0 0 0 0 0 0 0 0 0 0 0 0
160451 112444 112444 93848.9 54564.9 54564.9 54564.9 34337.2 30654.3 19391.4 10754.9 9030.73 5246.21 3552.97 2400.3 1862.44 1098.54 888.259 440.652 348.174 184.518 108.916 60.4414 36.7885 20.3925 12.8548 8.06022 4.10969 2.55274 1.09566 0.519246 0.293712 0.0874938 0.0665918 0.0320709 0.0160782 0.00871747 0.00359321 0.00251072 0.000245645 8.23967e-05 2.45415e-05 7.59581e-06 2.65164e-06 8.16553e-07 3.32324e-07 1.19443e-07 3.11703e-08 1.072e-08 0 0 0 0 0 0 0 0 0 0 0 0 0 0 0 0 0 0 0 0 0 0 0 0 0 0 0 0 0 0 0 0 0 0 0 0 0 0 0 0 0 0 0 0 0 0
