126807 84008 69667.6 29852.6 22829.7 18406.4 12844 10303.2 6188.45 4344.04 2887.62 1943.3 1548.24 974.855 615.06 431.318 247.103 187.041 113.452 50.0202 30.9426 18.9627 10.4725 4.80844 3.5451 2.32782 1.471 0.758216 0.388907 0.185316 0.0700953 0.0338379 0.0135531 0.00636837 0.00279499 0.0012349 0.000600185 0.000296755 0.000157204 5.76739e-05 1.70456e-05 5.22623e-06 1.36556e-06 3.60188e-07 9.02429e-08 2.45144e-08 0 0 0 0 0 0 0 0 0 0 0 0 0 0 0 0 0 0 0 0 0 0 0 0 0 0 0 0 0 0 0 0 0 0 0 0 0 0 0 0 0 0 0 0 0 0 0 0 0 0 0 0 0
108647 82250.4 55938.8 33334.6 27831.8 18850.4 12539.7 8911.34 6338.09 4219.98 2554.92 1838.68 1227.9 911.021 498.737 374.096 222.791 136.937 87.8974 48.1781 28.7047 17.2902 9.16262 5.63049 3.67054 2.55777 1.7765 1.12532 0.733252 0.426249 0.220731 0.144392 0.118056 0.10086 0.0942941 0.0916933 0.0903596 0.089939 0.0896903 0.089586 0.0895506 0.0895347 0.0895303 0.0895288 0.0895284 0.0895283 0.0895283 0.0895283 0.0895283 0.0895283 0.0895283 0.0895283 0.0895283 0.0895283 0.0895283 0.0895283 0.0895283 0.0895283 0.0895283 0.0895283 0.0895283 0.0895283 0.0895283 0.0895283 0.0895283 0.0895283 0.0895283 0.0895283 0.0895283 0.0895283 0.0895283 0.0895283 0.0895283 0.0895283 0.0895283 0.0895283 0.0895283 0.0895283 0.0895283 0.0895283 0.0895283 0.0895283 0.0895283 0.0895283 0.0895283 0.0895283 0.0895283 0.0895283 0.0895283 0.0895283 0.0895283 0.0895283 0.0895283 0.0895283 0.0895283 0.0895283 0.0895283 0.0895283 0.0895283
98340.9 79314.8 59133.8 33527.7 22299.4 17967 13563.5 9212.55 6359.76 4557.81 3144.62 1502.21 1397.62 1018.49 579.7 443.503 308.371 172.307 128.878 57.6415 34.8529 22.6363 13.4596 6.67025 3.91848 3.02838 1.95436 1.09515 0.502617 0.272735 0.130251 0.0579554 0.0270265 0.00935438 0.00415744 0.00198353 0.00085815 0.000382483 0.000150422 4.15124e-05 1.41166e-05 4.40851e-06 1.32119e-06 4.78989e-07 1.78572e-07 5.67525e-08 1.81859e-08 0 0 0 0 0 0 0 0 0 0 0 0 0 0 0 0 0 0 0 0 0 0 0 0 0 0 0 0 0 0 0 0 0 0 0 0 0 0 0 0 0 0 0 0 0 0 0 0 0 0 0 0
120382 87814.4 65816.6 35644.3 22547.4 16639 14342.6 9216.12 6332.47 4797.04 3311.29 2194.54 1509.65 777.382 535.943 405.378 240.586 160.168 105.706 50.3308 31.1502 17.8389 9.42458 4.66336 3.73352 2.7322 1.6711 1.05563 0.469499 0.183285 0.0873884 0.0376511 0.0157814 0.00692895 0.00282314 0.00125149 0.000478165 0.000197645 8.15572e-05 2.3367e-05 7.00142e-06 2.21595e-06 7.40084e-07 2.23087e-07 8.47772e-08 2.77529e-08 1.07423e-08 0 0 0 0 0 0 0 0 0 0 0 0 0 0 0 0 0 0 0 0 0 0 0 0 0 0 0 0 0 0 0 0 0 0 0 0 0 0 0 0 0 0 0 0 0 0 0 0 0 0 0 0
121245 87480.6 67991.9 35229.5 26377.7 16225.1 14064 10064.9 6490.2 5117.26 3034.19 1846.59 1476.97 878.615 624.733 408.023 238.531 151.682 98.8951 49.8588 24.3116 14.2047 6.81226 3.94647 2.67202 1.72373 1.02144 0.502868 0.271771 0.157731 0.0621714 0.0315982 0.0143638 0.00608443 0.00281515 0.00105998 0.000626914 0.000312452 0.000143795 5.22603e-05 1.5699e-05 3.96323e-06 1.17025e-06 3.27701e-07 8.95545e-08 2.78213e-08 0 0 0 0 0 0 0 0 0 0 0 0 0 0 0 0 0 0 0 0 0 0 0 0 0 0 0 0 0 0 0 0 0 0 0 0 0 0 0 0 0 0 0 0 0 0 0 0 0 0 0 0 0
113160 78970.4 57632.3 30563.6 19886.8 15727.2 7088.63 7088.63 4909.91 3450.12 2593.03 1708.54 1190.36 693.766 441.961 229.328 192.156 97.8604 58.684 33.7038 18.9106 11.0065 5.34297 3.47121 2.18996 1.59676 0.9181 0.544327 0.30599 0.181332 0.0785843 0.0394143 0.0175445 0.00620458 0.00309497 0.00131667 0.000572015 0.000242788 0.000109923 3.64208e-05 1.13679e-05 3.83736e-06 1.19295e-06 3.19677e-07 7.881e-08 2.04038e-08 0 0 0 0 0 0 0 0 0 0 0 0 0 0 0 0 0 0 0 0 0 0 0 0 0 0 0 0 0 0 0 0 0 0 0 0 0 0 0 0 0 0 0 0 0 0 0 0 0 0 0 0 0
104211 68504.7 63594.9 37882 26610.9 19171.7 14586.9 11379 6993.91 5146.38 3348.26 2403.85 1342.88 1134.32 723.613 437.443 305.245 194.298 118.81 63.4599 28.6118 16.2115 8.29275 4.8666 3.52244 2.26425 1.47282 0.796236 0.407921 0.233455 0.0890665 0.0363503 0.0105187 0.00548714 0.00208491 0.000775152 0.000325563 0.000137011 5.54281e-05 1.16271e-05 3.10657e-06 8.12222e-07 2.21318e-07 5.34816e-08 1.62531e-08 0 0 0 0 0 0 0 0 0 0 0 0 0 0 0 0 0 0 0 0 0 0 0 0 0 0 0 0 0 0 0 0 0 0 0 0 0 0 0 0 0 0 0 0 0 0 0 0 0 0 0 0 0 0
105469 78435.1 64654 33404.5 25599.2 18944.4 13398.6 7782.88 6620.54 3945.06 2764.44 2110.69 1257.6 934.797 573.725 337.19 270.464 160.43 87.9396 55.5498 30.417 18.6656 11.2084 5.66899 3.37004 2.55354 1.77222 1.07293 0.618738 0.344739 0.202674 0.134517 0.0497078 0.0215292 0.008351 0.00322152 0.00127057 0.000451229 0.000167997 5.34606e-05 1.63486e-05 4.32912e-06 1.7793e-06 5.95165e-07 2.23483e-07 6.2082e-08 1.29832e-08 0 0 0 0 0 0 0 0 0 0 0 0 0 0 0 0 0 0 0 0 0 0 0 0 0 0 0 0 0 0 0 0 0 0 0 0 0 0 0 0 0 0 0 0 0 0 0 0 0 0 0 0
116447 73767.3 59520.5 31108.7 23463.6 16049.8 11024.8 8509.65 6366.88 4142.73 2950.8 1892.37 1237.95 854.959 550.031 396.882 249.785 157.544 85.731 44.7076 26.5789 16.3132 8.34236 4.27393 2.93623 2.20273 1.33457 0.707694 0.352459 0.161146 0.070725 0.0345498 0.0149321 0.00652696 0.00268928 0.00108194 0.000477676 0.000218954 0.000100104 3.27936e-05 1.28079e-05 4.71825e-06 1.4755e-06 4.63512e-07 1.16483e-07 2.88036e-08 0 0 0 0 0 0 0 0 0 0 0 0 0 0 0 0 0 0 0 0 0 0 0 0 0 0 0 0 0 0 0 0 0 0 0 0 0 0 0 0 0 0 0 0 0 0 0 0 0 0 0 0 0
114865 77403 67693.3 35077.9 27106.8 17670.9 13094.2 9158.72 7072.19 5173.59 3210.22 2323.71 1596.54 1053.59 731.261 423.2 313.881 205.197 126.303 60.6346 31.2646 19.2182 9.80385 5.40353 3.45894 2.44637 1.5996 0.927702 0.436208 0.22979 0.107426 0.0510743 0.0214783 0.00826549 0.00381098 0.00136128 0.000548688 0.000207195 8.02634e-05 2.33646e-05 7.81868e-06 2.95547e-06 8.76899e-07 3.0242e-07 7.63058e-08 2.24567e-08 0 0 0 0 0 0 0 0 0 0 0 0 0 0 0 0 0 0 0 0 0 0 0 0 0 0 0 0 0 0 0 0 0 0 0 0 0 0 0 0 0 0 0 0 0 0 0 0 0 0 0 0 0
110459 74300.2 54739.4 31257.3 24326.8 16881.6 10931.3 7117.63 4109.65 3581.94 2330.71 1749.82 1176.62 733.908 527.75 353.671 230.42 156.982 91.8663 46.5674 31.0252 19.0439 8.95738 5.78665 3.74993 2.77097 1.74755 1.19532 0.607251 0.34128 0.185531 0.133765 0.110634 0.0994164 0.0936707 0.0913257 0.0902877 0.089833 0.089654 0.0895719 0.0895426 0.0895327 0.0895297 0.0895286 0.0895284 0.0895283 0.0895283 0.0895283 0.0895283 0.0895283 0.0895283 0.0895283 0.0895283 0.0895283 0.0895283 0.0895283 0.0895283 0.0895283 0.0895283 0.0895283 0.0895283 0.0895283 0.0895283 0.0895283 0.0895283 0.0895283 0.0895283 0.0895283 0.0895283 0.0895283 0.0895283 0.0895283 0.0895283 0.0895283 0.0895283 0.0895283 0.0895283 0.0895283 0.0895283 0.0895283 0.0895283 0.0895283 0.0895283 0.0895283 0.0895283 0.0895283 0.0895283 0.0895283 0.0895283 0.0895283 0.0895283 0.0895283 0.0895283 0.0895283 0.0895283 0.0895283 0.0895283 0.0895283 0.0895283
106291 77002.8 60751.8 36159.4 28830.5 21999.7 14437.3 11076.9 7959.98 5499.24 3504.03 2515.17 1709.83 961.182 736.869 317.019 312.924 175.057 127.56 63.412 28.9448 18.3183 9.72321 5.32621 3.24625 2.17717 1.21035 0.662921 0.313897 0.139973 0.058133 0.0244034 0.00907438 0.00395134 0.0016714 0.00071868 0.000324766 0.000135361 5.96356e-05 1.8389e-05 6.06355e-06 1.93675e-06 4.83043e-07 1.51202e-07 4.24898e-08 1.21704e-08 0 0 0 0 0 0 0 0 0 0 0 0 0 0 0 0 0 0 0 0 0 0 0 0 0 0 0 0 0 0 0 0 0 0 0 0 0 0 0 0 0 0 0 0 0 0 0 0 0 0 0 0 0
125525 90557.2 71539.1 29799.8 26232.6 20075.3 12317.9 9961.46 6679.33 4337.25 2942.07 2011.47 1370.8 862.517 599.196 368.974 248.979 151.616 91.9036 43.9298 25.1928 12.9876 6.26186 4.09241 2.96534 1.95013 0.999384 0.479976 0.20588 0.100835 0.0405052 0.0199759 0.00757594 0.00327416 0.00128132 0.000495039 0.000194717 7.69502e-05 3.44947e-05 9.44504e-06 2.8718e-06 9.11814e-07 2.72228e-07 6.59346e-08 1.69225e-08 0 0 0 0 0 0 0 0 0 0 0 0 0 0 0 0 0 0 0 0 0 0 0 0 0 0 0 0 0 0 0 0 0 0 0 0 0 0 0 0 0 0 0 0 0 0 0 0 0 0 0 0 0 0
113349 78121.1 61726.3 38616.3 25838.4 16855.6 12507.5 8463.98 7048.97 4465.26 2926.93 2116.83 1675.84 1110.78 763.269 494.105 339.664 192.718 113.551 58.3668 34.9596 24.1602 13.0392 7.2968 4.13421 2.8294 1.98798 1.1054 0.5556 0.295538 0.178001 0.131499 0.108725 0.0980672 0.0932584 0.0911665 0.0903566 0.0898784 0.0897063 0.0895786 0.0895463 0.0895349 0.0895299 0.0895288 0.0895284 0.0895283 0.0895283 0.0895283 0.0895283 0.0895283 0.0895283 0.0895283 0.0895283 0.0895283 0.0895283 0.0895283 0.0895283 0.0895283 0.0895283 0.0895283 0.0895283 0.0895283 0.0895283 0.0895283 0.0895283 0.0895283 0.0895283 0.0895283 0.0895283 0.0895283 0.0895283 0.0895283 0.0895283 0.0895283 0.0895283 0.0895283 0.0895283 0.0895283 0.0895283 0.0895283 0.0895283 0.0895283 0.0895283 0.0895283 0.0895283 0.0895283 0.0895283 0.0895283 0.0895283 0.0895283 0.0895283 0.0895283 0.0895283 0.0895283 0.0895283 0.0895283 0.0895283 0.0895283 0.0895283
113457 80564.4 62722.6 35962.5 25904 18307.4 11889.7 7890.52 6572.11 4412.13 3382.25 1596.33 1240.57 921.841 547.774 354.844 232.242 158.066 90.1364 49.7971 28.4726 17.7276 9.23776 4.48186 3.06833 2.13629 1.28279 0.671251 0.320971 0.143972 0.0725425 0.0267038 0.010227 0.00447346 0.00175738 0.000828187 0.000336587 0.000119217 4.23523e-05 1.22865e-05 3.78816e-06 1.05549e-06 3.049e-07 8.30717e-08 2.20339e-08 0 0 0 0 0 0 0 0 0 0 0 0 0 0 0 0 0 0 0 0 0 0 0 0 0 0 0 0 0 0 0 0 0 0 0 0 0 0 0 0 0 0 0 0 0 0 0 0 0 0 0 0 0 0
103810 85536 63109.7 38355.9 24080.8 20009.2 12248.8 9407.61 6956.16 4302.95 3068.35 1694.31 1125.84 865.18 572.111 311.63 229.93 139.773 96.2025 41.9194 26.4484 15.39 8.02847 4.31657 2.92489 2.01203 1.25239 0.644921 0.408044 0.211518 0.0925737 0.044841 0.0194079 0.00848027 0.00347688 0.0014274 0.000593458 0.000267132 0.000116767 4.70848e-05 1.90821e-05 6.62736e-06 2.04931e-06 6.52838e-07 1.5787e-07 4.12314e-08 1.23144e-08 0 0 0 0 0 0 0 0 0 0 0 0 0 0 0 0 0 0 0 0 0 0 0 0 0 0 0 0 0 0 0 0 0 0 0 0 0 0 0 0 0 0 0 0 0 0 0 0 0 0 0 0
111282 89280.3 63633.2 29660.4 25778 16630.4 13510.8 9670.6 5822.15 4499.33 3583.87 2225.4 1434.76 1061.99 573.485 428.276 250.203 198.656 124.89 52.2485 26.5153 15.3269 8.96798 4.36394 2.87895 2.05525 1.25423 0.68947 0.314872 0.153271 0.0538713 0.0213548 0.011128 0.00371144 0.00170613 0.000739224 0.00028258 0.000114177 5.45276e-05 1.44578e-05 5.42425e-06 1.80686e-06 5.58043e-07 1.85618e-07 6.07356e-08 1.55666e-08 0 0 0 0 0 0 0 0 0 0 0 0 0 0 0 0 0 0 0 0 0 0 0 0 0 0 0 0 0 0 0 0 0 0 0 0 0 0 0 0 0 0 0 0 0 0 0 0 0 0 0 0 0
100689 82028.8 56793.8 37340.1 26692.7 15237.8 11851.7 9378.12 5994.2 4774.38 2835 2137.24 1350.81 670.399 659.262 353.255 273.432 138.765 100.419 56.4371 28.0281 17.4712 9.43172 5.34376 3.42569 2.38463 1.39827 0.854515 0.437406 0.256717 0.162953 0.118559 0.104003 0.0964034 0.0925618 0.0905663 0.0899586 0.0896987 0.0895983 0.0895487 0.0895351 0.0895309 0.0895292 0.0895285 0.0895283 0.0895283 0.0895283 0.0895283 0.0895283 0.0895283 0.0895283 0.0895283 0.0895283 0.0895283 0.0895283 0.0895283 0.0895283 0.0895283 0.0895283 0.0895283 0.0895283 0.0895283 0.0895283 0.0895283 0.0895283 0.0895283 0.0895283 0.0895283 0.0895283 0.0895283 0.0895283 0.0895283 0.0895283 0.0895283 0.0895283 0.0895283 0.0895283 0.0895283 0.0895283 0.0895283 0.0895283 0.0895283 0.0895283 0.0895283 0.0895283 0.0895283 0.0895283 0.0895283 0.0895283 0.0895283 0.0895283 0.0895283 0.0895283 0.0895283 0.0895283 0.0895283 0.0895283 0.0895283 0.0895283
122339 83945.3 50409.1 32359.3 22498.9 16874.2 12916.7 9122.37 6674.47 3542.03 3074.76 2125.44 1290.23 949.88 617.333 396.314 234.487 153.079 91.1595 45.5737 20.8418 15.394 8.59105 5.08841 3.50765 2.40452 1.29968 0.814522 0.323504 0.179569 0.0733261 0.0362308 0.0138337 0.00682057 0.00270834 0.00114458 0.00052397 0.000227398 8.90106e-05 2.30664e-05 7.81104e-06 2.25102e-06 6.84468e-07 1.74361e-07 5.28414e-08 1.3086e-08 0 0 0 0 0 0 0 0 0 0 0 0 0 0 0 0 0 0 0 0 0 0 0 0 0 0 0 0 0 0 0 0 0 0 0 0 0 0 0 0 0 0 0 0 0 0 0 0 0 0 0 0 0
108779 79002.2 53952.8 31014.9 20094.6 16666.8 13361.9 7705.97 6016.05 4137.74 3061.51 1854.9 1355.8 933.991 693.192 386.256 264.186 204.463 119.587 58.3196 38.7422 23.4716 11.5634 6.72154 4.07348 2.93562 1.92039 1.23083 0.735193 0.34838 0.218922 0.138142 0.116262 0.103616 0.0432413 0.023744 0.0101709 0.00430087 0.00165171 0.000486482 0.000147753 5.45494e-05 2.10354e-05 7.59771e-06 2.37095e-06 7.19767e-07 1.76042e-07 4.83394e-08 1.27891e-08 0 0 0 0 0 0 0 0 0 0 0 0 0 0 0 0 0 0 0 0 0 0 0 0 0 0 0 0 0 0 0 0 0 0 0 0 0 0 0 0 0 0 0 0 0 0 0 0 0 0
108285 81294.8 66283.3 30202.6 24474.6 18703.9 13101.2 8556.74 5199.67 4721.37 2959.64 2182.79 1307.66 1071.98 622.979 382.059 258.97 158.132 90.0867 47.6673 23.7256 14.9528 7.02714 3.76899 2.86856 1.6285 0.91508 0.497061 0.219011 0.106612 0.0441283 0.020967 0.00828084 0.00322368 0.00128327 0.000542988 0.000264 0.000116672 5.12547e-05 1.64906e-05 5.85713e-06 2.17529e-06 6.86071e-07 1.88931e-07 6.20091e-08 1.54075e-08 0 0 0 0 0 0 0 0 0 0 0 0 0 0 0 0 0 0 0 0 0 0 0 0 0 0 0 0 0 0 0 0 0 0 0 0 0 0 0 0 0 0 0 0 0 0 0 0 0 0 0 0 0
112795 87348.6 57008.9 32217.4 25163.4 16637.7 9729.67 9569.47 6161.67 3848.28 3052.18 2179.46 1597.6 804.689 613.064 410.47 280.821 188.708 117.634 52.5478 29.2858 17.2297 8.33599 5.06103 3.30551 2.35556 1.50654 0.841423 0.45778 0.247206 0.168966 0.121376 0.103025 0.0957753 0.0922414 0.0905215 0.089989 0.0897406 0.0896173 0.0895579 0.0895407 0.0895332 0.0895297 0.0895287 0.0895284 0.0895283 0.0895283 0.0895283 0.0895283 0.0895283 0.0895283 0.0895283 0.0895283 0.0895283 0.0895283 0.0895283 0.0895283 0.0895283 0.0895283 0.0895283 0.0895283 0.0895283 0.0895283 0.0895283 0.0895283 0.0895283 0.0895283 0.0895283 0.0895283 0.0895283 0.0895283 0.0895283 0.0895283 0.0895283 0.0895283 0.0895283 0.0895283 0.0895283 0.0895283 0.0895283 0.0895283 0.0895283 0.0895283 0.0895283 0.0895283 0.0895283 0.0895283 0.0895283 0.0895283 0.0895283 0.0895283 0.0895283 0.0895283 0.0895283 0.0895283 0.0895283 0.0895283 0.0895283 0.0895283
120669 76783.5 59609.4 34096.4 25154.7 21165.8 14704.1 10360.1 6765.63 5152.4 3160.49 2375.71 1576.76 1079.94 718.944 438.386 280.438 190.665 123.451 54.2045 29.6857 16.7487 8.79348 4.72488 3.50404 2.39038 1.43252 0.746822 0.396458 0.186756 0.0734889 0.0314496 0.0116971 0.00486241 0.00191837 0.00083078 0.000317824 0.000159447 6.68521e-05 1.71565e-05 6.52941e-06 1.96342e-06 7.29997e-07 2.43375e-07 8.06915e-08 3.23734e-08 0 0 0 0 0 0 0 0 0 0 0 0 0 0 0 0 0 0 0 0 0 0 0 0 0 0 0 0 0 0 0 0 0 0 0 0 0 0 0 0 0 0 0 0 0 0 0 0 0 0 0 0 0
108739 79778.8 53805.8 35013.6 24026 17576.4 13387.4 10104.5 5786.34 4334.28 3064.3 2049.05 1323.54 697.704 450.741 310.521 215.795 120.183 62.7398 33.2712 21.4101 10.9065 5.43818 3.42768 2.33857 1.45939 0.800079 0.363751 0.137632 0.0676417 0.0273501 0.0132749 0.00567235 0.00246559 0.000959774 0.000372221 0.000169754 7.66282e-05 3.53041e-05 1.09336e-05 3.95862e-06 1.18082e-06 4.4159e-07 1.25844e-07 3.3031e-08 1.00115e-08 0 0 0 0 0 0 0 0 0 0 0 0 0 0 0 0 0 0 0 0 0 0 0 0 0 0 0 0 0 0 0 0 0 0 0 0 0 0 0 0 0 0 0 0 0 0 0 0 0 0 0 0 0
120461 78769.2 68784.1 33614.1 25493.9 16068.5 12698 8757.79 4701.99 3572.27 2497.78 2059.37 1113.63 801.508 528.541 323.129 196.223 121.746 85.4358 43.7044 24.8854 14.3138 8.13882 4.16688 3.10825 2.21262 1.39587 0.745599 0.388563 0.213721 0.153873 0.098871 0.0366612 0.0176676 0.00748166 0.00309241 0.00129798 0.000630565 0.000295427 0.000112514 4.1947e-05 1.36691e-05 4.31331e-06 1.2514e-06 3.08278e-07 9.4809e-08 2.33181e-08 0 0 0 0 0 0 0 0 0 0 0 0 0 0 0 0 0 0 0 0 0 0 0 0 0 0 0 0 0 0 0 0 0 0 0 0 0 0 0 0 0 0 0 0 0 0 0 0 0 0 0 0
123766 78145.5 65027.4 27463.8 27463.8 19502.6 11778 10245.1 7078.4 4683.73 3573.68 1868.75 1427.97 842.241 635.998 321.598 271.055 183.74 114.894 48.6738 27.6405 16.809 7.9517 4.16792 3.33467 2.35824 1.66794 0.893064 0.519472 0.276366 0.178644 0.128972 0.106557 0.0969336 0.0923595 0.090735 0.0900143 0.0897348 0.0896169 0.0895599 0.0895403 0.0895322 0.0895294 0.0895286 0.0895283 0.0895283 0.0895283 0.0895283 0.0895283 0.0895283 0.0895283 0.0895283 0.0895283 0.0895283 0.0895283 0.0895283 0.0895283 0.0895283 0.0895283 0.0895283 0.0895283 0.0895283 0.0895283 0.0895283 0.0895283 0.0895283 0.0895283 0.0895283 0.0895283 0.0895283 0.0895283 0.0895283 0.0895283 0.0895283 0.0895283 0.0895283 0.0895283 0.0895283 0.0895283 0.0895283 0.0895283 0.0895283 0.0895283 0.0895283 0.0895283 0.0895283 0.0895283 0.0895283 0.0895283 0.0895283 0.0895283 0.0895283 0.0895283 0.0895283 0.0895283 0.0895283 0.0895283 0.0895283 0.0895283
115355 77400.7 63050 33685.1 19931.1 17923.4 13834.5 10083.3 6855.7 4803.47 2827.44 2205.95 1577.36 987.676 615.018 402.653 247.19 181.279 96.6138 62.7966 29.751 17.4666 9.12861 5.26797 3.30343 2.38568 1.53551 0.815756 0.403175 0.254235 0.159752 0.119865 0.10252 0.0953015 0.0917957 0.0904998 0.0899324 0.0896866 0.0895916 0.0895443 0.0895324 0.0895294 0.0895286 0.0895283 0.0895283 0.0895283 0.0895283 0.0895283 0.0895283 0.0895283 0.0895283 0.0895283 0.0895283 0.0895283 0.0895283 0.0895283 0.0895283 0.0895283 0.0895283 0.0895283 0.0895283 0.0895283 0.0895283 0.0895283 0.0895283 0.0895283 0.0895283 0.0895283 0.0895283 0.0895283 0.0895283 0.0895283 0.0895283 0.0895283 0.0895283 0.0895283 0.0895283 0.0895283 0.0895283 0.0895283 0.0895283 0.0895283 0.0895283 0.0895283 0.0895283 0.0895283 0.0895283 0.0895283 0.0895283 0.0895283 0.0895283 0.0895283 0.0895283 0.0895283 0.0895283 0.0895283 0.0895283 0.0895283 0.0895283
109869 83012.9 64958.3 32565.4 25018.1 18514.1 11084.6 9397.71 6304.82 3761.07 2765.56 2357.01 1352.9 976.461 672.887 454.316 307.702 184.19 121.04 58.6492 33.1128 21.5506 11.9906 5.3914 3.75176 2.75812 1.64292 1.02622 0.510077 0.212281 0.0995928 0.0397135 0.0160056 0.00727362 0.00321001 0.00137645 0.000594528 0.000266865 0.000139324 4.73232e-05 1.70963e-05 4.75576e-06 1.5301e-06 4.75896e-07 1.34616e-07 3.4172e-08 0 0 0 0 0 0 0 0 0 0 0 0 0 0 0 0 0 0 0 0 0 0 0 0 0 0 0 0 0 0 0 0 0 0 0 0 0 0 0 0 0 0 0 0 0 0 0 0 0 0 0 0 0
108826 82419.7 53943.9 29492.1 22186.4 15653.8 11917.5 8454.57 5484.25 3889.72 3104.52 2095.09 1442.91 1016.17 654.327 426.668 286.45 174.8 151.477 63.7856 35.6351 24.0253 12.0641 6.65504 3.97672 2.87895 1.79469 0.985854 0.505501 0.24439 0.0999758 0.0375114 0.0172742 0.00783976 0.00304351 0.00140297 0.000587401 0.00023297 9.14925e-05 2.53808e-05 7.01368e-06 1.89365e-06 4.93822e-07 1.66384e-07 5.3809e-08 1.91326e-08 0 0 0 0 0 0 0 0 0 0 0 0 0 0 0 0 0 0 0 0 0 0 0 0 0 0 0 0 0 0 0 0 0 0 0 0 0 0 0 0 0 0 0 0 0 0 0 0 0 0 0 0 0
110070 81952.4 55148.5 30611.7 20570.9 15729.2 12560.6 8316.19 5751.96 3750.8 2319.88 1936.63 1054.98 700.188 504.379 332.366 242.047 132.112 73.2446 40.3544 22.2333 13.1672 6.89748 4.13464 2.77916 1.89234 1.04638 0.595864 0.30395 0.195027 0.134517 0.107503 0.0957155 0.0923397 0.0907793 0.0901067 0.0897996 0.089656 0.0895798 0.0895478 0.0895349 0.0895303 0.0895289 0.0895284 0.0895283 0.0895283 0.0895283 0.0895283 0.0895283 0.0895283 0.0895283 0.0895283 0.0895283 0.0895283 0.0895283 0.0895283 0.0895283 0.0895283 0.0895283 0.0895283 0.0895283 0.0895283 0.0895283 0.0895283 0.0895283 0.0895283 0.0895283 0.0895283 0.0895283 0.0895283 0.0895283 0.0895283 0.0895283 0.0895283 0.0895283 0.0895283 0.0895283 0.0895283 0.0895283 0.0895283 0.0895283 0.0895283 0.0895283 0.0895283 0.0895283 0.0895283 0.0895283 0.0895283 0.0895283 0.0895283 0.0895283 0.0895283 0.0895283 0.0895283 0.0895283 0.0895283 0.0895283 0.0895283 0.0895283
124447 89034.2 58599.4 30444.3 23011.7 15623.9 11613.8 8089.07 5668.85 3928.88 2552.33 1677.63 1147.37 901.439 499.251 360.457 181.731 131.753 70.5139 39.6978 22.9138 12.3114 7.24419 4.26142 2.80799 1.9253 1.13686 0.541616 0.208461 0.105127 0.0366512 0.0167345 0.00776166 0.00344349 0.00136995 0.000719492 0.000310574 0.000145381 6.29815e-05 1.97828e-05 5.37732e-06 1.51959e-06 4.55512e-07 1.10064e-07 2.75907e-08 0 0 0 0 0 0 0 0 0 0 0 0 0 0 0 0 0 0 0 0 0 0 0 0 0 0 0 0 0 0 0 0 0 0 0 0 0 0 0 0 0 0 0 0 0 0 0 0 0 0 0 0 0 0
111383 76652 56323.9 29087.4 25453.7 17439.5 10591.6 8494.04 6673.07 3634.21 2920.71 1885.79 1270.79 887.836 628.474 449.132 244.87 173.092 113.653 51.756 30.4844 16.556 7.72005 4.56558 3.17507 2.16108 1.34824 0.731607 0.353081 0.201948 0.132365 0.109158 0.0982936 0.0930771 0.0910137 0.0902825 0.0898474 0.089667 0.0895887 0.0895508 0.0895359 0.0895304 0.0895287 0.0895284 0.0895283 0.0895283 0.0895283 0.0895283 0.0895283 0.0895283 0.0895283 0.0895283 0.0895283 0.0895283 0.0895283 0.0895283 0.0895283 0.0895283 0.0895283 0.0895283 0.0895283 0.0895283 0.0895283 0.0895283 0.0895283 0.0895283 0.0895283 0.0895283 0.0895283 0.0895283 0.0895283 0.0895283 0.0895283 0.0895283 0.0895283 0.0895283 0.0895283 0.0895283 0.0895283 0.0895283 0.0895283 0.0895283 0.0895283 0.0895283 0.0895283 0.0895283 0.0895283 0.0895283 0.0895283 0.0895283 0.0895283 0.0895283 0.0895283 0.0895283 0.0895283 0.0895283 0.0895283 0.0895283 0.0895283
114186 84051.5 64633.7 34317.6 25895 15706.4 13765 9678.64 6109.91 4444.92 3069.33 2324.14 1525.53 909.141 626.382 329.791 284.157 173.6 91.2471 51.9107 29.0697 18.0328 10.0773 4.96813 3.58903 2.54455 1.74355 0.998741 0.502606 0.206452 0.106493 0.042541 0.0158975 0.00634553 0.00241992 0.00114611 0.000430039 0.000201951 7.71798e-05 2.48985e-05 8.43949e-06 2.42142e-06 6.96029e-07 1.79047e-07 4.85305e-08 1.47813e-08 0 0 0 0 0 0 0 0 0 0 0 0 0 0 0 0 0 0 0 0 0 0 0 0 0 0 0 0 0 0 0 0 0 0 0 0 0 0 0 0 0 0 0 0 0 0 0 0 0 0 0 0 0
114947 91197 53954.1 33398.8 25489.1 17558.5 12586 8212.28 6494.13 4276.29 3214.76 1936.61 1378.09 933.603 609.506 401.388 280.598 196.339 105.864 50.743 24.9541 13.5672 7.23435 4.10534 3.03739 1.97657 1.09318 0.603635 0.274441 0.113742 0.0513329 0.0226182 0.00964669 0.00418885 0.00168942 0.00060706 0.000269377 0.000113497 4.91381e-05 1.6918e-05 6.02757e-06 2.04472e-06 7.7605e-07 2.15023e-07 6.63777e-08 1.63346e-08 0 0 0 0 0 0 0 0 0 0 0 0 0 0 0 0 0 0 0 0 0 0 0 0 0 0 0 0 0 0 0 0 0 0 0 0 0 0 0 0 0 0 0 0 0 0 0 0 0 0 0 0 0
120603 72629.9 64602.9 30443.5 20990.9 15874.7 11979.9 7792.36 5307.41 3609.9 2722.74 1704.17 1121.43 695.508 402.936 273.504 213.163 134.089 79.7285 37.2908 23.3811 13.3402 6.69856 4.48029 3.09129 2.33414 1.22187 0.793374 0.435495 0.246364 0.15347 0.119938 0.102046 0.0949699 0.0916358 0.0905386 0.0900408 0.0897439 0.0896153 0.0895535 0.0895362 0.0895306 0.0895289 0.0895285 0.0895283 0.0895283 0.0895283 0.0895283 0.0895283 0.0895283 0.0895283 0.0895283 0.0895283 0.0895283 0.0895283 0.0895283 0.0895283 0.0895283 0.0895283 0.0895283 0.0895283 0.0895283 0.0895283 0.0895283 0.0895283 0.0895283 0.0895283 0.0895283 0.0895283 0.0895283 0.0895283 0.0895283 0.0895283 0.0895283 0.0895283 0.0895283 0.0895283 0.0895283 0.0895283 0.0895283 0.0895283 0.0895283 0.0895283 0.0895283 0.0895283 0.0895283 0.0895283 0.0895283 0.0895283 0.0895283 0.0895283 0.0895283 0.0895283 0.0895283 0.0895283 0.0895283 0.0895283 0.0895283 0.0895283
106452 79831.4 62980.8 33751.8 19433.3 17257.5 13123.2 9280.09 6505.2 4057.67 2901.26 1947.75 1473.91 978.16 560.557 392.482 292.639 182.339 123.361 63.0457 30.6295 18.0478 11.089 5.82961 3.63756 2.56577 1.61563 1.0005 0.547342 0.253031 0.0956558 0.0427602 0.0193439 0.0083378 0.00318068 0.00132796 0.000548281 0.000204808 8.37546e-05 2.52396e-05 8.40745e-06 2.31088e-06 8.55455e-07 2.61955e-07 8.68054e-08 2.8608e-08 0 0 0 0 0 0 0 0 0 0 0 0 0 0 0 0 0 0 0 0 0 0 0 0 0 0 0 0 0 0 0 0 0 0 0 0 0 0 0 0 0 0 0 0 0 0 0 0 0 0 0 0 0
118889 83161.1 54574.8 40452.9 27153.8 20966.5 13891.2 8018.03 6154.34 5258.06 3359.12 1939.14 1512.02 1014.22 620.234 404.689 263.771 169.684 107.96 53.5257 30.5497 17.1124 9.62727 4.71312 3.54223 2.63216 1.60996 0.89268 0.499644 0.270012 0.16511 0.128576 0.105471 0.0953757 0.0919979 0.0905197 0.0899834 0.0897018 0.089595 0.0895517 0.0895354 0.0895301 0.0895289 0.0895284 0.0895283 0.0895283 0.0895283 0.0895283 0.0895283 0.0895283 0.0895283 0.0895283 0.0895283 0.0895283 0.0895283 0.0895283 0.0895283 0.0895283 0.0895283 0.0895283 0.0895283 0.0895283 0.0895283 0.0895283 0.0895283 0.0895283 0.0895283 0.0895283 0.0895283 0.0895283 0.0895283 0.0895283 0.0895283 0.0895283 0.0895283 0.0895283 0.0895283 0.0895283 0.0895283 0.0895283 0.0895283 0.0895283 0.0895283 0.0895283 0.0895283 0.0895283 0.0895283 0.0895283 0.0895283 0.0895283 0.0895283 0.0895283 0.0895283 0.0895283 0.0895283 0.0895283 0.0895283 0.0895283 0.0895283
118576 79909.4 56621.9 31267.6 24304.1 18688.5 8985.85 8479.7 6266.9 3708.98 2644.42 1568.24 1185.02 735.462 460.624 328.813 196.098 124.581 77.0406 38.7194 20.9084 13.3502 7.82109 4.47946 3.28877 2.3895 1.44695 0.723255 0.441127 0.236314 0.133978 0.0491952 0.0239412 0.00991291 0.0042457 0.00161947 0.000701556 0.000268037 9.98898e-05 3.43702e-05 1.10434e-05 2.89797e-06 9.40119e-07 2.77431e-07 8.53126e-08 2.04591e-08 0 0 0 0 0 0 0 0 0 0 0 0 0 0 0 0 0 0 0 0 0 0 0 0 0 0 0 0 0 0 0 0 0 0 0 0 0 0 0 0 0 0 0 0 0 0 0 0 0 0 0 0 0
117374 81526.1 63379.3 34925.9 26659 17395.4 11281.8 9915.3 6911.14 4555.72 2938.72 2003 1249.16 912.407 495.685 421.285 251.988 165.273 77.1415 46.8605 26.7109 17.6471 9.38906 5.24613 3.60111 2.61706 1.60083 0.949538 0.428821 0.210569 0.08999 0.0431418 0.0205485 0.00814923 0.00350929 0.00140483 0.000604411 0.000272578 0.00010767 2.86943e-05 8.229e-06 2.31525e-06 6.80075e-07 1.98212e-07 5.63326e-08 1.64945e-08 0 0 0 0 0 0 0 0 0 0 0 0 0 0 0 0 0 0 0 0 0 0 0 0 0 0 0 0 0 0 0 0 0 0 0 0 0 0 0 0 0 0 0 0 0 0 0 0 0 0 0 0 0
119053 85975.4 59431.9 28008.7 23243.8 16922.7 12115.2 8590.52 5688.79 3714.48 2513.85 1623.42 1057.36 761.484 507.498 304.56 201.428 113.92 63.1979 36.2016 22.8356 13.3364 6.97281 3.72529 2.53562 1.50013 0.896103 0.449875 0.218127 0.0965908 0.0406096 0.0191016 0.00807833 0.00345666 0.00132267 0.000643644 0.000251555 0.000106113 4.04599e-05 1.26006e-05 4.01107e-06 1.19589e-06 3.55631e-07 1.1866e-07 4.2245e-08 1.24735e-08 0 0 0 0 0 0 0 0 0 0 0 0 0 0 0 0 0 0 0 0 0 0 0 0 0 0 0 0 0 0 0 0 0 0 0 0 0 0 0 0 0 0 0 0 0 0 0 0 0 0 0 0 0
107198 78274.7 54802.1 29412.9 23657.6 18978.8 13645.2 9314.83 6229.88 4289.56 2261.28 1972.63 1205.02 836.06 581.757 359.498 175.904 135.354 83.9778 35.8144 23.9006 12.2709 6.12525 3.59983 2.78257 1.6535 0.916794 0.467523 0.223177 0.0836257 0.0436675 0.0216995 0.00950493 0.00432568 0.00186067 0.000728936 0.000301785 0.000132905 5.48123e-05 1.97149e-05 7.63265e-06 2.70693e-06 8.66304e-07 2.15515e-07 6.37617e-08 2.01078e-08 0 0 0 0 0 0 0 0 0 0 0 0 0 0 0 0 0 0 0 0 0 0 0 0 0 0 0 0 0 0 0 0 0 0 0 0 0 0 0 0 0 0 0 0 0 0 0 0 0 0 0 0 0
105496 82965.2 55315.1 26926.3 24830.3 17876.8 13017.4 8615.06 6575.7 3977.78 2777.97 1852.98 1265.47 924.744 510.701 336.478 219.477 137.92 84.1788 38.8148 23.1852 13.058 5.84049 3.59335 2.80443 1.76127 1.01364 0.504595 0.288272 0.173686 0.0604588 0.0275172 0.0118291 0.00515932 0.0022725 0.00102485 0.00045707 0.000190168 7.65315e-05 2.49559e-05 9.02723e-06 3.14377e-06 9.19651e-07 2.65502e-07 7.07583e-08 1.84754e-08 0 0 0 0 0 0 0 0 0 0 0 0 0 0 0 0 0 0 0 0 0 0 0 0 0 0 0 0 0 0 0 0 0 0 0 0 0 0 0 0 0 0 0 0 0 0 0 0 0 0 0 0 0
112767 79016.8 59117.1 28114.9 22214.4 15475.3 8751.22 7716.29 5253.25 4039.32 2320.09 1773.14 1180.47 825.513 526.906 269.811 190.806 131.076 81.6148 36.7589 25.8169 13.1444 7.67996 4.52762 3.27788 2.20749 1.26218 0.759425 0.341934 0.139775 0.0646874 0.0279144 0.0117074 0.00473119 0.0020102 0.000914144 0.000367913 0.000173217 7.95175e-05 2.91136e-05 1.15544e-05 4.49234e-06 1.29462e-06 4.00202e-07 1.13562e-07 3.35162e-08 0 0 0 0 0 0 0 0 0 0 0 0 0 0 0 0 0 0 0 0 0 0 0 0 0 0 0 0 0 0 0 0 0 0 0 0 0 0 0 0 0 0 0 0 0 0 0 0 0 0 0 0 0
116015 87556.9 61150.7 37956.2 25900.3 17060 12900.7 9674.1 7585.42 5412.71 3058.41 2367.2 1573.84 1069.27 621.21 421.508 240.749 179.439 102.601 55.5041 27.5834 16.7856 8.9513 5.06851 3.24417 2.34714 1.35894 0.744178 0.407876 0.218589 0.0947457 0.0382366 0.0161607 0.00676333 0.002625 0.00125116 0.000514507 0.000190937 8.51212e-05 2.3951e-05 5.71025e-06 1.86749e-06 5.56943e-07 1.42947e-07 4.82556e-08 1.38706e-08 0 0 0 0 0 0 0 0 0 0 0 0 0 0 0 0 0 0 0 0 0 0 0 0 0 0 0 0 0 0 0 0 0 0 0 0 0 0 0 0 0 0 0 0 0 0 0 0 0 0 0 0 0
111052 67264.9 60644.1 34195 22259.4 16777.3 11413.7 8193.26 5791.07 3170.08 2566.66 1756.89 1192.4 776.818 421.551 320.906 228.742 122.227 65.5338 37.6568 24.6719 14.1203 5.80235 3.81507 2.91604 1.7694 1.03983 0.506201 0.19796 0.102827 0.040942 0.0169998 0.0065757 0.00227827 0.000908569 0.000420081 0.000176349 6.52138e-05 3.04301e-05 7.90248e-06 2.37197e-06 6.99194e-07 2.21185e-07 7.2226e-08 2.13557e-08 0 0 0 0 0 0 0 0 0 0 0 0 0 0 0 0 0 0 0 0 0 0 0 0 0 0 0 0 0 0 0 0 0 0 0 0 0 0 0 0 0 0 0 0 0 0 0 0 0 0 0 0 0 0
119849 74461.8 68588.3 30839.4 25681.4 17635 13678.8 8410.98 5054.6 4318.07 2251.5 1638.3 1254.83 864.857 548.233 355.729 245.4 133.536 77.1683 43.1853 24.5791 15.0553 8.96735 4.98837 3.61048 2.57153 1.70903 1.14703 0.824751 0.619263 0.533818 0.488343 0.468654 0.460294 0.456808 0.455506 0.454837 0.454539 0.454415 0.454351 0.454333 0.454326 0.454325 0.454324 0.454324 0.454324 0.454324 0.454324 0.454324 0.454324 0.454324 0.454324 0.454324 0.454324 0.454324 0.454324 0.454324 0.454324 0.454324 0.454324 0.454324 0.454324 0.454324 0.454324 0.454324 0.454324 0.454324 0.454324 0.454324 0.454324 0.454324 0.454324 0.454324 0.454324 0.454324 0.454324 0.454324 0.454324 0.454324 0.454324 0.454324 0.454324 0.454324 0.454324 0.454324 0.454324 0.454324 0.454324 0.454324 0.454324 0.454324 0.454324 0.454324 0.454324 0.454324 0.454324 0.454324 0.454324 0.454324
118430 82956.6 65980.6 31670.8 21366.4 19758.8 12694.3 10573.5 6079.97 4823.65 3221.69 2011.03 1283.66 888.1 594.136 408.438 263.451 178.444 109.25 45.5607 25.6756 13.7589 6.52444 3.76502 2.90313 1.7707 1.00029 0.466401 0.196877 0.0845777 0.0342974 0.0175459 0.00688747 0.00276121 0.00121872 0.000567175 0.000270631 0.000115938 5.45594e-05 2.12205e-05 6.50284e-06 2.32064e-06 6.66348e-07 1.77342e-07 4.95478e-08 1.50798e-08 0 0 0 0 0 0 0 0 0 0 0 0 0 0 0 0 0 0 0 0 0 0 0 0 0 0 0 0 0 0 0 0 0 0 0 0 0 0 0 0 0 0 0 0 0 0 0 0 0 0 0 0 0
103173 84674.6 63474.4 35737.5 26120.5 17069.3 12101.8 9783 5089.65 3882.69 1880.43 1796.2 1220.57 816.022 579.328 402.807 260.28 152.893 80.7869 39.2961 22.3087 16.6273 8.31447 4.35391 3.06654 2.03213 1.2027 0.672045 0.403179 0.227608 0.150454 0.115678 0.0998891 0.0935386 0.0913069 0.0903785 0.0899475 0.0897349 0.0896198 0.0895661 0.0895403 0.0895315 0.0895291 0.0895285 0.0895283 0.0895283 0.0895283 0.0895283 0.0895283 0.0895283 0.0895283 0.0895283 0.0895283 0.0895283 0.0895283 0.0895283 0.0895283 0.0895283 0.0895283 0.0895283 0.0895283 0.0895283 0.0895283 0.0895283 0.0895283 0.0895283 0.0895283 0.0895283 0.0895283 0.0895283 0.0895283 0.0895283 0.0895283 0.0895283 0.0895283 0.0895283 0.0895283 0.0895283 0.0895283 0.0895283 0.0895283 0.0895283 0.0895283 0.0895283 0.0895283 0.0895283 0.0895283 0.0895283 0.0895283 0.0895283 0.0895283 0.0895283 0.0895283 0.0895283 0.0895283 0.0895283 0.0895283 0.0895283 0.0895283
117312 73885.3 65645.5 33376 28462.8 20114.7 14891.8 7104.26 6738.37 4978.87 3738.72 2352.04 1561.52 1153.09 721.523 498.749 313.953 194.78 138.291 66.3095 35.3714 19.9719 13.0463 6.95742 4.19098 3.23345 2.27368 1.33812 0.725725 0.352101 0.179759 0.0523713 0.0271787 0.0117344 0.00480668 0.00204247 0.000790734 0.000327461 0.000132725 3.07481e-05 9.47988e-06 2.72339e-06 9.20505e-07 3.15593e-07 9.70227e-08 3.88679e-08 1.2355e-08 0 0 0 0 0 0 0 0 0 0 0 0 0 0 0 0 0 0 0 0 0 0 0 0 0 0 0 0 0 0 0 0 0 0 0 0 0 0 0 0 0 0 0 0 0 0 0 0 0 0 0 0
116942 81372.5 64456.9 32891.7 26421.3 18334.2 12091.3 7478.73 5778.99 4378.26 2773.12 1839.89 1289.94 728.256 495.148 347.94 247.646 147.323 87.2999 49.3421 27.9917 15.8312 7.88586 4.89891 3.00707 2.11551 1.14135 0.718927 0.352885 0.152749 0.0673205 0.0309797 0.0103991 0.00350507 0.00163635 0.000737911 0.000291916 0.000121372 4.76517e-05 1.13458e-05 3.60409e-06 1.17122e-06 3.33819e-07 1.25645e-07 4.78233e-08 1.38911e-08 0 0 0 0 0 0 0 0 0 0 0 0 0 0 0 0 0 0 0 0 0 0 0 0 0 0 0 0 0 0 0 0 0 0 0 0 0 0 0 0 0 0 0 0 0 0 0 0 0 0 0 0 0
116762 74877.5 64014.8 35362.3 27680.5 19868.1 14857.6 10493.6 7548.46 5677.56 3712.97 2506.91 1586.8 1018.64 677.471 451.118 284.561 144.169 123.678 54.3949 28.9388 16.356 12.1888 6.13607 4.6416 3.27922 2.32319 1.18722 0.723053 0.391495 0.206724 0.0755948 0.0333988 0.0125814 0.00520419 0.0021871 0.000896703 0.000358667 0.000140432 4.18167e-05 1.24015e-05 3.60121e-06 1.02429e-06 2.67647e-07 7.29757e-08 2.13421e-08 0 0 0 0 0 0 0 0 0 0 0 0 0 0 0 0 0 0 0 0 0 0 0 0 0 0 0 0 0 0 0 0 0 0 0 0 0 0 0 0 0 0 0 0 0 0 0 0 0 0 0 0 0
