5894.1 4667.21 3215.82 1937.44 1153.55 864.682 683.688 444.894 334.04 279.206 232.886 188.229 179.79 155.471 143.12 127.636 126.252 121.588 118.73 115.503 113.944 110.628 107.44 104.368 101.785 101.438 100.772 100.409 100.243 100.175 100.091 100.067 100.043 100.024 100.014 100.009 100.006 100.003 100.002 100 100 100 100 100 100 100 100 100 100 100 100 100 100 100 100 100 100 100 100 100 100 100 100 100 100 100 100 100 100 100 100 100 100 100 100 100 100 100 100 100 100 100 100 100 100 100 100 100 100 100 100 100 100 100 100
7969.22 3621.47 3621.47 1740.61 1249.62 916.176 530.602 461.942 321.353 260.589 246.621 178.231 165.699 150.987 140.496 130.708 123.075 121.617 117.423 115.419 112.988 110.642 106.341 103.699 102.08 101.109 100.59 100.416 100.226 100.132 100.079 100.051 100.033 100.017 100.011 100.007 100.003 100.003 100.001 100 100 100 100 100 100 100 100 100 100 100 100 100 100 100 100 100 100 100 100 100 100 100 100 100 100 100 100 100 100 100 100 100 100 100 100 100 100 100 100 100 100 100 100 100 100 100 100 100 100 100 100 100 100 100 100
8714.02 5559.93 3528.23 1546.9 1132.46 860.348 635.966 433.224 341.929 289.831 237.285 184.64 167.419 150.575 135.082 130.817 123.001 120.571 118.546 115.189 113 108.914 106.16 102.412 102.184 101.24 100.695 100.404 100.211 100.128 100.085 100.051 100.032 100.019 100.013 100.008 100.004 100.003 100.002 100 100 100 100 100 100 100 100 100 100 100 100 100 100 100 100 100 100 100 100 100 100 100 100 100 100 100 100 100 100 100 100 100 100 100 100 100 100 100 100 100 100 100 100 100 100 100 100 100 100 100 100 100 100 100 100
6613.08 4562.96 2880.93 1658.62 1095.25 858.957 645.262 478.091 341.703 256.633 221.876 175.475 170.011 146.642 136.473 129.042 125.057 119.036 118.436 115.478 113.61 109.761 106.884 103.621 102.094 101.377 100.666 100.385 100.221 100.146 100.08 100.048 100.029 100.017 100.011 100.006 100.004 100.003 100.002 100 100 100 100 100 100 100 100 100 100 100 100 100 100 100 100 100 100 100 100 100 100 100 100 100 100 100 100 100 100 100 100 100 100 100 100 100 100 100 100 100 100 100 100 100 100 100 100 100 100 100 100 100 100 100 100
6144.46 4368.16 3726.29 1465.29 1192.73 873.378 608.633 436.377 328.181 292.828 223.717 187.311 166.495 152.889 139.876 130.182 122.641 121.285 117.714 115.64 113.317 109.815 106.617 103.307 102.333 101.195 100.665 100.408 100.225 100.142 100.071 100.051 100.032 100.019 100.011 100.008 100.005 100.003 100.002 100 100 100 100 100 100 100 100 100 100 100 100 100 100 100 100 100 100 100 100 100 100 100 100 100 100 100 100 100 100 100 100 100 100 100 100 100 100 100 100 100 100 100 100 100 100 100 100 100 100 100 100 100 100 100 100
6602.02 3828.26 2855.8 1461.38 867.699 572.415 472.675 426.261 265.045 243.957 200.937 173.015 150.996 146.257 134.418 126.057 120.975 118.88 115.953 112.832 110.122 107.294 103.823 102.101 101.333 100.711 100.448 100.235 100.156 100.093 100.065 100.044 100.025 100.013 100.009 100.006 100.004 100.002 100.001 100 100 100 100 100 100 100 100 100 100 100 100 100 100 100 100 100 100 100 100 100 100 100 100 100 100 100 100 100 100 100 100 100 100 100 100 100 100 100 100 100 100 100 100 100 100 100 100 100 100 100 100 100 100 100 100
6059.02 5059.87 3194.08 1324.96 831.074 631.123 533.285 363.226 326.943 247.735 196.876 174.987 161.122 149.073 134.019 126.533 123.47 119.559 117.132 114.065 112.625 108.783 104.877 103.729 101.74 101.053 100.535 100.34 100.184 100.134 100.078 100.045 100.027 100.019 100.012 100.008 100.003 100.003 100.002 100 100 100 100 100 100 100 100 100 100 100 100 100 100 100 100 100 100 100 100 100 100 100 100 100 100 100 100 100 100 100 100 100 100 100 100 100 100 100 100 100 100 100 100 100 100 100 100 100 100 100 100 100 100 100 100
7409.93 5247.25 3376.61 1834.83 1248.68 814.785 601.132 385.944 341.188 299.892 249.36 184.617 174.051 149.189 137.133 131.638 125.214 120.963 118.226 115.218 112.063 109.458 106.768 103.991 101.939 101.285 100.86 100.432 100.275 100.157 100.094 100.064 100.039 100.022 100.014 100.009 100.006 100.004 100.002 100.001 100 100 100 100 100 100 100 100 100 100 100 100 100 100 100 100 100 100 100 100 100 100 100 100 100 100 100 100 100 100 100 100 100 100 100 100 100 100 100 100 100 100 100 100 100 100 100 100 100 100 100 100 100 100 100
7342.84 5781.53 4526.8 2503.64 1382.65 1077.99 770.925 614.123 394.746 362.574 289.659 232.175 199.035 171.131 156.229 139.988 131.034 125.456 120.286 117.306 115.237 113.517 110.093 104.736 103.292 102.127 101.222 100.515 100.339 100.251 100.136 100.094 100.056 100.028 100.02 100.011 100.007 100.005 100.003 100.001 100 100 100 100 100 100 100 100 100 100 100 100 100 100 100 100 100 100 100 100 100 100 100 100 100 100 100 100 100 100 100 100 100 100 100 100 100 100 100 100 100 100 100 100 100 100 100 100 100 100 100 100 100 100 100
7473.13 7091.97 6170.12 2499.32 1345.28 1258.79 842.991 618.361 383.805 303.127 281.234 220.732 189.891 159.755 141.117 135.287 125.598 124.146 119.505 115.519 113.93 111.619 107.583 104.77 102.51 101.397 100.876 100.461 100.25 100.132 100.078 100.062 100.039 100.024 100.014 100.009 100.005 100.004 100.002 100 100 100 100 100 100 100 100 100 100 100 100 100 100 100 100 100 100 100 100 100 100 100 100 100 100 100 100 100 100 100 100 100 100 100 100 100 100 100 100 100 100 100 100 100 100 100 100 100 100 100 100 100 100 100 100
6878.12 5258.29 4024.78 1908.84 1324.48 788.298 611.525 462.548 362.529 285.041 243.345 197.48 170.206 153.642 139.654 131.098 127.336 122.089 118.536 115.698 113.528 110.87 107.357 103.702 102.689 101.552 100.806 100.448 100.284 100.173 100.097 100.056 100.039 100.026 100.015 100.01 100.006 100.003 100.002 100 100 100 100 100 100 100 100 100 100 100 100 100 100 100 100 100 100 100 100 100 100 100 100 100 100 100 100 100 100 100 100 100 100 100 100 100 100 100 100 100 100 100 100 100 100 100 100 100 100 100 100 100 100 100 100
5012.47 5012.47 2430.72 1268.09 1057.69 835.616 524.822 385.264 332.966 254.745 217.553 187.509 156 146.095 137.104 126.747 123.995 118.988 116.73 114.706 112.824 108.762 104.163 102.875 101.615 101.157 100.547 100.312 100.238 100.152 100.079 100.055 100.031 100.017 100.012 100.007 100.003 100.003 100.002 100 100 100 100 100 100 100 100 100 100 100 100 100 100 100 100 100 100 100 100 100 100 100 100 100 100 100 100 100 100 100 100 100 100 100 100 100 100 100 100 100 100 100 100 100 100 100 100 100 100 100 100 100 100 100 100
7600.52 6398.5 4570.38 2214.49 1455.83 1187.22 561.264 561.264 366.56 309.917 258.792 207.329 177.845 154.638 140.448 127.975 127.331 121.709 119.052 115.944 113.112 111.307 106.098 103.737 102.076 101.269 100.67 100.452 100.23 100.155 100.099 100.046 100.039 100.024 100.015 100.009 100.006 100.004 100.002 100 100 100 100 100 100 100 100 100 100 100 100 100 100 100 100 100 100 100 100 100 100 100 100 100 100 100 100 100 100 100 100 100 100 100 100 100 100 100 100 100 100 100 100 100 100 100 100 100 100 100 100 100 100 100 100
6025.06 3838.5 3837.97 1548.7 1347.07 810.332 699.199 533.295 317.06 285.594 232.042 189.479 171.749 152.921 140.72 133.225 125.879 121.874 117.044 115.527 111.357 110.726 106.118 104.08 102.446 101.362 100.848 100.402 100.305 100.175 100.092 100.065 100.038 100.024 100.013 100.009 100.006 100.004 100.002 100.001 100 100 100 100 100 100 100 100 100 100 100 100 100 100 100 100 100 100 100 100 100 100 100 100 100 100 100 100 100 100 100 100 100 100 100 100 100 100 100 100 100 100 100 100 100 100 100 100 100 100 100 100 100 100 100
6990.62 4562.51 3871.09 1659.52 1158.51 843.771 569.866 475.77 350.946 286.516 215.5 197.859 165.413 150.591 141.086 129.75 124.012 119.587 117.63 114.578 112.509 109.971 105.567 103.391 101.555 100.984 100.336 100.336 100.212 100.136 100.081 100.05 100.03 100.022 100.012 100.009 100.005 100.003 100.002 100 100 100 100 100 100 100 100 100 100 100 100 100 100 100 100 100 100 100 100 100 100 100 100 100 100 100 100 100 100 100 100 100 100 100 100 100 100 100 100 100 100 100 100 100 100 100 100 100 100 100 100 100 100 100 100
6357.4 6181.76 3663.95 1854.33 800.596 780.43 596.137 458.522 369.531 282.58 223.399 191.51 158.885 147.61 138.399 131.162 122.121 120.012 117.303 115.165 113.01 110.319 104.532 103.49 102.036 101.074 100.668 100.409 100.278 100.151 100.094 100.051 100.037 100.024 100.013 100.008 100.006 100.003 100.002 100 100 100 100 100 100 100 100 100 100 100 100 100 100 100 100 100 100 100 100 100 100 100 100 100 100 100 100 100 100 100 100 100 100 100 100 100 100 100 100 100 100 100 100 100 100 100 100 100 100 100 100 100 100 100 100
6229.31 5375.55 3611.24 1720.33 1117.45 738.613 530.421 449.347 304.849 228.15 228.15 185.657 156.869 150.902 135.977 130.854 123.799 119.628 117.544 114.87 112.184 109.019 106.545 103.912 102.083 101.281 100.571 100.402 100.208 100.143 100.088 100.051 100.03 100.02 100.014 100.008 100.004 100.003 100.002 100 100 100 100 100 100 100 100 100 100 100 100 100 100 100 100 100 100 100 100 100 100 100 100 100 100 100 100 100 100 100 100 100 100 100 100 100 100 100 100 100 100 100 100 100 100 100 100 100 100 100 100 100 100 100 100
6286.94 5745.88 3793.71 1800.42 1379.59 862.497 640.995 510.448 426.751 321.444 252.506 198.525 180.414 160.453 146.299 135.503 127.324 123.255 119.084 115.642 114.953 112.912 108.506 105.58 103.488 101.917 101.047 100.637 100.313 100.235 100.144 100.079 100.051 100.033 100.021 100.013 100.007 100.005 100.003 100.001 100 100 100 100 100 100 100 100 100 100 100 100 100 100 100 100 100 100 100 100 100 100 100 100 100 100 100 100 100 100 100 100 100 100 100 100 100 100 100 100 100 100 100 100 100 100 100 100 100 100 100 100 100 100 100
7884.49 5506.26 2616.61 1619.74 1043.93 612.26 513.216 385.138 324.443 252.691 212.336 182.745 155.608 141.237 139.346 128.262 123.297 119.574 116.705 114.179 113.075 109.824 104.944 103.213 101.956 101.168 100.613 100.345 100.234 100.133 100.087 100.046 100.027 100.018 100.01 100.007 100.005 100.002 100.002 100 100 100 100 100 100 100 100 100 100 100 100 100 100 100 100 100 100 100 100 100 100 100 100 100 100 100 100 100 100 100 100 100 100 100 100 100 100 100 100 100 100 100 100 100 100 100 100 100 100 100 100 100 100 100 100
7053.87 5605.16 3293.37 1729.81 1056.27 606.001 549.867 420.423 325.941 250.601 188.795 171.033 161.771 148.604 140.165 131.283 125.895 121.329 117.219 115.867 113.695 110.24 106.345 102.943 102.014 101.157 100.668 100.401 100.222 100.13 100.099 100.065 100.029 100.021 100.012 100.009 100.006 100.003 100.002 100 100 100 100 100 100 100 100 100 100 100 100 100 100 100 100 100 100 100 100 100 100 100 100 100 100 100 100 100 100 100 100 100 100 100 100 100 100 100 100 100 100 100 100 100 100 100 100 100 100 100 100 100 100 100 100
7045.09 5249.92 3223.64 1494.15 1108.52 786.56 550.359 434.735 367.216 257.378 208.78 181.338 163.962 144.677 132.68 130.068 124.41 119.776 116.303 114.974 111.948 109.611 104.451 102.929 101.623 100.998 100.64 100.365 100.207 100.142 100.079 100.046 100.031 100.017 100.012 100.007 100.005 100.003 100.002 100 100 100 100 100 100 100 100 100 100 100 100 100 100 100 100 100 100 100 100 100 100 100 100 100 100 100 100 100 100 100 100 100 100 100 100 100 100 100 100 100 100 100 100 100 100 100 100 100 100 100 100 100 100 100 100
4038.74 3281.59 2584.36 1217.64 955.977 696.505 480.131 387.152 288.282 236.065 196.147 173.763 152.16 141.88 128.408 126.528 122.343 117.52 115.379 113.354 111.543 107.405 104.657 102.274 101.441 100.796 100.489 100.264 100.18 100.117 100.066 100.034 100.027 100.013 100.01 100.006 100.003 100.002 100.001 100 100 100 100 100 100 100 100 100 100 100 100 100 100 100 100 100 100 100 100 100 100 100 100 100 100 100 100 100 100 100 100 100 100 100 100 100 100 100 100 100 100 100 100 100 100 100 100 100 100 100 100 100 100 100 100
7954.79 5331.76 3820.47 1444.72 1242.45 967.687 765.02 578.787 306.372 289.028 262.916 210.45 177.709 162.776 145.811 133.573 127.662 123.854 117.665 115.96 113.4 111.271 107.896 104.222 102.873 101.311 100.916 100.538 100.3 100.176 100.11 100.044 100.041 100.025 100.016 100.009 100.006 100.004 100.002 100 100 100 100 100 100 100 100 100 100 100 100 100 100 100 100 100 100 100 100 100 100 100 100 100 100 100 100 100 100 100 100 100 100 100 100 100 100 100 100 100 100 100 100 100 100 100 100 100 100 100 100 100 100 100 100
7122.11 4861.52 2736.31 960.197 916.81 713.57 573.425 394.608 299.357 257.811 194.655 173.306 155.394 142.232 133.918 127.404 121.027 118.225 116.079 114.27 112.476 106.847 104.116 102.646 101.891 100.859 100.583 100.318 100.227 100.139 100.08 100.051 100.032 100.018 100.012 100.008 100.004 100.002 100.002 100 100 100 100 100 100 100 100 100 100 100 100 100 100 100 100 100 100 100 100 100 100 100 100 100 100 100 100 100 100 100 100 100 100 100 100 100 100 100 100 100 100 100 100 100 100 100 100 100 100 100 100 100 100 100 100
6517.53 4300.84 3252.28 1478.33 1144.89 762.244 608.154 381.067 347.047 279.894 214.569 187.428 162.904 150.576 138.562 129.997 122.906 121.266 118.575 115.906 113.782 110.764 107.23 104.181 102.354 101.374 100.819 100.383 100.263 100.13 100.096 100.063 100.033 100.025 100.014 100.008 100.005 100.003 100.002 100 100 100 100 100 100 100 100 100 100 100 100 100 100 100 100 100 100 100 100 100 100 100 100 100 100 100 100 100 100 100 100 100 100 100 100 100 100 100 100 100 100 100 100 100 100 100 100 100 100 100 100 100 100 100 100
7420.49 5017.35 2916.55 1525.6 987.744 700.691 582.219 397.395 311.627 239.538 205.699 180.18 151.488 139.458 135.214 129.293 122.667 119.681 118.089 114.699 113.164 107.772 106.469 103.083 101.827 101.056 100.72 100.326 100.185 100.156 100.087 100.045 100.033 100.017 100.013 100.008 100.005 100.003 100.002 100 100 100 100 100 100 100 100 100 100 100 100 100 100 100 100 100 100 100 100 100 100 100 100 100 100 100 100 100 100 100 100 100 100 100 100 100 100 100 100 100 100 100 100 100 100 100 100 100 100 100 100 100 100 100 100
6797.69 4367.85 2900.4 1366.33 973.07 727.565 478.832 392.284 309.125 256.639 212.908 179.286 160.027 145.595 134.633 125.992 123.894 118.865 116.53 114.851 112.032 107.809 104.749 103.198 101.612 100.704 100.437 100.292 100.228 100.115 100.085 100.047 100.029 100.016 100.012 100.006 100.004 100.002 100.002 100 100 100 100 100 100 100 100 100 100 100 100 100 100 100 100 100 100 100 100 100 100 100 100 100 100 100 100 100 100 100 100 100 100 100 100 100 100 100 100 100 100 100 100 100 100 100 100 100 100 100 100 100 100 100 100
8337.05 5821.54 3445.62 1931.36 1129.17 785.148 543.277 485.36 348.96 297.64 232.034 199.457 168.484 155.996 139.033 131.136 124.764 121.586 118.78 115.304 113.012 111.094 106.368 103.612 102.35 101.342 100.891 100.418 100.225 100.178 100.099 100.057 100.041 100.025 100.015 100.008 100.005 100.004 100.002 100 100 100 100 100 100 100 100 100 100 100 100 100 100 100 100 100 100 100 100 100 100 100 100 100 100 100 100 100 100 100 100 100 100 100 100 100 100 100 100 100 100 100 100 100 100 100 100 100 100 100 100 100 100 100 100
6984.95 5098.21 2409.24 1612.14 931.451 745.849 515.303 414.829 262.707 248.758 219.835 182.956 153.769 149.397 131.861 127.133 123.124 120.191 116.84 114.259 113.031 108.751 106.086 102.636 101.845 100.698 100.463 100.329 100.22 100.096 100.073 100.045 100.027 100.018 100.011 100.007 100.004 100.002 100.001 100 100 100 100 100 100 100 100 100 100 100 100 100 100 100 100 100 100 100 100 100 100 100 100 100 100 100 100 100 100 100 100 100 100 100 100 100 100 100 100 100 100 100 100 100 100 100 100 100 100 100 100 100 100 100 100
8853.95 5682.46 4341.45 1790.11 1347.25 959.738 748.537 478.946 388.107 266.626 227.244 214.816 159.667 157.973 139.12 132.769 126.544 120.686 118.323 115.315 113.402 109.654 107.295 103.201 102.197 101.081 100.762 100.459 100.227 100.164 100.1 100.056 100.032 100.021 100.013 100.008 100.005 100.003 100.002 100 100 100 100 100 100 100 100 100 100 100 100 100 100 100 100 100 100 100 100 100 100 100 100 100 100 100 100 100 100 100 100 100 100 100 100 100 100 100 100 100 100 100 100 100 100 100 100 100 100 100 100 100 100 100 100
8573.01 6501.1 3066.63 2012.84 1417.47 774.011 471.264 471.264 371.793 270.34 216.676 194.873 168.694 152.265 143.162 130.828 125.987 120.994 117.657 114.4 113.732 111.14 107.444 104.003 101.711 101.264 100.703 100.433 100.226 100.142 100.078 100.057 100.031 100.02 100.013 100.007 100.005 100.003 100.002 100 100 100 100 100 100 100 100 100 100 100 100 100 100 100 100 100 100 100 100 100 100 100 100 100 100 100 100 100 100 100 100 100 100 100 100 100 100 100 100 100 100 100 100 100 100 100 100 100 100 100 100 100 100 100 100
8087.35 6328.59 4441.48 1961.05 1435.58 806.072 679.361 593.478 439.973 333.613 253.439 208.506 194.169 166.332 148.586 134.47 128.22 124.364 118.633 115.956 114.301 112.821 108.178 104.395 103.058 101.791 101.009 100.604 100.378 100.213 100.13 100.079 100.048 100.028 100.016 100.012 100.007 100.005 100.003 100.001 100 100 100 100 100 100 100 100 100 100 100 100 100 100 100 100 100 100 100 100 100 100 100 100 100 100 100 100 100 100 100 100 100 100 100 100 100 100 100 100 100 100 100 100 100 100 100 100 100 100 100 100 100 100 100
6750.89 4297.93 2901.6 1147.29 1043.27 709.393 526.84 396.792 315.04 216.725 173.871 173.871 162.903 145.189 135.686 126.539 122.359 119.085 117.599 114.433 112.254 107.739 105.316 102.241 101.586 100.838 100.698 100.34 100.205 100.131 100.082 100.051 100.032 100.02 100.011 100.008 100.004 100.003 100.001 100 100 100 100 100 100 100 100 100 100 100 100 100 100 100 100 100 100 100 100 100 100 100 100 100 100 100 100 100 100 100 100 100 100 100 100 100 100 100 100 100 100 100 100 100 100 100 100 100 100 100 100 100 100 100 100
7874.96 5661.75 3670.43 1167.27 939.588 756.025 477.943 406.242 277.675 246.046 210.273 182.293 161.088 147.483 135.095 128.143 122.081 119.632 116.66 115.161 112.59 108.462 105.439 103.371 101.878 101.188 100.644 100.334 100.222 100.124 100.079 100.05 100.029 100.017 100.009 100.008 100.005 100.003 100.001 100 100 100 100 100 100 100 100 100 100 100 100 100 100 100 100 100 100 100 100 100 100 100 100 100 100 100 100 100 100 100 100 100 100 100 100 100 100 100 100 100 100 100 100 100 100 100 100 100 100 100 100 100 100 100 100
5641.08 5017.69 3336.36 1425.27 996.433 726.989 505.664 411.456 344.243 295.96 233.413 186.054 169.158 155.096 139.858 128.854 124.744 119.973 117.743 115.53 113.121 109.126 105.536 103.461 101.878 101.009 100.698 100.346 100.246 100.146 100.085 100.053 100.033 100.019 100.012 100.008 100.005 100.003 100.002 100 100 100 100 100 100 100 100 100 100 100 100 100 100 100 100 100 100 100 100 100 100 100 100 100 100 100 100 100 100 100 100 100 100 100 100 100 100 100 100 100 100 100 100 100 100 100 100 100 100 100 100 100 100 100 100
5813.04 5091.02 3971.82 1999.4 1442.88 969.879 642.643 445.456 382.483 307.631 244.447 204.257 177.807 154.705 143.183 134.604 125.869 123.379 119.817 116.177 114.552 110.322 108.968 104.186 102.235 101.521 100.846 100.484 100.252 100.168 100.088 100.059 100.036 100.022 100.014 100.008 100.005 100.003 100.002 100 100 100 100 100 100 100 100 100 100 100 100 100 100 100 100 100 100 100 100 100 100 100 100 100 100 100 100 100 100 100 100 100 100 100 100 100 100 100 100 100 100 100 100 100 100 100 100 100 100 100 100 100 100 100 100
7661.84 4501.94 3420.17 1201.39 1102.67 919.036 602.544 411.376 353.044 295.392 227.627 195.951 164.479 147.655 139.754 131.947 125.656 121.723 117.757 115.4 114.009 111.792 107.959 103.552 102.652 101.602 100.798 100.459 100.273 100.171 100.105 100.055 100.036 100.018 100.014 100.009 100.006 100.003 100.002 100 100 100 100 100 100 100 100 100 100 100 100 100 100 100 100 100 100 100 100 100 100 100 100 100 100 100 100 100 100 100 100 100 100 100 100 100 100 100 100 100 100 100 100 100 100 100 100 100 100 100 100 100 100 100 100
6021.24 4947.6 2056.19 960.305 775.214 538.932 538.932 393.906 305.122 266.454 203.992 185.698 160.142 145.153 131.855 128.587 124.249 119.864 117.43 114.391 111.942 109.051 105.286 102.215 101.596 101.028 100.463 100.31 100.202 100.118 100.079 100.048 100.031 100.019 100.011 100.007 100.004 100.002 100.001 100 100 100 100 100 100 100 100 100 100 100 100 100 100 100 100 100 100 100 100 100 100 100 100 100 100 100 100 100 100 100 100 100 100 100 100 100 100 100 100 100 100 100 100 100 100 100 100 100 100 100 100 100 100 100 100
6698.15 5282.01 3982.29 1495.09 954.835 835.966 564.289 417.037 331.516 250.824 214.83 178.6 149.74 144.533 132.47 128.19 122.251 118.716 116.288 114.333 112.857 108.361 105.258 103 101.899 100.925 100.575 100.309 100.211 100.123 100.078 100.05 100.03 100.019 100.012 100.007 100.004 100.002 100.002 100 100 100 100 100 100 100 100 100 100 100 100 100 100 100 100 100 100 100 100 100 100 100 100 100 100 100 100 100 100 100 100 100 100 100 100 100 100 100 100 100 100 100 100 100 100 100 100 100 100 100 100 100 100 100 100
7111.12 4946.34 3242.84 1469.52 987.606 662.527 467.334 386.884 315.654 262.615 217.082 172.286 155.458 142.648 134.269 129.23 122.348 119.889 117.02 114.443 112.154 109.138 105.547 102.639 101.497 101.081 100.465 100.224 100.173 100.112 100.062 100.042 100.026 100.018 100.011 100.006 100.004 100.003 100.001 100 100 100 100 100 100 100 100 100 100 100 100 100 100 100 100 100 100 100 100 100 100 100 100 100 100 100 100 100 100 100 100 100 100 100 100 100 100 100 100 100 100 100 100 100 100 100 100 100 100 100 100 100 100 100 100
6822.74 5451.36 3177.53 1331.28 1124.3 721.186 585.483 489.292 361.554 269.54 223.251 184.833 170.458 145.41 136.181 129.598 125.088 120.902 117.454 115.54 112.814 109.793 107.501 103.597 102.181 101.045 100.595 100.379 100.241 100.144 100.08 100.057 100.033 100.022 100.013 100.009 100.005 100.003 100.002 100 100 100 100 100 100 100 100 100 100 100 100 100 100 100 100 100 100 100 100 100 100 100 100 100 100 100 100 100 100 100 100 100 100 100 100 100 100 100 100 100 100 100 100 100 100 100 100 100 100 100 100 100 100 100 100
7967.32 6524.83 4497.18 1964.14 1369.01 768.472 724.606 551.231 366.237 305.721 246.184 202.574 174.192 154.69 136.367 133.576 126.762 120.409 118.273 115.258 113.746 109.405 105.518 102.92 102.395 101.247 100.734 100.388 100.234 100.15 100.08 100.061 100.033 100.021 100.013 100.007 100.006 100.003 100.002 100 100 100 100 100 100 100 100 100 100 100 100 100 100 100 100 100 100 100 100 100 100 100 100 100 100 100 100 100 100 100 100 100 100 100 100 100 100 100 100 100 100 100 100 100 100 100 100 100 100 100 100 100 100 100 100
6347.86 5012.03 3745.13 1849.95 1353.86 814.772 669.657 494.137 363.659 281.995 229.436 183.444 159.046 150.254 138.279 128.628 123.498 120.883 117.534 114.584 113.114 110.051 106.676 103.052 102.049 100.982 100.7 100.409 100.217 100.133 100.076 100.046 100.032 100.018 100.012 100.008 100.004 100.003 100.002 100 100 100 100 100 100 100 100 100 100 100 100 100 100 100 100 100 100 100 100 100 100 100 100 100 100 100 100 100 100 100 100 100 100 100 100 100 100 100 100 100 100 100 100 100 100 100 100 100 100 100 100 100 100 100 100
5138.26 3929.86 2758.75 1543.91 1006.52 667.753 577.212 409.653 327.606 271.989 228.655 187.485 168.036 151.326 137.858 131.452 122.66 120.508 116.667 114.925 112.262 108.635 103.964 102.559 101.974 100.92 100.598 100.311 100.188 100.118 100.075 100.051 100.026 100.018 100.01 100.006 100.004 100.002 100.002 100 100 100 100 100 100 100 100 100 100 100 100 100 100 100 100 100 100 100 100 100 100 100 100 100 100 100 100 100 100 100 100 100 100 100 100 100 100 100 100 100 100 100 100 100 100 100 100 100 100 100 100 100 100 100 100
6102.16 4305.01 2677.8 1375.14 1042.03 566.261 465.851 362.732 317.293 261.992 202.714 180.787 158.159 144.568 135.349 128.038 124.893 118.863 116.165 114.895 113.325 108.828 105.379 103.492 101.853 101.146 100.616 100.351 100.187 100.124 100.091 100.054 100.035 100.02 100.013 100.008 100.005 100.003 100.002 100 100 100 100 100 100 100 100 100 100 100 100 100 100 100 100 100 100 100 100 100 100 100 100 100 100 100 100 100 100 100 100 100 100 100 100 100 100 100 100 100 100 100 100 100 100 100 100 100 100 100 100 100 100 100 100
7541.61 5026.36 3559.05 1438.92 1217.15 830.329 622.474 424.995 352.622 276.498 203.09 173.431 168.834 150.602 138.403 128.696 125.831 120.247 117.583 114.904 112.988 108.68 105.898 102.812 102.022 101.275 100.6 100.342 100.24 100.14 100.077 100.051 100.032 100.019 100.01 100.008 100.004 100.003 100.002 100 100 100 100 100 100 100 100 100 100 100 100 100 100 100 100 100 100 100 100 100 100 100 100 100 100 100 100 100 100 100 100 100 100 100 100 100 100 100 100 100 100 100 100 100 100 100 100 100 100 100 100 100 100 100 100
6143.32 4761.49 2939.47 1514.26 933.616 683.275 474.396 410.181 301.519 247.993 195.215 182.886 161.369 145.433 136.496 127.087 122.161 117.358 114.95 113.626 110.902 108.245 104.731 103.156 101.615 100.826 100.442 100.288 100.185 100.112 100.065 100.048 100.028 100.018 100.01 100.006 100.004 100.003 100.002 100 100 100 100 100 100 100 100 100 100 100 100 100 100 100 100 100 100 100 100 100 100 100 100 100 100 100 100 100 100 100 100 100 100 100 100 100 100 100 100 100 100 100 100 100 100 100 100 100 100 100 100 100 100 100 100
5628.62 4068.5 2701.66 1442.85 880.922 657.082 545.62 312.585 291.389 247.003 194.334 188.724 165.922 143.978 134.814 129.812 123.343 118.543 117.528 115.134 112.023 108.897 106.261 102.979 102.125 101.302 100.656 100.393 100.249 100.152 100.092 100.051 100.034 100.019 100.013 100.009 100.005 100.003 100.002 100 100 100 100 100 100 100 100 100 100 100 100 100 100 100 100 100 100 100 100 100 100 100 100 100 100 100 100 100 100 100 100 100 100 100 100 100 100 100 100 100 100 100 100 100 100 100 100 100 100 100 100 100 100 100 100
6511.35 5151.9 2457.7 1664.17 1032.74 883.962 478.36 417.192 319.355 278.952 221.492 187.715 165.473 150.57 138.581 131.791 126.19 121.147 118.03 115.681 113.39 110.806 106.949 104.246 102.331 101.339 100.549 100.442 100.242 100.167 100.091 100.061 100.035 100.021 100.014 100.008 100.006 100.004 100.002 100 100 100 100 100 100 100 100 100 100 100 100 100 100 100 100 100 100 100 100 100 100 100 100 100 100 100 100 100 100 100 100 100 100 100 100 100 100 100 100 100 100 100 100 100 100 100 100 100 100 100 100 100 100 100 100
8087.59 5311.36 2556.74 1288.48 867.988 774.018 527.393 420.917 351.351 251.039 217.819 181.459 166.985 144.714 135.698 130.745 124.592 119.883 116.655 115.673 113.259 109.204 105.841 103.246 101.999 101.282 100.49 100.361 100.257 100.141 100.086 100.057 100.034 100.02 100.013 100.009 100.005 100.003 100.002 100 100 100 100 100 100 100 100 100 100 100 100 100 100 100 100 100 100 100 100 100 100 100 100 100 100 100 100 100 100 100 100 100 100 100 100 100 100 100 100 100 100 100 100 100 100 100 100 100 100 100 100 100 100 100 100
8337.64 5393.1 5393.1 2312.69 1885.32 985.511 807 694.665 499.723 326.809 283.228 244.612 187.948 174.436 155.208 140.571 128.659 124.894 121.456 118.43 115.736 113.011 109.543 105.713 102.459 102.019 101.234 100.674 100.326 100.212 100.126 100.078 100.051 100.029 100.019 100.013 100.007 100.005 100.002 100.001 100 100 100 100 100 100 100 100 100 100 100 100 100 100 100 100 100 100 100 100 100 100 100 100 100 100 100 100 100 100 100 100 100 100 100 100 100 100 100 100 100 100 100 100 100 100 100 100 100 100 100 100 100 100 100
