13857.8 9370.29 6652.26 2655.03 1905.43 1726.55 910.158 910.158 910.158 720.685 545.349 350.617 340.108 256.327 175.111 124.111 105.583 76.1276 61.6622 41.5571 22.9122 16.5364 10.1793 6.63654 3.69192 1.84259 1.45589 1.04844 0.738829 0.5239 0.295654 0.136399 0.0562247 0.0328855 0.0106138 0.00563913 0.00206492 0.000603019 0.000288325 1.54631e-05 2.83735e-06 4.32159e-07 1.53709e-07 2.7296e-08 0 0 0 0 0 0 0 0 0 0 0 0 0 0 0 0 0 0 0 0 0 0 0 0 0 0 0 0 0 0 0 0 0 0 0 0 0 0 0 0 0 0 0 0 0 0 0 0 0 0 0
15609.2 8680.49 5860.09 3597.95 2664.2 1713.61 1521.47 947.596 947.596 740.486 635.859 527.913 335.593 265.762 222.011 156.515 113.617 70.0193 40.7641 29.0671 23.7304 14.1725 9.25711 5.39834 4.18965 2.50081 1.31643 0.939159 0.465572 0.417652 0.214304 0.11168 0.0386893 0.0214569 0.0107194 0.00308574 0.00135374 0.000533726 0.000239033 1.22213e-05 2.18526e-06 7.14454e-07 1.26976e-07 2.23894e-08 0 0 0 0 0 0 0 0 0 0 0 0 0 0 0 0 0 0 0 0 0 0 0 0 0 0 0 0 0 0 0 0 0 0 0 0 0 0 0 0 0 0 0 0 0 0 0 0 0 0 0
14730.3 7789.03 5277.08 3794.79 2087.99 1886.15 1886.15 1182.19 979.671 583.712 583.712 477.616 276.46 236.335 173.803 116.744 92.4212 80.2438 52.2232 31.5593 23.0675 8.67412 7.82522 5.41181 3.1696 1.74418 1.00466 0.814054 0.586306 0.330903 0.179223 0.0760965 0.0252697 0.0130384 0.00595363 0.00305762 0.000939879 0.000481985 0.000150119 8.73782e-06 1.59722e-06 4.80565e-07 7.69027e-08 1.38388e-08 0 0 0 0 0 0 0 0 0 0 0 0 0 0 0 0 0 0 0 0 0 0 0 0 0 0 0 0 0 0 0 0 0 0 0 0 0 0 0 0 0 0 0 0 0 0 0 0 0 0 0
15356.8 8567.89 6851.18 3453.87 2409.09 1850.57 1268.79 1129.44 936.298 645.421 611.797 476.785 348.361 229.424 177.599 130.922 105.374 93.504 65.2623 38.6909 20.2768 18.2545 8.88338 6.31632 4.36747 2.52111 1.52249 0.970979 0.704628 0.559827 0.247125 0.101374 0.0640689 0.028593 0.0089819 0.00500621 0.00188686 0.000822131 0.000303502 1.74283e-05 2.91121e-06 6.68236e-07 1.49911e-07 2.8227e-08 0 0 0 0 0 0 0 0 0 0 0 0 0 0 0 0 0 0 0 0 0 0 0 0 0 0 0 0 0 0 0 0 0 0 0 0 0 0 0 0 0 0 0 0 0 0 0 0 0 0 0
13882.3 11417.5 6003 3011.01 3011.01 2138.16 1701.49 1087.06 943.28 943.28 692.874 544.041 331.576 229.153 217.831 174.393 113.071 91.08 52.8898 40.0935 30.5791 16.2542 9.67463 4.97608 4.97608 2.86277 1.28387 1.09239 0.734166 0.525641 0.280098 0.085852 0.0540005 0.0196615 0.0104323 0.00395204 0.00121142 0.000556863 0.000152908 1.30295e-05 2.49629e-06 5.52136e-07 9.82059e-08 1.95533e-08 0 0 0 0 0 0 0 0 0 0 0 0 0 0 0 0 0 0 0 0 0 0 0 0 0 0 0 0 0 0 0 0 0 0 0 0 0 0 0 0 0 0 0 0 0 0 0 0 0 0 0
12478.9 7537.99 6183.24 2842.24 2168.08 2168.08 1097.65 1097.65 938.629 796.933 538.723 397.805 380.385 279.848 197.003 159.86 96.4783 59.2937 59.2937 47.2036 31.1318 15.9582 9.77466 7.56802 4.85604 3.08361 1.60448 1.03802 0.855291 0.39157 0.243656 0.0860191 0.056738 0.019534 0.00957391 0.00324212 0.00167864 0.000685385 0.00021814 1.07028e-05 2.08192e-06 5.10776e-07 7.93266e-08 2.06642e-08 0 0 0 0 0 0 0 0 0 0 0 0 0 0 0 0 0 0 0 0 0 0 0 0 0 0 0 0 0 0 0 0 0 0 0 0 0 0 0 0 0 0 0 0 0 0 0 0 0 0 0
11416.8 9307.72 6829.18 2418.05 2418.05 1947.68 1367.22 1367.22 848.906 687.071 506.428 458.092 179.782 179.782 141.08 120.839 111.052 61.0699 61.0699 34.3839 25.0774 16.4035 9.89331 6.15986 3.94008 2.61218 1.39378 1.02274 0.681295 0.368516 0.200752 0.0958227 0.0457691 0.0128694 0.00559032 0.00237095 0.000975253 0.000359541 0.000206983 7.89741e-06 1.81121e-06 4.84986e-07 5.42253e-08 2.05889e-08 0 0 0 0 0 0 0 0 0 0 0 0 0 0 0 0 0 0 0 0 0 0 0 0 0 0 0 0 0 0 0 0 0 0 0 0 0 0 0 0 0 0 0 0 0 0 0 0 0 0 0
11470 10184.1 4541.93 3820.44 2187.81 1856.66 1405.54 1093.27 909.329 688.358 457.734 452.486 257.244 242.947 201.866 136.075 118.007 90.0608 54.2552 43.4306 22.5441 19.5029 11.5103 7.69015 5.13545 2.78975 1.37407 1.07196 0.766554 0.496421 0.291293 0.152931 0.067118 0.0295429 0.00971469 0.00377285 0.00195441 0.0007142 0.000305884 1.56678e-05 2.68118e-06 6.43023e-07 1.02371e-07 2.23058e-08 0 0 0 0 0 0 0 0 0 0 0 0 0 0 0 0 0 0 0 0 0 0 0 0 0 0 0 0 0 0 0 0 0 0 0 0 0 0 0 0 0 0 0 0 0 0 0 0 0 0 0
14065.8 9222.11 6031.14 3115.49 1769.28 1769.28 1265.06 1078.61 760.837 645.404 469.205 314.778 290.117 194.356 114.833 78.8216 57.4427 57.4427 50.3747 25.2656 19.231 8.81212 8.60163 5.98003 3.89078 1.64093 1.22757 0.984373 0.696751 0.386961 0.175316 0.0816615 0.0431234 0.0144102 0.0064336 0.00295629 0.00110731 0.000436394 0.000154241 7.55908e-06 2.39677e-06 6.24146e-07 1.12913e-07 2.16029e-08 0 0 0 0 0 0 0 0 0 0 0 0 0 0 0 0 0 0 0 0 0 0 0 0 0 0 0 0 0 0 0 0 0 0 0 0 0 0 0 0 0 0 0 0 0 0 0 0 0 0 0
14228.3 9597.34 6357.69 3853.23 1976.57 1676.19 1457.23 868.882 711.811 635.78 551.97 346.957 230.983 193.472 131.771 120.683 57.2295 53.6894 31.2623 21.3049 13.5685 8.068 6.1703 3.50834 1.99106 1.30976 0.916528 0.758926 0.480443 0.352116 0.130643 0.0691769 0.0272728 0.0106759 0.00346246 0.00199158 0.000680851 0.000300183 0.000101527 5.81831e-06 1.22888e-06 2.31619e-07 4.71921e-08 1.19219e-08 0 0 0 0 0 0 0 0 0 0 0 0 0 0 0 0 0 0 0 0 0 0 0 0 0 0 0 0 0 0 0 0 0 0 0 0 0 0 0 0 0 0 0 0 0 0 0 0 0 0 0
13942.4 10849.3 7085.72 3640.51 2641.93 2179.67 1848.75 1403.42 784.311 644.711 524.436 425.774 336.803 250.548 196.825 123.56 112.397 31.2304 31.2304 19.1904 19.1904 12.904 7.70401 4.97658 3.47791 1.92211 0.930867 0.840863 0.507082 0.308724 0.158063 0.083153 0.0381343 0.0124665 0.00500524 0.00267887 0.00090476 0.000428868 0.0001208 6.76405e-06 1.61817e-06 2.93509e-07 5.9534e-08 1.15467e-08 0 0 0 0 0 0 0 0 0 0 0 0 0 0 0 0 0 0 0 0 0 0 0 0 0 0 0 0 0 0 0 0 0 0 0 0 0 0 0 0 0 0 0 0 0 0 0 0 0 0 0
14564 6197.3 5893.85 3198.33 2539.68 1800.94 1364.53 1083.11 797.013 697.263 308.273 282.121 210.025 181.821 99.0681 99.0681 78.3242 40.0444 40.0444 20.3959 20.3959 9.74337 6.097 4.11556 2.20459 1.59042 0.858795 0.676901 0.42981 0.184445 0.0996881 0.048102 0.019352 0.00824508 0.00365534 0.0013716 0.000442259 0.000184803 8.62496e-05 4.36608e-06 9.25462e-07 1.47003e-07 3.39905e-08 0 0 0 0 0 0 0 0 0 0 0 0 0 0 0 0 0 0 0 0 0 0 0 0 0 0 0 0 0 0 0 0 0 0 0 0 0 0 0 0 0 0 0 0 0 0 0 0 0 0 0 0
9486.06 9486.06 6195.37 2873.2 2469.98 2139.86 1329.3 802.454 802.454 679.526 452.881 357.739 330.276 140.675 140.675 136.905 112.025 68.9068 51.0915 30.7796 19.2174 11.7009 8.88221 4.3734 2.97342 1.74645 1.13417 0.890086 0.620585 0.422109 0.205641 0.0826015 0.0407931 0.0161258 0.00708179 0.00334889 0.00099061 0.000303458 0.00017582 9.10114e-06 1.6938e-06 3.09695e-07 8.00086e-08 0 0 0 0 0 0 0 0 0 0 0 0 0 0 0 0 0 0 0 0 0 0 0 0 0 0 0 0 0 0 0 0 0 0 0 0 0 0 0 0 0 0 0 0 0 0 0 0 0 0 0 0
14550.6 11457 8020.53 2496.09 2496.09 1558.95 1558.95 1241.43 770.548 649.683 512.292 381.479 298.925 223.361 196.077 128.708 107.614 58.1013 48.4821 30.4 21.4409 13.8715 8.61382 6.36196 3.79185 2.24168 1.27071 0.973033 0.710785 0.394617 0.292093 0.117375 0.0498911 0.017582 0.00863065 0.00391725 0.00137016 0.000616488 0.00032757 1.54368e-05 3.67169e-06 8.0109e-07 1.38023e-07 3.02301e-08 0 0 0 0 0 0 0 0 0 0 0 0 0 0 0 0 0 0 0 0 0 0 0 0 0 0 0 0 0 0 0 0 0 0 0 0 0 0 0 0 0 0 0 0 0 0 0 0 0 0 0
13001.4 8284.23 5322.99 3167.68 2402.03 2164.01 1526.86 1270.63 877.954 482.617 482.617 433.518 366.007 262.373 175.354 150.866 88.7654 71.0641 46.7002 45.9693 26.989 14.6971 6.83676 6.83676 4.6453 2.15725 1.45137 1.11997 0.825406 0.557959 0.285697 0.180912 0.078692 0.0324436 0.0179577 0.00665544 0.00202917 0.000815741 0.000424548 2.28712e-05 3.44398e-06 9.77314e-07 1.39132e-07 4.43849e-08 0 0 0 0 0 0 0 0 0 0 0 0 0 0 0 0 0 0 0 0 0 0 0 0 0 0 0 0 0 0 0 0 0 0 0 0 0 0 0 0 0 0 0 0 0 0 0 0 0 0 0
10982 10156 5138.51 2487.95 2354.26 1830.12 1743.05 1266.29 975.207 898.378 581.909 250.559 250.559 239.015 171.411 158.015 116.611 93.8297 83.143 54.7353 25.2885 19.594 10.4291 6.7552 4.80797 3.4134 2.01261 1.2286 0.767567 0.468367 0.357329 0.127139 0.0626812 0.0305154 0.0128605 0.0052626 0.00169405 0.000771141 0.000327545 1.79475e-05 3.8931e-06 6.60202e-07 1.13532e-07 2.97459e-08 0 0 0 0 0 0 0 0 0 0 0 0 0 0 0 0 0 0 0 0 0 0 0 0 0 0 0 0 0 0 0 0 0 0 0 0 0 0 0 0 0 0 0 0 0 0 0 0 0 0 0
13857.8 8504.29 4349.36 1690.09 1690.09 1690.09 1690.09 1288.09 921.446 688.217 516.9 420.377 329.423 273.281 207.02 177.515 83.1065 83.1065 72.3635 36.6686 29.0644 14.2759 10.0514 5.70772 3.79948 2.24244 1.37637 0.90932 0.568968 0.37107 0.216055 0.10586 0.0418857 0.0221113 0.0051618 0.00331326 0.00113352 0.000752164 0.000187878 1.28362e-05 3.45024e-06 4.85949e-07 1.18363e-07 1.76998e-08 0 0 0 0 0 0 0 0 0 0 0 0 0 0 0 0 0 0 0 0 0 0 0 0 0 0 0 0 0 0 0 0 0 0 0 0 0 0 0 0 0 0 0 0 0 0 0 0 0 0 0
12569.2 9106.74 5721.07 3075.55 2211.62 1658.32 989.441 989.441 953.489 594.912 496.071 385.842 236.527 179.49 113.065 113.065 99.2033 36.7631 36.7631 31.4157 19.7795 10.9989 8.46919 5.12424 3.29063 1.56597 0.786819 0.786819 0.506582 0.367401 0.108853 0.0716318 0.037919 0.0162406 0.00476882 0.00230448 0.00075734 0.000321518 0.00017094 6.43544e-06 1.44827e-06 2.92983e-07 7.00265e-08 1.32076e-08 0 0 0 0 0 0 0 0 0 0 0 0 0 0 0 0 0 0 0 0 0 0 0 0 0 0 0 0 0 0 0 0 0 0 0 0 0 0 0 0 0 0 0 0 0 0 0 0 0 0 0
16399.8 9730.93 5331.83 2373.18 2373.18 2082.9 1393.32 776.147 753 652.999 518.374 312.449 303.371 237.616 143.4 137.63 93.2161 61.6307 46.0087 27.9939 17.0691 12.3501 7.66722 4.37271 3.37785 1.70444 0.955133 0.837579 0.542483 0.321648 0.171595 0.0770356 0.0244071 0.0114953 0.00480512 0.00158239 0.000948242 0.000293386 0.00015075 6.70105e-06 1.16318e-06 2.47479e-07 6.2534e-08 1.38657e-08 0 0 0 0 0 0 0 0 0 0 0 0 0 0 0 0 0 0 0 0 0 0 0 0 0 0 0 0 0 0 0 0 0 0 0 0 0 0 0 0 0 0 0 0 0 0 0 0 0 0 0
12770.5 10560.6 6408.71 2728.03 2627.49 1924.31 1578 1086.98 898.286 838.041 581.425 392.528 258.185 258.185 158.94 158.94 96.7772 69.0477 59.5742 42.6805 17.5344 13.7901 9.18967 6.89449 2.87608 1.99273 1.37521 1.04472 0.591801 0.373143 0.217957 0.0716736 0.0441399 0.014769 0.0064251 0.00252529 0.000992247 0.000410213 0.000148537 1.02227e-05 1.96339e-06 4.64007e-07 9.6171e-08 1.74892e-08 0 0 0 0 0 0 0 0 0 0 0 0 0 0 0 0 0 0 0 0 0 0 0 0 0 0 0 0 0 0 0 0 0 0 0 0 0 0 0 0 0 0 0 0 0 0 0 0 0 0 0
13446.8 9223.57 7129.24 3371.54 2741.75 1877.62 1438.85 1318.77 946.313 481.098 286.865 286.865 286.865 223.891 160.514 107.634 66.747 62.4309 58.2218 38.9683 12.4381 11.6744 7.6262 5.66349 2.74408 1.51721 1.21544 0.943599 0.66609 0.411139 0.201559 0.0976669 0.0316004 0.0146054 0.00675789 0.00325658 0.00142414 0.000427575 0.000175984 1.07188e-05 2.95847e-06 6.77214e-07 1.12193e-07 1.83835e-08 0 0 0 0 0 0 0 0 0 0 0 0 0 0 0 0 0 0 0 0 0 0 0 0 0 0 0 0 0 0 0 0 0 0 0 0 0 0 0 0 0 0 0 0 0 0 0 0 0 0 0
14878.9 9348.25 5801.7 2549.22 2456.7 1602.76 1560.66 1121.34 660.127 660.127 372.845 306.31 273.228 198.069 139.157 126.986 100.776 74.1915 57.5671 37.5751 20.1713 12.6464 8.04173 5.59619 5.12851 2.62315 1.30845 0.918139 0.517617 0.343877 0.16613 0.077283 0.0214974 0.0153412 0.00618801 0.00163694 0.000806442 0.000420122 0.000148452 6.78842e-06 1.95732e-06 2.27498e-07 5.68191e-08 0 0 0 0 0 0 0 0 0 0 0 0 0 0 0 0 0 0 0 0 0 0 0 0 0 0 0 0 0 0 0 0 0 0 0 0 0 0 0 0 0 0 0 0 0 0 0 0 0 0 0 0
13456.5 8948.56 5375.41 1916.35 1916.35 1896.5 1091.93 1091.93 985.065 649.083 579.939 291.972 265.441 230.735 180.956 148.9 120.616 73.8002 55.1548 46.2486 25.8094 10.7962 10.2236 6.29137 4.04699 2.89721 1.32477 1.04234 0.764774 0.448361 0.232349 0.123699 0.0449302 0.018005 0.0080327 0.00388666 0.00136598 0.000521523 0.000237711 1.10026e-05 2.56989e-06 4.2219e-07 9.87706e-08 2.10075e-08 0 0 0 0 0 0 0 0 0 0 0 0 0 0 0 0 0 0 0 0 0 0 0 0 0 0 0 0 0 0 0 0 0 0 0 0 0 0 0 0 0 0 0 0 0 0 0 0 0 0 0
13121.6 8886.47 6873.92 2804.22 2804.22 1950.72 1450.68 1313.27 685.924 662.362 407.132 326.362 306.637 156.79 134.559 123.609 97.1215 61.571 30.485 27.8511 19.0026 11.6093 8.20634 6.15365 3.85062 2.36352 1.43522 0.875166 0.666789 0.34313 0.207999 0.0728764 0.0359292 0.0183385 0.00727973 0.0029214 0.00115957 0.000614606 0.000242714 1.09867e-05 3.27598e-06 6.63766e-07 1.64896e-07 2.47061e-08 0 0 0 0 0 0 0 0 0 0 0 0 0 0 0 0 0 0 0 0 0 0 0 0 0 0 0 0 0 0 0 0 0 0 0 0 0 0 0 0 0 0 0 0 0 0 0 0 0 0 0
14590.3 7508.4 6905.41 3200.1 2215.28 2047.33 1191.6 1046.66 783.02 682.979 513.221 394.627 244.975 204.778 150.774 133.964 79.508 50.0023 28.3711 28.3711 12.6824 10.689 6.32191 4.91951 1.73748 1.2294 0.939761 0.74485 0.553549 0.310377 0.161788 0.051296 0.0265906 0.0115864 0.00494979 0.00179429 0.000714505 0.000363467 0.000114422 6.30833e-06 1.23467e-06 2.98559e-07 7.1269e-08 1.19601e-08 0 0 0 0 0 0 0 0 0 0 0 0 0 0 0 0 0 0 0 0 0 0 0 0 0 0 0 0 0 0 0 0 0 0 0 0 0 0 0 0 0 0 0 0 0 0 0 0 0 0 0
11335.1 10409.5 4403.6 2329.48 2236.16 1858.87 1212.53 986.485 858.024 798.247 552.603 367.9 278.134 222.79 146.734 120.931 70.2552 68.2103 54.4047 24.0091 20.9075 12.6374 8.05936 6.23237 3.04642 1.81435 1.09167 0.905714 0.648865 0.433688 0.225874 0.0882437 0.0339514 0.0192875 0.00424341 0.00215853 0.00100924 0.000477299 0.000155946 9.04813e-06 2.56636e-06 5.27481e-07 1.09636e-07 1.67175e-08 0 0 0 0 0 0 0 0 0 0 0 0 0 0 0 0 0 0 0 0 0 0 0 0 0 0 0 0 0 0 0 0 0 0 0 0 0 0 0 0 0 0 0 0 0 0 0 0 0 0 0
14843.2 9087.6 6454.85 3584.03 2380.03 1880.77 1050.8 869.828 869.828 663.274 488.38 485.706 398.291 302.456 226.755 176.315 126.44 87.7731 58.6611 42.7038 36.2751 14.8804 8.47651 6.82317 3.71859 3.10609 1.46571 0.923302 0.811536 0.521107 0.275665 0.147675 0.0385073 0.0214703 0.00766648 0.00425229 0.00155419 0.000678063 0.000198776 1.22163e-05 3.4177e-06 8.75783e-07 1.74145e-07 2.75097e-08 0 0 0 0 0 0 0 0 0 0 0 0 0 0 0 0 0 0 0 0 0 0 0 0 0 0 0 0 0 0 0 0 0 0 0 0 0 0 0 0 0 0 0 0 0 0 0 0 0 0 0
15838.6 12187.4 7859.13 4031.79 2301.85 1932.83 1058.29 1058.29 963.355 626.11 586.156 459.103 363.701 181.419 181.419 106.942 93.0513 45.1722 40.5949 39.98 22.832 12.5254 9.56022 6.15535 4.54818 2.12905 1.05268 0.913003 0.673161 0.353408 0.239597 0.0991774 0.0396132 0.0202547 0.0084582 0.00344958 0.00128197 0.000756264 0.000185636 1.0503e-05 3.08402e-06 4.64337e-07 1.13971e-07 2.04102e-08 0 0 0 0 0 0 0 0 0 0 0 0 0 0 0 0 0 0 0 0 0 0 0 0 0 0 0 0 0 0 0 0 0 0 0 0 0 0 0 0 0 0 0 0 0 0 0 0 0 0 0
12757 9672.62 5626.11 3626.07 2840.56 1306.68 1306.68 1279.06 963.236 562.025 562.025 400.615 264.91 248.412 146.228 146.228 98.2946 65.0976 33.4847 33.4847 25.6416 13.5741 7.93493 5.35654 3.4183 1.93766 1.33955 0.848002 0.646521 0.354751 0.224414 0.0889256 0.0325813 0.0152283 0.00546513 0.00226901 0.000864959 0.00047546 0.000180122 5.03975e-06 1.57817e-06 3.79711e-07 6.82701e-08 1.69115e-08 0 0 0 0 0 0 0 0 0 0 0 0 0 0 0 0 0 0 0 0 0 0 0 0 0 0 0 0 0 0 0 0 0 0 0 0 0 0 0 0 0 0 0 0 0 0 0 0 0 0 0
11705.2 9077.05 6020.41 1985.07 1985.07 1682.86 1343.92 1068.08 808.284 585.393 310.067 308.842 276.51 232.287 159.803 144.307 113.616 82.9428 58.6971 45.3458 25.1416 14.6827 8.50772 5.61585 3.39121 2.80901 1.52305 1.01034 0.669668 0.4392 0.251404 0.118927 0.0460223 0.0132426 0.00892644 0.00304541 0.00132744 0.000353462 0.000148161 7.83729e-06 2.40478e-06 5.94538e-07 1.44729e-07 2.12038e-08 0 0 0 0 0 0 0 0 0 0 0 0 0 0 0 0 0 0 0 0 0 0 0 0 0 0 0 0 0 0 0 0 0 0 0 0 0 0 0 0 0 0 0 0 0 0 0 0 0 0 0
12556.7 7997.03 5362.56 3237.95 2675.03 1921.19 1596.46 1085.86 632.1 621.056 470.217 338.353 257.043 217.569 131.972 125.799 86.7957 66.3467 41.3419 21.8947 16.2366 11.292 7.3829 3.11085 2.73455 1.23586 1.05253 0.684106 0.462823 0.251955 0.081816 0.0474834 0.00956076 0.00656635 0.00303209 0.00143475 0.000658185 0.00021769 8.20884e-05 4.84996e-06 1.1752e-06 2.6055e-07 4.13036e-08 0 0 0 0 0 0 0 0 0 0 0 0 0 0 0 0 0 0 0 0 0 0 0 0 0 0 0 0 0 0 0 0 0 0 0 0 0 0 0 0 0 0 0 0 0 0 0 0 0 0 0 0
15626.8 10177.9 5156.54 1847.38 1847.38 1847.38 1090.89 1090.89 849.598 540.547 362.379 362.379 298.099 201.993 174.239 122.996 91.8829 69.6948 42.1559 33.6325 27.2809 15.8037 9.32565 5.77111 3.68274 1.88707 1.24586 0.823329 0.541833 0.366159 0.172968 0.0826136 0.0257063 0.0137634 0.00524451 0.0020646 0.00109812 0.000399998 0.000170894 9.43255e-06 2.0166e-06 5.23257e-07 9.07721e-08 1.82039e-08 0 0 0 0 0 0 0 0 0 0 0 0 0 0 0 0 0 0 0 0 0 0 0 0 0 0 0 0 0 0 0 0 0 0 0 0 0 0 0 0 0 0 0 0 0 0 0 0 0 0 0
13341.9 8731.73 6854.66 3677.19 2648.68 1769.21 1769.21 710.387 675.176 675.176 461.519 461.519 333.03 250.224 193.596 117.913 79.0222 79.0222 36.7364 30.5785 23.0065 11.9926 9.18621 4.80491 3.28415 1.5315 1.2283 0.778458 0.562307 0.375209 0.190456 0.0884841 0.0324409 0.0156818 0.00599668 0.00234828 0.000916637 0.00036367 0.000173702 9.72851e-06 2.37403e-06 5.27371e-07 1.09011e-07 2.28397e-08 0 0 0 0 0 0 0 0 0 0 0 0 0 0 0 0 0 0 0 0 0 0 0 0 0 0 0 0 0 0 0 0 0 0 0 0 0 0 0 0 0 0 0 0 0 0 0 0 0 0 0
9007.6 9007.6 6886.65 4137.39 3451.92 2288.53 1815.51 1445.29 1164.21 932.422 522.107 449.306 356.084 356.084 223.859 160.299 96.9007 73.0944 39.7992 37.4609 27.6465 22.1644 11.8995 7.65224 5.30546 3.28475 1.43404 1.22051 0.885681 0.57213 0.222999 0.189172 0.0652856 0.0425832 0.0141181 0.00628487 0.00195963 0.00108769 0.00038895 2.39857e-05 4.99464e-06 7.82261e-07 2.29439e-07 3.91334e-08 0 0 0 0 0 0 0 0 0 0 0 0 0 0 0 0 0 0 0 0 0 0 0 0 0 0 0 0 0 0 0 0 0 0 0 0 0 0 0 0 0 0 0 0 0 0 0 0 0 0 0
14026.1 8673.5 7108.73 3328.37 2129.94 1507.3 1249.85 713.376 697.545 544.622 477.336 369.016 164.662 164.662 153.979 90.542 57.3931 55.2598 42.4782 24.6874 17.0358 14.9045 7.38071 5.05601 2.42286 1.66354 1.19356 0.740537 0.578882 0.332707 0.142175 0.0601341 0.0234043 0.0125955 0.00489201 0.0022059 0.000590208 0.000296498 0.000114063 8.75719e-06 1.55284e-06 5.05612e-07 8.87148e-08 1.88444e-08 0 0 0 0 0 0 0 0 0 0 0 0 0 0 0 0 0 0 0 0 0 0 0 0 0 0 0 0 0 0 0 0 0 0 0 0 0 0 0 0 0 0 0 0 0 0 0 0 0 0 0
15156.4 6846.62 5448.43 2156.67 2156.67 1640.73 1290.67 1087.98 863.498 440.988 440.988 318.307 191.968 146.076 146.076 108.195 93.4033 55.1418 42.4188 22.7107 18.8706 12.3324 7.78867 4.51163 2.77291 1.10786 1.00542 0.6775 0.537011 0.296563 0.148246 0.066673 0.030478 0.0159069 0.00524199 0.00215887 0.00109686 0.000294779 0.000154751 8.40304e-06 1.84549e-06 3.92976e-07 8.24106e-08 1.00356e-08 0 0 0 0 0 0 0 0 0 0 0 0 0 0 0 0 0 0 0 0 0 0 0 0 0 0 0 0 0 0 0 0 0 0 0 0 0 0 0 0 0 0 0 0 0 0 0 0 0 0 0
18356.9 8790.8 6158.18 3882.92 2190.12 1835.69 1379.17 1104.79 873.198 440.322 440.322 342.714 307.576 237.174 211.432 125.748 96.5066 67.8836 54.3014 27.1165 23.9612 13.8573 6.85301 5.50214 3.98738 1.7374 1.01055 0.890841 0.535248 0.371394 0.201365 0.122451 0.0483201 0.0224659 0.00905352 0.00187767 0.00115963 0.000453942 0.000175282 1.30881e-05 2.24292e-06 7.60989e-07 1.40575e-07 2.80324e-08 0 0 0 0 0 0 0 0 0 0 0 0 0 0 0 0 0 0 0 0 0 0 0 0 0 0 0 0 0 0 0 0 0 0 0 0 0 0 0 0 0 0 0 0 0 0 0 0 0 0 0
9495.9 9495.9 4212.05 3898.9 2663.68 1668.72 1219.63 1138.99 859.229 614.045 610.911 456.469 356.5 231.648 143.296 119.286 105.019 64.371 41.8612 36.5369 22.1931 11.1487 7.34329 4.4289 2.86557 2.01643 1.20879 0.704859 0.651797 0.415731 0.21841 0.0927169 0.0357272 0.0172219 0.00611954 0.00255926 0.00129471 0.000549712 0.000225891 1.20579e-05 2.77839e-06 4.29991e-07 8.08445e-08 1.04776e-08 0 0 0 0 0 0 0 0 0 0 0 0 0 0 0 0 0 0 0 0 0 0 0 0 0 0 0 0 0 0 0 0 0 0 0 0 0 0 0 0 0 0 0 0 0 0 0 0 0 0 0
15669.5 7198.44 5284.74 3585.18 2576.33 1578.26 1578.26 1092.72 1087.8 636.696 635.569 427.706 369.658 218.755 216.894 149.737 119.73 85.7337 61.5314 27.3656 24.0777 14.0771 9.50151 7.07886 4.53046 2.82265 1.26867 0.978534 0.73977 0.51266 0.288196 0.143319 0.0549494 0.0231556 0.0127827 0.00478674 0.0017314 0.000815953 0.000276365 1.62301e-05 3.33044e-06 7.30739e-07 1.81914e-07 3.2778e-08 0 0 0 0 0 0 0 0 0 0 0 0 0 0 0 0 0 0 0 0 0 0 0 0 0 0 0 0 0 0 0 0 0 0 0 0 0 0 0 0 0 0 0 0 0 0 0 0 0 0 0
10001.8 8260.05 5887.11 2764.88 2122.78 2122.78 1536.18 1322.54 835.656 664.877 495.433 495.433 333.399 186.03 186.03 106.424 88.1423 72.8185 54.4355 34.8537 18.562 16.7835 6.48505 5.74905 4.64 2.11233 1.24218 1.13591 0.726082 0.487033 0.257348 0.134235 0.0542841 0.022547 0.0108899 0.00442804 0.00174374 0.00058027 0.000145524 1.36031e-05 3.45335e-06 5.9914e-07 1.09715e-07 2.25585e-08 0 0 0 0 0 0 0 0 0 0 0 0 0 0 0 0 0 0 0 0 0 0 0 0 0 0 0 0 0 0 0 0 0 0 0 0 0 0 0 0 0 0 0 0 0 0 0 0 0 0 0
15745.9 8649.56 3900.13 2451.96 1938.21 1813.49 1097.97 1066.73 744.129 604.17 369.537 288.601 229.74 192.445 105.093 90.2585 81.2292 52.4444 35.0604 23.7965 20.4879 11.0996 7.31318 5.21984 2.82426 1.45398 0.875791 0.752519 0.622661 0.330199 0.196633 0.0733824 0.0316111 0.0132477 0.00564043 0.00263707 0.000976057 0.000385188 0.000128435 7.19453e-06 1.44244e-06 4.55671e-07 1.18343e-07 2.95883e-08 0 0 0 0 0 0 0 0 0 0 0 0 0 0 0 0 0 0 0 0 0 0 0 0 0 0 0 0 0 0 0 0 0 0 0 0 0 0 0 0 0 0 0 0 0 0 0 0 0 0 0
13602.2 10388.6 6542.7 3688.17 2724.04 2155.54 1419.16 1063.89 827.353 799.165 580.299 275.47 224.672 148.506 148.506 105.996 63.3587 63.3587 57.6105 29.4494 20.5712 11.9834 7.65756 5.33045 3.5927 1.66419 1.21696 0.833613 0.566126 0.279252 0.144199 0.0585795 0.0315802 0.0117384 0.00566746 0.00192982 0.000506329 0.00040084 0.000136779 9.24287e-06 2.15514e-06 3.81796e-07 8.70575e-08 2.26478e-08 0 0 0 0 0 0 0 0 0 0 0 0 0 0 0 0 0 0 0 0 0 0 0 0 0 0 0 0 0 0 0 0 0 0 0 0 0 0 0 0 0 0 0 0 0 0 0 0 0 0 0
12189.5 9660.81 4075.33 3060.07 2622.37 1608.3 1589.39 1349.66 1053.01 627.472 486.406 480.51 297.294 199.856 163.994 129.648 101.415 77.3546 62.0004 32.7217 25.1387 15.1344 9.96035 7.24239 4.15695 2.63423 1.09699 0.774224 0.708866 0.387812 0.226437 0.101484 0.0505105 0.0207401 0.00803451 0.00284282 0.00113685 0.00055324 0.000184049 1.25192e-05 2.79092e-06 8.29468e-07 1.36906e-07 2.67809e-08 0 0 0 0 0 0 0 0 0 0 0 0 0 0 0 0 0 0 0 0 0 0 0 0 0 0 0 0 0 0 0 0 0 0 0 0 0 0 0 0 0 0 0 0 0 0 0 0 0 0 0
14683.3 10400.1 6486.22 3257.03 2484.7 1938.18 1473.29 1375.21 917.442 635.639 495.346 311.943 298.517 286.16 204.264 148.156 124.152 78.26 52.0119 25.7894 25.7894 16.0001 8.52414 5.5436 3.9354 2.34314 1.48707 0.720839 0.606236 0.466426 0.21683 0.0887613 0.0398254 0.0183701 0.00715498 0.00289479 0.00142102 0.000332017 0.000201595 1.24173e-05 2.35169e-06 4.47512e-07 1.29149e-07 2.47661e-08 0 0 0 0 0 0 0 0 0 0 0 0 0 0 0 0 0 0 0 0 0 0 0 0 0 0 0 0 0 0 0 0 0 0 0 0 0 0 0 0 0 0 0 0 0 0 0 0 0 0 0
13668.6 8378.37 6313.73 3325.4 2275.41 1869.54 980.416 980.416 904.907 802.435 480.061 471.439 197.849 160.155 154.422 76.2424 69.3176 66.0227 39.9927 20.8215 12.5704 9.9596 5.76224 4.65 2.654 1.70427 1.04661 0.717479 0.380481 0.27198 0.135927 0.0607671 0.0219872 0.0130414 0.00374283 0.00207766 0.000729939 0.000355843 0.000126821 7.88365e-06 1.19876e-06 2.87044e-07 6.60156e-08 1.21385e-08 0 0 0 0 0 0 0 0 0 0 0 0 0 0 0 0 0 0 0 0 0 0 0 0 0 0 0 0 0 0 0 0 0 0 0 0 0 0 0 0 0 0 0 0 0 0 0 0 0 0 0
16053.2 8104.78 6382.29 3124.85 1551.59 1508.88 1167.29 927.929 686.365 635.013 565.06 387.635 229.892 185.017 134.461 116.139 91.9094 61.3912 38.0457 29.1 15.0955 8.62406 5.5151 3.59436 2.09345 1.24834 1.03983 0.716575 0.486564 0.294172 0.0933722 0.0633786 0.0299317 0.0101447 0.00483274 0.00188982 0.000834142 0.000314367 0.000131983 7.38068e-06 1.61616e-06 3.68929e-07 8.6304e-08 2.22362e-08 0 0 0 0 0 0 0 0 0 0 0 0 0 0 0 0 0 0 0 0 0 0 0 0 0 0 0 0 0 0 0 0 0 0 0 0 0 0 0 0 0 0 0 0 0 0 0 0 0 0 0
13556.6 9158.86 4727.01 2538.85 1792.01 1742.05 1388.24 1095.59 714.261 540.251 461.144 263.303 263.303 263.303 203.542 153.512 124.616 80.0119 68.0934 48.6682 24.4092 16.9508 11.8689 5.67806 4.50116 3.47311 1.67644 1.16073 0.716203 0.485997 0.268422 0.129744 0.0545159 0.0237861 0.0112301 0.00395954 0.001182 0.000673829 0.000259689 1.23059e-05 2.95981e-06 4.39572e-07 1.02348e-07 1.6426e-08 0 0 0 0 0 0 0 0 0 0 0 0 0 0 0 0 0 0 0 0 0 0 0 0 0 0 0 0 0 0 0 0 0 0 0 0 0 0 0 0 0 0 0 0 0 0 0 0 0 0 0
13723.2 9596.03 7206.91 3061.84 2290.94 2279.61 1304.17 1032.96 764.469 685.404 575.598 319.119 312.553 172.879 138.392 102.291 83.6277 66.2358 33.2915 29.9015 15.6692 12.6905 6.78155 4.69567 3.13603 1.45238 1.0957 0.709471 0.554958 0.329318 0.142027 0.0787229 0.0335528 0.0126923 0.00473696 0.00204637 0.000802071 0.000235246 0.000142426 7.92368e-06 1.91008e-06 4.55866e-07 7.23489e-08 1.99813e-08 0 0 0 0 0 0 0 0 0 0 0 0 0 0 0 0 0 0 0 0 0 0 0 0 0 0 0 0 0 0 0 0 0 0 0 0 0 0 0 0 0 0 0 0 0 0 0 0 0 0 0
18283.5 8468.66 7313.03 3751.67 2683.51 2023.24 1525.08 1425.29 922.055 597.005 597.005 506.774 347.192 341.355 191.798 161.505 126.798 80.4834 73.0929 36.7023 30.9126 13.5033 9.12574 4.77401 3.27235 2.22309 1.66896 1.19635 0.904231 0.5264 0.327596 0.146893 0.075387 0.0298501 0.0108085 0.00510219 0.00216296 0.000792008 0.000313181 1.2806e-05 2.34089e-06 5.00803e-07 8.0889e-08 1.78339e-08 0 0 0 0 0 0 0 0 0 0 0 0 0 0 0 0 0 0 0 0 0 0 0 0 0 0 0 0 0 0 0 0 0 0 0 0 0 0 0 0 0 0 0 0 0 0 0 0 0 0 0
14487.9 11835.1 6723.83 2705.04 1993.5 1993.5 1322.69 1322.69 983.125 802.442 599.039 507.627 412.117 236.466 169.053 96.1345 86.6834 46.2971 46.2971 29.2271 23.7022 11.1564 9.11249 6.78741 4.43357 2.25523 1.28739 0.999221 0.706061 0.479518 0.257365 0.132858 0.0641158 0.0240181 0.0109672 0.00362347 0.00119018 0.000546574 0.00025228 8.86843e-06 2.42489e-06 5.03729e-07 7.78444e-08 2.13579e-08 0 0 0 0 0 0 0 0 0 0 0 0 0 0 0 0 0 0 0 0 0 0 0 0 0 0 0 0 0 0 0 0 0 0 0 0 0 0 0 0 0 0 0 0 0 0 0 0 0 0 0
14664.3 8576.23 4107.78 2702.63 2359.65 1334.13 1288.66 903.974 658.128 601.543 374.519 360.783 225.775 210.689 161.375 115.598 90.008 69.4159 39.5954 36.5047 18.9022 10.8147 7.64586 4.74568 2.77654 1.49697 1.26867 0.857834 0.589755 0.437269 0.245758 0.0466188 0.0407181 0.0197376 0.00758128 0.00312095 0.00131966 0.000536977 0.000240726 1.17082e-05 1.9901e-06 6.35139e-07 1.18369e-07 2.52641e-08 0 0 0 0 0 0 0 0 0 0 0 0 0 0 0 0 0 0 0 0 0 0 0 0 0 0 0 0 0 0 0 0 0 0 0 0 0 0 0 0 0 0 0 0 0 0 0 0 0 0 0
