4021.31 2109.01 1118.61 750.976 682.418 623.615 583.085 554.004 539.494 511.048 489.699 482.951 472.47 463.569 456.102 446.961 440.908 432.732 429.858 426.319 423.775 421.769 420.152 419.466 418.326 417.146 413.319 393.522 369.206 357.302 355.503 353.129 351.866 351.672 351.399 350.993 349.141 339.528 329.202 308.355 304.66 301.609 300.665 300.273 300.093 300.046 300.021 300.007 300.003 300.001 300 300 300 300 300 300 300 300 300 300 300 300 300 300 300 300 300 300 300 300 300 300 300 300 300 300 300 300 300 300 300 300 300 300 300 300 300 300 300 300 300 300 300 300 300
3342.44 1881.82 1291.1 793.222 671.974 605.811 575.884 559.53 530.723 517.251 505.289 486.371 477.252 470.7 456.138 455.36 448.074 431.072 425.095 422 416.319 413.448 411.261 407.88 405.481 402.785 401.041 397.98 395.333 391.948 385.836 362.508 331.091 312.509 306.282 303.426 302.135 301.168 300.658 300.139 300.062 300.019 300.011 300.004 300.002 300.001 300 300 300 300 300 300 300 300 300 300 300 300 300 300 300 300 300 300 300 300 300 300 300 300 300 300 300 300 300 300 300 300 300 300 300 300 300 300 300 300 300 300 300 300 300 300 300 300 300
3844.88 1925.95 1224.14 731.076 694.893 592.6 587.06 544.709 529.679 513.571 485.183 466.594 459.468 444.814 435.137 426.298 422.967 419.895 415.838 412.689 407.303 402.748 399.598 397.042 394.191 391.968 389.424 380.281 346.684 315.102 308.981 304.675 303.082 301.837 300.835 300.535 300.351 300.161 300.122 300.025 300.011 300.004 300.002 300.001 300 300 300 300 300 300 300 300 300 300 300 300 300 300 300 300 300 300 300 300 300 300 300 300 300 300 300 300 300 300 300 300 300 300 300 300 300 300 300 300 300 300 300 300 300 300 300 300 300 300 300
3663.22 2187.1 1099.47 759.336 684.444 617.104 584.659 555.921 543.445 514.496 485.059 480.565 456.041 452.94 441.51 434.25 428.485 426.446 421.877 412.673 408.836 406.653 404.748 403.195 402.239 401.596 401.447 401.289 401.003 399.615 397.837 396.006 394.529 392.776 391.764 390.967 390.693 390.193 385.708 320.934 307.789 303.647 301.285 300.451 300.203 300.08 300.028 300.01 300.005 300.002 300.001 300 300 300 300 300 300 300 300 300 300 300 300 300 300 300 300 300 300 300 300 300 300 300 300 300 300 300 300 300 300 300 300 300 300 300 300 300 300 300 300 300 300 300 300
3273.99 1908.67 1396.48 858.425 635.08 635.08 587.225 545.919 520.124 484.591 482.714 464.435 448.751 440.574 433.917 430.326 427.244 424.809 421.741 420.646 419.95 418.977 418.459 418.049 417.331 415.182 408.764 403.826 402.606 401.68 401.253 401.077 401.025 400.955 400.922 400.919 400.912 400.909 400.897 400.332 398.507 395.926 392.295 389.631 381.682 343.877 316.257 305.736 301.513 300.623 300.193 300.086 300.029 300.011 300.002 300.001 300 300 300 300 300 300 300 300 300 300 300 300 300 300 300 300 300 300 300 300 300 300 300 300 300 300 300 300 300 300 300 300 300 300 300 300 300 300 300
3285.36 2285.65 1312.3 827.899 679.307 646.997 567.793 565.876 533.372 501.808 501.808 472.832 467.731 457.231 445.184 441.772 437.543 431.714 430.235 428.052 425.695 424.701 423.359 422.381 421.303 418.272 415.833 414.871 414.423 414.21 414.108 414.046 414.004 413.986 413.983 413.978 413.977 413.976 413.975 413.975 413.975 413.975 413.975 413.975 413.975 413.975 413.975 413.975 413.975 413.975 413.975 413.975 413.975 413.975 413.975 413.975 413.975 413.975 413.975 413.975 413.975 413.975 413.975 413.975 413.975 413.975 413.975 413.975 413.975 413.975 413.975 413.975 413.975 413.975 413.975 413.975 413.975 413.975 413.975 413.975 413.975 413.975 413.975 413.975 413.975 413.975 413.975 413.975 413.975 413.975 413.975 413.975 413.975 413.975 413.975
3676.35 2162.85 1428.73 726.352 698.181 635.655 590.334 540.065 523.065 505.928 487.588 465.039 455.613 445.835 434.959 432.909 427.738 424.974 423.105 421.417 419.972 418.691 417.688 416.222 409.203 403.883 402.309 401.648 401.205 401.054 400.962 400.922 400.886 400.85 400.768 400.349 399.373 397.957 395.953 388.575 378.257 342.231 314.479 305.056 302.024 300.772 300.231 300.102 300.037 300.012 300.005 300.002 300.001 300 300 300 300 300 300 300 300 300 300 300 300 300 300 300 300 300 300 300 300 300 300 300 300 300 300 300 300 300 300 300 300 300 300 300 300 300 300 300 300 300 300
3945.03 2193.13 1230.37 752.827 680.53 628.708 599.673 550.861 523.794 487.035 481.558 465.493 449.766 439.005 431.872 429.387 426.103 423.606 421.579 419.814 418.232 415.496 408.774 401.589 375.961 361.306 356.888 354.203 352.661 352.027 351.728 351.479 351.253 350.283 346.894 338.552 331.864 324.076 312.867 302.699 300.99 300.401 300.171 300.073 300.033 300.015 300.006 300.002 300.001 300 300 300 300 300 300 300 300 300 300 300 300 300 300 300 300 300 300 300 300 300 300 300 300 300 300 300 300 300 300 300 300 300 300 300 300 300 300 300 300 300 300 300 300 300 300
3279.28 1981.67 1352.86 743.493 699.045 635.458 590.499 536.083 518.41 503.808 492.934 479.17 468.973 457.208 434.084 424.23 421.737 418.675 416 412.902 408.673 405.724 403.336 400.216 397.719 394.919 392.526 389.723 385.63 361.198 327.143 313.053 307.676 303.795 302.329 301.273 300.696 300.395 300.234 300.048 300.022 300.01 300.004 300.002 300.001 300 300 300 300 300 300 300 300 300 300 300 300 300 300 300 300 300 300 300 300 300 300 300 300 300 300 300 300 300 300 300 300 300 300 300 300 300 300 300 300 300 300 300 300 300 300 300 300 300 300
3965.77 2009.41 1254.97 833.702 766.176 660.438 618.498 593.698 555.773 542.42 515.154 492.894 481.579 461.522 448.264 441.858 434.949 430.757 427.055 423.808 422.163 420.768 419.838 418.496 416.137 408.926 385.048 367.873 356.443 354.593 352.379 351.826 351.317 350.789 348.873 341.192 333.584 323.673 312.671 301.501 300.873 300.417 300.182 300.078 300.029 300.013 300.005 300.002 300.001 300 300 300 300 300 300 300 300 300 300 300 300 300 300 300 300 300 300 300 300 300 300 300 300 300 300 300 300 300 300 300 300 300 300 300 300 300 300 300 300 300 300 300 300 300 300
4133.26 1650.7 1161.19 755.679 670.226 612.893 590.12 553.19 503.272 495.66 477.368 457.428 453.906 437.104 433.594 430.127 426.418 424.554 422.44 420.149 419.875 419.076 418.585 417.517 415.252 409.005 397.609 378.642 359.399 355.323 353.867 352.463 351.621 351.274 350.532 346.175 336.107 326.237 313.934 302.052 300.846 300.36 300.135 300.056 300.021 300.01 300.004 300.001 300.001 300 300 300 300 300 300 300 300 300 300 300 300 300 300 300 300 300 300 300 300 300 300 300 300 300 300 300 300 300 300 300 300 300 300 300 300 300 300 300 300 300 300 300 300 300 300
4076.63 2042.38 1129.12 823.829 658.54 629.957 580.936 525.64 509.686 479.958 467.513 457.633 445.379 436.426 432.104 427.297 424.79 422.089 420.893 420.092 418.967 418.309 417.465 415.65 409.078 403.824 402.143 401.469 401.058 401.058 400.942 400.909 400.877 400.831 400.656 399.823 398.553 396.98 395.498 381.852 333.467 315.281 307.029 302.538 300.946 300.427 300.142 300.071 300.022 300.011 300.004 300.002 300.001 300 300 300 300 300 300 300 300 300 300 300 300 300 300 300 300 300 300 300 300 300 300 300 300 300 300 300 300 300 300 300 300 300 300 300 300 300 300 300 300 300 300
3217.46 1889.33 1281.4 818.821 705.714 609.049 554.035 535.034 517.055 497.051 479.621 448.738 435.57 432.749 425.345 420.472 416.839 413.55 412.215 409.527 406.695 403.775 400.903 399.015 396.5 394.009 391.364 386.06 363.802 322.634 310.823 307.039 303.895 302.207 301.192 300.802 300.463 300.254 300.144 300.038 300.016 300.007 300.003 300.001 300.001 300 300 300 300 300 300 300 300 300 300 300 300 300 300 300 300 300 300 300 300 300 300 300 300 300 300 300 300 300 300 300 300 300 300 300 300 300 300 300 300 300 300 300 300 300 300 300 300 300 300
3902.26 1880.33 1240.45 712.495 641.447 608.413 546.89 540.814 511.38 493.139 463.389 453.715 445.672 434.477 431.05 426.604 424.568 423.452 421.897 420.306 419.067 418.124 415.95 411.098 405.604 402.676 401.773 401.423 401.09 400.97 400.898 400.839 400.735 400.218 398.198 396.214 394.583 392.56 388.488 347.957 315.825 306.184 302.409 300.744 300.298 300.112 300.044 300.02 300.009 300.003 300.001 300 300 300 300 300 300 300 300 300 300 300 300 300 300 300 300 300 300 300 300 300 300 300 300 300 300 300 300 300 300 300 300 300 300 300 300 300 300 300 300 300 300 300 300
3978.12 2253.92 1217.21 674.355 674.355 674.355 619.413 552.415 534.707 505.49 495.442 478.108 465.349 451.879 445.686 435.949 432.699 428.485 427.013 425.075 423.822 423.331 422.31 420.718 416.711 415.146 414.6 414.338 414.175 414.07 414.03 414.007 413.992 413.984 413.978 413.977 413.976 413.975 413.975 413.975 413.975 413.975 413.975 413.975 413.975 413.975 413.975 413.975 413.975 413.975 413.975 413.975 413.975 413.975 413.975 413.975 413.975 413.975 413.975 413.975 413.975 413.975 413.975 413.975 413.975 413.975 413.975 413.975 413.975 413.975 413.975 413.975 413.975 413.975 413.975 413.975 413.975 413.975 413.975 413.975 413.975 413.975 413.975 413.975 413.975 413.975 413.975 413.975 413.975 413.975 413.975 413.975 413.975 413.975 413.975
1749.76 1749.76 1398.44 832.271 668.481 600.69 576.624 563.291 526.085 508.835 488.371 481.29 451.934 443.434 431.851 423.217 421.216 417.583 412.633 408.663 404.211 401.798 399.835 397.841 395.45 392.63 389.433 384.819 359.291 327.937 309.995 305.823 303.885 302.05 301.187 300.725 300.407 300.237 300.131 300.028 300.013 300.006 300.002 300.001 300 300 300 300 300 300 300 300 300 300 300 300 300 300 300 300 300 300 300 300 300 300 300 300 300 300 300 300 300 300 300 300 300 300 300 300 300 300 300 300 300 300 300 300 300 300 300 300 300 300 300
3464.82 1616.74 1316.77 790.621 653.387 603.282 573.641 557.733 538.144 506.503 488.363 464.169 452.384 444.366 437.453 431.741 428.152 424.456 423.43 419.818 412.42 408.463 405.58 404.194 403.114 402.287 401.761 401.511 401.401 401.169 400.396 398.806 397.315 395.674 394.142 393.077 392.252 391.744 391.375 390.657 387.711 373.457 323.62 307.496 303.08 301.155 300.422 300.107 300.064 300.027 300.011 300.003 300.002 300.001 300 300 300 300 300 300 300 300 300 300 300 300 300 300 300 300 300 300 300 300 300 300 300 300 300 300 300 300 300 300 300 300 300 300 300 300 300 300 300 300 300
3934.24 2096.01 1363.31 751.666 690.696 653.861 584.519 563.32 531.905 499.104 487.216 471.08 457.475 450.797 439.614 433.199 428.845 424.624 423.114 421.246 419.943 418.863 417.152 412.102 403.592 399.541 377.184 361.698 355.252 353.628 352.399 351.852 351.576 351.32 350.671 347.419 339.3 330.617 321.572 303.449 301.244 300.591 300.233 300.107 300.041 300.021 300.008 300.003 300.001 300.001 300 300 300 300 300 300 300 300 300 300 300 300 300 300 300 300 300 300 300 300 300 300 300 300 300 300 300 300 300 300 300 300 300 300 300 300 300 300 300 300 300 300 300 300 300
3102.28 2334.76 1186.45 776.99 660.196 638.117 589.46 559.278 537.105 505.226 497.534 477.679 441.926 434.476 428.475 424.835 420.537 416.377 413.688 407.203 404.512 401.859 397.879 393.732 390.4 382.367 357.705 329.671 315.999 310.153 304.644 302.679 301.696 300.839 300.559 300.336 300.184 300.132 300.078 300.014 300.007 300.004 300.002 300.001 300 300 300 300 300 300 300 300 300 300 300 300 300 300 300 300 300 300 300 300 300 300 300 300 300 300 300 300 300 300 300 300 300 300 300 300 300 300 300 300 300 300 300 300 300 300 300 300 300 300 300
4071.94 2397.01 1327.23 836.962 697.66 607.54 596.831 556 536.082 515.839 494.7 479.68 478.311 467.305 461.148 458.258 452.805 442.35 442.35 435.763 422.025 421.563 416.521 413.852 411.38 406.594 404.781 403.019 400.765 398.259 395.028 391.493 387.813 371.827 333.005 310.913 307.226 303.801 302.119 300.318 300.143 300.053 300.026 300.011 300.005 300.002 300.001 300 300 300 300 300 300 300 300 300 300 300 300 300 300 300 300 300 300 300 300 300 300 300 300 300 300 300 300 300 300 300 300 300 300 300 300 300 300 300 300 300 300 300 300 300 300 300 300
3967.18 2221.31 1253.8 783.014 705.455 653.074 564.937 549.55 524.038 512.736 482.381 466.684 455.727 450.78 443.692 438.022 434.274 429.363 424.458 421.589 415.037 409.194 406.461 405.076 403.28 402.601 401.978 401.665 401.514 401.373 401.226 400.875 399.664 397.748 396.523 395.254 394.064 393.068 392.318 391.941 391.64 391.137 390.684 387.039 370.178 326.611 313.437 307.711 302.594 300.754 300.293 300.117 300.044 300.017 300.002 300.001 300 300 300 300 300 300 300 300 300 300 300 300 300 300 300 300 300 300 300 300 300 300 300 300 300 300 300 300 300 300 300 300 300 300 300 300 300 300 300
3340.51 2178.61 1216.59 743.846 685.011 644.137 606.489 567.53 537.965 517.823 487.25 462.089 458.442 451.488 438.471 433.842 429.183 425.384 422.417 420.661 418.573 417.18 412.76 407.048 403.651 402.48 402 401.694 401.603 401.532 401.497 401.465 401.423 401.229 400.174 398.277 396.157 394.362 393.34 391.402 391.024 390.728 390.576 387.928 377.303 339.675 315.608 304.674 302.041 300.696 300.202 300.082 300.031 300.012 300.001 300.001 300 300 300 300 300 300 300 300 300 300 300 300 300 300 300 300 300 300 300 300 300 300 300 300 300 300 300 300 300 300 300 300 300 300 300 300 300 300 300
3359.46 2198.57 1328.54 779.564 662.347 652.195 610.186 582.832 544.143 523.952 497.762 476.168 452.455 450.543 442.377 434.848 428.506 426.937 425.723 423.415 421.455 417.28 408.193 405.947 404.399 403.005 402.206 401.764 401.576 401.458 401.415 401.342 401.058 400.005 398.131 397.152 395.847 394.328 393.57 392.501 392.409 392.335 392.188 391.693 391.247 390.798 388.821 376.462 344.831 312.206 303.196 301.439 300.413 300.139 300.017 300.007 300.002 300.001 300 300 300 300 300 300 300 300 300 300 300 300 300 300 300 300 300 300 300 300 300 300 300 300 300 300 300 300 300 300 300 300 300 300 300 300 300
2617.92 1668.58 1247.74 739.107 689.258 597.573 583.453 544.657 525.037 514.616 491.034 476.818 474.678 463.329 440.971 428.985 423.386 420.309 417.852 413.694 410.543 408.76 406.789 404.555 402.663 400.615 398.972 397.624 395.802 394.417 392.961 392.206 391.165 389.946 385.63 362.553 323.454 309.665 305.02 300.951 300.372 300.163 300.05 300.025 300.011 300.004 300.002 300.001 300 300 300 300 300 300 300 300 300 300 300 300 300 300 300 300 300 300 300 300 300 300 300 300 300 300 300 300 300 300 300 300 300 300 300 300 300 300 300 300 300 300 300 300 300 300 300
3503.64 2136.71 1245.08 767.327 695.582 649.465 589.695 550.519 532.513 510.579 499.664 485.674 478.757 459.784 452.044 443.395 440.281 430.744 425.926 424.089 421.752 420.575 419.073 418.461 417.093 411.982 401.027 376.649 359.106 356.473 353.687 352.889 352.003 351.793 351.641 351.601 351.544 351.427 350.75 336.481 329.12 317.257 308.163 302.677 300.914 300.362 300.153 300.066 300.025 300.009 300.003 300.001 300.001 300 300 300 300 300 300 300 300 300 300 300 300 300 300 300 300 300 300 300 300 300 300 300 300 300 300 300 300 300 300 300 300 300 300 300 300 300 300 300 300 300 300
3685.23 1952.02 1291.53 695.773 684.882 614.339 572.42 552.595 523.623 496.958 479.278 468.095 455.238 440.154 437.348 431.687 426.631 425.205 423.156 421.616 420.263 419.355 418.399 417.248 413.906 406.151 397.913 380.977 361.556 356.665 353.648 352.513 351.969 351.714 351.492 351.166 349.655 345.599 336.801 316.536 306.777 302.717 301.03 300.425 300.165 300.057 300.026 300.012 300.004 300.002 300.001 300 300 300 300 300 300 300 300 300 300 300 300 300 300 300 300 300 300 300 300 300 300 300 300 300 300 300 300 300 300 300 300 300 300 300 300 300 300 300 300 300 300 300 300
3769.65 1862.24 1165.24 798.3 699.996 652.93 598.394 575.102 533.234 531.92 513.279 491.502 478.495 462.169 451.379 439.485 432.221 430.128 426.274 424.127 422.229 420.591 419.33 418.584 417.943 416.179 410.016 405.137 403.257 401.8 401.255 401.11 400.983 400.939 400.909 400.89 400.873 400.789 400.43 397.573 395.456 393.05 389.776 377.086 335.97 312.016 304.153 301.381 300.474 300.148 300.06 300.027 300.01 300.003 300 300 300 300 300 300 300 300 300 300 300 300 300 300 300 300 300 300 300 300 300 300 300 300 300 300 300 300 300 300 300 300 300 300 300 300 300 300 300 300 300
3473.19 1991.62 1120.01 808.66 672.732 630.762 588.776 543.136 505.845 490.582 466.881 462.058 447.827 440.485 434.712 426.472 423.909 422.198 419.476 413.056 406.986 404.964 403.546 402.584 401.971 401.71 401.542 401.422 401.179 400.237 398.909 397.995 396.236 394.839 393.553 392.499 392.095 391.765 391.346 390.525 382.412 351.907 323.232 308.073 303.431 301.076 300.358 300.131 300.055 300.018 300.01 300.003 300.001 300 300 300 300 300 300 300 300 300 300 300 300 300 300 300 300 300 300 300 300 300 300 300 300 300 300 300 300 300 300 300 300 300 300 300 300 300 300 300 300 300 300
2252.54 1969.47 1262.1 818.788 681.396 597.242 585.941 549.305 522.936 509.322 477.986 468.417 443.645 437.762 432.601 428.422 424.118 420.662 418.157 415.206 411.641 406.827 402.335 398.723 395.91 392.22 389.063 374.689 331.373 317.099 307.793 305.261 302.993 301.589 300.809 300.598 300.354 300.215 300.115 300.024 300.01 300.005 300.002 300.001 300 300 300 300 300 300 300 300 300 300 300 300 300 300 300 300 300 300 300 300 300 300 300 300 300 300 300 300 300 300 300 300 300 300 300 300 300 300 300 300 300 300 300 300 300 300 300 300 300 300 300
4021.21 1833.8 1529.51 820.247 683.985 599.517 599.517 558.693 535.94 519.228 498.759 481.597 451.223 441.503 431.591 419.547 417.397 414.63 410.866 406.431 405.471 401.995 398.693 395.749 394.137 391.021 386.131 370.661 331.876 315.359 309.237 304.785 302.128 301.543 300.796 300.549 300.263 300.21 300.112 300.025 300.012 300.005 300.002 300.001 300 300 300 300 300 300 300 300 300 300 300 300 300 300 300 300 300 300 300 300 300 300 300 300 300 300 300 300 300 300 300 300 300 300 300 300 300 300 300 300 300 300 300 300 300 300 300 300 300 300 300
3540.66 1747.15 1209.71 782.245 656.624 656.624 587.572 564.274 544.409 527.121 491.673 480.979 464.396 455.784 445.496 437.353 432.883 428.486 424.349 414.462 408.654 406.779 405.096 403.73 402.561 401.612 401.082 400.254 398.064 396.449 394.923 393.785 392.294 391.143 389.976 386.069 368.52 330.124 313.612 302.721 300.957 300.427 300.183 300.08 300.031 300.014 300.004 300.002 300.001 300 300 300 300 300 300 300 300 300 300 300 300 300 300 300 300 300 300 300 300 300 300 300 300 300 300 300 300 300 300 300 300 300 300 300 300 300 300 300 300 300 300 300 300 300 300
2361.19 2124.31 1005.89 762.369 665.639 617.629 595.672 522.913 519.112 500.343 477.663 459.652 453.916 444.79 435.422 430.406 425.162 423.688 420.639 418.194 413.456 406.759 403.667 403.041 402.451 401.826 401.677 401.506 401.433 401.386 401.32 401.09 400 398.704 396.897 395.643 394.021 393.097 392.583 391.608 391.056 390.72 388.681 383.041 355.739 315.956 306.174 302.126 300.801 300.265 300.101 300.037 300.012 300.005 300.001 300 300 300 300 300 300 300 300 300 300 300 300 300 300 300 300 300 300 300 300 300 300 300 300 300 300 300 300 300 300 300 300 300 300 300 300 300 300 300 300
3414.95 1951.58 1075.74 791.234 672.646 601.401 588.128 526.425 521.802 513.244 496.142 475.852 468.43 459.199 444.242 440.889 433.413 428.835 426.477 422.931 421.402 420.337 418.388 415.279 407.157 403.104 401.304 397.805 373.13 357.212 353.733 351.803 351.046 350.463 349.159 344.241 334.245 327.451 318.327 303.118 301.225 300.575 300.204 300.084 300.037 300.015 300.007 300.002 300.001 300 300 300 300 300 300 300 300 300 300 300 300 300 300 300 300 300 300 300 300 300 300 300 300 300 300 300 300 300 300 300 300 300 300 300 300 300 300 300 300 300 300 300 300 300 300
4189.05 2527.31 1492.86 741.417 681.761 642.371 596.183 549.898 547.044 507.47 485.365 467.718 457.892 448.905 437.201 431.109 427.554 425.667 424.219 421.97 420.831 419.439 417.964 415.069 405.929 403.174 400.835 392.565 365.658 356.312 353.944 352.58 352.016 351.384 350.612 346.761 336.545 328.98 319.485 302.695 301.134 300.557 300.201 300.083 300.034 300.014 300.007 300.003 300.001 300 300 300 300 300 300 300 300 300 300 300 300 300 300 300 300 300 300 300 300 300 300 300 300 300 300 300 300 300 300 300 300 300 300 300 300 300 300 300 300 300 300 300 300 300 300
3226.33 1822.57 1276.61 775.789 707.654 585.893 566.138 526.626 526.626 503.847 495.947 475.261 463.326 443.788 433.416 427.273 421.921 417.59 412.623 409.188 404.137 401.463 399.402 397.607 394.916 392.1 389.857 386.798 354.138 318.507 307.652 303.949 303.463 301.748 301.034 300.585 300.309 300.209 300.117 300.027 300.012 300.005 300.002 300.001 300 300 300 300 300 300 300 300 300 300 300 300 300 300 300 300 300 300 300 300 300 300 300 300 300 300 300 300 300 300 300 300 300 300 300 300 300 300 300 300 300 300 300 300 300 300 300 300 300 300 300
3394.82 1717.42 1326.56 797.764 744.685 648.8 605.07 572.913 536.312 519.121 480.679 480.679 468.128 447.337 427.034 425.859 420.195 417.559 415.145 409.453 404.406 402.392 400.168 398.547 396.69 394.879 392.523 389.243 382.447 348.098 324.059 310.763 306.345 303.733 301.951 301.302 300.714 300.4 300.238 300.05 300.016 300.008 300.004 300.002 300.001 300 300 300 300 300 300 300 300 300 300 300 300 300 300 300 300 300 300 300 300 300 300 300 300 300 300 300 300 300 300 300 300 300 300 300 300 300 300 300 300 300 300 300 300 300 300 300 300 300 300
2994.97 2168.21 1251.22 821.856 738.963 649.008 603.038 566.611 552.867 529.17 511.051 495.313 472.235 461.415 449.032 442.007 434.641 431.257 428.223 426.657 425.521 424.271 423.072 421.997 419.743 416.679 415.157 414.47 414.179 414.158 414.053 414.011 413.994 413.984 413.981 413.977 413.976 413.976 413.975 413.975 413.975 413.975 413.975 413.975 413.975 413.975 413.975 413.975 413.975 413.975 413.975 413.975 413.975 413.975 413.975 413.975 413.975 413.975 413.975 413.975 413.975 413.975 413.975 413.975 413.975 413.975 413.975 413.975 413.975 413.975 413.975 413.975 413.975 413.975 413.975 413.975 413.975 413.975 413.975 413.975 413.975 413.975 413.975 413.975 413.975 413.975 413.975 413.975 413.975 413.975 413.975 413.975 413.975 413.975 413.975
3068.85 1735.77 905.578 811.213 686.12 644.831 589.604 542.354 531.03 507.093 495.934 470.891 457.031 448.304 438.372 435.241 428.161 425.638 424.96 419.593 414.788 410.685 406.896 404.293 403.558 402.604 401.846 401.522 401.238 400.696 399.44 397.542 396.103 394.675 393.573 392.592 391.917 391.561 391.167 388.724 379.749 339.376 310.929 305.004 301.748 300.499 300.236 300.079 300.033 300.013 300.005 300.002 300.001 300 300 300 300 300 300 300 300 300 300 300 300 300 300 300 300 300 300 300 300 300 300 300 300 300 300 300 300 300 300 300 300 300 300 300 300 300 300 300 300 300 300
3832.4 2560.38 1427.75 817.474 697.85 660.648 620.979 564.039 537.072 523.829 503.132 485.005 480.646 471.172 453.499 436.32 426.391 424.037 421.984 418.145 415.2 412.032 406.967 402.766 398.018 393.727 390.226 373.458 328.913 314.959 308.819 304.435 303.092 301.679 301.093 300.499 300.34 300.212 300.127 300.024 300.012 300.006 300.003 300.001 300 300 300 300 300 300 300 300 300 300 300 300 300 300 300 300 300 300 300 300 300 300 300 300 300 300 300 300 300 300 300 300 300 300 300 300 300 300 300 300 300 300 300 300 300 300 300 300 300 300 300
3191.71 2381.75 1534.57 805.404 693.708 621.048 619.358 575.547 544.091 498.423 480.231 466.726 456.1 443.218 434.039 432.601 428.215 425.292 423.182 421.392 420.527 418.945 418.195 410.105 385.907 374.909 370.502 361.143 355.531 352.878 352.051 351.661 351.392 350.757 347.445 339.267 329.172 318.926 307.603 301.693 300.663 300.297 300.134 300.06 300.025 300.01 300.004 300.002 300.001 300 300 300 300 300 300 300 300 300 300 300 300 300 300 300 300 300 300 300 300 300 300 300 300 300 300 300 300 300 300 300 300 300 300 300 300 300 300 300 300 300 300 300 300 300 300
4237.49 2071.95 1304.8 782.397 678.859 633.064 561.131 547.887 524.353 495.278 477.137 465.368 447.156 442.338 435.485 427.691 426.525 423.901 422.343 420.687 419.668 418.316 417.336 415.482 410.04 405.399 401.742 395.644 368.797 358.987 354.842 352.898 352.212 351.852 351.58 351.396 350.953 348.066 341.345 321.889 308.121 303.545 301.457 300.647 300.238 300.104 300.049 300.018 300.007 300.003 300.001 300 300 300 300 300 300 300 300 300 300 300 300 300 300 300 300 300 300 300 300 300 300 300 300 300 300 300 300 300 300 300 300 300 300 300 300 300 300 300 300 300 300 300 300
3143.99 2000.44 1483.41 787.606 683.33 614.782 602.186 547.529 541.061 508.202 479.005 472.993 457.568 447.405 444.52 435.248 431.92 428.132 424.409 422.796 421.292 418.937 412.908 406.593 404.232 403.131 402.348 402.111 401.652 401.563 401.508 401.442 401.382 401.124 399.437 396.838 395.587 394.237 393.259 392.161 391.893 391.311 390.905 390.286 381.081 340.457 316.091 305.337 301.923 300.695 300.236 300.088 300.031 300.01 300.001 300 300 300 300 300 300 300 300 300 300 300 300 300 300 300 300 300 300 300 300 300 300 300 300 300 300 300 300 300 300 300 300 300 300 300 300 300 300 300 300
4495.69 2272.96 1315.7 895.78 781.565 676.6 609.572 578.533 538.368 510.294 499.487 476.105 457.39 450.221 440.764 432.053 426.739 424.915 423.539 421.863 419.904 413.801 407.419 404.727 403.403 402.297 401.928 401.628 401.465 401.369 401.276 401.001 399.554 397.826 396.842 395.112 393.49 391.826 391.51 390.731 390.403 380.214 349.389 319.041 306.873 302.28 301.016 300.336 300.125 300.044 300.019 300.008 300.002 300.001 300 300 300 300 300 300 300 300 300 300 300 300 300 300 300 300 300 300 300 300 300 300 300 300 300 300 300 300 300 300 300 300 300 300 300 300 300 300 300 300 300
2904.64 1743.26 1021.14 776.267 703.671 641.847 615.299 555.213 531.261 505.878 485.827 480.595 467.842 456.143 448.345 436.234 435.55 428.997 426.085 421.44 413.855 409.753 406.987 405.122 403.358 402.239 401.446 399.768 396.723 395.747 393.974 392.904 391.777 390.903 389.44 382.412 349.292 318.791 309.618 301.44 300.578 300.251 300.114 300.052 300.021 300.008 300.003 300.002 300.001 300 300 300 300 300 300 300 300 300 300 300 300 300 300 300 300 300 300 300 300 300 300 300 300 300 300 300 300 300 300 300 300 300 300 300 300 300 300 300 300 300 300 300 300 300 300
3616.41 1814.25 1304.44 768.457 614.257 606.545 567.093 529.995 514.837 479.815 475.277 459.007 451.189 444.835 437.884 431.684 426.618 425.704 423.34 421.749 420.453 419.423 418.621 418.259 417.654 414.551 409.597 404.577 402.247 401.534 401.172 401.073 400.991 400.933 400.913 400.891 400.858 400.671 400.105 396.766 394.755 391.454 383.254 340.014 313.302 305.227 301.799 300.521 300.224 300.085 300.029 300.012 300.004 300.001 300 300 300 300 300 300 300 300 300 300 300 300 300 300 300 300 300 300 300 300 300 300 300 300 300 300 300 300 300 300 300 300 300 300 300 300 300 300 300 300 300
4314.59 2769.46 1320.45 915.883 747.365 605.917 596.195 560.843 524.175 499.396 487.399 480.757 464.617 440.549 433.972 424.962 419.633 417.01 414.381 412.052 408.402 405.626 402.293 398.645 394.602 391.755 388.891 377.031 340.989 315.801 308.403 305.037 302.858 301.717 301.002 300.582 300.4 300.201 300.125 300.027 300.01 300.005 300.002 300.001 300 300 300 300 300 300 300 300 300 300 300 300 300 300 300 300 300 300 300 300 300 300 300 300 300 300 300 300 300 300 300 300 300 300 300 300 300 300 300 300 300 300 300 300 300 300 300 300 300 300 300
4221.05 2078.34 1247.71 831.84 669.224 628.712 608.262 535.462 531.873 518.982 501.234 478.76 471.43 458.549 433.603 426.698 422.54 418.149 412.649 410.081 407.327 405.03 401.885 399.277 397.434 394.061 389.961 387.561 378.529 336.24 316.152 306.252 303.998 302.161 301.298 300.933 300.509 300.271 300.158 300.032 300.015 300.006 300.003 300.001 300.001 300 300 300 300 300 300 300 300 300 300 300 300 300 300 300 300 300 300 300 300 300 300 300 300 300 300 300 300 300 300 300 300 300 300 300 300 300 300 300 300 300 300 300 300 300 300 300 300 300 300
3270.24 1935.65 1167.78 823.544 664.823 630.543 603.479 576.678 540.886 517.214 508.827 490.717 472.378 451.66 432.578 425.106 419.045 414.412 409.623 403.946 402.248 399.529 395.022 392.613 390.669 386.705 371.576 332.989 316.972 309.045 304.644 302.62 301.856 301.025 300.623 300.278 300.217 300.123 300.072 300.013 300.006 300.003 300.001 300 300 300 300 300 300 300 300 300 300 300 300 300 300 300 300 300 300 300 300 300 300 300 300 300 300 300 300 300 300 300 300 300 300 300 300 300 300 300 300 300 300 300 300 300 300 300 300 300 300 300 300
1959.71 1933.05 1139.6 785.432 672.476 605.77 580.569 534.514 520.192 504.086 487.951 451.123 444.7 436.786 428.33 424.109 419.351 415.184 411.622 406.91 403.963 401.054 396.495 394.465 392.299 388.251 373.735 342.666 321.879 310.736 305.09 303.261 301.735 301.029 300.679 300.337 300.212 300.106 300.065 300.016 300.008 300.003 300.001 300.001 300 300 300 300 300 300 300 300 300 300 300 300 300 300 300 300 300 300 300 300 300 300 300 300 300 300 300 300 300 300 300 300 300 300 300 300 300 300 300 300 300 300 300 300 300 300 300 300 300 300 300
3165.68 1825.62 1192.88 807.106 704.716 609.164 529.808 529.808 519.566 499.372 478.493 461.705 450.522 437.263 434.418 428.696 426.641 423.586 422.46 420.99 419.68 417.062 410.376 404.899 403.109 402.433 401.847 401.685 401.584 401.514 401.461 401.408 401.294 400.91 399.898 397.94 395.982 394.554 393.711 392.667 392.449 392.385 392.328 392.094 391.53 391.083 390.784 389.146 380.761 346.816 315.448 304.073 301.305 300.571 300.077 300.025 300.008 300.003 300.001 300 300 300 300 300 300 300 300 300 300 300 300 300 300 300 300 300 300 300 300 300 300 300 300 300 300 300 300 300 300 300 300 300 300 300 300
2999.68 2080.78 1242.55 795.509 711.978 650.503 605.435 555.187 540.397 504.549 488.53 469.933 452.767 445.267 440.078 432.473 430.443 426.726 424.972 422.99 421.743 420.763 419.202 418.053 415.848 407.984 403.634 402.497 401.723 401.293 401.048 400.993 400.95 400.918 400.903 400.892 400.847 400.673 399.993 397.023 395.218 391.276 383.373 347.59 313.494 304.502 301.765 300.613 300.23 300.087 300.027 300.012 300.004 300.002 300 300 300 300 300 300 300 300 300 300 300 300 300 300 300 300 300 300 300 300 300 300 300 300 300 300 300 300 300 300 300 300 300 300 300 300 300 300 300 300 300
