924.181 697.376 480.022 381.321 357.082 349.708 322.253 315.869 313.077 306.013 306.013 303.837 302.358 301.422 301.144 300.785 300.394 300.29 300.22 300.117 300.068 300.039 300.02 300.016 300.007 300.006 300.004 300.001 300.001 300 300 300 300 300 300 300 300 300 300 300 300 300 300 300 300 300 300 300 300 300 300 300 300 300 300 300 300 300 300 300 300 300 300 300 300 300 300 300 300 300 300 300 300 300 300 300 300 300 300 300 300 300 300 300 300 300 300 300 300 300 300 300 300 300 300 300
997.113 783.163 549.77 425.022 377.389 340.316 320.733 318.256 312.155 307.929 306.217 302.575 302.198 301.592 301.041 300.593 300.419 300.26 300.199 300.108 300.074 300.046 300.031 300.018 300.011 300.004 300.004 300.001 300.001 300 300 300 300 300 300 300 300 300 300 300 300 300 300 300 300 300 300 300 300 300 300 300 300 300 300 300 300 300 300 300 300 300 300 300 300 300 300 300 300 300 300 300 300 300 300 300 300 300 300 300 300 300 300 300 300 300 300 300 300 300 300 300 300 300 300 300
1165.09 839.715 595.016 419.665 390.669 341.281 332.236 324.24 312.164 309.261 306.093 303.426 302.296 301.924 301.371 300.61 300.449 300.303 300.203 300.136 300.086 300.042 300.03 300.016 300.012 300.006 300.004 300.001 300.001 300 300 300 300 300 300 300 300 300 300 300 300 300 300 300 300 300 300 300 300 300 300 300 300 300 300 300 300 300 300 300 300 300 300 300 300 300 300 300 300 300 300 300 300 300 300 300 300 300 300 300 300 300 300 300 300 300 300 300 300 300 300 300 300 300 300 300
1423.15 742.797 527.735 435.532 395.285 367.123 356.106 321.937 317.928 313.218 306.087 304.714 303.104 302.357 301.219 300.819 300.588 300.424 300.226 300.159 300.079 300.059 300.034 300.025 300.014 300.007 300.005 300.002 300.001 300.001 300 300 300 300 300 300 300 300 300 300 300 300 300 300 300 300 300 300 300 300 300 300 300 300 300 300 300 300 300 300 300 300 300 300 300 300 300 300 300 300 300 300 300 300 300 300 300 300 300 300 300 300 300 300 300 300 300 300 300 300 300 300 300 300 300 300
1300.48 947 611.341 494.191 414.486 368.618 358.242 336.197 317.698 315.756 308.907 308.259 303.998 303.249 302.234 301.143 300.839 300.41 300.303 300.227 300.152 300.069 300.056 300.032 300.018 300.008 300.005 300.002 300.001 300.001 300.001 300 300 300 300 300 300 300 300 300 300 300 300 300 300 300 300 300 300 300 300 300 300 300 300 300 300 300 300 300 300 300 300 300 300 300 300 300 300 300 300 300 300 300 300 300 300 300 300 300 300 300 300 300 300 300 300 300 300 300 300 300 300 300 300 300
1038.47 650.532 522.226 426.498 388.721 359.655 333.276 319.269 316.24 307.875 305.911 304.289 302.092 301.574 300.76 300.679 300.413 300.318 300.195 300.131 300.069 300.047 300.029 300.016 300.006 300.005 300.003 300.001 300.001 300 300 300 300 300 300 300 300 300 300 300 300 300 300 300 300 300 300 300 300 300 300 300 300 300 300 300 300 300 300 300 300 300 300 300 300 300 300 300 300 300 300 300 300 300 300 300 300 300 300 300 300 300 300 300 300 300 300 300 300 300 300 300 300 300 300 300
869.372 671.645 560.812 418.79 403.53 364.892 331.63 322.763 314.357 309.364 306.275 304.745 303.269 301.806 301.189 300.777 300.541 300.336 300.247 300.142 300.103 300.06 300.035 300.023 300.016 300.008 300.005 300.002 300.001 300.001 300 300 300 300 300 300 300 300 300 300 300 300 300 300 300 300 300 300 300 300 300 300 300 300 300 300 300 300 300 300 300 300 300 300 300 300 300 300 300 300 300 300 300 300 300 300 300 300 300 300 300 300 300 300 300 300 300 300 300 300 300 300 300 300 300 300
959.281 791.417 474.455 419.67 386.573 331.617 321.322 313.426 313.426 307.816 306.402 303.896 302.844 301.761 300.852 300.681 300.46 300.238 300.213 300.124 300.08 300.037 300.032 300.019 300.011 300.007 300.003 300.001 300.001 300 300 300 300 300 300 300 300 300 300 300 300 300 300 300 300 300 300 300 300 300 300 300 300 300 300 300 300 300 300 300 300 300 300 300 300 300 300 300 300 300 300 300 300 300 300 300 300 300 300 300 300 300 300 300 300 300 300 300 300 300 300 300 300 300 300 300
1047.32 968.962 587.899 389.752 381.238 360.383 330.175 317.407 312.959 307.819 304.149 304.149 302.398 301.711 301.004 300.694 300.443 300.221 300.219 300.117 300.058 300.036 300.023 300.016 300.01 300.006 300.004 300.001 300.001 300 300 300 300 300 300 300 300 300 300 300 300 300 300 300 300 300 300 300 300 300 300 300 300 300 300 300 300 300 300 300 300 300 300 300 300 300 300 300 300 300 300 300 300 300 300 300 300 300 300 300 300 300 300 300 300 300 300 300 300 300 300 300 300 300 300 300
1442.63 776.894 534.097 391.364 382.172 346.765 340.923 316.245 314.988 310.913 308.265 305.321 303.147 302.277 301.431 300.877 300.654 300.381 300.28 300.15 300.088 300.069 300.033 300.024 300.013 300.006 300.005 300.002 300.001 300.001 300 300 300 300 300 300 300 300 300 300 300 300 300 300 300 300 300 300 300 300 300 300 300 300 300 300 300 300 300 300 300 300 300 300 300 300 300 300 300 300 300 300 300 300 300 300 300 300 300 300 300 300 300 300 300 300 300 300 300 300 300 300 300 300 300 300
979.275 737.547 629.166 441.052 372.782 362.082 328.44 328.271 309.079 308.631 307.013 302.816 302.547 301.915 301.207 300.848 300.394 300.323 300.254 300.143 300.09 300.058 300.025 300.019 300.01 300.007 300.003 300.001 300.001 300.001 300 300 300 300 300 300 300 300 300 300 300 300 300 300 300 300 300 300 300 300 300 300 300 300 300 300 300 300 300 300 300 300 300 300 300 300 300 300 300 300 300 300 300 300 300 300 300 300 300 300 300 300 300 300 300 300 300 300 300 300 300 300 300 300 300 300
1189.7 1010.2 537.86 432.618 399.77 349.829 342.555 328.056 311.731 309.954 304.656 303.145 302.279 301.968 301.176 300.72 300.346 300.28 300.235 300.106 300.067 300.032 300.027 300.013 300.011 300.006 300.003 300.001 300.001 300 300 300 300 300 300 300 300 300 300 300 300 300 300 300 300 300 300 300 300 300 300 300 300 300 300 300 300 300 300 300 300 300 300 300 300 300 300 300 300 300 300 300 300 300 300 300 300 300 300 300 300 300 300 300 300 300 300 300 300 300 300 300 300 300 300 300
1417.42 836.002 472.691 437.069 381.914 381.914 347.991 329.259 318.278 312.011 306.526 306.282 303.826 302.577 301.596 300.637 300.637 300.5 300.274 300.204 300.134 300.072 300.039 300.029 300.017 300.01 300.005 300.002 300.001 300.001 300 300 300 300 300 300 300 300 300 300 300 300 300 300 300 300 300 300 300 300 300 300 300 300 300 300 300 300 300 300 300 300 300 300 300 300 300 300 300 300 300 300 300 300 300 300 300 300 300 300 300 300 300 300 300 300 300 300 300 300 300 300 300 300 300 300
1078.12 757.478 568.303 371.96 371.96 344.408 331.045 325.006 312.432 310.149 305.191 303.927 302.408 301.619 301.194 300.616 300.505 300.259 300.167 300.134 300.071 300.052 300.034 300.017 300.014 300.006 300.004 300.001 300.001 300 300 300 300 300 300 300 300 300 300 300 300 300 300 300 300 300 300 300 300 300 300 300 300 300 300 300 300 300 300 300 300 300 300 300 300 300 300 300 300 300 300 300 300 300 300 300 300 300 300 300 300 300 300 300 300 300 300 300 300 300 300 300 300 300 300 300
993.162 746.084 479.352 401.402 384.264 353.169 327.301 318.854 315.027 309.199 305.689 303.459 302.898 301.632 301.466 300.904 300.605 300.455 300.187 300.117 300.09 300.058 300.026 300.022 300.014 300.006 300.006 300.002 300.001 300.001 300 300 300 300 300 300 300 300 300 300 300 300 300 300 300 300 300 300 300 300 300 300 300 300 300 300 300 300 300 300 300 300 300 300 300 300 300 300 300 300 300 300 300 300 300 300 300 300 300 300 300 300 300 300 300 300 300 300 300 300 300 300 300 300 300 300
995.027 752.056 562.936 388.534 368.576 349.874 328.077 318.73 312.492 308.549 306.157 303.973 302.636 301.075 300.817 300.713 300.412 300.357 300.212 300.135 300.074 300.044 300.029 300.018 300.01 300.005 300.004 300.001 300.001 300 300 300 300 300 300 300 300 300 300 300 300 300 300 300 300 300 300 300 300 300 300 300 300 300 300 300 300 300 300 300 300 300 300 300 300 300 300 300 300 300 300 300 300 300 300 300 300 300 300 300 300 300 300 300 300 300 300 300 300 300 300 300 300 300 300 300
1774.42 1062.86 655.072 392.11 374.888 374.888 336.558 326.962 318.163 310.357 307.295 305.075 302.551 302.127 301.227 300.723 300.621 300.371 300.225 300.184 300.081 300.056 300.039 300.024 300.012 300.009 300.004 300.002 300.001 300.001 300 300 300 300 300 300 300 300 300 300 300 300 300 300 300 300 300 300 300 300 300 300 300 300 300 300 300 300 300 300 300 300 300 300 300 300 300 300 300 300 300 300 300 300 300 300 300 300 300 300 300 300 300 300 300 300 300 300 300 300 300 300 300 300 300 300
1609.7 787.965 594.819 439.205 385.587 363.616 322.38 322.38 315.734 309.936 305.813 304.555 302.284 302.213 301.41 300.726 300.622 300.359 300.245 300.147 300.101 300.079 300.047 300.021 300.015 300.008 300.005 300.002 300.001 300.001 300 300 300 300 300 300 300 300 300 300 300 300 300 300 300 300 300 300 300 300 300 300 300 300 300 300 300 300 300 300 300 300 300 300 300 300 300 300 300 300 300 300 300 300 300 300 300 300 300 300 300 300 300 300 300 300 300 300 300 300 300 300 300 300 300 300
1223.88 813.639 574.425 442.219 389.092 368.17 337.325 315.644 315.644 312.336 306.111 303.668 302.89 302.045 301.126 300.673 300.656 300.399 300.232 300.186 300.098 300.067 300.031 300.017 300.014 300.008 300.004 300.001 300.001 300 300 300 300 300 300 300 300 300 300 300 300 300 300 300 300 300 300 300 300 300 300 300 300 300 300 300 300 300 300 300 300 300 300 300 300 300 300 300 300 300 300 300 300 300 300 300 300 300 300 300 300 300 300 300 300 300 300 300 300 300 300 300 300 300 300 300
1149.16 603.404 529.085 420.906 403.527 367.387 336.419 320.845 317.676 309.675 306.334 304.342 302.393 301.903 301.198 300.968 300.478 300.311 300.288 300.141 300.073 300.051 300.027 300.012 300.009 300.006 300.004 300.001 300.001 300 300 300 300 300 300 300 300 300 300 300 300 300 300 300 300 300 300 300 300 300 300 300 300 300 300 300 300 300 300 300 300 300 300 300 300 300 300 300 300 300 300 300 300 300 300 300 300 300 300 300 300 300 300 300 300 300 300 300 300 300 300 300 300 300 300 300
1088.14 593.23 515.442 407.413 371.839 354.732 323.612 315.461 315.461 310.39 307.057 304.03 302.726 302.136 301.396 300.959 300.587 300.375 300.268 300.172 300.114 300.043 300.043 300.025 300.016 300.008 300.006 300.002 300.001 300.001 300 300 300 300 300 300 300 300 300 300 300 300 300 300 300 300 300 300 300 300 300 300 300 300 300 300 300 300 300 300 300 300 300 300 300 300 300 300 300 300 300 300 300 300 300 300 300 300 300 300 300 300 300 300 300 300 300 300 300 300 300 300 300 300 300 300
1284.16 679.038 601.293 422.472 385.314 357.264 330.26 318.917 313.803 309.083 307.494 305.234 302.039 301.323 301.321 300.931 300.523 300.348 300.233 300.168 300.104 300.047 300.033 300.021 300.01 300.006 300.004 300.001 300.001 300 300 300 300 300 300 300 300 300 300 300 300 300 300 300 300 300 300 300 300 300 300 300 300 300 300 300 300 300 300 300 300 300 300 300 300 300 300 300 300 300 300 300 300 300 300 300 300 300 300 300 300 300 300 300 300 300 300 300 300 300 300 300 300 300 300 300
829.708 757.191 587.335 418.812 370.377 346.94 338.36 323.067 312.955 310.5 307.306 303.988 302.501 301.317 301.317 300.944 300.343 300.343 300.231 300.153 300.091 300.062 300.045 300.026 300.014 300.007 300.005 300.002 300.001 300.001 300 300 300 300 300 300 300 300 300 300 300 300 300 300 300 300 300 300 300 300 300 300 300 300 300 300 300 300 300 300 300 300 300 300 300 300 300 300 300 300 300 300 300 300 300 300 300 300 300 300 300 300 300 300 300 300 300 300 300 300 300 300 300 300 300 300
1245.65 642.13 569.984 396.762 375.361 368.43 325.973 323.391 312.376 309.324 305.794 303.959 302.203 301.399 300.652 300.618 300.411 300.263 300.211 300.114 300.071 300.046 300.03 300.016 300.009 300.005 300.002 300.001 300.001 300 300 300 300 300 300 300 300 300 300 300 300 300 300 300 300 300 300 300 300 300 300 300 300 300 300 300 300 300 300 300 300 300 300 300 300 300 300 300 300 300 300 300 300 300 300 300 300 300 300 300 300 300 300 300 300 300 300 300 300 300 300 300 300 300 300 300
1327.93 996.936 677.808 480.954 443.586 371.573 371.573 340.646 322.771 316.265 310.531 305.422 304.925 303.249 301.369 300.841 300.658 300.473 300.327 300.195 300.127 300.066 300.036 300.029 300.019 300.009 300.008 300.003 300.001 300.001 300 300 300 300 300 300 300 300 300 300 300 300 300 300 300 300 300 300 300 300 300 300 300 300 300 300 300 300 300 300 300 300 300 300 300 300 300 300 300 300 300 300 300 300 300 300 300 300 300 300 300 300 300 300 300 300 300 300 300 300 300 300 300 300 300 300
1219.1 773.691 590.157 431.437 386.099 386.069 343.729 330.158 317.726 313.245 307.728 305.602 304.163 302.827 301.351 301.243 300.714 300.587 300.261 300.207 300.129 300.069 300.045 300.034 300.017 300.01 300.006 300.002 300.001 300.001 300 300 300 300 300 300 300 300 300 300 300 300 300 300 300 300 300 300 300 300 300 300 300 300 300 300 300 300 300 300 300 300 300 300 300 300 300 300 300 300 300 300 300 300 300 300 300 300 300 300 300 300 300 300 300 300 300 300 300 300 300 300 300 300 300 300
1435.75 809.636 594.373 406.736 388.313 351.084 341.423 326.331 316.362 310.421 307.851 304.017 301.69 301.549 301.444 300.883 300.625 300.393 300.212 300.143 300.093 300.054 300.035 300.02 300.014 300.009 300.004 300.001 300.001 300.001 300 300 300 300 300 300 300 300 300 300 300 300 300 300 300 300 300 300 300 300 300 300 300 300 300 300 300 300 300 300 300 300 300 300 300 300 300 300 300 300 300 300 300 300 300 300 300 300 300 300 300 300 300 300 300 300 300 300 300 300 300 300 300 300 300 300
1167.97 630.89 502.901 393.396 369.251 347.494 336.737 314.611 309.954 305.836 304.948 303.047 302.032 301.375 300.912 300.679 300.338 300.274 300.202 300.117 300.065 300.043 300.03 300.015 300.01 300.005 300.003 300.001 300.001 300 300 300 300 300 300 300 300 300 300 300 300 300 300 300 300 300 300 300 300 300 300 300 300 300 300 300 300 300 300 300 300 300 300 300 300 300 300 300 300 300 300 300 300 300 300 300 300 300 300 300 300 300 300 300 300 300 300 300 300 300 300 300 300 300 300 300
963.451 756.787 517.747 433.561 375.271 358.565 326.473 316.573 310.49 306.549 304.612 303.051 301.998 301.534 301.232 300.598 300.432 300.355 300.199 300.097 300.075 300.038 300.025 300.016 300.01 300.007 300.004 300.001 300.001 300 300 300 300 300 300 300 300 300 300 300 300 300 300 300 300 300 300 300 300 300 300 300 300 300 300 300 300 300 300 300 300 300 300 300 300 300 300 300 300 300 300 300 300 300 300 300 300 300 300 300 300 300 300 300 300 300 300 300 300 300 300 300 300 300 300 300
956.117 608.803 523.208 400.937 370.528 354.108 323.499 320.347 313.56 308.557 304.738 303.223 302.096 301.809 301.369 300.52 300.482 300.349 300.223 300.153 300.096 300.057 300.031 300.02 300.011 300.008 300.004 300.001 300.001 300 300 300 300 300 300 300 300 300 300 300 300 300 300 300 300 300 300 300 300 300 300 300 300 300 300 300 300 300 300 300 300 300 300 300 300 300 300 300 300 300 300 300 300 300 300 300 300 300 300 300 300 300 300 300 300 300 300 300 300 300 300 300 300 300 300 300
1309.93 793.072 493.778 412.509 398.577 366.815 339.939 321.342 314.442 312.901 306.32 304.403 302.739 301.322 301.186 300.74 300.618 300.393 300.261 300.183 300.089 300.05 300.025 300.011 300.011 300.006 300.004 300.002 300.001 300 300 300 300 300 300 300 300 300 300 300 300 300 300 300 300 300 300 300 300 300 300 300 300 300 300 300 300 300 300 300 300 300 300 300 300 300 300 300 300 300 300 300 300 300 300 300 300 300 300 300 300 300 300 300 300 300 300 300 300 300 300 300 300 300 300 300
1253.18 866.455 583.912 439.569 391.738 359.062 333.041 324.675 312.859 306.887 306.084 304.035 302.789 301.88 301.333 300.769 300.367 300.28 300.213 300.107 300.074 300.045 300.028 300.018 300.011 300.007 300.004 300.001 300.001 300.001 300 300 300 300 300 300 300 300 300 300 300 300 300 300 300 300 300 300 300 300 300 300 300 300 300 300 300 300 300 300 300 300 300 300 300 300 300 300 300 300 300 300 300 300 300 300 300 300 300 300 300 300 300 300 300 300 300 300 300 300 300 300 300 300 300 300
1019.7 656.601 584.589 411.984 368.166 344.928 329.316 319.249 311.231 309.822 305.473 303.755 302.21 301.289 300.666 300.576 300.452 300.27 300.179 300.11 300.076 300.046 300.027 300.016 300.008 300.005 300.004 300.001 300.001 300 300 300 300 300 300 300 300 300 300 300 300 300 300 300 300 300 300 300 300 300 300 300 300 300 300 300 300 300 300 300 300 300 300 300 300 300 300 300 300 300 300 300 300 300 300 300 300 300 300 300 300 300 300 300 300 300 300 300 300 300 300 300 300 300 300 300
812.152 735.092 556.524 382.378 359.322 359.322 331.332 321.305 318.82 309.461 305.363 303.561 302.077 301.717 301.048 300.933 300.525 300.267 300.153 300.153 300.079 300.05 300.034 300.018 300.013 300.006 300.004 300.001 300.001 300.001 300 300 300 300 300 300 300 300 300 300 300 300 300 300 300 300 300 300 300 300 300 300 300 300 300 300 300 300 300 300 300 300 300 300 300 300 300 300 300 300 300 300 300 300 300 300 300 300 300 300 300 300 300 300 300 300 300 300 300 300 300 300 300 300 300 300
1659.57 801.222 623.907 442.866 393.692 355.9 334.887 327.234 315.352 311.645 305.997 303.888 303.052 302.088 300.939 300.534 300.498 300.244 300.228 300.114 300.059 300.041 300.023 300.018 300.011 300.006 300.003 300.001 300.001 300.001 300 300 300 300 300 300 300 300 300 300 300 300 300 300 300 300 300 300 300 300 300 300 300 300 300 300 300 300 300 300 300 300 300 300 300 300 300 300 300 300 300 300 300 300 300 300 300 300 300 300 300 300 300 300 300 300 300 300 300 300 300 300 300 300 300 300
914.084 692.433 568.641 395.223 368.312 348.826 335.323 312.532 312.532 308.697 307.065 303.562 302.016 301.611 301.121 300.632 300.391 300.263 300.145 300.131 300.078 300.046 300.023 300.016 300.01 300.006 300.004 300.001 300.001 300 300 300 300 300 300 300 300 300 300 300 300 300 300 300 300 300 300 300 300 300 300 300 300 300 300 300 300 300 300 300 300 300 300 300 300 300 300 300 300 300 300 300 300 300 300 300 300 300 300 300 300 300 300 300 300 300 300 300 300 300 300 300 300 300 300 300
942.618 698.362 501.508 396.651 367.541 342.171 319.357 314.614 310.519 305.748 302.966 302.421 301.602 300.882 300.702 300.478 300.358 300.186 300.1 300.074 300.057 300.033 300.017 300.01 300.007 300.004 300.003 300.001 300 300 300 300 300 300 300 300 300 300 300 300 300 300 300 300 300 300 300 300 300 300 300 300 300 300 300 300 300 300 300 300 300 300 300 300 300 300 300 300 300 300 300 300 300 300 300 300 300 300 300 300 300 300 300 300 300 300 300 300 300 300 300 300 300 300 300 300
860.311 787.461 497.436 403.316 379.29 343.822 335.38 319.31 312.855 308.393 304.335 303.69 301.957 301.318 300.954 300.674 300.406 300.314 300.147 300.102 300.062 300.038 300.03 300.016 300.009 300.005 300.002 300.001 300.001 300 300 300 300 300 300 300 300 300 300 300 300 300 300 300 300 300 300 300 300 300 300 300 300 300 300 300 300 300 300 300 300 300 300 300 300 300 300 300 300 300 300 300 300 300 300 300 300 300 300 300 300 300 300 300 300 300 300 300 300 300 300 300 300 300 300 300
1657.25 657.876 564.109 428.544 415.091 386.875 340.932 332.038 315.532 309.934 305.917 304.382 302.984 301.66 301.458 300.859 300.405 300.32 300.24 300.134 300.062 300.042 300.025 300.016 300.01 300.007 300.004 300.001 300.001 300.001 300 300 300 300 300 300 300 300 300 300 300 300 300 300 300 300 300 300 300 300 300 300 300 300 300 300 300 300 300 300 300 300 300 300 300 300 300 300 300 300 300 300 300 300 300 300 300 300 300 300 300 300 300 300 300 300 300 300 300 300 300 300 300 300 300 300
1288.82 677.049 536.363 409.364 361.513 342.223 328.174 311.294 311.294 307.05 304.442 303.066 301.736 301.736 300.944 300.675 300.443 300.31 300.214 300.104 300.06 300.046 300.03 300.018 300.01 300.005 300.004 300.001 300.001 300 300 300 300 300 300 300 300 300 300 300 300 300 300 300 300 300 300 300 300 300 300 300 300 300 300 300 300 300 300 300 300 300 300 300 300 300 300 300 300 300 300 300 300 300 300 300 300 300 300 300 300 300 300 300 300 300 300 300 300 300 300 300 300 300 300 300
831.668 554.26 554.26 387.238 367.3 347.913 330.139 315.004 309.972 308.297 304.089 304.031 303.068 301.577 301.224 300.673 300.431 300.28 300.189 300.114 300.079 300.036 300.034 300.015 300.013 300.006 300.005 300.001 300.001 300 300 300 300 300 300 300 300 300 300 300 300 300 300 300 300 300 300 300 300 300 300 300 300 300 300 300 300 300 300 300 300 300 300 300 300 300 300 300 300 300 300 300 300 300 300 300 300 300 300 300 300 300 300 300 300 300 300 300 300 300 300 300 300 300 300 300
970.393 902.3 557.035 400.135 357.683 357.683 334.243 321.645 315.57 308.35 306.264 303.275 301.747 301.747 300.998 300.702 300.467 300.324 300.239 300.112 300.091 300.057 300.032 300.022 300.011 300.007 300.004 300.001 300.001 300 300 300 300 300 300 300 300 300 300 300 300 300 300 300 300 300 300 300 300 300 300 300 300 300 300 300 300 300 300 300 300 300 300 300 300 300 300 300 300 300 300 300 300 300 300 300 300 300 300 300 300 300 300 300 300 300 300 300 300 300 300 300 300 300 300 300
1377.81 735.782 566.733 433.048 395.763 354.861 332.269 320.093 314.714 310.697 306.744 303.686 302.94 302.136 301.258 300.631 300.398 300.246 300.189 300.134 300.081 300.044 300.036 300.013 300.012 300.006 300.004 300.001 300.001 300 300 300 300 300 300 300 300 300 300 300 300 300 300 300 300 300 300 300 300 300 300 300 300 300 300 300 300 300 300 300 300 300 300 300 300 300 300 300 300 300 300 300 300 300 300 300 300 300 300 300 300 300 300 300 300 300 300 300 300 300 300 300 300 300 300 300
1470.96 812.782 579.406 427.047 381.191 360.937 338.309 315.219 315.219 313.325 305.66 304.845 303.481 301.805 301.22 300.887 300.614 300.378 300.218 300.147 300.086 300.055 300.04 300.024 300.017 300.01 300.005 300.002 300.001 300.001 300 300 300 300 300 300 300 300 300 300 300 300 300 300 300 300 300 300 300 300 300 300 300 300 300 300 300 300 300 300 300 300 300 300 300 300 300 300 300 300 300 300 300 300 300 300 300 300 300 300 300 300 300 300 300 300 300 300 300 300 300 300 300 300 300 300
1458.79 799.357 592.362 453.824 389.633 352.494 335.232 323.063 313.468 305.597 305.207 303.559 302.221 301.32 301.277 300.844 300.703 300.29 300.255 300.171 300.088 300.088 300.048 300.03 300.019 300.011 300.007 300.002 300.001 300.001 300 300 300 300 300 300 300 300 300 300 300 300 300 300 300 300 300 300 300 300 300 300 300 300 300 300 300 300 300 300 300 300 300 300 300 300 300 300 300 300 300 300 300 300 300 300 300 300 300 300 300 300 300 300 300 300 300 300 300 300 300 300 300 300 300 300
1369.97 812.025 697.446 465.407 444.86 387.962 369.204 335.196 325.484 320.126 313.184 305.241 303.702 303.062 301.424 301.092 300.87 300.431 300.29 300.199 300.132 300.079 300.039 300.026 300.015 300.008 300.006 300.002 300.001 300.001 300 300 300 300 300 300 300 300 300 300 300 300 300 300 300 300 300 300 300 300 300 300 300 300 300 300 300 300 300 300 300 300 300 300 300 300 300 300 300 300 300 300 300 300 300 300 300 300 300 300 300 300 300 300 300 300 300 300 300 300 300 300 300 300 300 300
1127.43 679.017 500.403 364.48 335.192 335.192 323.299 319.156 312.312 309.335 305.317 303.745 301.932 301.034 300.728 300.494 300.378 300.283 300.163 300.119 300.08 300.05 300.027 300.015 300.012 300.008 300.003 300.001 300.001 300 300 300 300 300 300 300 300 300 300 300 300 300 300 300 300 300 300 300 300 300 300 300 300 300 300 300 300 300 300 300 300 300 300 300 300 300 300 300 300 300 300 300 300 300 300 300 300 300 300 300 300 300 300 300 300 300 300 300 300 300 300 300 300 300 300 300
1323.31 818.655 599.628 414.671 374.212 338.27 329.096 320.884 316.995 308.918 304.728 304.318 302.575 301.679 301.14 300.745 300.358 300.324 300.188 300.104 300.085 300.044 300.044 300.021 300.013 300.006 300.005 300.001 300.001 300.001 300 300 300 300 300 300 300 300 300 300 300 300 300 300 300 300 300 300 300 300 300 300 300 300 300 300 300 300 300 300 300 300 300 300 300 300 300 300 300 300 300 300 300 300 300 300 300 300 300 300 300 300 300 300 300 300 300 300 300 300 300 300 300 300 300 300
1033.59 748.06 483.176 400.292 367.526 350.968 330.72 314.514 312.245 304.643 303.465 303.465 301.889 301.453 301.043 300.489 300.353 300.234 300.176 300.095 300.066 300.044 300.021 300.012 300.007 300.005 300.004 300.001 300 300 300 300 300 300 300 300 300 300 300 300 300 300 300 300 300 300 300 300 300 300 300 300 300 300 300 300 300 300 300 300 300 300 300 300 300 300 300 300 300 300 300 300 300 300 300 300 300 300 300 300 300 300 300 300 300 300 300 300 300 300 300 300 300 300 300 300
1300.86 675.339 609.91 419.93 386.056 358.566 345.974 314.146 313.874 312.288 306.021 303.905 302.89 301.613 301.05 300.536 300.344 300.283 300.223 300.159 300.094 300.04 300.029 300.018 300.009 300.008 300.005 300.002 300.001 300.001 300 300 300 300 300 300 300 300 300 300 300 300 300 300 300 300 300 300 300 300 300 300 300 300 300 300 300 300 300 300 300 300 300 300 300 300 300 300 300 300 300 300 300 300 300 300 300 300 300 300 300 300 300 300 300 300 300 300 300 300 300 300 300 300 300 300
1088.72 679.492 596.681 409.309 357.393 347.221 331.392 318.839 313.327 307.295 304.786 303.36 301.97 301.619 300.862 300.644 300.394 300.241 300.163 300.088 300.061 300.042 300.02 300.014 300.007 300.004 300.003 300.001 300.001 300 300 300 300 300 300 300 300 300 300 300 300 300 300 300 300 300 300 300 300 300 300 300 300 300 300 300 300 300 300 300 300 300 300 300 300 300 300 300 300 300 300 300 300 300 300 300 300 300 300 300 300 300 300 300 300 300 300 300 300 300 300 300 300 300 300 300
