1354.87 974.43 595.992 455.588 368.416 362.779 324.039 321.828 317.504 309.476 307.771 305.274 303.034 302.086 301.004 300.715 300.423 300.423 300.257 300.132 300.078 300.071 300.033 300.023 300.013 300.008 300.004 300.002 300.001 300 300 300 300 300 300 300 300 300 300 300 300 300 300 300 300 300 300 300 300 300 300 300 300 300 300 300 300 300 300 300 300 300 300 300 300 300 300 300 300 300 300 300 300 300 300 300 300 300 300 300 300 300 300 300 300 300 300 300 300 300 300 300 300 300 300 300
1501.13 817.125 581.257 417.745 404.075 377.248 341.276 321.508 313.708 311.647 308.138 304.367 302.759 302.476 301.288 300.872 300.593 300.234 300.234 300.154 300.119 300.067 300.044 300.025 300.012 300.009 300.006 300.002 300.001 300 300 300 300 300 300 300 300 300 300 300 300 300 300 300 300 300 300 300 300 300 300 300 300 300 300 300 300 300 300 300 300 300 300 300 300 300 300 300 300 300 300 300 300 300 300 300 300 300 300 300 300 300 300 300 300 300 300 300 300 300 300 300 300 300 300 300
903.741 701.526 562.718 418.825 370.309 364.914 338.195 323.815 313.848 308.944 306.605 304.414 302.264 301.691 301.097 300.639 300.52 300.296 300.16 300.078 300.078 300.049 300.031 300.014 300.006 300.005 300.002 300.001 300.001 300 300 300 300 300 300 300 300 300 300 300 300 300 300 300 300 300 300 300 300 300 300 300 300 300 300 300 300 300 300 300 300 300 300 300 300 300 300 300 300 300 300 300 300 300 300 300 300 300 300 300 300 300 300 300 300 300 300 300 300 300 300 300 300 300 300 300
868.136 600.581 597.002 456.3 386.794 350.039 327.376 324.859 312.045 307.96 305.707 304.417 302.278 301.566 301.332 300.788 300.365 300.329 300.201 300.138 300.08 300.065 300.033 300.013 300.012 300.005 300.004 300.001 300.001 300.001 300 300 300 300 300 300 300 300 300 300 300 300 300 300 300 300 300 300 300 300 300 300 300 300 300 300 300 300 300 300 300 300 300 300 300 300 300 300 300 300 300 300 300 300 300 300 300 300 300 300 300 300 300 300 300 300 300 300 300 300 300 300 300 300 300 300
1024.83 924.908 672.71 418.775 382.223 368.816 326.637 325.104 317.719 312.139 307.093 305.388 303.607 302.8 301.661 301.108 300.613 300.472 300.239 300.147 300.115 300.069 300.037 300.019 300.009 300.009 300.006 300.002 300.001 300.001 300 300 300 300 300 300 300 300 300 300 300 300 300 300 300 300 300 300 300 300 300 300 300 300 300 300 300 300 300 300 300 300 300 300 300 300 300 300 300 300 300 300 300 300 300 300 300 300 300 300 300 300 300 300 300 300 300 300 300 300 300 300 300 300 300 300
851.06 553.834 542.13 404.979 385.448 364.049 336.395 326.261 316.227 308.175 305.417 303.918 303.02 301.324 301.132 300.669 300.54 300.379 300.213 300.123 300.094 300.043 300.034 300.019 300.013 300.008 300.004 300.002 300.001 300 300 300 300 300 300 300 300 300 300 300 300 300 300 300 300 300 300 300 300 300 300 300 300 300 300 300 300 300 300 300 300 300 300 300 300 300 300 300 300 300 300 300 300 300 300 300 300 300 300 300 300 300 300 300 300 300 300 300 300 300 300 300 300 300 300 300
1005.85 715.288 560.072 460.598 406.553 369.307 343.818 320.855 319.12 311.938 308.839 304.87 303.64 302.493 301.106 300.824 300.49 300.296 300.231 300.158 300.1 300.054 300.037 300.019 300.014 300.006 300.005 300.002 300.001 300.001 300 300 300 300 300 300 300 300 300 300 300 300 300 300 300 300 300 300 300 300 300 300 300 300 300 300 300 300 300 300 300 300 300 300 300 300 300 300 300 300 300 300 300 300 300 300 300 300 300 300 300 300 300 300 300 300 300 300 300 300 300 300 300 300 300 300
1000.22 717.874 530.159 400.641 372.84 340.029 315.217 311.79 310.44 308.39 302.888 302.888 301.671 301.413 300.782 300.562 300.304 300.242 300.163 300.047 300.047 300.035 300.02 300.008 300.008 300.005 300.003 300.001 300 300 300 300 300 300 300 300 300 300 300 300 300 300 300 300 300 300 300 300 300 300 300 300 300 300 300 300 300 300 300 300 300 300 300 300 300 300 300 300 300 300 300 300 300 300 300 300 300 300 300 300 300 300 300 300 300 300 300 300 300 300 300 300 300 300 300 300
1213.82 601.019 519.538 440.988 376.423 347.773 326.191 326.191 316.333 309.619 306.844 303.208 302.419 301.925 301.318 300.746 300.362 300.283 300.232 300.127 300.086 300.051 300.037 300.018 300.011 300.007 300.004 300.002 300.001 300 300 300 300 300 300 300 300 300 300 300 300 300 300 300 300 300 300 300 300 300 300 300 300 300 300 300 300 300 300 300 300 300 300 300 300 300 300 300 300 300 300 300 300 300 300 300 300 300 300 300 300 300 300 300 300 300 300 300 300 300 300 300 300 300 300 300
1649.62 889.759 454.856 405.91 371.84 344.658 327.44 319.437 316.279 308.403 306.426 304.029 302.517 302.065 301.267 300.947 300.578 300.286 300.244 300.136 300.098 300.053 300.038 300.019 300.011 300.007 300.003 300.001 300.001 300 300 300 300 300 300 300 300 300 300 300 300 300 300 300 300 300 300 300 300 300 300 300 300 300 300 300 300 300 300 300 300 300 300 300 300 300 300 300 300 300 300 300 300 300 300 300 300 300 300 300 300 300 300 300 300 300 300 300 300 300 300 300 300 300 300 300
1052.29 740.087 556.766 418.055 378.148 351.579 331.699 323.688 314.723 310.865 307.105 304.67 303.077 302.185 301.34 300.799 300.402 300.235 300.164 300.089 300.073 300.053 300.037 300.019 300.009 300.007 300.004 300.001 300.001 300 300 300 300 300 300 300 300 300 300 300 300 300 300 300 300 300 300 300 300 300 300 300 300 300 300 300 300 300 300 300 300 300 300 300 300 300 300 300 300 300 300 300 300 300 300 300 300 300 300 300 300 300 300 300 300 300 300 300 300 300 300 300 300 300 300 300
1040.01 663.494 464.69 398.43 367.534 348.957 333.338 315.778 308.055 307.392 304.401 303.422 301.945 301.26 300.916 300.645 300.346 300.287 300.176 300.095 300.068 300.047 300.034 300.017 300.011 300.007 300.004 300.002 300.001 300.001 300 300 300 300 300 300 300 300 300 300 300 300 300 300 300 300 300 300 300 300 300 300 300 300 300 300 300 300 300 300 300 300 300 300 300 300 300 300 300 300 300 300 300 300 300 300 300 300 300 300 300 300 300 300 300 300 300 300 300 300 300 300 300 300 300 300
566.484 566.484 509.297 422.527 396.12 349.819 331.355 321.088 310.549 310.549 305.531 303.616 302.871 301.512 301.247 300.844 300.538 300.326 300.169 300.135 300.082 300.058 300.032 300.024 300.013 300.008 300.005 300.001 300.001 300 300 300 300 300 300 300 300 300 300 300 300 300 300 300 300 300 300 300 300 300 300 300 300 300 300 300 300 300 300 300 300 300 300 300 300 300 300 300 300 300 300 300 300 300 300 300 300 300 300 300 300 300 300 300 300 300 300 300 300 300 300 300 300 300 300 300
1229.16 673.252 613.962 441.828 405.828 379.4 339.248 321.433 318.48 312.547 307.631 304.285 303.952 302.356 301.253 300.983 300.613 300.176 300.146 300.146 300.072 300.04 300.04 300.022 300.015 300.009 300.006 300.002 300.001 300.001 300 300 300 300 300 300 300 300 300 300 300 300 300 300 300 300 300 300 300 300 300 300 300 300 300 300 300 300 300 300 300 300 300 300 300 300 300 300 300 300 300 300 300 300 300 300 300 300 300 300 300 300 300 300 300 300 300 300 300 300 300 300 300 300 300 300
872.606 807.713 552.077 428.093 367.15 355.839 331.916 319.923 312.862 309.115 307.173 303.393 302.766 301.528 300.971 300.82 300.486 300.227 300.202 300.106 300.045 300.04 300.027 300.017 300.008 300.005 300.004 300.001 300.001 300 300 300 300 300 300 300 300 300 300 300 300 300 300 300 300 300 300 300 300 300 300 300 300 300 300 300 300 300 300 300 300 300 300 300 300 300 300 300 300 300 300 300 300 300 300 300 300 300 300 300 300 300 300 300 300 300 300 300 300 300 300 300 300 300 300 300
772.282 652.659 504.964 388.951 376.924 361.915 329.073 320.987 315.109 310.756 305.886 303.32 302.392 301.279 301.238 300.514 300.47 300.306 300.252 300.152 300.083 300.053 300.038 300.021 300.01 300.007 300.004 300.002 300.001 300.001 300 300 300 300 300 300 300 300 300 300 300 300 300 300 300 300 300 300 300 300 300 300 300 300 300 300 300 300 300 300 300 300 300 300 300 300 300 300 300 300 300 300 300 300 300 300 300 300 300 300 300 300 300 300 300 300 300 300 300 300 300 300 300 300 300 300
775.991 666.211 531.375 416.379 360.602 342.683 322.087 318.52 314.26 309.328 305.241 303.844 302.121 301.5 300.892 300.762 300.531 300.362 300.173 300.125 300.059 300.048 300.031 300.018 300.009 300.005 300.004 300.001 300.001 300 300 300 300 300 300 300 300 300 300 300 300 300 300 300 300 300 300 300 300 300 300 300 300 300 300 300 300 300 300 300 300 300 300 300 300 300 300 300 300 300 300 300 300 300 300 300 300 300 300 300 300 300 300 300 300 300 300 300 300 300 300 300 300 300 300 300
1715.78 879.509 651.154 446.671 394.331 350.148 335.679 319.853 313.918 312.283 307.413 304.308 303.644 302.181 301.42 300.97 300.778 300.473 300.247 300.214 300.102 300.078 300.04 300.022 300.017 300.01 300.006 300.002 300.001 300.001 300 300 300 300 300 300 300 300 300 300 300 300 300 300 300 300 300 300 300 300 300 300 300 300 300 300 300 300 300 300 300 300 300 300 300 300 300 300 300 300 300 300 300 300 300 300 300 300 300 300 300 300 300 300 300 300 300 300 300 300 300 300 300 300 300 300
885.285 573.745 490.435 413.156 383.736 349.934 327.532 323.091 310.591 309.954 304.724 303.722 302.648 301.702 301.3 300.668 300.455 300.331 300.189 300.119 300.078 300.044 300.025 300.015 300.01 300.007 300.004 300.001 300.001 300 300 300 300 300 300 300 300 300 300 300 300 300 300 300 300 300 300 300 300 300 300 300 300 300 300 300 300 300 300 300 300 300 300 300 300 300 300 300 300 300 300 300 300 300 300 300 300 300 300 300 300 300 300 300 300 300 300 300 300 300 300 300 300 300 300 300
1381.77 690.08 583.587 373.424 373.424 354.379 322.694 318.448 316.74 308.987 307.755 304.122 302.772 301.337 301.179 300.799 300.367 300.342 300.213 300.158 300.079 300.038 300.034 300.012 300.012 300.006 300.005 300.001 300.001 300 300 300 300 300 300 300 300 300 300 300 300 300 300 300 300 300 300 300 300 300 300 300 300 300 300 300 300 300 300 300 300 300 300 300 300 300 300 300 300 300 300 300 300 300 300 300 300 300 300 300 300 300 300 300 300 300 300 300 300 300 300 300 300 300 300 300
1500.68 934.563 655.128 434.448 386.392 347.907 342.25 330.999 318.235 311.753 306.67 304.907 303.111 301.753 301.474 300.889 300.627 300.417 300.268 300.135 300.08 300.056 300.03 300.017 300.011 300.008 300.005 300.001 300.001 300 300 300 300 300 300 300 300 300 300 300 300 300 300 300 300 300 300 300 300 300 300 300 300 300 300 300 300 300 300 300 300 300 300 300 300 300 300 300 300 300 300 300 300 300 300 300 300 300 300 300 300 300 300 300 300 300 300 300 300 300 300 300 300 300 300 300
977.761 755.514 580.421 446.475 401.068 369.984 336.274 318.958 315.729 308.826 306.606 303.867 302.343 301.708 301.221 300.724 300.527 300.317 300.222 300.125 300.085 300.055 300.032 300.02 300.013 300.009 300.005 300.001 300.001 300.001 300 300 300 300 300 300 300 300 300 300 300 300 300 300 300 300 300 300 300 300 300 300 300 300 300 300 300 300 300 300 300 300 300 300 300 300 300 300 300 300 300 300 300 300 300 300 300 300 300 300 300 300 300 300 300 300 300 300 300 300 300 300 300 300 300 300
825.299 714.689 499.549 420.023 390.953 358.658 336.544 321.625 316.258 308.08 306.492 304.282 302.512 301.792 300.952 300.68 300.447 300.351 300.267 300.111 300.069 300.044 300.031 300.02 300.013 300.007 300.002 300.001 300.001 300 300 300 300 300 300 300 300 300 300 300 300 300 300 300 300 300 300 300 300 300 300 300 300 300 300 300 300 300 300 300 300 300 300 300 300 300 300 300 300 300 300 300 300 300 300 300 300 300 300 300 300 300 300 300 300 300 300 300 300 300 300 300 300 300 300 300
840.68 793.911 535.632 425.425 360.438 340.373 318.185 316.733 313.159 306.064 305.479 303.187 302.741 301.582 301.228 300.716 300.502 300.277 300.206 300.155 300.095 300.06 300.04 300.01 300.01 300.007 300.004 300.001 300.001 300.001 300 300 300 300 300 300 300 300 300 300 300 300 300 300 300 300 300 300 300 300 300 300 300 300 300 300 300 300 300 300 300 300 300 300 300 300 300 300 300 300 300 300 300 300 300 300 300 300 300 300 300 300 300 300 300 300 300 300 300 300 300 300 300 300 300 300
1029.48 660.056 573.643 468.463 396.488 361.549 350.433 326.819 315.857 312.545 306.434 304.873 302.975 302.392 301.819 300.88 300.703 300.492 300.297 300.208 300.093 300.071 300.043 300.025 300.012 300.009 300.005 300.002 300.001 300.001 300 300 300 300 300 300 300 300 300 300 300 300 300 300 300 300 300 300 300 300 300 300 300 300 300 300 300 300 300 300 300 300 300 300 300 300 300 300 300 300 300 300 300 300 300 300 300 300 300 300 300 300 300 300 300 300 300 300 300 300 300 300 300 300 300 300
1201.35 701.493 648.999 433.275 388.009 358.944 344.067 327.471 318.768 309.937 306.446 305.63 303.628 302.318 301.7 301.109 300.724 300.502 300.368 300.195 300.113 300.066 300.042 300.025 300.013 300.007 300.004 300.002 300.001 300.001 300 300 300 300 300 300 300 300 300 300 300 300 300 300 300 300 300 300 300 300 300 300 300 300 300 300 300 300 300 300 300 300 300 300 300 300 300 300 300 300 300 300 300 300 300 300 300 300 300 300 300 300 300 300 300 300 300 300 300 300 300 300 300 300 300 300
1357.83 829.222 598.898 422.988 384.947 366.517 346.162 317.395 314.655 310.592 305.883 304.942 302.708 301.658 301.315 300.622 300.462 300.413 300.194 300.142 300.096 300.049 300.04 300.021 300.013 300.009 300.005 300.002 300.001 300 300 300 300 300 300 300 300 300 300 300 300 300 300 300 300 300 300 300 300 300 300 300 300 300 300 300 300 300 300 300 300 300 300 300 300 300 300 300 300 300 300 300 300 300 300 300 300 300 300 300 300 300 300 300 300 300 300 300 300 300 300 300 300 300 300 300
1335.8 734.966 516.775 423.313 398 361.992 339.046 326.24 314.077 310.084 307.044 304.631 302.961 302.21 301.679 300.766 300.524 300.418 300.291 300.187 300.135 300.078 300.052 300.025 300.015 300.011 300.006 300.002 300.001 300.001 300.001 300 300 300 300 300 300 300 300 300 300 300 300 300 300 300 300 300 300 300 300 300 300 300 300 300 300 300 300 300 300 300 300 300 300 300 300 300 300 300 300 300 300 300 300 300 300 300 300 300 300 300 300 300 300 300 300 300 300 300 300 300 300 300 300 300
714.074 642.845 528.638 443.573 375.08 354.416 325.31 322.36 307.23 306.184 306.184 304.098 302.847 301.618 300.944 300.645 300.403 300.328 300.207 300.151 300.07 300.038 300.033 300.018 300.012 300.006 300.004 300.002 300.001 300 300 300 300 300 300 300 300 300 300 300 300 300 300 300 300 300 300 300 300 300 300 300 300 300 300 300 300 300 300 300 300 300 300 300 300 300 300 300 300 300 300 300 300 300 300 300 300 300 300 300 300 300 300 300 300 300 300 300 300 300 300 300 300 300 300 300
1170.71 755.15 559.993 434.83 385.841 355.476 339.092 319.691 319.289 311.196 307.125 304.598 303.288 301.781 300.935 300.913 300.585 300.323 300.252 300.153 300.087 300.055 300.029 300.017 300.012 300.008 300.004 300.002 300.001 300.001 300 300 300 300 300 300 300 300 300 300 300 300 300 300 300 300 300 300 300 300 300 300 300 300 300 300 300 300 300 300 300 300 300 300 300 300 300 300 300 300 300 300 300 300 300 300 300 300 300 300 300 300 300 300 300 300 300 300 300 300 300 300 300 300 300 300
1130.37 829.64 571.347 424.721 382.125 359.949 341.993 327.582 314.358 310.633 306.435 303.244 303.154 302.179 301.264 300.731 300.345 300.322 300.218 300.151 300.066 300.035 300.031 300.018 300.012 300.006 300.004 300.001 300.001 300 300 300 300 300 300 300 300 300 300 300 300 300 300 300 300 300 300 300 300 300 300 300 300 300 300 300 300 300 300 300 300 300 300 300 300 300 300 300 300 300 300 300 300 300 300 300 300 300 300 300 300 300 300 300 300 300 300 300 300 300 300 300 300 300 300 300
932.754 735.85 557.422 434.343 379.25 362.864 336.36 324.047 314.942 308.544 306.662 303.709 302.903 301.685 301.123 300.756 300.435 300.35 300.188 300.161 300.057 300.056 300.035 300.02 300.014 300.006 300.004 300.001 300.001 300 300 300 300 300 300 300 300 300 300 300 300 300 300 300 300 300 300 300 300 300 300 300 300 300 300 300 300 300 300 300 300 300 300 300 300 300 300 300 300 300 300 300 300 300 300 300 300 300 300 300 300 300 300 300 300 300 300 300 300 300 300 300 300 300 300 300
1545.11 826.709 564.349 406.394 388.617 346.709 324.68 319.213 313.702 308.701 306.86 302.989 302.982 302.09 300.785 300.624 300.48 300.292 300.218 300.114 300.093 300.06 300.023 300.018 300.009 300.006 300.003 300.001 300.001 300 300 300 300 300 300 300 300 300 300 300 300 300 300 300 300 300 300 300 300 300 300 300 300 300 300 300 300 300 300 300 300 300 300 300 300 300 300 300 300 300 300 300 300 300 300 300 300 300 300 300 300 300 300 300 300 300 300 300 300 300 300 300 300 300 300 300
1360.16 652.143 479.336 411.191 360.269 360.269 330.27 318.398 316.833 313.977 305.625 304.553 302.716 301.944 301.529 300.945 300.664 300.472 300.242 300.188 300.102 300.073 300.042 300.023 300.013 300.01 300.006 300.002 300.001 300 300 300 300 300 300 300 300 300 300 300 300 300 300 300 300 300 300 300 300 300 300 300 300 300 300 300 300 300 300 300 300 300 300 300 300 300 300 300 300 300 300 300 300 300 300 300 300 300 300 300 300 300 300 300 300 300 300 300 300 300 300 300 300 300 300 300
975.695 722.341 538.635 406.761 345.324 339.713 337.576 320.048 314.064 312.885 304.951 303.58 303.16 301.824 301.277 300.655 300.625 300.381 300.283 300.167 300.101 300.061 300.039 300.021 300.014 300.01 300.004 300.002 300.001 300.001 300 300 300 300 300 300 300 300 300 300 300 300 300 300 300 300 300 300 300 300 300 300 300 300 300 300 300 300 300 300 300 300 300 300 300 300 300 300 300 300 300 300 300 300 300 300 300 300 300 300 300 300 300 300 300 300 300 300 300 300 300 300 300 300 300 300
976.932 567.307 517.708 440.565 367.374 359.995 331.721 321.516 311.319 309.234 305.473 304.977 302.558 301.255 300.937 300.793 300.527 300.377 300.27 300.149 300.056 300.056 300.026 300.024 300.008 300.006 300.004 300.002 300.001 300.001 300 300 300 300 300 300 300 300 300 300 300 300 300 300 300 300 300 300 300 300 300 300 300 300 300 300 300 300 300 300 300 300 300 300 300 300 300 300 300 300 300 300 300 300 300 300 300 300 300 300 300 300 300 300 300 300 300 300 300 300 300 300 300 300 300 300
1102.08 820.068 658.349 448.459 419.934 354.963 346.132 329.603 319.446 310.915 306.517 304.256 302.566 302.176 301.51 301.034 300.689 300.369 300.282 300.125 300.063 300.054 300.044 300.025 300.014 300.007 300.004 300.002 300.001 300 300 300 300 300 300 300 300 300 300 300 300 300 300 300 300 300 300 300 300 300 300 300 300 300 300 300 300 300 300 300 300 300 300 300 300 300 300 300 300 300 300 300 300 300 300 300 300 300 300 300 300 300 300 300 300 300 300 300 300 300 300 300 300 300 300 300
1160.68 753.761 616.648 427.877 402.572 361.539 340.322 317.813 311.15 307.931 306.659 303.863 302.16 301.79 301.187 300.854 300.509 300.372 300.217 300.169 300.094 300.052 300.035 300.023 300.013 300.007 300.005 300.002 300.001 300 300 300 300 300 300 300 300 300 300 300 300 300 300 300 300 300 300 300 300 300 300 300 300 300 300 300 300 300 300 300 300 300 300 300 300 300 300 300 300 300 300 300 300 300 300 300 300 300 300 300 300 300 300 300 300 300 300 300 300 300 300 300 300 300 300 300
1004.32 643.179 535.618 408.2 377.792 357.898 333.19 319.772 318.453 307.627 303.105 303.105 302.408 301.827 301.128 300.571 300.439 300.328 300.184 300.108 300.081 300.054 300.023 300.012 300.01 300.006 300.003 300.001 300.001 300 300 300 300 300 300 300 300 300 300 300 300 300 300 300 300 300 300 300 300 300 300 300 300 300 300 300 300 300 300 300 300 300 300 300 300 300 300 300 300 300 300 300 300 300 300 300 300 300 300 300 300 300 300 300 300 300 300 300 300 300 300 300 300 300 300 300
1622.74 787.368 466.024 399.91 373.966 335.598 329.606 321.921 316.517 306.375 305.373 303.432 302.38 301.17 300.899 300.663 300.517 300.318 300.148 300.095 300.063 300.036 300.03 300.018 300.011 300.005 300.003 300.001 300.001 300 300 300 300 300 300 300 300 300 300 300 300 300 300 300 300 300 300 300 300 300 300 300 300 300 300 300 300 300 300 300 300 300 300 300 300 300 300 300 300 300 300 300 300 300 300 300 300 300 300 300 300 300 300 300 300 300 300 300 300 300 300 300 300 300 300 300
1302.73 833.034 531.549 403.676 362.497 356.639 334.06 322.83 312.785 308.5 305.379 303.82 302.304 301.406 300.79 300.639 300.519 300.331 300.255 300.126 300.074 300.043 300.03 300.018 300.012 300.005 300.004 300.001 300.001 300 300 300 300 300 300 300 300 300 300 300 300 300 300 300 300 300 300 300 300 300 300 300 300 300 300 300 300 300 300 300 300 300 300 300 300 300 300 300 300 300 300 300 300 300 300 300 300 300 300 300 300 300 300 300 300 300 300 300 300 300 300 300 300 300 300 300
859.635 651.69 595.003 418.083 383.557 358.237 323.034 323.034 317.24 306.243 305.29 303.711 302.504 301.665 301.295 300.659 300.504 300.345 300.241 300.12 300.096 300.07 300.033 300.025 300.011 300.009 300.005 300.002 300.001 300.001 300 300 300 300 300 300 300 300 300 300 300 300 300 300 300 300 300 300 300 300 300 300 300 300 300 300 300 300 300 300 300 300 300 300 300 300 300 300 300 300 300 300 300 300 300 300 300 300 300 300 300 300 300 300 300 300 300 300 300 300 300 300 300 300 300 300
1597.75 883.03 603.965 452.1 415.012 361.556 338.103 325.515 312.152 308.734 305.795 304.158 302.386 301.672 301.202 300.737 300.491 300.328 300.193 300.141 300.054 300.03 300.029 300.014 300.011 300.006 300.004 300.001 300.001 300.001 300 300 300 300 300 300 300 300 300 300 300 300 300 300 300 300 300 300 300 300 300 300 300 300 300 300 300 300 300 300 300 300 300 300 300 300 300 300 300 300 300 300 300 300 300 300 300 300 300 300 300 300 300 300 300 300 300 300 300 300 300 300 300 300 300 300
892.401 624.011 527.45 393.218 362.737 338.481 325.9 322.767 316.28 306.845 305.894 304.667 302.713 301.576 300.925 300.749 300.49 300.346 300.243 300.098 300.068 300.051 300.032 300.021 300.012 300.007 300.005 300.002 300.001 300 300 300 300 300 300 300 300 300 300 300 300 300 300 300 300 300 300 300 300 300 300 300 300 300 300 300 300 300 300 300 300 300 300 300 300 300 300 300 300 300 300 300 300 300 300 300 300 300 300 300 300 300 300 300 300 300 300 300 300 300 300 300 300 300 300 300
1221.6 674.538 524.687 396.435 377.914 344.737 327.801 320.821 314.919 308.702 304.358 303.385 302.568 301.878 300.992 300.659 300.493 300.251 300.154 300.089 300.067 300.045 300.025 300.012 300.011 300.008 300.004 300.001 300.001 300 300 300 300 300 300 300 300 300 300 300 300 300 300 300 300 300 300 300 300 300 300 300 300 300 300 300 300 300 300 300 300 300 300 300 300 300 300 300 300 300 300 300 300 300 300 300 300 300 300 300 300 300 300 300 300 300 300 300 300 300 300 300 300 300 300 300
1532.53 814.52 571.708 432.29 378.246 345.968 338.578 323.951 319.575 309.117 307.154 304.967 303.132 302.393 301.557 300.87 300.599 300.406 300.225 300.14 300.093 300.074 300.034 300.021 300.015 300.009 300.006 300.002 300.001 300.001 300 300 300 300 300 300 300 300 300 300 300 300 300 300 300 300 300 300 300 300 300 300 300 300 300 300 300 300 300 300 300 300 300 300 300 300 300 300 300 300 300 300 300 300 300 300 300 300 300 300 300 300 300 300 300 300 300 300 300 300 300 300 300 300 300 300
1387.65 752.132 632.342 426.132 383.467 348.655 337.644 312.614 312.614 311.404 306.317 305.287 303.207 301.677 301.536 300.864 300.56 300.394 300.177 300.135 300.09 300.067 300.031 300.016 300.014 300.005 300.004 300.001 300.001 300.001 300 300 300 300 300 300 300 300 300 300 300 300 300 300 300 300 300 300 300 300 300 300 300 300 300 300 300 300 300 300 300 300 300 300 300 300 300 300 300 300 300 300 300 300 300 300 300 300 300 300 300 300 300 300 300 300 300 300 300 300 300 300 300 300 300 300
985.753 679.774 580.606 422.569 395.175 351.748 339.818 325.677 315.949 311.787 305.282 304.599 302.459 301.767 301.259 300.835 300.637 300.378 300.301 300.203 300.106 300.055 300.033 300.025 300.01 300.009 300.005 300.001 300.001 300 300 300 300 300 300 300 300 300 300 300 300 300 300 300 300 300 300 300 300 300 300 300 300 300 300 300 300 300 300 300 300 300 300 300 300 300 300 300 300 300 300 300 300 300 300 300 300 300 300 300 300 300 300 300 300 300 300 300 300 300 300 300 300 300 300 300
1400.38 709.598 575.584 438.381 393.897 368.433 327.081 321.919 315.261 311.009 306.469 304.161 301.744 301.744 301.49 300.917 300.615 300.422 300.276 300.158 300.088 300.056 300.032 300.024 300.011 300.007 300.004 300.001 300.001 300 300 300 300 300 300 300 300 300 300 300 300 300 300 300 300 300 300 300 300 300 300 300 300 300 300 300 300 300 300 300 300 300 300 300 300 300 300 300 300 300 300 300 300 300 300 300 300 300 300 300 300 300 300 300 300 300 300 300 300 300 300 300 300 300 300 300
791.802 594.866 540.563 434.622 391.718 370.821 330.027 312.81 312.507 309.365 305.256 304.197 301.863 301.85 301.198 300.749 300.439 300.2 300.16 300.142 300.079 300.055 300.026 300.015 300.01 300.004 300.004 300.001 300.001 300 300 300 300 300 300 300 300 300 300 300 300 300 300 300 300 300 300 300 300 300 300 300 300 300 300 300 300 300 300 300 300 300 300 300 300 300 300 300 300 300 300 300 300 300 300 300 300 300 300 300 300 300 300 300 300 300 300 300 300 300 300 300 300 300 300 300
685.546 685.546 685.546 424.858 390.446 360.618 343.024 328.275 317.918 308.732 308.732 306.46 303.431 301.957 301.174 301.023 300.608 300.417 300.149 300.149 300.106 300.062 300.053 300.031 300.016 300.011 300.007 300.002 300.002 300.001 300 300 300 300 300 300 300 300 300 300 300 300 300 300 300 300 300 300 300 300 300 300 300 300 300 300 300 300 300 300 300 300 300 300 300 300 300 300 300 300 300 300 300 300 300 300 300 300 300 300 300 300 300 300 300 300 300 300 300 300 300 300 300 300 300 300
