95525.9 95525.9 95525.9 86717.2 86717.2 72552.3 65071.3 39409.8 30190.1 23633.2 18651.5 7619.74 4216.76 4216.76 3214.3 2571.13 1379.18 729.113 680.368 355.122 243.398 173.702 88.7324 38.6392 22.6782 17.2054 9.36785 5.48213 2.18157 1.22258 0.615818 0.394128 0.182512 0.122257 0.0546251 0.0302201 0.0121394 0.00388336 0.00246699 0.000206682 7.88297e-05 2.54586e-05 7.23425e-06 2.51011e-06 7.24342e-07 2.06157e-07 8.69377e-08 2.36128e-08 0 0 0 0 0 0 0 0 0 0 0 0 0 0 0 0 0 0 0 0 0 0 0 0 0 0 0 0 0 0 0 0 0 0 0 0 0 0 0 0 0 0 0 0 0 0 0
151255 134163 84537.6 64371 64371 64371 54041.3 41238.9 30300.9 18019.9 17639.3 9661.45 7752.95 5556.32 4007.81 3057.18 1981.63 1186.6 914.762 631.519 340.267 123.604 91.9768 37.6165 24.9597 13.0269 8.46055 3.93661 2.48428 1.1492 0.769286 0.312156 0.221519 0.107102 0.0456516 0.0267925 0.0123057 0.00752412 0.00354808 0.000307013 0.000111362 2.762e-05 1.24407e-05 4.02368e-06 1.16708e-06 5.02058e-07 1.30238e-07 5.14358e-08 1.55255e-08 0 0 0 0 0 0 0 0 0 0 0 0 0 0 0 0 0 0 0 0 0 0 0 0 0 0 0 0 0 0 0 0 0 0 0 0 0 0 0 0 0 0 0 0 0 0
151654 124895 124895 99225.3 80961.3 65067.7 52690.2 29543.7 20696.6 16672.8 11478 9046.04 3757.35 3757.35 2492.54 1647.9 1176.91 597.469 497.451 304.803 132.779 88.5711 47.4334 31.2275 16.4759 8.96301 5.6203 3.05872 1.56395 0.916438 0.503116 0.227654 0.086792 0.066749 0.0340188 0.0152759 0.00989091 0.00402037 0.00239651 0.000235473 8.47308e-05 3.00423e-05 8.03649e-06 2.82353e-06 9.36191e-07 3.31174e-07 1.17574e-07 2.29545e-08 0 0 0 0 0 0 0 0 0 0 0 0 0 0 0 0 0 0 0 0 0 0 0 0 0 0 0 0 0 0 0 0 0 0 0 0 0 0 0 0 0 0 0 0 0 0 0
150208 146386 133637 98920.3 90643.1 82731.6 71388.8 46469.7 32650.6 22117.5 15130.1 10827.3 5284.16 5284.16 3851.82 1840.93 1405.67 1052.19 718.89 288.922 214.075 139.44 56.1821 41.4059 23.6591 14.0247 8.031 4.06444 3.02819 1.61421 0.601962 0.327254 0.212083 0.0991364 0.033154 0.021697 0.0108289 0.00628707 0.0035282 0.000232474 6.59898e-05 3.36825e-05 1.16048e-05 4.60895e-06 1.19531e-06 5.33932e-07 1.22882e-07 4.37133e-08 1.21938e-08 0 0 0 0 0 0 0 0 0 0 0 0 0 0 0 0 0 0 0 0 0 0 0 0 0 0 0 0 0 0 0 0 0 0 0 0 0 0 0 0 0 0 0 0 0 0
147870 147870 140629 100491 82858.3 73344.5 62943.1 43589.8 28983.5 19015.7 16384.3 9670.51 9670.51 5981.42 3693.64 2338.77 1456.48 1067.97 445.202 429.622 233.356 145.214 76.1858 40.4237 23.0807 15.4173 9.88088 4.17151 2.67477 1.3678 0.455767 0.302572 0.133773 0.0761409 0.0418053 0.0182056 0.0112649 0.00503568 0.00214769 0.000157059 9.58279e-05 2.74166e-05 6.60129e-06 2.06827e-06 6.23001e-07 2.36014e-07 6.80601e-08 2.88905e-08 0 0 0 0 0 0 0 0 0 0 0 0 0 0 0 0 0 0 0 0 0 0 0 0 0 0 0 0 0 0 0 0 0 0 0 0 0 0 0 0 0 0 0 0 0 0 0
113074 113074 113074 94396.3 92110.4 79234.7 68512.3 50197.6 37461.4 29739.4 19136 15306.2 10878.4 7620.02 4032.46 3428.02 1348.62 1157.76 801.749 571.314 279.986 182.494 95.0769 59.1913 34.6613 21.4586 10.6773 4.32368 2.29337 1.65596 0.652922 0.44429 0.226649 0.102004 0.0507663 0.0362219 0.0146202 0.00703742 0.00364828 0.000307503 6.7415e-05 3.39413e-05 6.06535e-06 2.84042e-06 9.10731e-07 3.83655e-07 1.07606e-07 4.3158e-08 1.02565e-08 0 0 0 0 0 0 0 0 0 0 0 0 0 0 0 0 0 0 0 0 0 0 0 0 0 0 0 0 0 0 0 0 0 0 0 0 0 0 0 0 0 0 0 0 0 0
162320 129316 73511.7 73511.7 73511.7 73511.7 63680.2 50504.9 30285.2 26643.4 10915.9 10533 7170.42 5619.93 3935.26 2810.03 1589.86 1035.86 665.97 524.343 295.085 149 88.6986 54.42 37.868 17.974 7.21341 5.54244 3.46824 1.09061 0.641782 0.5203 0.182355 0.111739 0.0584492 0.0280508 0.0131184 0.00669839 0.00293438 0.000355842 9.51593e-05 3.09635e-05 8.52273e-06 2.96307e-06 9.63967e-07 3.3459e-07 1.34318e-07 3.95892e-08 1.49757e-08 0 0 0 0 0 0 0 0 0 0 0 0 0 0 0 0 0 0 0 0 0 0 0 0 0 0 0 0 0 0 0 0 0 0 0 0 0 0 0 0 0 0 0 0 0 0
150483 124701 114259 95992 88635.6 77434.5 63893.7 56097 37742.8 28789.7 21297.1 12550.6 9425.88 5485.41 3818.58 2818.14 2003.27 1113.67 990.465 606.436 253.224 137.565 97.042 56.431 31.6724 20.0286 8.769 6.02146 2.48376 1.4891 0.87357 0.378076 0.172005 0.0816435 0.0452266 0.022573 0.0125915 0.00598479 0.00299339 0.000232786 6.67807e-05 2.38915e-05 6.89946e-06 2.46486e-06 6.51044e-07 1.89281e-07 6.72441e-08 1.66625e-08 0 0 0 0 0 0 0 0 0 0 0 0 0 0 0 0 0 0 0 0 0 0 0 0 0 0 0 0 0 0 0 0 0 0 0 0 0 0 0 0 0 0 0 0 0 0 0
168814 115470 108448 101878 80888.1 61132.5 52939.9 45201 25430.7 17360.9 17360.9 12894.8 7642.06 4864.98 3966.06 1879.96 1401.86 891.984 771.156 482.417 262.254 132.763 98.2818 56.7519 25.5023 17.0817 11.993 3.86104 2.97968 1.83376 0.863752 0.327479 0.235189 0.120623 0.0546975 0.0323529 0.016214 0.00833255 0.00292855 0.000392966 0.000121991 4.40837e-05 1.34546e-05 3.84262e-06 1.62964e-06 4.37143e-07 1.2278e-07 4.25409e-08 1.17439e-08 0 0 0 0 0 0 0 0 0 0 0 0 0 0 0 0 0 0 0 0 0 0 0 0 0 0 0 0 0 0 0 0 0 0 0 0 0 0 0 0 0 0 0 0 0 0
173265 119089 119089 82633 67850.5 67850.5 41930.4 38051.9 25167.6 19899.9 13875.6 10740.5 7368.86 4585.61 3613.99 1446.55 1384.42 1124.5 515.006 405.953 186.648 131.45 78.7902 28.416 19.1562 13.8351 6.79824 4.31043 1.86602 0.80761 0.579262 0.248174 0.109629 0.075262 0.0402229 0.0171764 0.00969943 0.00463993 0.00186006 0.000157693 5.83946e-05 1.80077e-05 7.29387e-06 1.85291e-06 5.72916e-07 1.87096e-07 5.76408e-08 2.30449e-08 0 0 0 0 0 0 0 0 0 0 0 0 0 0 0 0 0 0 0 0 0 0 0 0 0 0 0 0 0 0 0 0 0 0 0 0 0 0 0 0 0 0 0 0 0 0 0
159345 92645.4 92645.4 78345 66701.5 65552 48356.2 37855 29553.9 21772.1 15968.1 10419.6 7500.94 4877.83 2511.47 1754.94 1210.26 709.752 661.26 306.87 177.828 103.567 58.3542 39.5335 23.1215 10.8316 7.43687 2.41229 2.0534 0.922674 0.390026 0.211835 0.127018 0.0623612 0.028727 0.0181657 0.00720218 0.00310287 0.00180508 0.000190797 6.02905e-05 2.10821e-05 6.06463e-06 1.91008e-06 7.29378e-07 2.07834e-07 7.37963e-08 2.74269e-08 0 0 0 0 0 0 0 0 0 0 0 0 0 0 0 0 0 0 0 0 0 0 0 0 0 0 0 0 0 0 0 0 0 0 0 0 0 0 0 0 0 0 0 0 0 0 0
145490 105143 105143 105143 101189 66453.3 48001.5 39638.6 30301.1 20473 13584.1 10284.8 7044.48 3746 2286.36 1334.67 1100.83 763.323 498.2 260.558 130.825 112.72 61.4826 35.8312 22.5322 8.79173 5.94967 2.24978 1.8477 0.990345 0.55855 0.27991 0.135289 0.0620302 0.0350701 0.021464 0.00854557 0.00528566 0.00258877 0.000246892 8.71574e-05 2.54304e-05 7.19087e-06 3.28463e-06 9.01361e-07 2.78169e-07 8.62883e-08 2.47974e-08 0 0 0 0 0 0 0 0 0 0 0 0 0 0 0 0 0 0 0 0 0 0 0 0 0 0 0 0 0 0 0 0 0 0 0 0 0 0 0 0 0 0 0 0 0 0 0
161905 141004 141004 103663 99162.4 69884.2 69884.2 42643 42643 27313 23977.7 17497.6 7716.72 7716.72 5826.12 4273.11 2198.45 2039.14 1228.4 610.764 350.283 200.143 66.8423 66.8423 39.2242 23.5614 10.6551 5.97166 2.9252 1.56646 0.922406 0.464747 0.253524 0.112319 0.0603931 0.0316405 0.0161725 0.00577414 0.00325047 0.00030755 0.00013981 4.67179e-05 1.91866e-05 6.30012e-06 1.81892e-06 5.57203e-07 1.88446e-07 7.21877e-08 2.53806e-08 0 0 0 0 0 0 0 0 0 0 0 0 0 0 0 0 0 0 0 0 0 0 0 0 0 0 0 0 0 0 0 0 0 0 0 0 0 0 0 0 0 0 0 0 0 0
153821 104655 104655 90449.9 87281.7 70514.6 60951.8 54790.7 31933.3 31064.6 19242.9 13117 9546.44 6291.45 3803.32 2708.32 1468.3 1259.89 631.993 317.883 219.642 145.819 85.1347 51.2661 33.6042 15.9567 6.57337 5.63779 3.09744 1.29738 0.759705 0.40264 0.192591 0.0696185 0.0401625 0.017352 0.0113215 0.00580192 0.00254791 0.000187248 6.44411e-05 2.34494e-05 7.51318e-06 1.9989e-06 5.41489e-07 1.50949e-07 4.33192e-08 1.79277e-08 0 0 0 0 0 0 0 0 0 0 0 0 0 0 0 0 0 0 0 0 0 0 0 0 0 0 0 0 0 0 0 0 0 0 0 0 0 0 0 0 0 0 0 0 0 0 0
115301 115301 115301 94274.3 77815.8 77815.8 62646.9 51198.5 38383.5 29332.3 17905 11186.4 8221.05 6493.04 3404.68 2742.92 1778 945.675 542.964 450.274 177.566 149.433 92.1747 58.7637 31.8987 15.3321 8.16788 4.83822 2.43191 1.11923 0.707798 0.384014 0.210552 0.124623 0.0510588 0.0262383 0.011496 0.00608078 0.00249923 0.000211092 9.52004e-05 2.59492e-05 7.40628e-06 2.39091e-06 7.67287e-07 3.17938e-07 1.14554e-07 3.23484e-08 0 0 0 0 0 0 0 0 0 0 0 0 0 0 0 0 0 0 0 0 0 0 0 0 0 0 0 0 0 0 0 0 0 0 0 0 0 0 0 0 0 0 0 0 0 0 0
140133 127182 121664 119547 78152.5 74857.2 63214.3 50214.9 34357.8 22106.3 20195.2 10762.5 7522 5623.42 4349.86 2620.64 2060.08 1462.58 840.103 408.981 229.657 170.32 89.3113 46.1715 15.096 15.096 9.75984 4.76995 2.78165 1.62588 0.860702 0.331989 0.234551 0.100805 0.0451624 0.0320733 0.00919269 0.00687656 0.00242277 0.000317642 0.000105072 3.18151e-05 8.6848e-06 2.26454e-06 9.49484e-07 2.52059e-07 8.49241e-08 1.83757e-08 0 0 0 0 0 0 0 0 0 0 0 0 0 0 0 0 0 0 0 0 0 0 0 0 0 0 0 0 0 0 0 0 0 0 0 0 0 0 0 0 0 0 0 0 0 0 0
136710 129468 103987 96363.6 82509.9 64234.3 46456.9 43149.6 33130 22583.4 17841.1 12296.2 5095.38 3959.67 3371.16 2360.54 1713.94 1141.13 688.51 451.523 172.129 115.158 66.6519 44.2287 17.4785 11.1752 5.9004 3.53081 1.93506 1.07041 0.526825 0.245112 0.17685 0.0703036 0.0402813 0.0177452 0.0103163 0.00343235 0.00229508 0.000292193 8.44865e-05 2.64625e-05 1.40719e-05 4.88362e-06 1.85911e-06 6.90152e-07 1.95645e-07 5.1833e-08 1.94159e-08 0 0 0 0 0 0 0 0 0 0 0 0 0 0 0 0 0 0 0 0 0 0 0 0 0 0 0 0 0 0 0 0 0 0 0 0 0 0 0 0 0 0 0 0 0 0
138449 134240 124574 45065.1 45065.1 45065.1 45065.1 45065.1 40723.8 29253.6 21772.5 13245.7 8195.54 5970.9 4877.09 2580.79 1761.41 1469.87 794.498 397.526 361.278 138.873 101.821 59.1929 26.42 17.3012 12.4382 7.28003 2.63985 1.63475 0.871361 0.437407 0.227417 0.129362 0.0503379 0.0240927 0.01303 0.00764686 0.00313438 0.000291086 0.000136945 2.90262e-05 1.14974e-05 4.5039e-06 1.29272e-06 7.06704e-07 2.02753e-07 6.36463e-08 2.03726e-08 0 0 0 0 0 0 0 0 0 0 0 0 0 0 0 0 0 0 0 0 0 0 0 0 0 0 0 0 0 0 0 0 0 0 0 0 0 0 0 0 0 0 0 0 0 0
178051 123141 104457 104457 93729.1 75278.1 41984.3 41984.3 34687.5 20841.6 15062.4 9777.05 7848.59 5736.62 3408.52 3004.59 1110.95 1110.95 604.792 406.984 219.535 139.245 73.9623 45.9626 29.9331 11.4239 8.84143 4.09569 2.31913 0.842406 0.510877 0.258499 0.153076 0.0706421 0.0331388 0.0167398 0.0079754 0.00488584 0.00186019 0.0001783 7.1139e-05 2.21603e-05 6.94472e-06 1.77671e-06 6.01281e-07 2.42229e-07 6.88358e-08 2.14136e-08 0 0 0 0 0 0 0 0 0 0 0 0 0 0 0 0 0 0 0 0 0 0 0 0 0 0 0 0 0 0 0 0 0 0 0 0 0 0 0 0 0 0 0 0 0 0 0
100837 100837 100837 93014.8 85567.1 82587.9 52479.8 41400.4 35856.7 25660.7 16789 10222 7825.84 6013.53 3545.49 2051.87 1866.29 629.96 629.96 354.018 229.523 122.69 102.553 42.3247 25.9771 10.7412 6.6434 4.4314 2.68845 1.07654 0.411387 0.276276 0.180621 0.11613 0.0648305 0.0226972 0.0150742 0.00837016 0.0034915 0.000326966 0.000103381 3.91281e-05 1.07594e-05 3.52862e-06 1.02158e-06 2.52941e-07 1.05645e-07 2.70547e-08 0 0 0 0 0 0 0 0 0 0 0 0 0 0 0 0 0 0 0 0 0 0 0 0 0 0 0 0 0 0 0 0 0 0 0 0 0 0 0 0 0 0 0 0 0 0 0
153255 115429 115429 115429 107106 71648.1 58265.7 56112.2 37461.2 27702.1 20445 13375.4 8183.27 6429.05 4204.04 2423.57 2133.26 1452.56 675.401 580.293 337.654 154.524 105.854 53.5739 21.7655 17.7294 7.93818 4.88932 2.44368 1.13971 0.569122 0.302025 0.16008 0.0899679 0.047547 0.0213011 0.0116683 0.00639741 0.00342874 0.000253065 0.000101815 3.35602e-05 1.04237e-05 3.31905e-06 1.08398e-06 1.98949e-07 8.59416e-08 2.87996e-08 0 0 0 0 0 0 0 0 0 0 0 0 0 0 0 0 0 0 0 0 0 0 0 0 0 0 0 0 0 0 0 0 0 0 0 0 0 0 0 0 0 0 0 0 0 0 0
142734 123996 109876 84916.2 84916.2 84916.2 71805.5 53186 47255.4 27276.2 22684.2 16990.4 8449.34 7078.01 6150.96 3482.24 2267.63 1616.82 804.472 632.658 243.194 199.276 127.618 74.4194 36.1382 17.3877 9.52854 5.83678 3.45317 1.59015 0.883131 0.392696 0.251275 0.0891156 0.0524043 0.028544 0.0156082 0.00562723 0.00339963 0.000175329 6.93024e-05 2.4408e-05 7.768e-06 2e-06 9.50021e-07 2.98842e-07 1.04704e-07 2.80567e-08 1.25048e-08 0 0 0 0 0 0 0 0 0 0 0 0 0 0 0 0 0 0 0 0 0 0 0 0 0 0 0 0 0 0 0 0 0 0 0 0 0 0 0 0 0 0 0 0 0 0
125112 125112 97950.7 80535.7 80376.1 60830.1 34622.7 34622.7 26087.8 21943.4 14937.8 11862 6904.98 3520.6 3520.6 1759.03 1251.59 586.404 565.769 297.775 151.782 109.994 47.3538 36.6933 20.2516 9.27492 5.53446 3.07325 1.2778 0.632005 0.507812 0.214463 0.114301 0.0644169 0.021124 0.0134825 0.00390704 0.00210038 0.00147136 0.000125559 3.28263e-05 9.15401e-06 3.08066e-06 1.08132e-06 3.17829e-07 9.97766e-08 3.61724e-08 1.29986e-08 0 0 0 0 0 0 0 0 0 0 0 0 0 0 0 0 0 0 0 0 0 0 0 0 0 0 0 0 0 0 0 0 0 0 0 0 0 0 0 0 0 0 0 0 0 0 0
137599 127659 124226 97101.1 73781.2 57548 41205.4 41205.4 37277.4 27650.2 18347.8 13467.6 9286.49 6538.11 4455.91 2828.58 1724.37 1290.24 744.445 433.419 310.679 209.237 88.4718 71.5656 46.3269 21.4943 9.60804 5.59387 3.39982 1.8955 1.15689 0.397701 0.245157 0.124692 0.0741219 0.0366524 0.0148907 0.0078137 0.00393123 0.000394688 8.04283e-05 2.94141e-05 1.0539e-05 3.3871e-06 1.14025e-06 4.30668e-07 1.14188e-07 3.47154e-08 1.44288e-08 0 0 0 0 0 0 0 0 0 0 0 0 0 0 0 0 0 0 0 0 0 0 0 0 0 0 0 0 0 0 0 0 0 0 0 0 0 0 0 0 0 0 0 0 0 0
154200 130963 130963 95861.8 95861.8 70579.3 68226.3 35208.1 35053 26081.6 16057.9 14739.6 8540.17 5998.68 3408.39 3146.72 1654.3 1012.63 664.155 509.98 186.4 154.564 103.475 47.8934 30.3035 15.4926 9.24878 5.29483 3.09905 1.15745 0.631073 0.490229 0.229735 0.0934956 0.0612106 0.0286097 0.0140498 0.00749307 0.00284937 0.000334757 0.000131016 5.12597e-05 1.77096e-05 5.96394e-06 2.02426e-06 6.80335e-07 2.17784e-07 7.62866e-08 2.96101e-08 1.17041e-08 0 0 0 0 0 0 0 0 0 0 0 0 0 0 0 0 0 0 0 0 0 0 0 0 0 0 0 0 0 0 0 0 0 0 0 0 0 0 0 0 0 0 0 0 0
186335 163957 135843 92876.5 92876.5 81806.6 64137.9 48393.1 37792.4 28504.6 18156.2 12903.3 9993.17 6894.58 4167.95 2333.35 1401.95 1314.01 863.877 550.236 248.135 171.665 115.72 64.0739 40.2137 18.6035 14.5245 7.01042 4.0751 1.54601 1.04126 0.47365 0.276524 0.145424 0.0568257 0.0237498 0.0155284 0.00804968 0.00425441 0.000397894 0.000123229 3.6985e-05 7.73527e-06 2.38077e-06 1.2042e-06 2.86019e-07 1.00016e-07 3.14531e-08 1.02677e-08 0 0 0 0 0 0 0 0 0 0 0 0 0 0 0 0 0 0 0 0 0 0 0 0 0 0 0 0 0 0 0 0 0 0 0 0 0 0 0 0 0 0 0 0 0 0
116874 116874 116874 84564.1 79080.2 66329.6 41932.2 33766.2 28567.4 26412.1 14333 11221.2 5157.44 4523.58 2958.06 1543.7 1092.19 905.275 484.451 328.805 150.534 68.1611 65.6018 34.2501 18.5629 9.45655 4.83366 3.77087 2.09821 0.860441 0.461893 0.153619 0.120774 0.044709 0.0183538 0.0166446 0.00828338 0.0024453 0.00181207 0.000178529 6.33605e-05 2.22402e-05 8.67389e-06 2.17289e-06 7.69236e-07 2.52366e-07 8.33924e-08 2.38365e-08 0 0 0 0 0 0 0 0 0 0 0 0 0 0 0 0 0 0 0 0 0 0 0 0 0 0 0 0 0 0 0 0 0 0 0 0 0 0 0 0 0 0 0 0 0 0 0
162566 148674 110385 93834.4 74096.3 74096.3 46769.9 41583 31566.6 17203.6 15932.8 5668.95 4939.3 4939.3 3541.24 2374.79 775.294 775.294 753.654 352.622 149.67 143.171 79.0334 45.0809 22.7362 15.0489 6.20812 4.10028 1.90997 0.998702 0.557621 0.322915 0.105597 0.056157 0.0346814 0.0192826 0.00542837 0.00338872 0.00194199 0.000140467 4.28525e-05 1.23596e-05 5.14906e-06 1.80255e-06 5.31577e-07 2.46053e-07 9.56709e-08 2.3248e-08 0 0 0 0 0 0 0 0 0 0 0 0 0 0 0 0 0 0 0 0 0 0 0 0 0 0 0 0 0 0 0 0 0 0 0 0 0 0 0 0 0 0 0 0 0 0 0
167394 150425 118976 104363 78243 78243 61721.4 50636.3 31495.4 25407.8 17914.9 14455.3 10578.4 7580.21 4247.86 2510.3 2119.01 828.857 823.732 425.508 302.887 214.845 103.71 45.8144 37.5338 19.8582 11.9956 6.68381 3.43203 1.3115 0.834708 0.403853 0.197102 0.0985077 0.0360459 0.0303803 0.0115226 0.00554285 0.00296649 0.000338112 0.000134073 3.6106e-05 1.43935e-05 5.03235e-06 1.06638e-06 3.37297e-07 1.03345e-07 2.70883e-08 0 0 0 0 0 0 0 0 0 0 0 0 0 0 0 0 0 0 0 0 0 0 0 0 0 0 0 0 0 0 0 0 0 0 0 0 0 0 0 0 0 0 0 0 0 0 0
135540 135540 113602 113602 93800.9 44661.5 44661.5 44661.5 38129.4 32582.3 23187.3 11611.1 7019.3 4633.27 3460.92 3460.92 2013.31 1548.66 807.992 542.032 336.146 223.724 96.1988 70.0037 41.5373 20.8813 10.0713 5.49333 2.66048 1.71828 0.868264 0.468611 0.228842 0.117618 0.0637642 0.0294222 0.0148179 0.00646798 0.00376832 0.000362758 0.000132084 3.11274e-05 1.35622e-05 4.22325e-06 1.15469e-06 3.28502e-07 1.36999e-07 3.71658e-08 0 0 0 0 0 0 0 0 0 0 0 0 0 0 0 0 0 0 0 0 0 0 0 0 0 0 0 0 0 0 0 0 0 0 0 0 0 0 0 0 0 0 0 0 0 0 0
118810 118810 118810 95965.2 71765.4 64197.8 62849.1 55038.1 35787.4 32166.8 24463 14418.8 12088.2 8145.29 4500.65 3756.66 1920.89 1316.96 984.814 505.339 363.852 150.36 136.025 74.7995 40.5276 19.3891 14.4115 7.22098 2.90338 1.33894 1.09489 0.472613 0.218048 0.0970429 0.0526722 0.0221034 0.0151383 0.00562735 0.00360913 0.00024919 7.88534e-05 3.49375e-05 1.12916e-05 3.47568e-06 7.19266e-07 2.73201e-07 8.05358e-08 2.60886e-08 0 0 0 0 0 0 0 0 0 0 0 0 0 0 0 0 0 0 0 0 0 0 0 0 0 0 0 0 0 0 0 0 0 0 0 0 0 0 0 0 0 0 0 0 0 0 0
137412 137412 133148 80722.1 80722.1 59646.1 59646.1 48314.6 42635.8 26889.5 21886.2 13994.7 9439.51 7201.14 4410.84 2673.65 1941.83 942.054 682.221 464.353 219.496 144.189 86.9197 42.5187 23.6829 9.49989 5.47833 3.61357 1.62874 0.858732 0.562336 0.211708 0.133162 0.0872725 0.0302378 0.0166634 0.00763029 0.00485136 0.00178372 0.000189325 5.26277e-05 1.55716e-05 5.07554e-06 1.98948e-06 8.4168e-07 2.74747e-07 1.21921e-07 2.60309e-08 0 0 0 0 0 0 0 0 0 0 0 0 0 0 0 0 0 0 0 0 0 0 0 0 0 0 0 0 0 0 0 0 0 0 0 0 0 0 0 0 0 0 0 0 0 0 0
118029 88289.7 88289.7 88289.7 74691 68575.7 48792 35184.3 28520.3 24284.2 19042.7 10275.2 9007.89 7932.98 3959.74 2481.04 1532.25 1343.42 704.58 417.813 255.827 142.432 77.2716 40.1892 27.3084 12.5433 5.89565 3.87545 1.80526 0.948357 0.565928 0.373283 0.168007 0.0776754 0.0341534 0.0177354 0.00745918 0.0044759 0.00255014 0.000231794 7.64327e-05 1.95065e-05 6.86594e-06 2.16957e-06 8.09011e-07 2.44144e-07 6.00026e-08 1.71461e-08 0 0 0 0 0 0 0 0 0 0 0 0 0 0 0 0 0 0 0 0 0 0 0 0 0 0 0 0 0 0 0 0 0 0 0 0 0 0 0 0 0 0 0 0 0 0 0
142719 137054 129322 95053.7 95053.7 95053.7 72734.8 30290.8 27632.8 27632.8 23417.2 15347.5 10810.3 4488.65 3965.56 2472.52 1981.55 1209.16 831.674 391.327 298.496 145.286 98.6828 51.9771 34.7716 16.7532 7.95784 3.91007 2.60907 1.27366 0.881845 0.314299 0.205168 0.0755366 0.0541228 0.0205695 0.011001 0.00658119 0.00334802 0.000335996 8.70645e-05 4.52064e-05 9.11169e-06 3.05305e-06 1.07785e-06 3.52748e-07 1.15168e-07 2.74315e-08 0 0 0 0 0 0 0 0 0 0 0 0 0 0 0 0 0 0 0 0 0 0 0 0 0 0 0 0 0 0 0 0 0 0 0 0 0 0 0 0 0 0 0 0 0 0 0
156284 119469 56572.1 56572.1 56572.1 56572.1 56186.8 48749.8 34053.4 26988.5 20163.5 16185.6 9692.67 8334.23 4986.32 2984.42 2411.7 1203.13 999.989 509.744 336.061 133.465 92.4645 61.9985 25.6114 17.7474 10.9063 7.546 2.4293 1.51401 0.90928 0.482456 0.200158 0.125751 0.0606175 0.0335863 0.0118599 0.00446857 0.00372226 0.000284165 0.000102111 3.39394e-05 1.09405e-05 2.99111e-06 1.16721e-06 3.04223e-07 8.71275e-08 2.10156e-08 0 0 0 0 0 0 0 0 0 0 0 0 0 0 0 0 0 0 0 0 0 0 0 0 0 0 0 0 0 0 0 0 0 0 0 0 0 0 0 0 0 0 0 0 0 0 0
109127 91769.8 91769.8 91769.8 84783.3 80614.1 77742.1 62926.3 44024.4 28433.4 28026.2 19276 14895.6 6884.08 4449.39 3019.34 2489.61 1194.91 935.729 585.004 370.23 217.2 121.794 57.1175 39.4142 17.3065 9.25687 5.41269 3.07977 1.40356 0.915384 0.48145 0.223443 0.122549 0.0530187 0.0209844 0.0148558 0.0076125 0.0021209 0.000297627 8.48884e-05 2.2691e-05 8.31316e-06 2.41105e-06 9.05444e-07 2.79157e-07 7.52169e-08 2.43892e-08 0 0 0 0 0 0 0 0 0 0 0 0 0 0 0 0 0 0 0 0 0 0 0 0 0 0 0 0 0 0 0 0 0 0 0 0 0 0 0 0 0 0 0 0 0 0 0
182557 123765 123765 113633 87138.2 73216.8 73216.8 49017.1 47412 38433.4 26343.3 19751.8 10962.2 8689.67 5073.99 4342.1 2909.94 1516.72 1014.61 600.064 292.617 201.778 109.377 66.9121 32.3906 25.7148 13.6536 5.51216 3.59247 2.32116 1.03189 0.470979 0.270562 0.127125 0.0719374 0.0261703 0.0158335 0.00650154 0.00369025 0.000236978 7.78426e-05 3.01772e-05 9.36788e-06 3.28824e-06 5.8051e-07 2.40695e-07 6.86347e-08 2.43232e-08 0 0 0 0 0 0 0 0 0 0 0 0 0 0 0 0 0 0 0 0 0 0 0 0 0 0 0 0 0 0 0 0 0 0 0 0 0 0 0 0 0 0 0 0 0 0 0
117061 117061 98865.8 92228.4 92228.4 71722.4 49939.5 44277.2 31231.6 29624.9 19796 15206.3 10587.9 5929.96 4106.02 2516.74 2442.02 1858.1 1035.73 685.009 248.199 239.143 117.71 71.8113 38.4562 23.317 11.2677 8.6009 4.903 2.37633 1.26655 0.556323 0.350874 0.209077 0.0930541 0.0386265 0.0186069 0.00950075 0.00524967 0.000494607 0.000180659 5.06737e-05 1.98715e-05 5.42411e-06 1.27239e-06 3.9657e-07 1.15031e-07 5.7302e-08 1.79797e-08 0 0 0 0 0 0 0 0 0 0 0 0 0 0 0 0 0 0 0 0 0 0 0 0 0 0 0 0 0 0 0 0 0 0 0 0 0 0 0 0 0 0 0 0 0 0
137075 137075 103750 91474.1 72177 63906.7 54364.9 49014.3 37263.5 32142.1 24399.4 15553.6 9371.56 6986.48 4465.18 2556.3 1685.45 1221.27 789.46 446.445 356.448 162.355 118.712 61.8939 25.1478 18.5397 12.9908 6.49394 3.50752 1.84533 0.674754 0.418539 0.229269 0.100701 0.0574518 0.0209711 0.010775 0.00509598 0.0026295 0.0002824 0.000119145 3.12852e-05 9.65053e-06 2.84228e-06 7.42825e-07 3.23893e-07 1.05829e-07 3.72425e-08 1.42975e-08 0 0 0 0 0 0 0 0 0 0 0 0 0 0 0 0 0 0 0 0 0 0 0 0 0 0 0 0 0 0 0 0 0 0 0 0 0 0 0 0 0 0 0 0 0 0
153602 108937 108937 87871.2 87871.2 69489.6 60342.6 54148.3 35913.1 30336.5 19897 15727.4 9314.24 5825.81 3831.75 3030.9 2193.92 1283.78 728.858 468.482 344.261 150.099 66.1083 45.0454 26.1102 23.6158 11.1722 6.24613 3.62338 1.80822 0.793516 0.479085 0.179446 0.0750909 0.0540397 0.0201087 0.0123832 0.00460545 0.00297408 0.000318987 8.64747e-05 2.82098e-05 8.51646e-06 2.90661e-06 9.86725e-07 3.03278e-07 8.84152e-08 2.31236e-08 1.01967e-08 0 0 0 0 0 0 0 0 0 0 0 0 0 0 0 0 0 0 0 0 0 0 0 0 0 0 0 0 0 0 0 0 0 0 0 0 0 0 0 0 0 0 0 0 0 0
179140 131026 131026 94808.6 94808.6 79572.9 69849.5 53593.7 36831.3 30731.5 21059.4 11099.4 10435.5 4540.16 4130.34 2640.45 1587.25 1489.29 584.823 489.781 289.307 178.109 111.955 59.0756 33.2632 17.157 11.8794 6.14104 3.35562 1.74377 0.871029 0.383012 0.18042 0.109244 0.0584048 0.0267449 0.0108446 0.00522974 0.00243685 0.000228875 7.62846e-05 2.14084e-05 4.96059e-06 1.67614e-06 5.39901e-07 1.98263e-07 4.79293e-08 1.79667e-08 0 0 0 0 0 0 0 0 0 0 0 0 0 0 0 0 0 0 0 0 0 0 0 0 0 0 0 0 0 0 0 0 0 0 0 0 0 0 0 0 0 0 0 0 0 0 0
130183 103620 86717.6 86717.6 82556.2 68432.3 52033.5 35330.4 27435.6 19688.5 7242.63 6972.75 4756.02 3777.75 2714.07 1836.32 1158.54 681.682 463.807 336.064 170.408 106.933 65.454 38.4053 24.8505 8.69809 5.7564 3.39903 2.01962 0.879087 0.538783 0.227402 0.145606 0.0814293 0.0448314 0.0195167 0.00964388 0.00455609 0.00231707 0.00024025 6.71374e-05 2.42363e-05 7.83057e-06 3.53845e-06 1.13666e-06 3.59013e-07 1.2489e-07 4.83137e-08 1.3372e-08 0 0 0 0 0 0 0 0 0 0 0 0 0 0 0 0 0 0 0 0 0 0 0 0 0 0 0 0 0 0 0 0 0 0 0 0 0 0 0 0 0 0 0 0 0 0
157434 124157 107327 77967.6 76933.3 76933.3 64788.1 57772.4 45966.9 30334.6 24602.6 17093.9 10021.3 6559.7 6559.7 3429.4 2588.29 1344.7 1268.29 698.003 515.509 225.041 163.729 86.5922 42.2937 23.8919 11.9459 7.70499 4.43367 2.06323 1.12422 0.590299 0.266655 0.22232 0.0761999 0.0470204 0.026373 0.0145351 0.00612634 0.000570075 0.000198714 7.02407e-05 2.79902e-05 7.61123e-06 3.17671e-06 7.05722e-07 3.49249e-07 9.72558e-08 3.4897e-08 0 0 0 0 0 0 0 0 0 0 0 0 0 0 0 0 0 0 0 0 0 0 0 0 0 0 0 0 0 0 0 0 0 0 0 0 0 0 0 0 0 0 0 0 0 0
177679 131168 117382 97506.2 79252.6 74473.1 48899.2 43844.9 28371.7 21391.4 16779.4 11018.3 7058.67 4512.64 2203.16 1910.58 1364.75 1016.01 607.838 402.708 257.522 122.226 112.574 42.8411 32.6882 16.8298 10.0703 4.96605 2.86356 1.67915 0.784292 0.353557 0.215063 0.10137 0.0618122 0.0311097 0.0115249 0.00637562 0.00357678 0.000289986 9.29039e-05 3.4433e-05 9.93996e-06 2.87605e-06 6.40871e-07 2.79231e-07 8.82882e-08 2.91031e-08 0 0 0 0 0 0 0 0 0 0 0 0 0 0 0 0 0 0 0 0 0 0 0 0 0 0 0 0 0 0 0 0 0 0 0 0 0 0 0 0 0 0 0 0 0 0 0
175542 134406 110788 50489.6 50489.6 50489.6 50489.6 44928.8 41191.9 31901.6 23782.2 14048.2 7697.87 6547.25 3581.87 3183.15 1876.85 1172.42 699.684 534.694 247.985 116.614 70.7284 42.965 27.3948 15.7963 9.68832 3.83245 2.41858 1.30151 0.669617 0.247661 0.204585 0.107844 0.0323191 0.0179282 0.0109825 0.00612863 0.00291416 0.000259711 8.69549e-05 1.89891e-05 7.82816e-06 2.96482e-06 8.28508e-07 3.08623e-07 9.30361e-08 3.5814e-08 1.20104e-08 0 0 0 0 0 0 0 0 0 0 0 0 0 0 0 0 0 0 0 0 0 0 0 0 0 0 0 0 0 0 0 0 0 0 0 0 0 0 0 0 0 0 0 0 0 0
145001 126585 126585 115403 87439 83370.1 75257.6 49274.6 43035 31149.2 24331 17765 11412.6 5192.65 5192.65 3430.19 2210.39 944.227 695.746 653.617 322.422 157.228 126.91 61.9162 33.3519 19.7523 12.1135 5.56978 3.00181 1.88055 0.836701 0.489844 0.329816 0.143887 0.063678 0.0237848 0.0157942 0.00685716 0.00260788 0.000362159 9.91836e-05 4.16195e-05 1.26559e-05 3.43122e-06 1.0687e-06 4.88459e-07 1.99754e-07 4.68737e-08 1.64624e-08 0 0 0 0 0 0 0 0 0 0 0 0 0 0 0 0 0 0 0 0 0 0 0 0 0 0 0 0 0 0 0 0 0 0 0 0 0 0 0 0 0 0 0 0 0 0
127539 116182 116182 88221.5 88221.5 72289.8 64939.1 48411 31510.9 24274.6 17737 13775 10283.6 6813.11 3403.05 3403.05 2294.31 1289.02 842.627 632.786 292.786 173.583 72.5986 61.1169 43.6873 22.5396 13.6584 7.30631 2.2737 1.89632 1.08281 0.618964 0.255854 0.11638 0.0922409 0.0462336 0.00924057 0.00924057 0.00510694 0.000565974 0.000134738 4.36702e-05 1.193e-05 3.89037e-06 1.06461e-06 3.85708e-07 8.4506e-08 3.41965e-08 1.18781e-08 0 0 0 0 0 0 0 0 0 0 0 0 0 0 0 0 0 0 0 0 0 0 0 0 0 0 0 0 0 0 0 0 0 0 0 0 0 0 0 0 0 0 0 0 0 0
123523 123523 123523 84897.6 84897.6 65860.6 65860.6 51509.3 43403.5 36485.1 27635.9 15412.6 14623.1 10151.9 5942.12 3931.68 2756.15 2047.13 1287.51 774.67 456.287 352.533 169.105 105.967 49.3565 32.406 18.7944 11.2056 6.24204 2.78951 1.19761 0.755026 0.408391 0.183844 0.0982738 0.0567796 0.02833 0.0133931 0.00703242 0.000449685 0.000162742 5.33365e-05 1.50138e-05 6.72571e-06 2.85109e-06 1.01933e-06 3.51698e-07 8.44045e-08 3.04327e-08 0 0 0 0 0 0 0 0 0 0 0 0 0 0 0 0 0 0 0 0 0 0 0 0 0 0 0 0 0 0 0 0 0 0 0 0 0 0 0 0 0 0 0 0 0 0
115028 115028 115028 106941 91701.1 90600.8 64054.3 51229.8 44779.1 31425.5 19260.6 13545.4 10674.3 5126.36 3856.22 3286.89 1559.87 1074.43 681.7 433.012 215.605 149.089 98.68 55.9645 31.4336 13.2151 8.75204 4.15389 2.39615 1.14757 0.621053 0.286815 0.174511 0.0939283 0.0457234 0.0214862 0.00929221 0.00435526 0.00289879 0.000261638 8.98782e-05 3.76513e-05 1.14172e-05 3.44784e-06 7.28087e-07 2.36146e-07 5.87631e-08 2.01709e-08 0 0 0 0 0 0 0 0 0 0 0 0 0 0 0 0 0 0 0 0 0 0 0 0 0 0 0 0 0 0 0 0 0 0 0 0 0 0 0 0 0 0 0 0 0 0 0
163843 122979 121785 94238.1 94238.1 85298.6 70882.6 45484 45414.6 32113.4 19293.4 14587.2 7793.87 6991.32 4035.86 3191.66 2101.34 1213.79 724.366 446.795 269.358 140.18 58.5885 48.1087 28.5855 16.6557 8.86329 4.59644 2.44144 1.40018 0.726731 0.271679 0.172359 0.0729428 0.0412152 0.0140984 0.0112399 0.00390421 0.00264999 0.000300656 0.000101866 2.37289e-05 8.26123e-06 2.14948e-06 7.38385e-07 2.44988e-07 8.44606e-08 1.65988e-08 0 0 0 0 0 0 0 0 0 0 0 0 0 0 0 0 0 0 0 0 0 0 0 0 0 0 0 0 0 0 0 0 0 0 0 0 0 0 0 0 0 0 0 0 0 0 0
159458 117300 117300 109928 91570 71761.1 71761.1 55734.2 48702.5 29745.1 24254 17786.6 12363.6 7773.67 4795.4 3345.72 2503.56 1205.59 944.864 472.48 306.198 195.158 119.46 39.9818 37.8773 16.7708 10.0715 5.37932 3.33209 1.73768 0.854177 0.51046 0.242226 0.0722438 0.0669291 0.0272797 0.0160481 0.00683519 0.00359931 0.000373715 8.11044e-05 3.56581e-05 1.18481e-05 3.7104e-06 1.03667e-06 3.27995e-07 1.06126e-07 3.64817e-08 1.04478e-08 0 0 0 0 0 0 0 0 0 0 0 0 0 0 0 0 0 0 0 0 0 0 0 0 0 0 0 0 0 0 0 0 0 0 0 0 0 0 0 0 0 0 0 0 0 0
