820.728 607.605 560.55 481.063 445.303 436.085 391.635 379.105 369.565 343.429 324.207 317.335 311.497 308.481 305.993 304.096 303.502 302.22 301.635 300.824 300.605 300.305 300.238 300.154 300.073 300.054 300.038 300.013 300.004 300.002 300.002 300.001 300.001 300 300 300 300 300 300 300 300 300 300 300 300 300 300 300 300 300 300 300 300 300 300 300 300 300 300 300 300 300 300 300 300 300 300 300 300 300 300 300 300 300 300 300 300 300 300 300 300 300 300 300 300 300 300 300 300 300 300 300 300 300 300 300
883.067 710.85 594.413 467.576 467.576 426.598 405.88 387.882 376.26 361.558 340.298 322.962 317.85 311.549 305.82 305.54 303.491 302.529 301.298 300.899 300.505 300.338 300.232 300.134 300.054 300.045 300.022 300.008 300.004 300.003 300.001 300.001 300.001 300 300 300 300 300 300 300 300 300 300 300 300 300 300 300 300 300 300 300 300 300 300 300 300 300 300 300 300 300 300 300 300 300 300 300 300 300 300 300 300 300 300 300 300 300 300 300 300 300 300 300 300 300 300 300 300 300 300 300 300 300 300 300
950.233 712.446 539.156 441.289 431.35 403.989 400.35 387.835 377.291 363.324 353.665 351.062 329.353 324.826 313.901 309.568 306.665 303.201 302.811 301.475 300.953 300.664 300.471 300.177 300.143 300.071 300.051 300.019 300.011 300.006 300.003 300.002 300.001 300 300 300 300 300 300 300 300 300 300 300 300 300 300 300 300 300 300 300 300 300 300 300 300 300 300 300 300 300 300 300 300 300 300 300 300 300 300 300 300 300 300 300 300 300 300 300 300 300 300 300 300 300 300 300 300 300 300 300 300 300 300 300
849.417 570.701 563.842 483.246 443.84 431.466 426.899 406.49 378 376.288 371.429 365.965 344.372 319.422 314.999 310.639 306.015 304.595 303.033 301.576 301.002 300.636 300.363 300.216 300.118 300.07 300.026 300.013 300.009 300.006 300.003 300.001 300.001 300.001 300 300 300 300 300 300 300 300 300 300 300 300 300 300 300 300 300 300 300 300 300 300 300 300 300 300 300 300 300 300 300 300 300 300 300 300 300 300 300 300 300 300 300 300 300 300 300 300 300 300 300 300 300 300 300 300 300 300 300 300 300 300
738.867 644.566 587.04 558.067 512.179 498.722 464.346 418.179 411.113 394.222 378.851 371.988 371.988 366.614 335.009 335.009 322.645 313.496 309.729 305.304 304.239 302.706 301.546 300.935 300.556 300.316 300.192 300.06 300.038 300.019 300.012 300.005 300.003 300.002 300.001 300.001 300 300 300 300 300 300 300 300 300 300 300 300 300 300 300 300 300 300 300 300 300 300 300 300 300 300 300 300 300 300 300 300 300 300 300 300 300 300 300 300 300 300 300 300 300 300 300 300 300 300 300 300 300 300 300 300 300 300 300 300
769.205 726.939 583.465 526.617 464.651 456.155 451.091 418.77 376.407 376.407 370.005 359.431 349.105 330.194 324.565 316.072 311.835 305.239 304.158 302.841 301.391 300.97 300.671 300.468 300.239 300.161 300.09 300.029 300.016 300.008 300.005 300.003 300.002 300.001 300 300 300 300 300 300 300 300 300 300 300 300 300 300 300 300 300 300 300 300 300 300 300 300 300 300 300 300 300 300 300 300 300 300 300 300 300 300 300 300 300 300 300 300 300 300 300 300 300 300 300 300 300 300 300 300 300 300 300 300 300 300
949.315 687.358 547.687 476.646 444.566 425.723 409.112 391.416 387.131 373.965 372.037 352.233 342.615 323.935 318.025 311.096 309.19 305.627 302.838 302.24 301.233 300.815 300.474 300.34 300.203 300.114 300.074 300.023 300.01 300.009 300.005 300.002 300.002 300.001 300 300 300 300 300 300 300 300 300 300 300 300 300 300 300 300 300 300 300 300 300 300 300 300 300 300 300 300 300 300 300 300 300 300 300 300 300 300 300 300 300 300 300 300 300 300 300 300 300 300 300 300 300 300 300 300 300 300 300 300 300 300
464.026 464.026 453.174 453.174 453.174 414.667 414.667 403.164 375.801 375.801 370.091 356.398 332.299 327.741 315.824 310.845 306.484 304.333 302.055 301.395 300.982 300.57 300.299 300.255 300.121 300.087 300.033 300.017 300.011 300.007 300.004 300.002 300.001 300 300 300 300 300 300 300 300 300 300 300 300 300 300 300 300 300 300 300 300 300 300 300 300 300 300 300 300 300 300 300 300 300 300 300 300 300 300 300 300 300 300 300 300 300 300 300 300 300 300 300 300 300 300 300 300 300 300 300 300 300 300 300
858.889 713.955 669.752 603.034 561.61 536.937 490.014 490.014 480.045 457.772 438.968 424.563 413.885 383.673 379.133 367.631 351.563 332.391 322.193 317.887 310.596 305.551 304.445 302.705 301.426 300.884 300.503 300.158 300.079 300.064 300.034 300.016 300.01 300.005 300.003 300.002 300.001 300 300 300 300 300 300 300 300 300 300 300 300 300 300 300 300 300 300 300 300 300 300 300 300 300 300 300 300 300 300 300 300 300 300 300 300 300 300 300 300 300 300 300 300 300 300 300 300 300 300 300 300 300 300 300 300 300 300 300
716.709 561.948 518.119 423.014 423.014 390.189 379.213 364.193 364.193 349.419 324.549 321.713 312.467 308.233 305.152 302.12 301.923 301.454 301.013 300.621 300.417 300.24 300.128 300.096 300.05 300.026 300.02 300.005 300.004 300.003 300.002 300.001 300 300 300 300 300 300 300 300 300 300 300 300 300 300 300 300 300 300 300 300 300 300 300 300 300 300 300 300 300 300 300 300 300 300 300 300 300 300 300 300 300 300 300 300 300 300 300 300 300 300 300 300 300 300 300 300 300 300 300 300 300 300 300 300
884.257 559.764 539.922 424.371 424.371 407.135 387.597 382.752 362.399 355.285 336.368 322.402 314.913 313.317 307.097 304.79 302.768 301.746 301.434 300.579 300.54 300.325 300.163 300.125 300.064 300.041 300.023 300.007 300.003 300.003 300.002 300.001 300 300 300 300 300 300 300 300 300 300 300 300 300 300 300 300 300 300 300 300 300 300 300 300 300 300 300 300 300 300 300 300 300 300 300 300 300 300 300 300 300 300 300 300 300 300 300 300 300 300 300 300 300 300 300 300 300 300 300 300 300 300 300 300
811.215 590.1 577.27 476.881 429.903 429.903 399.219 399.06 379.546 375.104 371.835 333.024 333.024 322.651 313.962 312.967 308.557 306.055 303.184 301.677 301.086 300.698 300.411 300.232 300.159 300.104 300.067 300.024 300.014 300.004 300.004 300.002 300.002 300.001 300 300 300 300 300 300 300 300 300 300 300 300 300 300 300 300 300 300 300 300 300 300 300 300 300 300 300 300 300 300 300 300 300 300 300 300 300 300 300 300 300 300 300 300 300 300 300 300 300 300 300 300 300 300 300 300 300 300 300 300 300 300
829.54 710.057 645.756 562.812 562.812 562.812 562.812 547.053 516.067 516.067 516.067 516.067 516.067 516.067 514.844 514.844 514.844 514.844 511.055 507.263 507.263 502.929 499.748 496.609 491.987 488.336 482.11 452.632 425.067 411.869 402.643 387.726 378.637 375.927 365.629 353.967 333.286 315.953 306.439 303.199 301.388 300.457 300.244 300.121 300.047 300.015 300.007 300.003 300.001 300 300 300 300 300 300 300 300 300 300 300 300 300 300 300 300 300 300 300 300 300 300 300 300 300 300 300 300 300 300 300 300 300 300 300 300 300 300 300 300 300 300 300 300 300 300 300
868.319 705.064 651.811 601.836 600.282 595.257 592.578 590.717 588.461 587.385 585.228 584.592 584.278 584.054 583.9 583.82 583.814 583.781 583.766 583.748 583.742 583.742 583.742 583.737 583.735 583.735 583.735 583.734 583.734 583.734 583.734 583.734 583.734 583.734 583.734 583.734 583.734 583.734 583.734 583.734 583.734 583.734 583.734 583.734 583.734 583.734 583.734 583.734 583.734 583.734 583.734 583.734 583.734 583.734 583.734 583.734 583.734 583.734 583.734 583.734 583.734 583.734 583.734 583.734 583.734 583.734 583.734 583.734 583.734 583.734 583.734 583.734 583.734 583.734 583.734 583.734 583.734 583.734 583.734 583.734 583.734 583.734 583.734 583.734 583.734 583.734 583.734 583.734 583.734 583.734 583.734 583.734 583.734 583.734 583.734 583.734
795.935 725.14 480.43 461.978 461.978 461.978 432.885 369.544 369.544 356.919 342.507 335.498 319.037 315.946 310.419 307.353 303.624 302.718 301.773 301.2 300.581 300.421 300.24 300.158 300.085 300.052 300.035 300.014 300.007 300.004 300.002 300.001 300.001 300 300 300 300 300 300 300 300 300 300 300 300 300 300 300 300 300 300 300 300 300 300 300 300 300 300 300 300 300 300 300 300 300 300 300 300 300 300 300 300 300 300 300 300 300 300 300 300 300 300 300 300 300 300 300 300 300 300 300 300 300 300 300
829.257 727.024 679.027 601.896 601.896 598.552 592.246 589.048 589.048 587.041 585.884 584.882 584.548 584.06 584.06 583.887 583.807 583.788 583.766 583.76 583.746 583.744 583.74 583.738 583.737 583.735 583.734 583.734 583.734 583.734 583.734 583.734 583.734 583.734 583.734 583.734 583.734 583.734 583.734 583.734 583.734 583.734 583.734 583.734 583.734 583.734 583.734 583.734 583.734 583.734 583.734 583.734 583.734 583.734 583.734 583.734 583.734 583.734 583.734 583.734 583.734 583.734 583.734 583.734 583.734 583.734 583.734 583.734 583.734 583.734 583.734 583.734 583.734 583.734 583.734 583.734 583.734 583.734 583.734 583.734 583.734 583.734 583.734 583.734 583.734 583.734 583.734 583.734 583.734 583.734 583.734 583.734 583.734 583.734 583.734 583.734
999.66 760.396 678.295 625.231 622.899 616.217 603.149 591.12 591.12 591.12 589.679 588.288 587.444 587.354 585.302 585.007 584.247 583.95 583.95 583.929 583.845 583.829 583.8 583.778 583.761 583.753 583.753 583.747 583.746 583.746 583.746 583.745 583.745 583.745 583.745 583.745 583.745 583.745 583.745 583.745 583.745 583.745 583.745 583.745 583.745 583.745 583.745 583.745 583.745 583.745 583.745 583.745 583.745 583.745 583.745 583.745 583.745 583.745 583.745 583.745 583.745 583.745 583.745 583.745 583.745 583.745 583.745 583.745 583.745 583.745 583.745 583.745 583.745 583.745 583.745 583.745 583.745 583.745 583.745 583.745 583.745 583.745 583.745 583.745 583.745 583.745 583.745 583.745 583.745 583.745 583.745 583.745 583.745 583.745 583.745 583.745
703.901 665.65 521.51 457.321 444.689 422.618 388.152 376.395 373.76 363.876 329.054 329.054 323.404 315.991 309.382 308.376 304.307 302.977 302.233 301.187 300.754 300.563 300.324 300.174 300.112 300.045 300.034 300.015 300.007 300.004 300.002 300.001 300.001 300 300 300 300 300 300 300 300 300 300 300 300 300 300 300 300 300 300 300 300 300 300 300 300 300 300 300 300 300 300 300 300 300 300 300 300 300 300 300 300 300 300 300 300 300 300 300 300 300 300 300 300 300 300 300 300 300 300 300 300 300 300 300
954.929 729.722 645.074 607.234 599.894 598.203 595.317 587.909 587.118 586.716 584.842 584.842 584.397 584.279 583.958 583.904 583.84 583.793 583.757 583.757 583.749 583.744 583.744 583.74 583.738 583.737 583.737 583.735 583.735 583.734 583.734 583.734 583.734 583.734 583.734 583.734 583.734 583.734 583.734 583.734 583.734 583.734 583.734 583.734 583.734 583.734 583.734 583.734 583.734 583.734 583.734 583.734 583.734 583.734 583.734 583.734 583.734 583.734 583.734 583.734 583.734 583.734 583.734 583.734 583.734 583.734 583.734 583.734 583.734 583.734 583.734 583.734 583.734 583.734 583.734 583.734 583.734 583.734 583.734 583.734 583.734 583.734 583.734 583.734 583.734 583.734 583.734 583.734 583.734 583.734 583.734 583.734 583.734 583.734 583.734 583.734
1009.55 795.901 538.714 449.258 435.129 395.726 358.412 358.412 330.164 330.164 327.291 315.065 309.932 307.039 304.122 303.111 302.208 301.554 300.784 300.46 300.373 300.222 300.136 300.069 300.031 300.026 300.017 300.006 300.003 300.002 300.001 300.001 300 300 300 300 300 300 300 300 300 300 300 300 300 300 300 300 300 300 300 300 300 300 300 300 300 300 300 300 300 300 300 300 300 300 300 300 300 300 300 300 300 300 300 300 300 300 300 300 300 300 300 300 300 300 300 300 300 300 300 300 300 300 300 300
833.87 633.231 555.586 459.352 406.814 406.814 406.814 383.041 373.263 360.655 328.786 318.669 314.103 309.111 305.144 303.329 302.876 301.748 301.018 300.729 300.457 300.277 300.163 300.096 300.061 300.036 300.019 300.009 300.004 300.002 300.001 300.001 300.001 300 300 300 300 300 300 300 300 300 300 300 300 300 300 300 300 300 300 300 300 300 300 300 300 300 300 300 300 300 300 300 300 300 300 300 300 300 300 300 300 300 300 300 300 300 300 300 300 300 300 300 300 300 300 300 300 300 300 300 300 300 300 300
878.183 685.231 621.173 603.532 592.484 586.595 586.595 585.177 584.506 584.143 583.898 583.843 583.79 583.769 583.762 583.742 583.742 583.742 583.741 583.737 583.735 583.735 583.734 583.734 583.734 583.734 583.734 583.734 583.734 583.734 583.734 583.734 583.734 583.734 583.734 583.734 583.734 583.734 583.734 583.734 583.734 583.734 583.734 583.734 583.734 583.734 583.734 583.734 583.734 583.734 583.734 583.734 583.734 583.734 583.734 583.734 583.734 583.734 583.734 583.734 583.734 583.734 583.734 583.734 583.734 583.734 583.734 583.734 583.734 583.734 583.734 583.734 583.734 583.734 583.734 583.734 583.734 583.734 583.734 583.734 583.734 583.734 583.734 583.734 583.734 583.734 583.734 583.734 583.734 583.734 583.734 583.734 583.734 583.734 583.734 583.734
978.942 690.206 690.206 625.442 567.915 567.915 485.412 485.412 422.128 397.738 382.188 369.661 354.543 346.749 339.319 330.833 313.368 308.718 305.285 305.285 302.599 302.354 301.719 300.698 300.526 300.441 300.211 300.106 300.053 300.032 300.019 300.01 300.003 300.002 300.002 300.001 300 300 300 300 300 300 300 300 300 300 300 300 300 300 300 300 300 300 300 300 300 300 300 300 300 300 300 300 300 300 300 300 300 300 300 300 300 300 300 300 300 300 300 300 300 300 300 300 300 300 300 300 300 300 300 300 300 300 300 300
837.254 620.423 575.625 466.625 457.707 440.096 392.332 375.33 366.252 361.928 330.287 323.289 315.947 310.792 306.284 303.805 303.107 301.991 301.264 300.753 300.486 300.347 300.163 300.114 300.066 300.044 300.024 300.008 300.005 300.003 300.002 300.001 300 300 300 300 300 300 300 300 300 300 300 300 300 300 300 300 300 300 300 300 300 300 300 300 300 300 300 300 300 300 300 300 300 300 300 300 300 300 300 300 300 300 300 300 300 300 300 300 300 300 300 300 300 300 300 300 300 300 300 300 300 300 300 300
1046.84 762.184 627.633 520.206 520.206 520.206 500.153 483.647 452.098 446.341 428.994 423.368 418.296 411.103 382.202 371.351 369.46 368.291 367.761 365.833 338.873 314.16 309.84 304.797 302.385 301.136 300.938 300.286 300.157 300.109 300.053 300.032 300.021 300.011 300.005 300.003 300.002 300.001 300 300 300 300 300 300 300 300 300 300 300 300 300 300 300 300 300 300 300 300 300 300 300 300 300 300 300 300 300 300 300 300 300 300 300 300 300 300 300 300 300 300 300 300 300 300 300 300 300 300 300 300 300 300 300 300 300 300
646.123 646.123 480.572 468.392 459.767 408.258 408.258 396.979 388.736 382.447 377.076 375.446 368.545 366.361 340.211 328.298 318.451 314.206 308.488 306.058 302.967 301.885 300.788 300.749 300.453 300.246 300.159 300.063 300.038 300.023 300.011 300.007 300.003 300.001 300.001 300.001 300 300 300 300 300 300 300 300 300 300 300 300 300 300 300 300 300 300 300 300 300 300 300 300 300 300 300 300 300 300 300 300 300 300 300 300 300 300 300 300 300 300 300 300 300 300 300 300 300 300 300 300 300 300 300 300 300 300 300 300
842.212 601.5 550.968 512.798 486.199 439.805 431.473 412.959 400.16 387.072 377.874 368.017 356.151 332.104 323.259 315.513 311.216 308.101 303.351 303.138 301.73 301.016 300.561 300.38 300.252 300.106 300.074 300.026 300.016 300.009 300.006 300.004 300.002 300.001 300.001 300 300 300 300 300 300 300 300 300 300 300 300 300 300 300 300 300 300 300 300 300 300 300 300 300 300 300 300 300 300 300 300 300 300 300 300 300 300 300 300 300 300 300 300 300 300 300 300 300 300 300 300 300 300 300 300 300 300 300 300 300
805.315 561.47 499.448 459.586 455.601 421.752 395.933 377.777 369.515 350.21 337.593 320.036 311.754 310.808 304.935 304.935 303.931 301.878 301.221 300.899 300.412 300.344 300.172 300.124 300.068 300.055 300.02 300.01 300.007 300.003 300.002 300.001 300.001 300 300 300 300 300 300 300 300 300 300 300 300 300 300 300 300 300 300 300 300 300 300 300 300 300 300 300 300 300 300 300 300 300 300 300 300 300 300 300 300 300 300 300 300 300 300 300 300 300 300 300 300 300 300 300 300 300 300 300 300 300 300 300
500.865 500.865 500.865 447.084 432.463 387.01 376.307 360.958 342.323 320.106 320.106 312.05 309.24 306.819 303.163 302.009 301.527 301.146 300.672 300.406 300.288 300.171 300.123 300.064 300.041 300.025 300.017 300.005 300.004 300.002 300.001 300.001 300 300 300 300 300 300 300 300 300 300 300 300 300 300 300 300 300 300 300 300 300 300 300 300 300 300 300 300 300 300 300 300 300 300 300 300 300 300 300 300 300 300 300 300 300 300 300 300 300 300 300 300 300 300 300 300 300 300 300 300 300 300 300 300
893.768 709.959 563.036 517.948 448.514 448.514 437.438 423.066 387.517 383.733 370.985 363.767 333.714 320.696 315.952 311.01 307.21 304.651 303.547 302.065 300.82 300.687 300.506 300.287 300.133 300.078 300.059 300.019 300.013 300.007 300.005 300.002 300.001 300.001 300 300 300 300 300 300 300 300 300 300 300 300 300 300 300 300 300 300 300 300 300 300 300 300 300 300 300 300 300 300 300 300 300 300 300 300 300 300 300 300 300 300 300 300 300 300 300 300 300 300 300 300 300 300 300 300 300 300 300 300 300 300
790.483 704.031 484.186 432.489 432.489 421.661 397.688 391.574 367.701 337.223 337.223 331.91 321.11 312.659 308.624 305.38 303.497 302.098 301.736 300.754 300.536 300.327 300.205 300.115 300.053 300.051 300.023 300.01 300.007 300.003 300.002 300.001 300.001 300 300 300 300 300 300 300 300 300 300 300 300 300 300 300 300 300 300 300 300 300 300 300 300 300 300 300 300 300 300 300 300 300 300 300 300 300 300 300 300 300 300 300 300 300 300 300 300 300 300 300 300 300 300 300 300 300 300 300 300 300 300 300
717.978 621.643 478.484 435.731 435.321 395.43 388.465 375.893 361.59 345.121 331.983 314.323 313.532 310.408 305.632 303.359 302.739 301.541 301.23 300.648 300.376 300.253 300.134 300.102 300.048 300.035 300.022 300.009 300.004 300.002 300.002 300.001 300.001 300 300 300 300 300 300 300 300 300 300 300 300 300 300 300 300 300 300 300 300 300 300 300 300 300 300 300 300 300 300 300 300 300 300 300 300 300 300 300 300 300 300 300 300 300 300 300 300 300 300 300 300 300 300 300 300 300 300 300 300 300 300 300
929.31 733.286 508.121 466.84 446.022 416.844 398.375 385.573 347.579 347.579 329.96 318.864 309.56 306.837 304.408 303.742 301.948 301.508 301.134 300.394 300.364 300.244 300.135 300.081 300.05 300.027 300.014 300.007 300.004 300.002 300.001 300.001 300 300 300 300 300 300 300 300 300 300 300 300 300 300 300 300 300 300 300 300 300 300 300 300 300 300 300 300 300 300 300 300 300 300 300 300 300 300 300 300 300 300 300 300 300 300 300 300 300 300 300 300 300 300 300 300 300 300 300 300 300 300 300 300
845.846 631.704 604.974 599.768 595.53 506.856 506.856 506.856 506.856 506.856 471.217 471.217 448.209 412.003 397.872 384.595 372.021 370.518 367.612 366.407 360.074 326.738 313.644 308.436 304.022 303.535 301.396 300.443 300.37 300.162 300.116 300.054 300.019 300.015 300.013 300.006 300.004 300.002 300.001 300 300 300 300 300 300 300 300 300 300 300 300 300 300 300 300 300 300 300 300 300 300 300 300 300 300 300 300 300 300 300 300 300 300 300 300 300 300 300 300 300 300 300 300 300 300 300 300 300 300 300 300 300 300 300 300 300
891.544 585.794 548.703 456.886 437.147 437.147 422.278 410.441 392.835 383.915 377.815 369.654 357.521 336.889 318.301 313.751 308.577 305.106 303.765 301.917 301.641 300.779 300.521 300.356 300.187 300.139 300.078 300.023 300.014 300.009 300.005 300.003 300.002 300.001 300.001 300 300 300 300 300 300 300 300 300 300 300 300 300 300 300 300 300 300 300 300 300 300 300 300 300 300 300 300 300 300 300 300 300 300 300 300 300 300 300 300 300 300 300 300 300 300 300 300 300 300 300 300 300 300 300 300 300 300 300 300 300
824.635 634.245 610.234 482.491 447.031 447.031 438.149 435.404 394.95 383.311 376.182 373.194 366.516 337.126 326.045 316.634 308.945 306.954 304.912 302.913 301.951 301.066 300.771 300.458 300.277 300.155 300.071 300.017 300.013 300.009 300.004 300.002 300.001 300.001 300 300 300 300 300 300 300 300 300 300 300 300 300 300 300 300 300 300 300 300 300 300 300 300 300 300 300 300 300 300 300 300 300 300 300 300 300 300 300 300 300 300 300 300 300 300 300 300 300 300 300 300 300 300 300 300 300 300 300 300 300 300
839.314 689.03 592.359 524.28 524.28 524.28 506.978 506.978 506.978 489.852 478.612 472.196 453.662 431.128 422.65 415.766 411.467 400.608 387.825 375.021 371.21 368.324 367.301 365.906 362.647 324.263 312.645 303.981 302.106 301.369 300.844 300.501 300.241 300.133 300.065 300.042 300.025 300.012 300.004 300.002 300.001 300 300 300 300 300 300 300 300 300 300 300 300 300 300 300 300 300 300 300 300 300 300 300 300 300 300 300 300 300 300 300 300 300 300 300 300 300 300 300 300 300 300 300 300 300 300 300 300 300 300 300 300 300 300 300
791.937 719.845 598.737 469.916 468.694 441.47 441.47 416.229 411.275 371.609 354.454 342.715 329.618 312.836 312.836 306.925 303.807 303.511 302.417 300.905 300.905 300.479 300.227 300.194 300.113 300.087 300.04 300.013 300.009 300.006 300.003 300.001 300.001 300 300 300 300 300 300 300 300 300 300 300 300 300 300 300 300 300 300 300 300 300 300 300 300 300 300 300 300 300 300 300 300 300 300 300 300 300 300 300 300 300 300 300 300 300 300 300 300 300 300 300 300 300 300 300 300 300 300 300 300 300 300 300
850.434 762.099 664.79 624.125 613.728 606.732 598.984 589.349 587.299 585.803 585.096 584.546 584.192 584.093 583.914 583.914 583.847 583.786 583.772 583.76 583.752 583.748 583.747 583.746 583.746 583.745 583.745 583.745 583.745 583.745 583.745 583.745 583.745 583.745 583.745 583.745 583.745 583.745 583.745 583.745 583.745 583.745 583.745 583.745 583.745 583.745 583.745 583.745 583.745 583.745 583.745 583.745 583.745 583.745 583.745 583.745 583.745 583.745 583.745 583.745 583.745 583.745 583.745 583.745 583.745 583.745 583.745 583.745 583.745 583.745 583.745 583.745 583.745 583.745 583.745 583.745 583.745 583.745 583.745 583.745 583.745 583.745 583.745 583.745 583.745 583.745 583.745 583.745 583.745 583.745 583.745 583.745 583.745 583.745 583.745 583.745
754.729 645.458 632.852 457.325 443.399 443.067 422.427 402.458 390.943 382.265 371.082 367.455 359.473 329.453 323.867 313.041 309.814 303.316 303.316 301.741 301.463 300.938 300.588 300.357 300.19 300.142 300.081 300.029 300.013 300.006 300.005 300.002 300.001 300.001 300.001 300 300 300 300 300 300 300 300 300 300 300 300 300 300 300 300 300 300 300 300 300 300 300 300 300 300 300 300 300 300 300 300 300 300 300 300 300 300 300 300 300 300 300 300 300 300 300 300 300 300 300 300 300 300 300 300 300 300 300 300 300
706.344 634.744 558.382 474.103 447.915 429.918 404.451 404.451 390.213 382.414 375.265 368.402 354.264 327.618 324.742 313.221 311.151 304.369 303.11 302.402 301.248 301.006 300.576 300.387 300.209 300.123 300.074 300.026 300.014 300.008 300.006 300.003 300.002 300.001 300 300 300 300 300 300 300 300 300 300 300 300 300 300 300 300 300 300 300 300 300 300 300 300 300 300 300 300 300 300 300 300 300 300 300 300 300 300 300 300 300 300 300 300 300 300 300 300 300 300 300 300 300 300 300 300 300 300 300 300 300 300
718.832 638.803 500.021 417.525 410.401 394.593 382.492 370.113 364.658 351.809 323.75 318.748 313.1 309.044 306.647 304.943 302.522 301.671 301.255 300.686 300.382 300.147 300.147 300.104 300.07 300.036 300.021 300.007 300.005 300.002 300.002 300.001 300.001 300 300 300 300 300 300 300 300 300 300 300 300 300 300 300 300 300 300 300 300 300 300 300 300 300 300 300 300 300 300 300 300 300 300 300 300 300 300 300 300 300 300 300 300 300 300 300 300 300 300 300 300 300 300 300 300 300 300 300 300 300 300 300
971.518 600.382 499.13 455.355 397.467 397.467 370.376 356.966 347.77 331.929 325.54 313.092 310.28 306.555 304.899 303.126 301.775 301.329 300.995 300.493 300.298 300.177 300.11 300.053 300.033 300.022 300.015 300.004 300.003 300.002 300.001 300.001 300 300 300 300 300 300 300 300 300 300 300 300 300 300 300 300 300 300 300 300 300 300 300 300 300 300 300 300 300 300 300 300 300 300 300 300 300 300 300 300 300 300 300 300 300 300 300 300 300 300 300 300 300 300 300 300 300 300 300 300 300 300 300 300
826.344 550.894 528.416 428.886 428.886 382.69 382.69 370.357 357.639 337.373 321.598 314.194 310.558 306.717 304.068 301.675 301.675 301.421 300.725 300.409 300.312 300.178 300.096 300.071 300.046 300.021 300.019 300.006 300.004 300.002 300.001 300.001 300 300 300 300 300 300 300 300 300 300 300 300 300 300 300 300 300 300 300 300 300 300 300 300 300 300 300 300 300 300 300 300 300 300 300 300 300 300 300 300 300 300 300 300 300 300 300 300 300 300 300 300 300 300 300 300 300 300 300 300 300 300 300 300
734.543 679.137 656.218 597.865 594.737 594.737 594.737 586.729 555.146 531.75 531.75 504.623 504.623 474.335 465.813 462.485 455.407 438.058 430.739 424.962 422.457 420.093 417.564 416.396 416.169 415.931 415.772 415.736 415.736 415.732 415.729 415.728 415.728 415.728 415.728 415.728 415.728 415.728 415.728 415.728 415.728 415.728 415.728 415.728 415.728 415.728 415.728 415.728 415.728 415.728 415.728 415.728 415.728 415.728 415.728 415.728 415.728 415.728 415.728 415.728 415.728 415.728 415.728 415.728 415.728 415.728 415.728 415.728 415.728 415.728 415.728 415.728 415.728 415.728 415.728 415.728 415.728 415.728 415.728 415.728 415.728 415.728 415.728 415.728 415.728 415.728 415.728 415.728 415.728 415.728 415.728 415.728 415.728 415.728 415.728 415.728
916.486 589.409 508.353 459.937 420.756 396.155 396.155 374.004 371.825 356.283 324.673 324.283 318.679 312.527 307.968 304.397 303.251 301.463 301.262 300.892 300.526 300.351 300.256 300.171 300.084 300.054 300.029 300.009 300.006 300.004 300.002 300.002 300.001 300 300 300 300 300 300 300 300 300 300 300 300 300 300 300 300 300 300 300 300 300 300 300 300 300 300 300 300 300 300 300 300 300 300 300 300 300 300 300 300 300 300 300 300 300 300 300 300 300 300 300 300 300 300 300 300 300 300 300 300 300 300 300
836.445 588.043 555.672 477.793 440.755 440.755 392.306 380.433 377.524 372.288 366.793 342.095 330.58 320.653 314.823 309.42 306.961 303.769 303.231 301.664 301.003 300.586 300.335 300.196 300.137 300.071 300.046 300.018 300.01 300.005 300.003 300.002 300.001 300.001 300 300 300 300 300 300 300 300 300 300 300 300 300 300 300 300 300 300 300 300 300 300 300 300 300 300 300 300 300 300 300 300 300 300 300 300 300 300 300 300 300 300 300 300 300 300 300 300 300 300 300 300 300 300 300 300 300 300 300 300 300 300
805.043 718.637 548.832 436.909 430.983 406.289 400.748 386.292 359.176 354.056 338.394 320.178 317.623 310.421 307.242 303.817 302.081 301.155 301.155 300.663 300.314 300.296 300.128 300.098 300.069 300.041 300.019 300.006 300.005 300.002 300.002 300.001 300.001 300 300 300 300 300 300 300 300 300 300 300 300 300 300 300 300 300 300 300 300 300 300 300 300 300 300 300 300 300 300 300 300 300 300 300 300 300 300 300 300 300 300 300 300 300 300 300 300 300 300 300 300 300 300 300 300 300 300 300 300 300 300 300
932.8 688.304 656.235 630.867 597.421 506.925 506.925 500.305 500.305 490.301 490.301 490.301 490.301 490.301 490.301 490.301 490.301 490.301 490.301 490.301 490.301 487.319 487.319 487.319 487.319 487.319 487.319 487.319 487.319 487.319 487.319 485.647 472.932 472.932 472.286 472.286 438.708 433.091 422.1 403.543 377.364 369.666 368.185 365.56 327.578 308.395 303.091 301.098 300.51 300.182 300.049 300.014 300.007 300.002 300 300 300 300 300 300 300 300 300 300 300 300 300 300 300 300 300 300 300 300 300 300 300 300 300 300 300 300 300 300 300 300 300 300 300 300 300 300 300 300 300 300
792.971 551.683 499.342 488.316 455.054 404.997 382.043 382.043 374.316 354.908 343.796 326.09 315.355 313.397 309.407 304.697 304.07 302.898 301.533 301.19 300.667 300.431 300.235 300.167 300.116 300.069 300.028 300.015 300.007 300.004 300.003 300.001 300.001 300.001 300 300 300 300 300 300 300 300 300 300 300 300 300 300 300 300 300 300 300 300 300 300 300 300 300 300 300 300 300 300 300 300 300 300 300 300 300 300 300 300 300 300 300 300 300 300 300 300 300 300 300 300 300 300 300 300 300 300 300 300 300 300
923.223 695.729 658.144 606.56 597.264 594.797 592.844 587.536 586.784 585.075 584.375 584.191 583.947 583.841 583.799 583.774 583.761 583.748 583.747 583.743 583.742 583.742 583.74 583.738 583.738 583.737 583.736 583.735 583.735 583.735 583.734 583.734 583.734 583.734 583.734 583.734 583.734 583.734 583.734 583.734 583.734 583.734 583.734 583.734 583.734 583.734 583.734 583.734 583.734 583.734 583.734 583.734 583.734 583.734 583.734 583.734 583.734 583.734 583.734 583.734 583.734 583.734 583.734 583.734 583.734 583.734 583.734 583.734 583.734 583.734 583.734 583.734 583.734 583.734 583.734 583.734 583.734 583.734 583.734 583.734 583.734 583.734 583.734 583.734 583.734 583.734 583.734 583.734 583.734 583.734 583.734 583.734 583.734 583.734 583.734 583.734
