2816.23 1829.57 1309.4 783.7 664.212 616.802 591.369 554.575 527.915 504.347 483.87 463.53 458.125 444.547 438.074 432.555 426.441 424.05 422.498 420.07 417.888 409.267 405.029 403.84 403.067 401.979 399.619 383.774 363.105 356.209 353.327 352.524 351.85 351.348 351.238 350.746 348.322 339.683 331.745 310.135 303.389 301.412 300.563 300.208 300.102 300.039 300.014 300.005 300.003 300.001 300 300 300 300 300 300 300 300 300 300 300 300 300 300 300 300 300 300 300 300 300 300 300 300 300 300 300 300 300 300 300 300 300 300 300 300 300 300 300 300 300 300 300 300 300
3540.18 1981.39 1107.69 740.934 679.899 624.866 582.365 539.341 513.565 508.282 496.684 476.792 462.587 447.623 428.204 420.788 419.291 415.607 410.142 407.138 403.977 400.196 398.48 395.724 392.318 388.819 373.495 329.591 314.075 306.903 304.985 302.758 301.488 300.904 300.485 300.301 300.166 300.091 300.061 300.011 300.005 300.002 300.001 300 300 300 300 300 300 300 300 300 300 300 300 300 300 300 300 300 300 300 300 300 300 300 300 300 300 300 300 300 300 300 300 300 300 300 300 300 300 300 300 300 300 300 300 300 300 300 300 300 300 300 300
2746.14 2125.85 1409.61 678.933 673.163 594.967 559.638 524.357 521.872 507.271 490.01 477.01 469.691 444.537 427.65 423.88 420.652 416.107 412.309 407.526 404.512 401.781 398.436 395.84 394.645 393.15 389.834 384.711 349.416 316.482 308.328 304.37 302.688 301.555 300.889 300.384 300.33 300.175 300.117 300.023 300.01 300.005 300.002 300.001 300 300 300 300 300 300 300 300 300 300 300 300 300 300 300 300 300 300 300 300 300 300 300 300 300 300 300 300 300 300 300 300 300 300 300 300 300 300 300 300 300 300 300 300 300 300 300 300 300 300 300
3913.86 1462.49 1172.99 716.092 688.23 616.799 596.936 538.067 525.803 494.04 470.672 456.738 449.699 436.013 430.209 428.568 425.054 423.139 421.301 419.91 419.269 418.594 418.199 417.342 414.558 394.836 367.599 356.796 354.327 353.242 352.137 351.599 351.473 351.229 350.688 347.435 335.512 328.736 319.325 302.075 301.211 300.563 300.213 300.1 300.042 300.021 300.008 300.003 300.001 300.001 300 300 300 300 300 300 300 300 300 300 300 300 300 300 300 300 300 300 300 300 300 300 300 300 300 300 300 300 300 300 300 300 300 300 300 300 300 300 300 300 300 300 300 300 300
3342.16 2388.78 1367.26 745.518 675.032 638.028 543.837 543.837 524.799 506.58 487.902 478.977 466.185 444.905 433.987 426.099 423.517 419.288 415.994 410.415 408.505 404.411 400.068 397.617 394.237 389.961 383.755 336.892 317.008 310.505 304.949 303.187 301.888 300.91 300.617 300.314 300.22 300.142 300.091 300.015 300.008 300.003 300.001 300.001 300 300 300 300 300 300 300 300 300 300 300 300 300 300 300 300 300 300 300 300 300 300 300 300 300 300 300 300 300 300 300 300 300 300 300 300 300 300 300 300 300 300 300 300 300 300 300 300 300 300 300
3665.66 2195.58 1440.93 788.375 701.957 617.746 570.012 540.674 520.511 498.887 470.827 454.911 442.865 441.446 434.966 428.378 424.872 423.982 422.012 420.271 418.378 412.54 406.519 403.815 403.08 402.038 401.844 401.66 401.523 401.464 401.436 401.295 400.597 398.91 397.687 395.832 394.586 393.29 392.083 391.069 390.79 390.419 381.338 354.237 315.255 306.1 302.421 300.69 300.297 300.122 300.043 300.019 300.008 300.003 300 300 300 300 300 300 300 300 300 300 300 300 300 300 300 300 300 300 300 300 300 300 300 300 300 300 300 300 300 300 300 300 300 300 300 300 300 300 300 300 300
3586.06 1947.49 1300.5 791.81 723.425 619.51 605.13 571.254 530.525 515.386 493.238 485.585 469.31 446.272 435.517 430.493 420.918 419.635 415.206 411.637 406.538 404.344 401.477 399.197 397.138 395.472 394.345 393.012 390.983 388.011 374.692 339.36 317.624 311.015 306.378 303.264 301.921 300.993 300.633 300.074 300.05 300.023 300.009 300.004 300.002 300.001 300 300 300 300 300 300 300 300 300 300 300 300 300 300 300 300 300 300 300 300 300 300 300 300 300 300 300 300 300 300 300 300 300 300 300 300 300 300 300 300 300 300 300 300 300 300 300 300 300
3815.62 2052.14 1346.75 734.557 645.922 622.882 577.36 552.254 530.406 509.946 496.842 481.432 464.775 457.719 450.387 440.021 434.353 428.4 425.746 422.692 420.909 419.702 418.948 417.737 416.568 412.817 397.177 367.333 357.056 354.022 352.486 351.983 351.567 351.271 350.624 346.303 336.745 327.724 315.502 302.45 301.099 300.408 300.197 300.071 300.03 300.013 300.005 300.002 300.001 300 300 300 300 300 300 300 300 300 300 300 300 300 300 300 300 300 300 300 300 300 300 300 300 300 300 300 300 300 300 300 300 300 300 300 300 300 300 300 300 300 300 300 300 300 300
2474.9 2117.67 1379.83 768.778 721.072 638.477 588.013 561.045 542.427 516.145 505.138 479.139 475.666 462.256 450.089 441.908 432.659 429.533 426.545 422.214 421.403 419.886 418.835 417.462 412.126 407.267 400.845 375.621 360.772 355.66 353.537 352.03 351.339 350.761 348.593 339.85 331.13 323.797 316.321 302.598 300.923 300.414 300.197 300.084 300.034 300.014 300.005 300.002 300.001 300 300 300 300 300 300 300 300 300 300 300 300 300 300 300 300 300 300 300 300 300 300 300 300 300 300 300 300 300 300 300 300 300 300 300 300 300 300 300 300 300 300 300 300 300 300
3793.75 2256.25 1303.52 767.702 665.935 590.664 569.822 568.581 527.323 508.706 488.111 457.339 439.715 432.917 426.341 422.649 420.655 416.209 412.686 408.957 406.125 404.146 401.392 398.905 397.714 395.912 394.578 393.505 392.568 391.634 391.041 390.643 387.24 375.222 338.582 314.912 308.062 305.454 302.284 300.5 300.182 300.079 300.03 300.011 300.005 300.002 300.001 300 300 300 300 300 300 300 300 300 300 300 300 300 300 300 300 300 300 300 300 300 300 300 300 300 300 300 300 300 300 300 300 300 300 300 300 300 300 300 300 300 300 300 300 300 300 300 300
3693.74 1830.8 1284.63 840.883 676.905 621.689 567.945 538.76 503.062 480.426 470.902 453.989 440.435 438.641 431.899 427.156 426.146 422.189 421.992 420.337 418.252 415.299 408.856 404.063 401.752 400.007 386.742 361.223 355.338 353.897 352.651 351.971 351.667 351.376 350.925 349.187 342.876 333.766 322.929 303.381 301.35 300.529 300.232 300.08 300.039 300.013 300.007 300.002 300.001 300 300 300 300 300 300 300 300 300 300 300 300 300 300 300 300 300 300 300 300 300 300 300 300 300 300 300 300 300 300 300 300 300 300 300 300 300 300 300 300 300 300 300 300 300 300
2646.64 2363.42 1231.24 699.096 698.339 608.014 585.246 564.723 521.73 504.681 492.645 484.445 463.006 455.28 445.372 435.548 430.585 426.967 424.544 422.578 421.3 420.675 419.428 418.34 417.227 414.37 399.53 372.495 360.607 355.152 353.662 352.477 352.006 351.749 351.639 351.543 351.466 350.926 348.517 332.67 321.912 308.464 302.969 301.384 300.553 300.228 300.093 300.037 300.015 300.006 300.002 300.001 300 300 300 300 300 300 300 300 300 300 300 300 300 300 300 300 300 300 300 300 300 300 300 300 300 300 300 300 300 300 300 300 300 300 300 300 300 300 300 300 300 300 300
3842.83 2105.92 1502.7 776.921 635.402 635.402 574.441 526.443 518.934 496.568 473.52 454.346 445.07 437.095 432.007 427.763 424.633 423.906 422.077 420.654 419.309 418.15 416.664 412.126 405.779 402.914 401.756 400.213 397.865 378.853 363.399 356.02 353.42 351.955 351.529 350.952 348.644 338.199 329.27 311.586 304.407 301.597 300.619 300.265 300.106 300.039 300.016 300.006 300.003 300.001 300 300 300 300 300 300 300 300 300 300 300 300 300 300 300 300 300 300 300 300 300 300 300 300 300 300 300 300 300 300 300 300 300 300 300 300 300 300 300 300 300 300 300 300 300
3686.4 1823.08 1338.59 746.131 634.507 606.853 596.631 549.485 535.194 500.376 492.487 473.163 460.138 449.662 436.836 427.414 427.414 424.363 423.017 420.524 419.669 418.135 415.379 407.658 402.867 400.133 391.6 366.55 357.315 353.298 352.205 351.594 351.107 350.344 344.931 329.603 324.239 310.591 305.294 300.912 300.393 300.168 300.076 300.03 300.014 300.005 300.002 300.001 300 300 300 300 300 300 300 300 300 300 300 300 300 300 300 300 300 300 300 300 300 300 300 300 300 300 300 300 300 300 300 300 300 300 300 300 300 300 300 300 300 300 300 300 300 300 300
3734.12 1693.37 1145.17 816.645 709.711 679.006 619 565.282 523.015 515.649 503.426 478.245 465.415 454.938 443.948 435.77 431.755 426.599 423.759 421.938 420.212 417.08 411.024 405.32 403.321 402.61 402.154 401.724 401.551 401.515 401.424 401.223 400.066 398.788 397.435 395.824 394.337 392.835 391.91 390.972 390.667 386.418 366.96 322.888 306.658 302.658 300.842 300.328 300.12 300.045 300.017 300.005 300.002 300.001 300 300 300 300 300 300 300 300 300 300 300 300 300 300 300 300 300 300 300 300 300 300 300 300 300 300 300 300 300 300 300 300 300 300 300 300 300 300 300 300 300
3485.5 2052.67 1313.61 697.781 662.808 594.055 560.653 531.859 495.324 470.295 457.639 452.264 438.976 433.342 429.287 426.166 424.144 422.119 420.843 417.285 412.105 406.774 403.78 403.034 402.256 401.759 401.549 401.474 401.369 401.195 400.545 398.926 397.537 395.876 394.517 393.013 391.984 391.331 391.042 390.026 384.11 355.352 317.892 307.056 302.665 300.979 300.286 300.133 300.059 300.021 300.008 300.003 300.001 300 300 300 300 300 300 300 300 300 300 300 300 300 300 300 300 300 300 300 300 300 300 300 300 300 300 300 300 300 300 300 300 300 300 300 300 300 300 300 300 300 300
3177.91 1749.22 1088.14 732.231 689.94 627.723 596.976 550.577 509.455 485.347 468.004 460.61 448.838 441.385 433.082 428.55 422.853 422.2 419.256 409.687 406.546 404.439 402.636 402.346 401.807 401.585 401.459 401.364 401.236 400.772 399.402 397.695 396.186 394.882 393.638 392.904 392.493 392.137 391.884 390.865 390.52 384.496 353.632 317.391 307.669 303.063 301.085 300.381 300.126 300.054 300.021 300.008 300.003 300.001 300 300 300 300 300 300 300 300 300 300 300 300 300 300 300 300 300 300 300 300 300 300 300 300 300 300 300 300 300 300 300 300 300 300 300 300 300 300 300 300 300
3834.06 2090.96 1468.79 789.832 693.026 612.929 612.929 573.271 545.594 518.575 509.071 492.641 460.821 457.639 454.861 445.4 433.322 430.895 421.929 418.332 411.989 408.585 405.391 401.723 399.036 397.166 395.564 393.924 391.565 388.33 372.685 330.516 312.97 307.9 303.701 302.838 301.494 300.798 300.396 300.077 300.035 300.015 300.008 300.003 300.001 300 300 300 300 300 300 300 300 300 300 300 300 300 300 300 300 300 300 300 300 300 300 300 300 300 300 300 300 300 300 300 300 300 300 300 300 300 300 300 300 300 300 300 300 300 300 300 300 300 300
4022.01 2130.22 1241.27 729.518 651.557 632.801 585.055 568.805 534.75 496.403 487.563 467.459 458.43 444.374 436.949 431.473 425.95 424.039 422.187 420.447 419.505 417.843 413.858 406.541 403.309 402.207 401.551 401.236 401.048 400.912 400.912 400.891 400.868 400.84 400.701 400.126 399.215 397.641 396.064 390.805 387.176 364.866 325.853 307.102 302.68 300.941 300.392 300.136 300.058 300.023 300.008 300.003 300.001 300 300 300 300 300 300 300 300 300 300 300 300 300 300 300 300 300 300 300 300 300 300 300 300 300 300 300 300 300 300 300 300 300 300 300 300 300 300 300 300 300 300
3064.21 1705.62 1351.07 783.276 657.598 624.924 595.684 554.336 511.643 500.096 487.939 471.183 463.946 445.446 441.072 433.586 429.155 426.39 422.996 421.591 420.569 419.56 418.548 417.859 417.012 414.383 407.671 403.576 396.826 371.667 358.992 353.444 352.742 352.02 351.527 351.295 351.017 349.868 344.978 324.83 310.481 304.326 301.733 300.579 300.275 300.107 300.048 300.023 300.01 300.004 300.001 300 300 300 300 300 300 300 300 300 300 300 300 300 300 300 300 300 300 300 300 300 300 300 300 300 300 300 300 300 300 300 300 300 300 300 300 300 300 300 300 300 300 300 300
3623.59 2375.94 1181.65 820.494 673.98 631.468 594.252 499.114 499.114 490.548 470.174 462.902 445.465 439.417 436.942 430.631 427.591 424.612 423.191 421.031 419.561 417.557 415.007 409.269 405.219 402.85 401.781 401.314 401.096 401.011 400.934 400.908 400.87 400.832 400.588 399.557 398.248 396.317 394.532 386.481 371.07 331.698 311.592 303.916 301.673 300.629 300.162 300.079 300.031 300.013 300.005 300.002 300.001 300 300 300 300 300 300 300 300 300 300 300 300 300 300 300 300 300 300 300 300 300 300 300 300 300 300 300 300 300 300 300 300 300 300 300 300 300 300 300 300 300 300
4004.1 2010.18 1157.82 801.11 657.64 619.867 584.63 538.939 511.919 491.239 468.865 464.403 449.153 436.719 431.486 426.34 424.867 422.602 420.729 419.639 417.707 397.015 384.97 376.114 372.415 369.353 357.131 354.235 352.711 352.097 351.669 351.612 351.483 351.352 350.747 346.86 337.801 330.809 322.347 303.349 301.475 300.608 300.262 300.1 300.043 300.016 300.007 300.003 300.001 300 300 300 300 300 300 300 300 300 300 300 300 300 300 300 300 300 300 300 300 300 300 300 300 300 300 300 300 300 300 300 300 300 300 300 300 300 300 300 300 300 300 300 300 300 300
2404.49 2404.49 1325.87 828.216 640.614 640.614 618.931 563.565 513.49 510.957 502.862 484.909 471.559 455.339 438.994 431.528 429.392 426.007 424.076 421.751 420.812 419.532 418.2 413.939 405.904 404.065 402.172 401.489 401.191 401.026 400.968 400.907 400.876 400.836 400.662 399.991 398.214 396.511 394.613 389.481 380.248 339.114 316.369 307.137 302.811 301.004 300.426 300.15 300.056 300.024 300.009 300.004 300.001 300.001 300 300 300 300 300 300 300 300 300 300 300 300 300 300 300 300 300 300 300 300 300 300 300 300 300 300 300 300 300 300 300 300 300 300 300 300 300 300 300 300 300
3502.17 2199.38 1163.83 709.932 672.391 632.257 592.033 537.458 517.723 506.159 488.21 477.043 464.436 454.65 445.498 440.787 435.59 431.583 427.568 423.872 421.826 421.092 420.295 419.13 418.043 415.439 411.492 406.511 403.473 402.303 402.036 401.705 401.573 401.511 401.485 401.462 401.437 401.315 400.687 396.188 394.33 393.232 392.537 392.221 391.721 391.097 390.719 386.587 362.286 315.626 306.652 301.631 300.518 300.164 300.024 300.008 300.003 300.001 300 300 300 300 300 300 300 300 300 300 300 300 300 300 300 300 300 300 300 300 300 300 300 300 300 300 300 300 300 300 300 300 300 300 300 300 300
3998.97 2634.21 1284.28 766.816 703.966 627.736 588.986 544.29 535.161 502.268 473.717 462.332 453.479 438.68 435.547 432.144 425.629 418.128 413.741 408.912 407.305 405.036 403.638 402.719 401.604 399.813 397.331 395.244 393.812 392.832 391.828 391.221 390.926 390.595 387.666 382.589 354.499 320.835 309.694 301.756 300.693 300.287 300.124 300.047 300.022 300.009 300.004 300.001 300.001 300 300 300 300 300 300 300 300 300 300 300 300 300 300 300 300 300 300 300 300 300 300 300 300 300 300 300 300 300 300 300 300 300 300 300 300 300 300 300 300 300 300 300 300 300 300
4492.61 1690.45 1241.59 793.506 701.757 633.551 595.409 526.497 526.497 506.011 488.979 472.953 453.975 443.021 428.981 422.882 421.095 417.905 415.554 411.254 406.394 402.345 397.219 394.385 391.257 385.22 358.121 321.862 313.871 306.99 303.709 302.288 301.376 300.634 300.477 300.301 300.153 300.105 300.046 300.011 300.005 300.002 300.001 300 300 300 300 300 300 300 300 300 300 300 300 300 300 300 300 300 300 300 300 300 300 300 300 300 300 300 300 300 300 300 300 300 300 300 300 300 300 300 300 300 300 300 300 300 300 300 300 300 300 300 300
2740.96 1923.01 1422.25 716.777 674.531 627.386 576.952 518.934 518.934 487.098 481.718 471.294 439.023 431.1 426.579 421.904 418.912 414.763 411.504 406.075 402.576 398.786 396.033 393.033 390.493 385.006 365.97 334.072 317.64 309.217 305.708 302.779 301.94 300.939 300.566 300.356 300.204 300.132 300.075 300.016 300.007 300.003 300.001 300 300 300 300 300 300 300 300 300 300 300 300 300 300 300 300 300 300 300 300 300 300 300 300 300 300 300 300 300 300 300 300 300 300 300 300 300 300 300 300 300 300 300 300 300 300 300 300 300 300 300 300
3199.14 1942.76 1233.13 730.019 705.948 631.303 594.022 552.822 524.681 505.977 484.192 479.84 459.336 430.345 428.234 421.589 419.553 415.575 412.971 406.694 404.422 401.588 400.403 397.55 393.622 391.089 387.475 366.602 330.408 315.249 308.544 305.157 302.95 301.63 300.949 300.529 300.33 300.169 300.089 300.021 300.012 300.005 300.002 300.001 300 300 300 300 300 300 300 300 300 300 300 300 300 300 300 300 300 300 300 300 300 300 300 300 300 300 300 300 300 300 300 300 300 300 300 300 300 300 300 300 300 300 300 300 300 300 300 300 300 300 300
3457.31 1842.65 1187.13 775.146 669.272 649.017 582.779 573.734 545.377 534.849 505.718 486.459 466.928 445.417 436.007 425.086 415.801 409.865 405.975 402.199 400.773 397.763 395.738 392.61 389.199 386.953 361.602 333.686 314.983 308.161 305.268 303.035 301.767 301.022 300.537 300.338 300.221 300.125 300.074 300.014 300.007 300.003 300.001 300 300 300 300 300 300 300 300 300 300 300 300 300 300 300 300 300 300 300 300 300 300 300 300 300 300 300 300 300 300 300 300 300 300 300 300 300 300 300 300 300 300 300 300 300 300 300 300 300 300 300 300
4408.4 2019.55 1493.1 826.129 688.189 641.088 603.645 557.593 522.482 497.647 483.512 464.524 446.503 442.801 436.052 430.605 427.417 424.997 422.685 421.037 419.631 418.419 415.695 409.172 404.19 402.444 401.647 401.254 401.091 400.989 400.923 400.883 400.859 400.839 400.763 400.521 399.693 398.445 397.075 392.979 383.778 357.411 316.099 307.16 301.498 300.803 300.36 300.124 300.042 300.022 300.009 300.003 300.001 300 300 300 300 300 300 300 300 300 300 300 300 300 300 300 300 300 300 300 300 300 300 300 300 300 300 300 300 300 300 300 300 300 300 300 300 300 300 300 300 300 300
3658.14 2107.91 1263.71 820.4 703.268 664.961 576.431 561.039 545.829 511.285 495.665 481.988 476.015 463.542 451.021 438.938 435.779 429.935 426.204 423.95 422.098 420.614 419.695 418.468 409.863 382.822 375.914 373.463 369.872 359.671 354.749 353.023 352.111 351.774 351.612 351.514 351.37 350.602 347.138 326.779 315.729 306.315 302.589 301.179 300.423 300.176 300.068 300.023 300.011 300.005 300.002 300.001 300 300 300 300 300 300 300 300 300 300 300 300 300 300 300 300 300 300 300 300 300 300 300 300 300 300 300 300 300 300 300 300 300 300 300 300 300 300 300 300 300 300 300
3089.4 2414.39 1282.94 774.676 669.85 616.909 598.731 523.921 514.607 507.997 493.82 489.508 478.472 460.195 439.256 427.133 423.728 419.267 415.124 411.113 407.733 405.266 403.465 401.563 398.796 394.235 392.049 388.524 370.774 334.919 312.867 307.95 305.106 302.498 301.703 300.822 300.458 300.299 300.16 300.034 300.017 300.007 300.003 300.001 300.001 300 300 300 300 300 300 300 300 300 300 300 300 300 300 300 300 300 300 300 300 300 300 300 300 300 300 300 300 300 300 300 300 300 300 300 300 300 300 300 300 300 300 300 300 300 300 300 300 300 300
4352.23 2232.5 1364.56 782.893 689.124 590.031 586.267 548.949 509.733 497.612 480.95 466.16 455.056 449.413 440.366 429.886 429.08 423.676 422.55 418.402 409.707 406.138 405.199 403.751 402.726 401.862 401.733 401.523 401.373 401.079 399.608 397.699 396.098 395.066 393.529 392.799 392.404 391.96 391.779 390.924 389.797 380.749 343.994 318.379 306.899 302.096 300.701 300.303 300.103 300.044 300.016 300.006 300.002 300.001 300 300 300 300 300 300 300 300 300 300 300 300 300 300 300 300 300 300 300 300 300 300 300 300 300 300 300 300 300 300 300 300 300 300 300 300 300 300 300 300 300
3058.44 2416.12 1582.93 926.158 767.33 662.936 586.996 571.512 550.649 525.398 506.114 485.718 469.805 460.286 449.14 444.006 442.2 438.562 435.766 433.181 430.171 429.612 427.648 426.067 424.817 423.167 420.191 416.728 415.196 414.762 414.359 414.156 414.105 414.038 414.011 413.997 413.985 413.978 413.976 413.975 413.975 413.975 413.975 413.975 413.975 413.975 413.975 413.975 413.975 413.975 413.975 413.975 413.975 413.975 413.975 413.975 413.975 413.975 413.975 413.975 413.975 413.975 413.975 413.975 413.975 413.975 413.975 413.975 413.975 413.975 413.975 413.975 413.975 413.975 413.975 413.975 413.975 413.975 413.975 413.975 413.975 413.975 413.975 413.975 413.975 413.975 413.975 413.975 413.975 413.975 413.975 413.975 413.975 413.975 413.975
3602.68 2493.47 1193.63 757.599 719.946 643.794 596.278 568.265 542.055 504.129 504.129 494.162 472.933 449.001 437.069 432.382 426.963 421.348 415.672 414.413 410.107 406.487 398.471 396.722 394.454 391.853 386.554 376.986 333.796 316.971 310.397 304.839 302.661 301.905 301.017 300.662 300.316 300.213 300.123 300.023 300.012 300.005 300.002 300.001 300 300 300 300 300 300 300 300 300 300 300 300 300 300 300 300 300 300 300 300 300 300 300 300 300 300 300 300 300 300 300 300 300 300 300 300 300 300 300 300 300 300 300 300 300 300 300 300 300 300 300
4221.8 1776.43 1333.59 758.264 681.723 614.582 602.129 537.646 537.646 525.879 508.315 492.171 467.096 441.785 435.041 426.798 423.158 418.162 413.815 409.735 405.665 403.472 401.377 398.45 395.379 392.747 389.404 382.304 348.075 318.455 310.941 305.123 303.612 301.927 301.073 300.669 300.408 300.222 300.121 300.027 300.013 300.007 300.003 300.001 300 300 300 300 300 300 300 300 300 300 300 300 300 300 300 300 300 300 300 300 300 300 300 300 300 300 300 300 300 300 300 300 300 300 300 300 300 300 300 300 300 300 300 300 300 300 300 300 300 300 300
3512.1 1984.48 1394.53 680.408 656.494 589.348 567.807 530.511 520.42 488.573 474.076 452.152 450.006 441.991 435.166 429.957 426.152 424.541 422.705 421.241 420.364 419.57 418.669 417.963 416.673 414.38 407.162 403.661 402.141 401.656 401.279 401.079 400.997 400.93 400.915 400.902 400.893 400.874 400.77 398.797 396.856 394.752 388.25 378.488 336.607 314.346 305.306 301.785 300.664 300.206 300.074 300.035 300.015 300.004 300.001 300 300 300 300 300 300 300 300 300 300 300 300 300 300 300 300 300 300 300 300 300 300 300 300 300 300 300 300 300 300 300 300 300 300 300 300 300 300 300 300
3603.61 2274.3 1256.71 691.176 676.484 649.535 599.372 574.007 525.63 524.221 500.504 487.643 484.439 466.973 446.114 431.38 423.95 417.783 412.629 408.565 406.113 403.539 399.701 396.233 393.222 390.491 383.254 344.61 317.219 309.254 305.942 303.124 301.503 301.148 300.586 300.362 300.188 300.136 300.069 300.017 300.008 300.003 300.001 300.001 300 300 300 300 300 300 300 300 300 300 300 300 300 300 300 300 300 300 300 300 300 300 300 300 300 300 300 300 300 300 300 300 300 300 300 300 300 300 300 300 300 300 300 300 300 300 300 300 300 300 300
4059.97 2062.09 1145.74 662.032 622.131 603.237 565.112 535.978 521.625 499.031 477.476 474.828 467.209 455.538 450.055 441.398 434.803 430.135 427.16 424.802 420.996 413.411 408.313 405.557 404.175 402.823 402.262 401.847 401.54 401.395 401.201 400.627 398.945 397.54 395.32 392.984 390.508 383.001 356.223 307.909 303.362 301.282 300.522 300.2 300.079 300.031 300.014 300.005 300.002 300.001 300 300 300 300 300 300 300 300 300 300 300 300 300 300 300 300 300 300 300 300 300 300 300 300 300 300 300 300 300 300 300 300 300 300 300 300 300 300 300 300 300 300 300 300 300
3570.56 2040.43 1287.89 746.282 677.722 577.948 567.373 539.609 500.187 488.041 469.329 458.963 446.349 438.787 432.246 427.841 425.686 423.465 421.918 420.531 419.018 417.656 412.155 404.937 389.683 364.321 357.127 353.823 353.119 352.137 351.877 351.697 351.565 351.515 351.329 350.348 344.971 336.152 328.762 306.917 302.383 301.285 300.479 300.188 300.089 300.033 300.015 300.006 300.002 300.001 300 300 300 300 300 300 300 300 300 300 300 300 300 300 300 300 300 300 300 300 300 300 300 300 300 300 300 300 300 300 300 300 300 300 300 300 300 300 300 300 300 300 300 300 300
3644.88 2185.13 1393.67 776.799 678.823 630.117 594.406 552.073 521.557 504.47 478.717 467.077 458.289 449.748 439.091 430.724 427.35 424.545 422.883 421.31 420.214 419.312 418.384 416.81 414.297 405.321 392.867 369.607 356.973 354.323 352.368 351.923 351.369 350.937 349.527 341.36 332 322.488 308.881 301.566 300.595 300.318 300.111 300.056 300.022 300.009 300.004 300.002 300 300 300 300 300 300 300 300 300 300 300 300 300 300 300 300 300 300 300 300 300 300 300 300 300 300 300 300 300 300 300 300 300 300 300 300 300 300 300 300 300 300 300 300 300 300 300
3656.38 1846.99 1477.83 687.405 687.405 591.993 580.319 565.474 513.647 508.377 482.693 473.436 460.523 445.556 440.483 434.951 431.486 426.36 424.78 422.122 420.823 419.734 418.358 415.389 407.359 403.859 402.112 401.589 401.249 399.828 394.733 367.404 356.816 353.801 352.417 351.686 351.148 350.23 346.192 324.15 315.24 305.701 302.107 300.842 300.355 300.13 300.051 300.021 300.009 300.003 300.001 300 300 300 300 300 300 300 300 300 300 300 300 300 300 300 300 300 300 300 300 300 300 300 300 300 300 300 300 300 300 300 300 300 300 300 300 300 300 300 300 300 300 300 300
3563.95 1793.5 1077.59 818.14 669.103 626.935 568.636 552.088 528.22 524.227 497.113 481.317 467.343 461.044 453.142 441.192 437.688 429.122 426.709 423.491 421.759 420.415 419.604 419.098 418.333 417.203 411.326 405.427 403.091 402.4 401.913 401.681 401.588 401.505 401.486 401.455 401.379 400.851 399.459 395.729 393.902 392.998 392.501 392.36 392.213 391.786 391.36 390.834 389.172 382.796 349.263 316.108 305.403 301.826 300.206 300.064 300.024 300.008 300.002 300.001 300 300 300 300 300 300 300 300 300 300 300 300 300 300 300 300 300 300 300 300 300 300 300 300 300 300 300 300 300 300 300 300 300 300 300
3629.62 1952.22 1352.01 774.91 671.853 617.919 586.884 548.696 531.397 503.611 492.2 480.567 464.418 439.727 430.934 425.5 419.343 414.169 410.427 404.388 401.001 398.618 394.274 390.418 384.114 367.607 332.016 309.697 307.1 304.415 303.156 301.814 300.97 300.624 300.336 300.186 300.087 300.066 300.04 300.01 300.004 300.002 300.001 300 300 300 300 300 300 300 300 300 300 300 300 300 300 300 300 300 300 300 300 300 300 300 300 300 300 300 300 300 300 300 300 300 300 300 300 300 300 300 300 300 300 300 300 300 300 300 300 300 300 300 300
4463.75 2538.49 1318.08 818.358 680.273 657.307 595.462 565.225 516.87 515.152 489.849 472.623 466.148 454.459 443.009 439.601 432.583 429.671 425.589 422.329 420.609 419.954 418.251 415.96 408.413 404.102 402.098 398.42 384.894 358.285 354.372 353.178 351.724 351.087 349.299 343.602 332.653 323.353 311.799 302.001 300.676 300.278 300.12 300.052 300.018 300.009 300.004 300.001 300.001 300 300 300 300 300 300 300 300 300 300 300 300 300 300 300 300 300 300 300 300 300 300 300 300 300 300 300 300 300 300 300 300 300 300 300 300 300 300 300 300 300 300 300 300 300 300
4069.13 1982.66 1258.51 774.011 714.082 651.946 593.639 523.526 523.526 522.94 508.786 480.997 469.16 458.849 446.808 443.926 436.813 431.955 427.362 424.789 423.226 421.225 419.175 413.195 406.805 404.897 403.03 402.23 401.828 401.618 401.495 401.414 401.218 400.693 399.366 397.933 396.273 394.734 393.657 392.251 392.061 391.815 391.345 390.837 387.997 372.288 328.822 310.033 302.793 301.122 300.366 300.148 300.049 300.019 300.002 300.001 300 300 300 300 300 300 300 300 300 300 300 300 300 300 300 300 300 300 300 300 300 300 300 300 300 300 300 300 300 300 300 300 300 300 300 300 300 300 300
2405.41 1982.39 1047.97 788.626 690.374 623.541 569.844 548.99 531.054 501.031 479.604 471.088 452.464 445.086 436.597 431.093 427.273 423.993 422.106 420.812 420.072 415.549 395.21 381.894 378.049 376.123 374.45 373.647 370.559 366.556 356.019 353.776 352.452 351.922 351.696 351.57 351.485 350.989 348.378 324.374 313.799 304.834 301.583 300.843 300.243 300.115 300.048 300.017 300.007 300.003 300.001 300.001 300 300 300 300 300 300 300 300 300 300 300 300 300 300 300 300 300 300 300 300 300 300 300 300 300 300 300 300 300 300 300 300 300 300 300 300 300 300 300 300 300 300 300
2918.61 1912.79 1118.5 807.729 624.416 603.955 575.327 545.107 525.371 504.969 491.456 482.503 466.768 451.282 433.215 427.173 422.731 419.293 415.722 413.384 408.836 405.436 403.526 400.456 398.811 396.51 395.253 394.107 392.573 391.279 390.889 388.031 380.101 343.733 319.28 309.341 304.597 302.566 301.443 300.249 300.115 300.053 300.022 300.009 300.004 300.002 300.001 300 300 300 300 300 300 300 300 300 300 300 300 300 300 300 300 300 300 300 300 300 300 300 300 300 300 300 300 300 300 300 300 300 300 300 300 300 300 300 300 300 300 300 300 300 300 300 300
3924.47 2091.67 1324.8 800.516 705.734 620.291 568.154 542.119 523.845 508.507 484.508 478.419 454.878 431.573 424.056 421.453 417.587 414.091 410.702 404.274 400.919 397.02 393.8 390.404 382.022 339.499 316.361 310.427 306.359 304.334 302.341 301.106 300.753 300.443 300.249 300.18 300.09 300.049 300.037 300.008 300.003 300.002 300.001 300 300 300 300 300 300 300 300 300 300 300 300 300 300 300 300 300 300 300 300 300 300 300 300 300 300 300 300 300 300 300 300 300 300 300 300 300 300 300 300 300 300 300 300 300 300 300 300 300 300 300 300
4474.06 2452.46 1111.79 764.554 659.677 592.411 564.623 510.194 500.969 485.482 468.418 457.239 445.351 436.807 431.963 428.571 425.869 422.501 421.723 420.33 418.789 414.033 406.616 403.374 402.035 401.557 401.244 401.06 400.945 400.939 400.904 400.896 400.873 400.809 400.56 399.879 397.902 396.035 394.207 389.38 384.706 359.973 323.945 308.754 303.382 301.177 300.499 300.216 300.078 300.026 300.011 300.004 300.001 300 300 300 300 300 300 300 300 300 300 300 300 300 300 300 300 300 300 300 300 300 300 300 300 300 300 300 300 300 300 300 300 300 300 300 300 300 300 300 300 300 300
4245.35 1752.06 1267.18 752.826 703.995 662.271 595.036 553.785 540.253 530.596 494.915 480.59 469.178 452.192 447.572 439.664 429.99 427.874 424.297 422.011 420.529 419.53 418.608 417.575 415.326 408.038 403.76 402.35 398.732 386.507 360.658 355.905 353.387 352.14 351.644 351.336 350.939 349.293 343.082 326.053 311.514 305.074 301.75 300.844 300.32 300.116 300.046 300.018 300.01 300.003 300.001 300.001 300 300 300 300 300 300 300 300 300 300 300 300 300 300 300 300 300 300 300 300 300 300 300 300 300 300 300 300 300 300 300 300 300 300 300 300 300 300 300 300 300 300 300
.975 413.975 413.975 413.975 413.975 413.975 413.975 413.975 413.975 413.975 413.975 413.975 413.975 413.975 413.975 413.975 413.975 413.975 413.975 413.975 413.975 413.975 413.975 413.975 413.975 413.975 413.975 413.975 413.975 413.975 413.975 413.975 413.975 413.975 413.975 413.975 413.975 413.975 413.975
4084.39 1912.55 1221.46 816.013 672.632 594.866 553.03 553.03 510.19 507.733 493.16 477.413 459.9 450.272 438.285 436.366 432.65 429.761 427.233 425.327 423.99 423.31 422.289 421.17 417.485 415.951 414.575 414.309 414.187 414.084 414.035 414.009 413.994 413.983 413.979 413.977 413.976 413.976 413.975 413.975 413.975 413.975 413.975 413.975 413.975 413.975 413.975 413.975 413.975 413.975 413.975 413.975 413.975 413.975 413.975 413.975 413.975 413.975 413.975 413.975 413.975 413.975 413.975 413.975 413.975 413.975 413.975 413.975 413.975 413.975 413.975 413.975 413.975 413.975 413.975 413.975 413.975 413.975 413.975 413.975 413.975 413.975 413.975 413.975 413.975 413.975 413.975 413.975 413.975 413.975 413.975 413.975 413.975 413.975 413.975
