44666.7 30198.2 17628.5 10339.5 8136.84 6035.64 4546.68 3961 2801.81 2059.65 1270.03 1015.29 630.28 349.105 349.105 257.851 185.289 115.792 67.1659 41.9049 26.3785 14.3537 9.8296 5.71204 3.00728 1.53687 1.28035 0.77683 0.447583 0.201397 0.0879727 0.0375852 0.0181259 0.00774352 0.00324345 0.001354 0.000527169 0.000180473 5.17267e-05 1.5007e-05 3.21562e-06 9.03878e-07 2.13673e-07 6.07982e-08 1.52108e-08 0 0 0 0 0 0 0 0 0 0 0 0 0 0 0 0 0 0 0 0 0 0 0 0 0 0 0 0 0 0 0 0 0 0 0 0 0 0 0 0 0 0 0 0 0 0 0 0 0 0 0 0 0 0
40755.5 23910 15695.4 9322.46 5923.39 4969.23 3765.27 2882.58 1761.17 1450.13 833.561 679.607 486.54 444.336 324.915 219.093 145.198 110.352 74.5727 47.4533 27.8094 14.8316 10.5152 5.24244 2.48649 1.80583 1.30543 0.739133 0.391127 0.215961 0.0878181 0.039527 0.0143746 0.00592989 0.00233262 0.00112467 0.000389094 0.000150339 5.68166e-05 1.12738e-05 2.33409e-06 3.95662e-07 1.33707e-07 2.84347e-08 0 0 0 0 0 0 0 0 0 0 0 0 0 0 0 0 0 0 0 0 0 0 0 0 0 0 0 0 0 0 0 0 0 0 0 0 0 0 0 0 0 0 0 0 0 0 0 0 0 0 0 0 0 0 0
51387.2 30823.3 18872.6 6706.52 6706.52 4965.68 4212.18 3734.95 2426.98 1595.97 1047.5 1030.94 624.189 526.977 382.844 229.515 109.797 109.797 92.478 60.6826 31.9386 19.1389 11.048 7.28159 3.58012 1.86828 1.32561 0.88321 0.488275 0.253152 0.119856 0.0450189 0.0176519 0.00894309 0.00282655 0.00132253 0.000500404 0.000155532 5.81714e-05 8.20783e-06 2.81866e-06 6.77929e-07 1.90638e-07 3.45452e-08 0 0 0 0 0 0 0 0 0 0 0 0 0 0 0 0 0 0 0 0 0 0 0 0 0 0 0 0 0 0 0 0 0 0 0 0 0 0 0 0 0 0 0 0 0 0 0 0 0 0 0 0 0 0 0
41819.4 25658.6 14000.5 8954 6886.39 6209.8 4426.22 3972.41 3037.25 2027.34 1212.44 1212.44 716.442 526.006 421.205 267.387 233.72 171.01 97.5872 56.499 35.3517 17.334 11.7989 8.28445 3.6357 2.16923 1.3913 1.03615 0.586377 0.269247 0.107621 0.0543106 0.0227749 0.00619494 0.00369642 0.00106715 0.000465489 0.000193705 8.73459e-05 1.45745e-05 3.2135e-06 7.72582e-07 2.41868e-07 5.66863e-08 1.51542e-08 0 0 0 0 0 0 0 0 0 0 0 0 0 0 0 0 0 0 0 0 0 0 0 0 0 0 0 0 0 0 0 0 0 0 0 0 0 0 0 0 0 0 0 0 0 0 0 0 0 0 0 0 0 0
45674.6 28145.8 20294.5 9661.01 8137.15 6407.2 3969.54 3969.54 2511.34 1976.41 1437.7 1235.02 844.021 553.159 380.15 293.817 152.754 90.1788 66.8397 38.7024 24.8576 15.8528 10.0533 5.91058 2.86485 1.83078 1.27674 1.01656 0.444926 0.252518 0.0979224 0.045934 0.0211113 0.00712865 0.00342314 0.00127618 0.000539367 0.000218438 5.96079e-05 1.29074e-05 2.34864e-06 5.44032e-07 1.14388e-07 2.35409e-08 0 0 0 0 0 0 0 0 0 0 0 0 0 0 0 0 0 0 0 0 0 0 0 0 0 0 0 0 0 0 0 0 0 0 0 0 0 0 0 0 0 0 0 0 0 0 0 0 0 0 0 0 0 0 0
46492.8 29779.6 20803.4 11930.9 8319.46 6437.83 4666.95 3301.25 2654.57 1287.99 1249.31 1137.93 772.698 528.329 258.503 229.606 193.814 122.861 80.3582 55.8557 27.546 15.4757 9.44928 5.60178 2.84621 1.86846 1.20149 0.905796 0.52785 0.272029 0.107 0.0537042 0.0198614 0.0105896 0.00374832 0.00178321 0.000610741 0.00021698 0.000100232 1.5011e-05 3.72101e-06 8.29517e-07 1.65117e-07 2.59216e-08 0 0 0 0 0 0 0 0 0 0 0 0 0 0 0 0 0 0 0 0 0 0 0 0 0 0 0 0 0 0 0 0 0 0 0 0 0 0 0 0 0 0 0 0 0 0 0 0 0 0 0 0 0 0 0
46964 32279.4 19775.7 4747.16 4747.16 4747.16 3923.6 3504.05 2294.16 1672.43 1291.88 909.205 575.864 430.856 358.665 242.81 172.382 72.2298 72.2298 50.873 23.4381 14.4271 8.16226 4.79995 2.40443 1.49386 1.07149 0.6423 0.310366 0.143419 0.0569683 0.0232792 0.0104383 0.00359738 0.00154495 0.00059758 0.000220369 7.98578e-05 4.0079e-05 8.67112e-06 1.69271e-06 5.06832e-07 1.50597e-07 2.83549e-08 0 0 0 0 0 0 0 0 0 0 0 0 0 0 0 0 0 0 0 0 0 0 0 0 0 0 0 0 0 0 0 0 0 0 0 0 0 0 0 0 0 0 0 0 0 0 0 0 0 0 0 0 0 0 0
45403.5 31082.7 16323.6 9175.19 7554.09 5113.56 4048.14 2937.86 2245.66 1750.28 1404.22 882.299 712.309 511.043 383.517 331.435 175.611 143.44 81.7729 52.0102 30.1441 16.3428 10.3769 5.84513 2.65548 1.94019 1.44911 0.911851 0.397023 0.2568 0.112927 0.0444337 0.0215826 0.00877088 0.00293651 0.00137586 0.00049897 0.000218236 8.35295e-05 1.69801e-05 3.51721e-06 1.02673e-06 2.10558e-07 4.69652e-08 1.13165e-08 0 0 0 0 0 0 0 0 0 0 0 0 0 0 0 0 0 0 0 0 0 0 0 0 0 0 0 0 0 0 0 0 0 0 0 0 0 0 0 0 0 0 0 0 0 0 0 0 0 0 0 0 0 0
43189.8 25267.9 16823.6 9528.31 5857.1 5463.14 3719.62 3109.64 2407.05 1561.91 1273.53 973.722 703.832 440.663 336.466 223.393 154.305 124.413 89.968 30.8942 21.1609 12.8685 6.25156 4.40983 1.86929 1.54192 0.958463 0.605371 0.273329 0.126741 0.0515905 0.0221122 0.00763119 0.00259311 0.0012559 0.000571593 0.000206517 6.91387e-05 2.51907e-05 5.68221e-06 1.48511e-06 3.35193e-07 7.10958e-08 1.63556e-08 0 0 0 0 0 0 0 0 0 0 0 0 0 0 0 0 0 0 0 0 0 0 0 0 0 0 0 0 0 0 0 0 0 0 0 0 0 0 0 0 0 0 0 0 0 0 0 0 0 0 0 0 0 0 0
45410.7 26156.2 18438.3 9109.16 7138.54 6413.94 4018.67 2812.11 2088.95 1241.06 1241.06 915.588 773.589 589.687 377.987 254.436 201.917 87.4782 87.4782 63.7072 28.3375 17.3003 10.5014 6.13875 3.50264 1.73707 1.14745 0.77854 0.371765 0.185525 0.0810654 0.0341374 0.0156776 0.00569128 0.00134871 0.000925404 0.000315346 0.00013348 5.09068e-05 8.49586e-06 2.07569e-06 5.51032e-07 1.25969e-07 3.06004e-08 0 0 0 0 0 0 0 0 0 0 0 0 0 0 0 0 0 0 0 0 0 0 0 0 0 0 0 0 0 0 0 0 0 0 0 0 0 0 0 0 0 0 0 0 0 0 0 0 0 0 0 0 0 0 0
34750.8 27033.5 18723.2 10146.2 8191 6505.41 4471.49 3398.69 2598.49 1997.27 1411.16 1033.54 657.038 467.849 306.718 230.422 173.65 80.9324 80.9324 48.8606 28.4352 15.6842 8.62546 5.52007 3.16537 1.88715 1.15878 0.817607 0.359596 0.198012 0.0773344 0.0312038 0.0130421 0.00476116 0.0017136 0.000910372 0.000274237 0.000113075 4.41251e-05 9.75075e-06 2.0801e-06 4.57637e-07 1.3354e-07 2.85728e-08 0 0 0 0 0 0 0 0 0 0 0 0 0 0 0 0 0 0 0 0 0 0 0 0 0 0 0 0 0 0 0 0 0 0 0 0 0 0 0 0 0 0 0 0 0 0 0 0 0 0 0 0 0 0 0
44128.8 32624.1 18292.4 11898.5 8129.65 6510.21 4543.48 3573.39 2862.99 1501.18 1501.18 1145.86 667.64 492.04 367.198 315.924 195.635 121.714 85.839 48.7538 30.1429 15.5445 10.1062 7.00863 2.77834 1.82951 1.2374 0.867112 0.476776 0.193544 0.0781269 0.0294182 0.0128958 0.00570847 0.00213828 0.000907175 0.000364787 0.000126871 3.84324e-05 6.22866e-06 2.33153e-06 3.80992e-07 9.54273e-08 1.60901e-08 0 0 0 0 0 0 0 0 0 0 0 0 0 0 0 0 0 0 0 0 0 0 0 0 0 0 0 0 0 0 0 0 0 0 0 0 0 0 0 0 0 0 0 0 0 0 0 0 0 0 0 0 0 0 0
42409.8 25549.4 18351.3 11008.6 7192.22 4641.42 3881.63 2950.57 2433.27 1792.97 1115.44 945.651 713.083 504.593 324.213 227.706 201.189 102.006 78.2252 52.6298 23.1526 12.3184 8.81385 5.39531 2.57828 1.69831 1.15547 0.748871 0.343795 0.171523 0.0619452 0.032601 0.00911863 0.00489295 0.0021488 0.000524873 0.000247867 0.000120065 4.32127e-05 6.0426e-06 1.76298e-06 3.46621e-07 1.09393e-07 2.62951e-08 0 0 0 0 0 0 0 0 0 0 0 0 0 0 0 0 0 0 0 0 0 0 0 0 0 0 0 0 0 0 0 0 0 0 0 0 0 0 0 0 0 0 0 0 0 0 0 0 0 0 0 0 0 0 0
43158.1 26376.6 17059.7 10269.1 8374.34 6256.66 4674.03 3305.57 2638.91 1960.69 1335.48 842.15 813.98 576.48 272.603 220.15 190.5 119.979 70.9081 57.7632 38.2743 18.9276 10.8134 8.1029 4.19122 1.68606 1.5517 1.06709 0.635448 0.293217 0.15199 0.0642498 0.0213579 0.00989028 0.00378797 0.00145641 0.000641875 0.000238028 7.73044e-05 1.85153e-05 4.03069e-06 1.05783e-06 2.10173e-07 5.19797e-08 1.28626e-08 0 0 0 0 0 0 0 0 0 0 0 0 0 0 0 0 0 0 0 0 0 0 0 0 0 0 0 0 0 0 0 0 0 0 0 0 0 0 0 0 0 0 0 0 0 0 0 0 0 0 0 0 0 0
36331.8 30174 20188.4 9433.45 6901.85 5640.04 4226.39 3588.48 2290.55 1934.42 1443.08 1088.79 613.209 368.894 296.599 259.554 156.549 123.646 93.3643 50.6587 24.4911 15.7713 9.66887 6.37761 3.67083 1.84658 1.33725 0.69392 0.465741 0.212953 0.095835 0.0354733 0.0177711 0.00770123 0.00330464 0.000955215 0.00046634 0.000164762 5.92399e-05 1.47859e-05 3.11523e-06 5.73868e-07 1.34694e-07 3.35874e-08 0 0 0 0 0 0 0 0 0 0 0 0 0 0 0 0 0 0 0 0 0 0 0 0 0 0 0 0 0 0 0 0 0 0 0 0 0 0 0 0 0 0 0 0 0 0 0 0 0 0 0 0 0 0 0
49890.6 27347.5 21682.8 10961 9359.65 6394.6 5337.42 3694.96 2179.51 2155.27 1426.14 962.487 766.109 565.133 345.635 255.754 178.469 114.513 65.2574 48.4487 21.6654 14.0455 7.07371 5.26968 2.73247 1.78377 1.19631 0.726958 0.436025 0.186954 0.0929697 0.0331627 0.0137352 0.00646024 0.0026613 0.00101395 0.000476277 0.000153899 4.65125e-05 1.12841e-05 3.38733e-06 8.10073e-07 2.06223e-07 4.45627e-08 1.26357e-08 0 0 0 0 0 0 0 0 0 0 0 0 0 0 0 0 0 0 0 0 0 0 0 0 0 0 0 0 0 0 0 0 0 0 0 0 0 0 0 0 0 0 0 0 0 0 0 0 0 0 0 0 0 0
46711.6 29964.3 19540.7 9371.71 7953.05 5922.58 3742 2965.79 2248.47 1818.74 1536.93 1039.49 540.493 540.493 377.73 285.8 145.214 145.214 104.329 70.8153 32.8309 18.9955 12.3413 5.63372 3.51588 1.90088 1.42117 0.948016 0.48931 0.212043 0.106038 0.0429551 0.0150529 0.00695289 0.00297955 0.00109586 0.000367612 0.000136499 7.38263e-05 1.68472e-05 4.15411e-06 1.0711e-06 2.05903e-07 3.43695e-08 0 0 0 0 0 0 0 0 0 0 0 0 0 0 0 0 0 0 0 0 0 0 0 0 0 0 0 0 0 0 0 0 0 0 0 0 0 0 0 0 0 0 0 0 0 0 0 0 0 0 0 0 0 0 0
38506.6 23572.4 19427.4 8811.72 7882.62 6066.99 3344.61 2904.66 2704.69 2067.92 1641.27 1140.56 856.017 608.31 350.298 307.887 163.433 124.098 75.9467 58.5087 19.2701 16.0514 10.8096 6.94695 2.96258 1.88475 1.33972 0.766364 0.429017 0.23138 0.107528 0.0417129 0.0196986 0.00794625 0.00262153 0.000948894 0.000472642 0.000152206 6.42226e-05 1.48706e-05 2.74463e-06 4.67128e-07 1.35469e-07 2.54366e-08 0 0 0 0 0 0 0 0 0 0 0 0 0 0 0 0 0 0 0 0 0 0 0 0 0 0 0 0 0 0 0 0 0 0 0 0 0 0 0 0 0 0 0 0 0 0 0 0 0 0 0 0 0 0 0
48262 33866.7 19542.8 12256.1 7176.09 4740.36 3859.26 3397.74 2062.3 1621.79 1249.27 957.981 708.955 527.378 285.507 241.287 168.318 134.879 76.3402 34.7334 23.2882 12.796 9.53816 4.53471 2.36001 1.52064 1.228 0.607488 0.317419 0.132616 0.0614741 0.0248065 0.011024 0.00422163 0.00171744 0.000602591 0.000268355 0.000113148 3.54577e-05 8.83236e-06 1.77776e-06 4.40886e-07 8.59303e-08 1.93115e-08 0 0 0 0 0 0 0 0 0 0 0 0 0 0 0 0 0 0 0 0 0 0 0 0 0 0 0 0 0 0 0 0 0 0 0 0 0 0 0 0 0 0 0 0 0 0 0 0 0 0 0 0 0 0 0
48218.1 29300.4 22441.3 12737.1 6442.4 3776.37 3776.37 3230.69 2427.33 1822.98 1264.85 880.962 808.498 621.339 385.458 313.996 195.638 195.638 104.686 65.8295 37.0693 16.617 9.76141 6.48537 3.36096 1.86972 1.3574 0.966772 0.514175 0.265724 0.103557 0.0496631 0.021339 0.007703 0.00314114 0.00130943 0.000539995 0.000234657 9.25789e-05 1.26662e-05 4.55297e-06 8.79254e-07 2.4318e-07 4.123e-08 1.2378e-08 0 0 0 0 0 0 0 0 0 0 0 0 0 0 0 0 0 0 0 0 0 0 0 0 0 0 0 0 0 0 0 0 0 0 0 0 0 0 0 0 0 0 0 0 0 0 0 0 0 0 0 0 0 0
46713.2 32766.7 15594 8750.31 6964.15 5702.66 3931.83 3422.41 2223.26 1918.2 1237.79 1094.98 678.412 285.048 285.048 272.573 161.922 137.842 89.6266 49.515 24.8702 15.0356 10.2374 5.28281 2.77697 1.81943 1.15543 0.746474 0.264636 0.158004 0.0757994 0.0341824 0.0130194 0.00525363 0.00221382 0.000821719 0.000273701 0.000107014 3.43628e-05 7.62801e-06 1.45586e-06 3.63638e-07 6.55447e-08 1.41332e-08 0 0 0 0 0 0 0 0 0 0 0 0 0 0 0 0 0 0 0 0 0 0 0 0 0 0 0 0 0 0 0 0 0 0 0 0 0 0 0 0 0 0 0 0 0 0 0 0 0 0 0 0 0 0 0
40273.8 25993.7 19399.6 7989.66 7298.75 5540.88 4295.56 3384.61 2131.88 1722.67 1367.28 979.002 714.601 437.165 364.279 214.337 150.83 112.623 76.3015 47.7143 17.1705 15.0718 8.11793 4.22791 2.60786 1.81374 1.11747 0.632439 0.374123 0.190672 0.0817591 0.0348578 0.0136833 0.00585505 0.00215652 0.000682451 0.000332179 9.1805e-05 4.45184e-05 1.06286e-05 2.55887e-06 6.30626e-07 1.76135e-07 4.2631e-08 0 0 0 0 0 0 0 0 0 0 0 0 0 0 0 0 0 0 0 0 0 0 0 0 0 0 0 0 0 0 0 0 0 0 0 0 0 0 0 0 0 0 0 0 0 0 0 0 0 0 0 0 0 0 0
45365.3 24892 19649.8 9295.6 7049.96 5002.52 3682.18 3644.91 2682.27 1820.09 1034.46 910.013 678.369 481.659 325.752 269.261 162.585 109.12 75.4747 49.0478 21.7795 13.6227 8.83635 5.18538 2.29896 1.58436 1.14348 0.704409 0.334494 0.177937 0.0783151 0.0350496 0.015468 0.00550677 0.00248135 0.000800562 0.000305787 0.000128834 4.15419e-05 8.96469e-06 1.929e-06 4.4505e-07 8.90998e-08 1.45291e-08 0 0 0 0 0 0 0 0 0 0 0 0 0 0 0 0 0 0 0 0 0 0 0 0 0 0 0 0 0 0 0 0 0 0 0 0 0 0 0 0 0 0 0 0 0 0 0 0 0 0 0 0 0 0 0
42985.9 25577.3 20099.8 11195.3 8600.84 5559.05 5309.61 3247.43 2685.85 1615.76 1251.3 1204.07 586.825 460.642 334.684 247.342 199.525 122.226 80.3934 43.7232 22.8925 13.6544 9.74111 5.22461 2.95952 1.84403 1.30821 0.787756 0.382811 0.194375 0.0836974 0.0255148 0.0127165 0.00456243 0.00196981 0.00085032 0.000287113 0.000134308 4.6238e-05 1.03752e-05 2.13016e-06 4.53756e-07 1.26944e-07 2.48798e-08 0 0 0 0 0 0 0 0 0 0 0 0 0 0 0 0 0 0 0 0 0 0 0 0 0 0 0 0 0 0 0 0 0 0 0 0 0 0 0 0 0 0 0 0 0 0 0 0 0 0 0 0 0 0 0
45396.3 27334 19269.6 11747.5 6265.37 6265.37 4214 3968 2620.45 1664.13 1333.94 861.24 764.498 440.774 343.5 262.632 218.061 128.349 84.8273 58.9124 29.287 13.5148 8.97586 4.57026 2.57871 1.78515 1.10566 0.818519 0.475381 0.234031 0.104977 0.034351 0.0141655 0.00659838 0.00275838 0.00105136 0.000323476 0.000122446 3.26163e-05 8.96061e-06 2.36264e-06 5.60674e-07 1.25369e-07 2.06069e-08 0 0 0 0 0 0 0 0 0 0 0 0 0 0 0 0 0 0 0 0 0 0 0 0 0 0 0 0 0 0 0 0 0 0 0 0 0 0 0 0 0 0 0 0 0 0 0 0 0 0 0 0 0 0 0
39102.6 25408.9 21061 10681.6 6992.32 5887.1 4627.86 2946.39 2829.44 1856.96 1284.83 963.66 474.689 459.906 338.697 181.536 159.299 114.767 68.9055 40.1228 20.3506 12.0958 7.50537 3.97582 2.21235 1.71792 1.03711 0.751398 0.367231 0.148795 0.0428451 0.0288147 0.0112688 0.00432151 0.00141012 0.000764671 0.000223517 9.83668e-05 3.91466e-05 8.64397e-06 2.12577e-06 5.59575e-07 1.37648e-07 3.76455e-08 0 0 0 0 0 0 0 0 0 0 0 0 0 0 0 0 0 0 0 0 0 0 0 0 0 0 0 0 0 0 0 0 0 0 0 0 0 0 0 0 0 0 0 0 0 0 0 0 0 0 0 0 0 0 0
42204 29934 16412.7 10188.7 7651.34 6040.1 4204.32 3294.79 2139.34 1659.18 1110.43 995.092 714.693 487.659 400.411 260.712 150.959 128.215 79.753 53.1214 23.316 14.3955 9.90095 4.76213 2.8069 1.62497 1.22829 0.802606 0.324747 0.193952 0.0678574 0.0320793 0.0135617 0.00571119 0.00227602 0.000833052 0.000317341 0.000119114 4.34253e-05 1.1999e-05 2.51083e-06 5.79997e-07 1.36908e-07 3.71565e-08 0 0 0 0 0 0 0 0 0 0 0 0 0 0 0 0 0 0 0 0 0 0 0 0 0 0 0 0 0 0 0 0 0 0 0 0 0 0 0 0 0 0 0 0 0 0 0 0 0 0 0 0 0 0 0
44194.1 29521 20385.9 11219.4 7752.57 6464.91 3726.53 2344.87 2344.87 1703.16 1333.06 986.564 579.556 571.015 364.911 228.346 194.327 123.676 73.6785 56.3827 22.0024 16.2757 9.86562 6.15781 2.89386 1.93652 1.03727 0.833271 0.460025 0.219087 0.0790269 0.0450532 0.0159208 0.00578616 0.0026471 0.00104011 0.000459966 0.000168796 7.30678e-05 1.33208e-05 3.13997e-06 6.16919e-07 1.5686e-07 3.29024e-08 0 0 0 0 0 0 0 0 0 0 0 0 0 0 0 0 0 0 0 0 0 0 0 0 0 0 0 0 0 0 0 0 0 0 0 0 0 0 0 0 0 0 0 0 0 0 0 0 0 0 0 0 0 0 0
46324.2 26160.2 17566 8647.08 6760.54 5376.98 4519.75 2908.16 2614.68 1835.11 1216.83 844.779 746.416 556.583 376.396 236.912 196.17 132.88 90.7226 62.2759 28.3684 16.9882 11.1441 5.68542 2.59012 1.58819 1.30009 0.715536 0.404349 0.193334 0.0988184 0.0402304 0.0161735 0.00708133 0.00282523 0.000862188 0.00047855 0.000170751 6.31385e-05 1.13549e-05 3.46927e-06 8.24534e-07 1.56107e-07 4.92607e-08 1.24076e-08 0 0 0 0 0 0 0 0 0 0 0 0 0 0 0 0 0 0 0 0 0 0 0 0 0 0 0 0 0 0 0 0 0 0 0 0 0 0 0 0 0 0 0 0 0 0 0 0 0 0 0 0 0 0
38340.8 33184.4 15286.5 11247.5 7102.93 6002.25 4928.88 3446.62 2409.48 1633.28 1633.28 940.099 798.285 583.534 389.128 290.429 189.282 134.734 120.395 69.1662 41.3833 19.2357 11.454 6.94588 3.55714 2.00048 1.38187 0.952101 0.630762 0.314063 0.127832 0.0633499 0.025733 0.0114616 0.00382335 0.00148104 0.000516983 0.000187597 7.76208e-05 1.63974e-05 3.58055e-06 7.65838e-07 1.81667e-07 4.06301e-08 0 0 0 0 0 0 0 0 0 0 0 0 0 0 0 0 0 0 0 0 0 0 0 0 0 0 0 0 0 0 0 0 0 0 0 0 0 0 0 0 0 0 0 0 0 0 0 0 0 0 0 0 0 0 0
50658.8 29537.4 18985.4 11295.3 7551.84 6403.28 3872.33 3431.05 2408.05 1915.02 1211.85 1007.26 818.544 600.391 378.233 336.869 192.378 138.495 89.8536 55.7947 31.5866 16.3919 9.19586 5.84914 2.99289 1.77808 1.30737 0.903962 0.456687 0.255217 0.0887401 0.0433827 0.0152525 0.00557061 0.0025357 0.0010174 0.000317403 0.000152887 3.06729e-05 1.0752e-05 2.52882e-06 5.86364e-07 1.29731e-07 3.36131e-08 0 0 0 0 0 0 0 0 0 0 0 0 0 0 0 0 0 0 0 0 0 0 0 0 0 0 0 0 0 0 0 0 0 0 0 0 0 0 0 0 0 0 0 0 0 0 0 0 0 0 0 0 0 0 0
27264.9 23783.3 19498 9925.02 8719.24 6704.4 5237.47 2975.03 2716.49 2327.47 1302.41 1275.71 814.402 555.51 319.575 185.07 185.07 172.655 106.38 69.9979 39.8022 17.1496 9.68515 5.44027 2.96293 1.90175 1.32389 0.903121 0.401257 0.18658 0.0705405 0.0380582 0.0175428 0.00709846 0.00210996 0.000588954 0.000371895 0.000144292 5.27362e-05 1.01698e-05 2.11444e-06 4.46554e-07 9.46376e-08 2.80597e-08 0 0 0 0 0 0 0 0 0 0 0 0 0 0 0 0 0 0 0 0 0 0 0 0 0 0 0 0 0 0 0 0 0 0 0 0 0 0 0 0 0 0 0 0 0 0 0 0 0 0 0 0 0 0 0
32660.6 31223.9 17932.6 9882.35 8320.39 5793.79 4232.12 3579.33 2206.31 1792.68 1431.34 1011.51 554.173 494.678 408.617 279.151 149.854 130.751 79.8749 62.1328 20.157 18.712 10.1718 5.88376 2.73655 1.7242 1.23354 0.919186 0.480602 0.192344 0.0899503 0.0389672 0.0162553 0.0066657 0.00252569 0.000986553 0.000358733 0.000135866 4.30478e-05 1.04228e-05 2.27643e-06 4.24661e-07 8.40159e-08 1.59378e-08 0 0 0 0 0 0 0 0 0 0 0 0 0 0 0 0 0 0 0 0 0 0 0 0 0 0 0 0 0 0 0 0 0 0 0 0 0 0 0 0 0 0 0 0 0 0 0 0 0 0 0 0 0 0 0
43074.5 24940.8 19836.5 10090.7 7697.8 5967.87 3084.36 3020.54 2405.48 1789.14 1363.33 990.857 779.568 605.533 346.891 223.978 210.487 105.587 90.4816 57.7172 32.1947 16.7685 10.9438 4.53271 3.13152 1.96028 1.35748 0.859101 0.467747 0.211721 0.0895418 0.0381438 0.014452 0.00609537 0.00294874 0.00112371 0.000410622 0.000120511 5.86274e-05 9.13705e-06 2.49004e-06 5.9236e-07 9.71114e-08 2.98865e-08 0 0 0 0 0 0 0 0 0 0 0 0 0 0 0 0 0 0 0 0 0 0 0 0 0 0 0 0 0 0 0 0 0 0 0 0 0 0 0 0 0 0 0 0 0 0 0 0 0 0 0 0 0 0 0
50917 29838.6 18899.8 12665 7273.71 6663.2 4953.31 3874.18 1867.55 1827.19 1267.33 966.96 653.448 449.016 282.582 262.501 172.348 118.884 90.5185 55.1045 31.5564 15.4638 9.51307 5.15605 3.04859 1.76709 1.33323 0.869554 0.491881 0.199284 0.0770658 0.0332622 0.0171725 0.00757976 0.00284604 0.00120425 0.000417354 0.000166015 6.9595e-05 1.38983e-05 2.95569e-06 7.6553e-07 1.79579e-07 4.36892e-08 0 0 0 0 0 0 0 0 0 0 0 0 0 0 0 0 0 0 0 0 0 0 0 0 0 0 0 0 0 0 0 0 0 0 0 0 0 0 0 0 0 0 0 0 0 0 0 0 0 0 0 0 0 0 0
47225.5 32355.2 18444.2 9558.68 9271.26 4340.57 4340.57 4096.21 2568.13 1781.25 1374.83 1099.36 792.985 513.535 250.235 230.213 176.071 120.867 97.5686 38.5613 28.8239 15.4319 10.296 6.66128 2.97198 1.80602 1.17821 0.77653 0.463922 0.232497 0.107425 0.0453786 0.0191334 0.00873185 0.00310002 0.00124783 0.000533928 0.000192715 5.58567e-05 1.56695e-05 3.29742e-06 7.9765e-07 1.67583e-07 4.15716e-08 0 0 0 0 0 0 0 0 0 0 0 0 0 0 0 0 0 0 0 0 0 0 0 0 0 0 0 0 0 0 0 0 0 0 0 0 0 0 0 0 0 0 0 0 0 0 0 0 0 0 0 0 0 0 0
39303.6 26147.9 17089 10181.8 7489.16 5465.05 2861.21 2861.21 2184.05 1125.55 1125.55 592.44 579.813 372.889 326.79 147.399 147.399 72.8527 68.4763 34.2437 16.1724 9.79474 4.48064 4.04861 2.13355 1.45455 0.880204 0.507399 0.248143 0.111408 0.0401255 0.0211424 0.00850475 0.00339164 0.00128333 0.000570563 0.000218458 7.26032e-05 2.39564e-05 4.81668e-06 1.21285e-06 2.69775e-07 6.56989e-08 1.70135e-08 0 0 0 0 0 0 0 0 0 0 0 0 0 0 0 0 0 0 0 0 0 0 0 0 0 0 0 0 0 0 0 0 0 0 0 0 0 0 0 0 0 0 0 0 0 0 0 0 0 0 0 0 0 0 0
37913.4 26825.6 19072.9 9268.34 8346.2 6580.03 4463.12 3019.95 2780.06 1794.16 1353.49 826.955 739.072 588.831 399.684 288.277 192.274 150.202 73.8124 56.8563 29.0127 19.1934 8.96173 6.11276 3.23815 1.93089 1.32181 0.83588 0.470574 0.186303 0.0856839 0.0406557 0.0171244 0.00726419 0.00261876 0.00106456 0.000407685 0.000119522 5.04096e-05 9.62438e-06 2.01677e-06 5.07029e-07 1.0183e-07 2.64379e-08 0 0 0 0 0 0 0 0 0 0 0 0 0 0 0 0 0 0 0 0 0 0 0 0 0 0 0 0 0 0 0 0 0 0 0 0 0 0 0 0 0 0 0 0 0 0 0 0 0 0 0 0 0 0 0
41241 28721.4 18405.9 8039.67 7755.43 4357.06 4357.06 2717.17 2098.59 2098.59 1786.33 1255.75 736.063 572.843 413.01 319.819 219.069 140.738 79.9145 55.6829 41.6803 20.7069 9.85595 6.58452 3.63726 1.78799 1.38637 0.906736 0.488473 0.235705 0.113057 0.0394924 0.0218504 0.0068211 0.00245386 0.0012624 0.000489135 0.000175254 6.27881e-05 1.1636e-05 2.28806e-06 5.85403e-07 1.3978e-07 2.49671e-08 0 0 0 0 0 0 0 0 0 0 0 0 0 0 0 0 0 0 0 0 0 0 0 0 0 0 0 0 0 0 0 0 0 0 0 0 0 0 0 0 0 0 0 0 0 0 0 0 0 0 0 0 0 0 0
41334.6 26853.8 22040.4 10436.8 6533.7 5228.07 4180.68 2959.86 2543.55 1501.48 1129.34 849.851 699.001 527.978 353.113 247.935 170.792 102.219 90.1258 45.7313 26.7235 14.2601 9.01278 4.63125 2.50662 1.55798 1.07942 0.654765 0.347548 0.123203 0.07195 0.0277141 0.0126451 0.00406699 0.00180471 0.000752814 0.00029557 8.59863e-05 3.10807e-05 6.55602e-06 1.80353e-06 4.69355e-07 1.11096e-07 3.00477e-08 0 0 0 0 0 0 0 0 0 0 0 0 0 0 0 0 0 0 0 0 0 0 0 0 0 0 0 0 0 0 0 0 0 0 0 0 0 0 0 0 0 0 0 0 0 0 0 0 0 0 0 0 0 0 0
37314.8 27129 17118.4 9965.51 7224.88 5247.03 4177.86 3579.02 1727.88 1727.88 1309.63 620.626 620.626 486.153 283.237 260.053 141.884 118.729 90.1504 41.4321 26.3172 16.9169 9.55799 4.98226 2.52788 1.60319 1.15265 0.720303 0.42085 0.184576 0.0789454 0.0289221 0.0135936 0.00511442 0.00183099 0.000589286 0.000288951 0.000117596 4.26228e-05 7.40647e-06 1.88932e-06 4.35447e-07 1.07017e-07 2.3878e-08 0 0 0 0 0 0 0 0 0 0 0 0 0 0 0 0 0 0 0 0 0 0 0 0 0 0 0 0 0 0 0 0 0 0 0 0 0 0 0 0 0 0 0 0 0 0 0 0 0 0 0 0 0 0 0
38466.4 28458 23134.2 8321.06 5679.49 5679.49 4838.98 3920.27 2910.4 2029.12 1190.14 1103.34 751.092 504.933 403.233 335.392 168.302 102.002 94.8063 49.1739 28.6153 15.9591 10.3635 6.45526 4.16888 2.35879 1.40432 0.979402 0.546543 0.294126 0.113603 0.0480986 0.0219106 0.00862257 0.00297092 0.00132338 0.000523069 0.000206325 7.43398e-05 1.87159e-05 4.39709e-06 9.3381e-07 2.15675e-07 4.25921e-08 1.10016e-08 0 0 0 0 0 0 0 0 0 0 0 0 0 0 0 0 0 0 0 0 0 0 0 0 0 0 0 0 0 0 0 0 0 0 0 0 0 0 0 0 0 0 0 0 0 0 0 0 0 0 0 0 0 0
37947.2 27136.4 15146.3 9089.45 7073.37 4060.21 4060.21 3277.01 2660.75 1968.12 1075.04 1013.92 679.088 519.289 388.624 212.116 161.031 118.614 67.7084 45.8042 22.2822 12.2406 8.19626 4.83545 2.73928 1.69488 1.30881 0.704295 0.379564 0.219512 0.0881667 0.0327184 0.0136924 0.00652572 0.00232423 0.000888916 0.000360192 0.000123015 4.41239e-05 8.08227e-06 1.91429e-06 5.40766e-07 1.46817e-07 3.34085e-08 0 0 0 0 0 0 0 0 0 0 0 0 0 0 0 0 0 0 0 0 0 0 0 0 0 0 0 0 0 0 0 0 0 0 0 0 0 0 0 0 0 0 0 0 0 0 0 0 0 0 0 0 0 0 0
45745 29998.8 18117.4 9785.71 7529 5629.05 2741.65 2695.34 2283.05 1346.7 1198.2 859.902 674.036 454.265 357.678 213.528 152.924 90.4198 69.1144 42.7309 21.1011 12.8364 7.76589 4.25077 2.35211 1.30825 1.11432 0.652992 0.315391 0.165696 0.060459 0.0320491 0.0113736 0.00584779 0.00211355 0.000581784 0.000286703 0.000123219 4.39841e-05 8.61205e-06 1.84588e-06 4.08629e-07 8.16319e-08 1.58107e-08 0 0 0 0 0 0 0 0 0 0 0 0 0 0 0 0 0 0 0 0 0 0 0 0 0 0 0 0 0 0 0 0 0 0 0 0 0 0 0 0 0 0 0 0 0 0 0 0 0 0 0 0 0 0 0
45981.4 28126.7 20006.2 9714.56 6205.02 5091.48 3888.39 2900.63 2085.77 1743.23 1312.96 903.313 722.111 460.565 335.828 244.673 98.2612 98.2612 80.4476 43.7708 15.62 11.8749 8.11196 4.25883 2.18304 1.50403 0.946595 0.479595 0.267427 0.109235 0.052251 0.0200631 0.0084398 0.003181 0.00154102 0.000468024 0.000168276 6.32926e-05 2.6095e-05 4.75942e-06 1.28463e-06 2.70789e-07 6.11223e-08 1.33093e-08 0 0 0 0 0 0 0 0 0 0 0 0 0 0 0 0 0 0 0 0 0 0 0 0 0 0 0 0 0 0 0 0 0 0 0 0 0 0 0 0 0 0 0 0 0 0 0 0 0 0 0 0 0 0 0
41708.6 27200.7 16069.3 8428.11 6132.72 5342.3 4054.15 2850.94 2408.02 1662.91 1256.44 797.523 638.042 490.586 347.684 258.421 179.591 129.601 96.5097 61.8342 28.8336 16.0456 11.4778 7.34094 3.40641 1.9309 1.22257 0.839733 0.425567 0.222358 0.0875438 0.0346013 0.0191412 0.00592914 0.0033819 0.00118162 0.000452516 0.000142015 5.57599e-05 1.03947e-05 2.10968e-06 5.63704e-07 1.63742e-07 3.29223e-08 0 0 0 0 0 0 0 0 0 0 0 0 0 0 0 0 0 0 0 0 0 0 0 0 0 0 0 0 0 0 0 0 0 0 0 0 0 0 0 0 0 0 0 0 0 0 0 0 0 0 0 0 0 0 0
43453.7 28178.5 17545.3 10371.8 7062.01 4771.13 4722.8 2423.98 2423.98 1868.84 1121.99 975.479 771.716 469.93 369.628 252.735 169.618 123.382 84.3975 61.0903 33.9528 11.9293 10.096 5.52871 3.37547 2.02307 1.38803 0.856139 0.571731 0.267962 0.0946366 0.0498955 0.0186963 0.00938837 0.00391124 0.00143982 0.000523713 0.000196991 7.37464e-05 1.70949e-05 2.89656e-06 6.50534e-07 1.3365e-07 2.53068e-08 0 0 0 0 0 0 0 0 0 0 0 0 0 0 0 0 0 0 0 0 0 0 0 0 0 0 0 0 0 0 0 0 0 0 0 0 0 0 0 0 0 0 0 0 0 0 0 0 0 0 0 0 0 0 0
45456.2 25472.2 16340 9448.46 7218.54 4625.98 3638.16 2171.21 1822.06 1419.42 1070.97 863.418 586.699 442.633 374.799 196.88 98.4219 84.3563 59.4128 40.0976 22.7522 13.0471 7.7906 4.46094 2.06203 1.39662 0.988609 0.574989 0.280616 0.119977 0.0597157 0.0218583 0.0104124 0.00449725 0.00150947 0.000613234 0.000238665 9.0985e-05 2.96937e-05 7.90261e-06 1.8211e-06 3.43337e-07 9.90021e-08 2.14902e-08 0 0 0 0 0 0 0 0 0 0 0 0 0 0 0 0 0 0 0 0 0 0 0 0 0 0 0 0 0 0 0 0 0 0 0 0 0 0 0 0 0 0 0 0 0 0 0 0 0 0 0 0 0 0 0
37797.6 20831.4 12893.8 6794.11 6794.11 6227.22 2555.28 2555.28 2367.83 2085.02 1477.49 1083.73 737.757 467.576 280.844 265.272 151.753 127.048 82.1051 40.8471 23.7532 12.3491 10.1484 5.18166 3.15187 1.61686 1.1423 0.73859 0.398532 0.186585 0.0833673 0.0418739 0.0122537 0.00597163 0.00176113 0.000688329 0.000230443 7.06929e-05 3.79672e-05 8.42977e-06 2.10623e-06 4.34076e-07 8.11198e-08 1.74999e-08 0 0 0 0 0 0 0 0 0 0 0 0 0 0 0 0 0 0 0 0 0 0 0 0 0 0 0 0 0 0 0 0 0 0 0 0 0 0 0 0 0 0 0 0 0 0 0 0 0 0 0 0 0 0 0
43920.5 28926.5 19911.3 10063.2 6682.7 6123.7 3932.49 3469.95 2336.72 1836.14 1120 864.042 656.356 463.273 361.899 183.758 175.035 106.864 79.2336 45.8628 25.9767 11.4293 8.91834 4.2465 2.77035 1.51586 1.12406 0.700811 0.410506 0.195164 0.0774761 0.029078 0.0151052 0.00388573 0.00251756 0.000808563 0.000361417 0.000106847 4.45559e-05 7.97471e-06 2.02087e-06 5.63898e-07 8.89472e-08 2.26873e-08 0 0 0 0 0 0 0 0 0 0 0 0 0 0 0 0 0 0 0 0 0 0 0 0 0 0 0 0 0 0 0 0 0 0 0 0 0 0 0 0 0 0 0 0 0 0 0 0 0 0 0 0 0 0 0
36664.2 28114.7 18851.6 10520.6 7398.86 5697.68 4390.28 3236.08 2298.37 1454.85 1238.98 997.688 744.234 608.596 307.939 299.385 204.811 109.764 95.0504 50.4596 25.0206 15.1035 10.2831 6.6558 2.38617 1.84607 1.1209 0.844309 0.455263 0.20797 0.081858 0.0412368 0.0176785 0.0066926 0.00238049 0.00114924 0.000423363 0.000176627 6.05918e-05 1.23198e-05 2.69247e-06 6.00612e-07 1.37427e-07 2.22882e-08 0 0 0 0 0 0 0 0 0 0 0 0 0 0 0 0 0 0 0 0 0 0 0 0 0 0 0 0 0 0 0 0 0 0 0 0 0 0 0 0 0 0 0 0 0 0 0 0 0 0 0 0 0 0 0
