4247.54 2011.36 1376.69 782.643 702.191 601.451 560.534 547.854 534.193 505.698 484.858 479.885 471.431 444.575 435.926 427.597 421.119 418.128 412.027 409.102 405.647 402.734 398.948 394.429 390.067 380.962 345.844 322.917 310.148 305.969 303.617 301.885 301.113 300.607 300.356 300.269 300.12 300.09 300.055 300.009 300.004 300.002 300.001 300 300 300 300 300 300 300 300 300 300 300 300 300 300 300 300 300 300 300 300 300 300 300 300 300 300 300 300 300 300 300 300 300 300 300 300 300 300 300 300 300 300 300 300 300 300 300 300 300 300 300 300
2928.56 1772.35 1451.51 814.095 678.551 627.871 586.67 561.756 533.371 515.262 495.588 489.801 476.19 466.532 461.803 458.849 451.602 448.961 446.228 435.531 431.32 425.209 423.277 422.199 421.098 420.081 419.21 416.498 404.986 364.54 357.354 354.273 352.954 351.937 351.66 351.432 351.176 349.877 344.281 323.479 310.429 303.059 301.352 300.572 300.183 300.088 300.031 300.013 300.005 300.002 300.001 300 300 300 300 300 300 300 300 300 300 300 300 300 300 300 300 300 300 300 300 300 300 300 300 300 300 300 300 300 300 300 300 300 300 300 300 300 300 300 300 300 300 300 300
3147.19 1900.6 1300.03 746.313 683.755 638.167 595.869 595.869 538.075 515.671 500.278 483.765 462.762 446.985 434.367 429.221 422.085 420.038 415.378 411.516 406.923 404.581 402.76 400.409 398.06 395.802 391.194 388.712 384.8 359.196 323.734 312.693 305.918 302.56 301.995 301.215 300.615 300.413 300.238 300.052 300.021 300.01 300.003 300.002 300.001 300 300 300 300 300 300 300 300 300 300 300 300 300 300 300 300 300 300 300 300 300 300 300 300 300 300 300 300 300 300 300 300 300 300 300 300 300 300 300 300 300 300 300 300 300 300 300 300 300 300
4626.71 2263.41 1316.17 780.942 700.146 647.984 576.639 564.073 524.664 488.148 472.642 457.874 441.275 435.551 431.898 428.777 425.547 423.786 422.577 420.85 419.286 418.205 416.188 406.392 391.471 366.767 358.318 353.93 353.268 352.147 351.561 351.229 350.421 346.733 340.102 330.8 320.873 309.587 304.031 300.902 300.43 300.167 300.066 300.03 300.012 300.005 300.002 300.001 300 300 300 300 300 300 300 300 300 300 300 300 300 300 300 300 300 300 300 300 300 300 300 300 300 300 300 300 300 300 300 300 300 300 300 300 300 300 300 300 300 300 300 300 300 300 300
3377.55 1779.82 1195.56 756.233 698.568 610.944 607.468 550.781 510.873 499.565 471.028 459.595 442.739 437.491 434.714 429.489 419.72 415.828 414.07 410.589 408.555 406.522 404.171 402.418 401.064 398.339 396.776 395.487 393.697 392.58 392.026 391.325 390.914 390.326 386.843 378.368 334.994 314.621 309.39 301.397 300.502 300.262 300.111 300.05 300.021 300.008 300.003 300.002 300.001 300 300 300 300 300 300 300 300 300 300 300 300 300 300 300 300 300 300 300 300 300 300 300 300 300 300 300 300 300 300 300 300 300 300 300 300 300 300 300 300 300 300 300 300 300 300
3497.99 1895.44 1338.23 791.828 700.744 599.553 582.633 538.876 534.486 503.974 494.92 478.73 474.543 460.224 430.977 423.952 419.026 417.135 414.3 410.65 409.064 406.24 404.232 403.136 401.624 399.861 397.754 396.184 394.854 393.578 392.71 391.643 391.112 390.812 390.515 386.85 375.605 337.024 316.084 302.304 300.84 300.406 300.174 300.071 300.031 300.012 300.005 300.002 300.001 300 300 300 300 300 300 300 300 300 300 300 300 300 300 300 300 300 300 300 300 300 300 300 300 300 300 300 300 300 300 300 300 300 300 300 300 300 300 300 300 300 300 300 300 300 300
3997.04 1980.43 1331.35 792.379 714.521 675.171 614.205 577.308 539.339 527.992 510.421 491.703 483.371 474.614 464.872 451.356 427.772 427.772 422.198 413.929 408.445 406.593 400.884 398.028 395.802 393.543 388.433 374.714 329.457 312.258 307.287 304.845 302.797 301.248 300.79 300.441 300.27 300.169 300.109 300.018 300.01 300.004 300.002 300.001 300 300 300 300 300 300 300 300 300 300 300 300 300 300 300 300 300 300 300 300 300 300 300 300 300 300 300 300 300 300 300 300 300 300 300 300 300 300 300 300 300 300 300 300 300 300 300 300 300 300 300
2562.7 2201.72 1337.46 766.643 664.397 638.1 577.676 556.901 515.341 479.717 465.877 454.149 442.232 433.712 430.358 426.584 422.637 420.788 420.029 417.948 416.268 408.11 404.182 402.24 397.14 376.405 358.996 355.561 353.357 352.082 351.704 351.135 349.964 343.806 336.004 327.221 314.876 307.393 304.149 300.722 300.305 300.12 300.054 300.023 300.011 300.004 300.002 300.001 300 300 300 300 300 300 300 300 300 300 300 300 300 300 300 300 300 300 300 300 300 300 300 300 300 300 300 300 300 300 300 300 300 300 300 300 300 300 300 300 300 300 300 300 300 300 300
2807.22 2187.39 1256.24 705.811 673.173 612.814 569.213 532.957 514.171 492.764 481.887 466.02 455.756 448.236 442.783 436.077 434.94 432.103 430.074 427.603 425.503 424.243 423.415 422.593 421.545 419.614 416.763 415.284 414.46 414.257 414.07 414.039 414.011 413.991 413.983 413.979 413.976 413.976 413.975 413.975 413.975 413.975 413.975 413.975 413.975 413.975 413.975 413.975 413.975 413.975 413.975 413.975 413.975 413.975 413.975 413.975 413.975 413.975 413.975 413.975 413.975 413.975 413.975 413.975 413.975 413.975 413.975 413.975 413.975 413.975 413.975 413.975 413.975 413.975 413.975 413.975 413.975 413.975 413.975 413.975 413.975 413.975 413.975 413.975 413.975 413.975 413.975 413.975 413.975 413.975 413.975 413.975 413.975 413.975 413.975
3804.1 1949.78 1198.25 698.212 677.747 638.034 581.071 540.056 515.003 500.64 477.951 467.53 455.471 446.625 439.182 437.343 431.268 426.477 422.633 415.503 408.922 406.588 404.737 404.492 402.685 401.285 398.202 382.236 354.23 347.862 340.393 330.733 320.02 308.814 304.732 302.955 301.503 300.761 300.501 300.079 300.04 300.016 300.007 300.003 300.001 300.001 300 300 300 300 300 300 300 300 300 300 300 300 300 300 300 300 300 300 300 300 300 300 300 300 300 300 300 300 300 300 300 300 300 300 300 300 300 300 300 300 300 300 300 300 300 300 300 300 300
3222.92 2047.08 1342.64 751.109 693.84 615.276 552.775 550.589 512.278 489.563 472.419 455.334 446.583 433.372 431.484 429.061 425.621 422.283 421.513 419.966 418.181 416.945 411.206 404.624 402.725 401.825 401.302 401.08 401.002 400.902 400.876 400.825 400.716 400.149 398.929 396.684 395.084 392.636 386.138 328.282 313.817 304.647 301.893 300.643 300.283 300.092 300.041 300.018 300.008 300.003 300.001 300 300 300 300 300 300 300 300 300 300 300 300 300 300 300 300 300 300 300 300 300 300 300 300 300 300 300 300 300 300 300 300 300 300 300 300 300 300 300 300 300 300 300 300
3626.77 2209.53 1276.89 729.235 667.155 622.252 587.809 550.773 517.857 502.602 474.476 461.375 454.682 439.487 434.366 430.354 427.301 424.329 422.494 421.29 419.963 418.513 414.701 408.585 403.178 400.687 389.952 364.108 358.443 354.021 352.627 351.879 351.485 351.222 350.771 348.52 338.384 331.944 324.858 303.748 301.497 300.729 300.325 300.122 300.051 300.021 300.008 300.003 300.001 300 300 300 300 300 300 300 300 300 300 300 300 300 300 300 300 300 300 300 300 300 300 300 300 300 300 300 300 300 300 300 300 300 300 300 300 300 300 300 300 300 300 300 300 300 300
3150.49 2396.36 1413.31 778.693 710.026 630.133 571.341 547.413 527.334 509.69 497.714 488.138 470.472 465.114 450.021 444.237 436.095 431.609 426.897 423.923 423.072 421.8 420.755 420.244 419.393 416.402 393.529 379.295 376.348 374.44 372.865 369.189 362.171 355.489 353.513 352.326 351.791 351.743 351.641 351.477 350.673 344.316 333.461 325.744 313.354 304.111 302.051 300.619 300.242 300.085 300.038 300.014 300.005 300.002 300 300 300 300 300 300 300 300 300 300 300 300 300 300 300 300 300 300 300 300 300 300 300 300 300 300 300 300 300 300 300 300 300 300 300 300 300 300 300 300 300
3856.97 2134.25 1423.87 850.702 728.681 635.689 592.797 561.443 535.176 525.998 508.361 490.27 474.224 464.046 445.605 435.906 430.49 421.821 419.316 414.618 410.136 404.429 400.745 398.631 396.616 393.929 389.046 383.856 359.715 322.614 310.682 304.811 303.289 301.887 301.268 300.53 300.345 300.242 300.134 300.027 300.015 300.006 300.002 300.001 300.001 300 300 300 300 300 300 300 300 300 300 300 300 300 300 300 300 300 300 300 300 300 300 300 300 300 300 300 300 300 300 300 300 300 300 300 300 300 300 300 300 300 300 300 300 300 300 300 300 300 300
4093.61 1884 1170.94 792.25 692.008 653.834 606.586 561.652 540.688 508.998 481.322 464.154 442.156 433.476 426.207 419.99 413.411 411.559 406.505 403.609 400.206 396.961 392.776 391.083 386.701 371.03 323.775 315.488 308.117 304.897 302.577 301.549 300.914 300.623 300.311 300.199 300.105 300.069 300.039 300.008 300.004 300.002 300.001 300 300 300 300 300 300 300 300 300 300 300 300 300 300 300 300 300 300 300 300 300 300 300 300 300 300 300 300 300 300 300 300 300 300 300 300 300 300 300 300 300 300 300 300 300 300 300 300 300 300 300 300
3022.86 1806.53 1238.03 786.101 687.522 613.038 596.047 555.97 532.695 510.825 494.987 483.78 448.596 435.704 425.555 421.058 415.885 412.485 407.204 402.838 399.322 397.166 393.828 389.783 382.042 340.349 321.708 308.85 304.914 303.079 302.201 301.23 300.769 300.431 300.271 300.157 300.092 300.056 300.035 300.007 300.003 300.002 300.001 300 300 300 300 300 300 300 300 300 300 300 300 300 300 300 300 300 300 300 300 300 300 300 300 300 300 300 300 300 300 300 300 300 300 300 300 300 300 300 300 300 300 300 300 300 300 300 300 300 300 300 300
3780.68 2037.86 1276.18 844.069 693.201 626.469 585.92 565.825 541.347 517.223 508.96 494.985 485.652 450.653 450.653 442.716 429.354 422.5 420.398 415.669 411.216 406.053 403.156 401.41 399.364 396.742 394.475 390.88 386.105 370.554 324.197 311.75 308.701 304.67 302.45 301.254 300.7 300.437 300.274 300.059 300.029 300.013 300.005 300.002 300.001 300 300 300 300 300 300 300 300 300 300 300 300 300 300 300 300 300 300 300 300 300 300 300 300 300 300 300 300 300 300 300 300 300 300 300 300 300 300 300 300 300 300 300 300 300 300 300 300 300 300
3331.86 2145.8 1512.86 797.915 706.592 618.263 589.95 560.848 533.612 491.18 480.03 466.344 449.193 441.031 435.645 429.641 426.287 423.074 422.582 420.474 419.515 418.452 416.289 409.652 404.396 400.296 377.034 359.679 354.857 353.078 352.613 352.15 351.76 351.641 351.533 351.417 350.906 348.73 343.257 325.515 314.122 305.14 302.099 300.746 300.336 300.134 300.06 300.023 300.01 300.004 300.001 300.001 300 300 300 300 300 300 300 300 300 300 300 300 300 300 300 300 300 300 300 300 300 300 300 300 300 300 300 300 300 300 300 300 300 300 300 300 300 300 300 300 300 300 300
3416.63 1954.26 1390.81 796.172 745.489 628.098 593.272 562.097 542.38 520.327 493.018 475.03 466.408 458.281 448.24 440.245 434.695 430.932 426.911 424.634 422.26 419.905 419.181 416.549 413.26 406.037 401.173 378.508 359.771 355.63 352.81 352.538 351.808 351.487 351.263 350.769 347.403 336.578 329.954 306.263 302.85 301.129 300.365 300.175 300.068 300.029 300.011 300.005 300.002 300.001 300 300 300 300 300 300 300 300 300 300 300 300 300 300 300 300 300 300 300 300 300 300 300 300 300 300 300 300 300 300 300 300 300 300 300 300 300 300 300 300 300 300 300 300 300
3182.06 2304.31 1192.57 774.425 663.161 624.668 598.21 577.485 536.515 516.671 487.034 463.195 448.828 433.97 421.826 420.572 412.45 409.478 405.996 402.164 399.669 396.167 392.434 389.476 381.377 342.911 317.501 311.606 305.447 303.965 302.386 301.226 300.88 300.472 300.291 300.181 300.108 300.062 300.045 300.008 300.004 300.002 300.001 300 300 300 300 300 300 300 300 300 300 300 300 300 300 300 300 300 300 300 300 300 300 300 300 300 300 300 300 300 300 300 300 300 300 300 300 300 300 300 300 300 300 300 300 300 300 300 300 300 300 300 300
3927.3 1552.83 1059.07 834.693 709.083 635.608 602.696 563.189 542.416 524.713 501.326 484.103 477.309 460.851 448.492 438.385 430.438 428.929 426.151 422.884 421.963 420.636 419.734 418.667 417.4 408.711 378.094 358.741 354.577 353.58 352.592 351.892 351.738 351.581 351.501 351.199 349.622 341.361 333.503 313.303 304.178 301.772 300.635 300.217 300.103 300.038 300.016 300.007 300.002 300.001 300 300 300 300 300 300 300 300 300 300 300 300 300 300 300 300 300 300 300 300 300 300 300 300 300 300 300 300 300 300 300 300 300 300 300 300 300 300 300 300 300 300 300 300 300
3913.91 1781.25 1080.37 817.219 648.237 612.221 554.165 554.165 529.627 504.587 487.389 475.673 464.186 453.401 445.9 439.108 432.665 428.119 425.767 423.379 421.962 420.676 418.637 415.518 409.992 404.831 402.001 400.479 389.31 362.966 356.52 353.68 352.651 352.08 351.76 351.64 351.601 351.557 351.38 342.741 334.135 322.403 310.976 304.066 301.545 300.556 300.22 300.088 300.033 300.012 300.006 300.002 300.001 300 300 300 300 300 300 300 300 300 300 300 300 300 300 300 300 300 300 300 300 300 300 300 300 300 300 300 300 300 300 300 300 300 300 300 300 300 300 300 300 300 300
3729.33 2242.12 1223.48 759.198 690.086 615.24 607.063 537.205 535.414 504.632 497.292 492.928 479.98 468.447 464.821 452.246 443.448 440.223 434.829 428.992 426.271 422.67 421.156 419.791 417.466 407.402 404.026 402.518 401.527 401.285 401.058 400.936 400.892 400.856 400.803 400.469 399.108 397.55 395.942 389.017 376.473 329.327 310.678 304 301.296 300.47 300.195 300.069 300.028 300.011 300.004 300.002 300.001 300 300 300 300 300 300 300 300 300 300 300 300 300 300 300 300 300 300 300 300 300 300 300 300 300 300 300 300 300 300 300 300 300 300 300 300 300 300 300 300 300 300
4018.04 1620.4 1187.2 735.772 638.669 636.504 577.459 547.585 528.27 506.649 487.636 474.685 456.667 451.16 441.593 432.394 426.32 417.623 412.156 410.271 408.406 405.773 403.381 400.876 398.131 395.982 394.043 392.36 391.504 391.011 390.647 387.309 380.37 343.551 319.63 309.845 305.705 302.996 301.704 300.321 300.145 300.057 300.023 300.011 300.005 300.002 300.001 300 300 300 300 300 300 300 300 300 300 300 300 300 300 300 300 300 300 300 300 300 300 300 300 300 300 300 300 300 300 300 300 300 300 300 300 300 300 300 300 300 300 300 300 300 300 300 300
3009.64 1769.1 1406.33 846.502 644.765 616.96 591.185 561.52 521.36 492.572 477.766 467.957 455.643 443.846 440.114 435.676 432.208 429.326 426.34 425.367 424.419 423.27 422.284 420.771 416.872 415.248 414.562 414.293 414.103 414.067 414.029 413.997 413.989 413.982 413.978 413.977 413.976 413.975 413.975 413.975 413.975 413.975 413.975 413.975 413.975 413.975 413.975 413.975 413.975 413.975 413.975 413.975 413.975 413.975 413.975 413.975 413.975 413.975 413.975 413.975 413.975 413.975 413.975 413.975 413.975 413.975 413.975 413.975 413.975 413.975 413.975 413.975 413.975 413.975 413.975 413.975 413.975 413.975 413.975 413.975 413.975 413.975 413.975 413.975 413.975 413.975 413.975 413.975 413.975 413.975 413.975 413.975 413.975 413.975 413.975
3903.21 1821.2 1437.9 779.552 689.435 647.368 610.271 558.023 547.463 509.724 501.593 460.563 458.179 440.89 430.864 425.341 417.285 414.694 411.781 406.478 403.193 400.774 397.465 394.078 391.738 389.948 381.937 340.585 318.498 307.934 305.491 303.445 301.969 301.041 300.641 300.353 300.184 300.131 300.072 300.017 300.007 300.003 300.001 300.001 300 300 300 300 300 300 300 300 300 300 300 300 300 300 300 300 300 300 300 300 300 300 300 300 300 300 300 300 300 300 300 300 300 300 300 300 300 300 300 300 300 300 300 300 300 300 300 300 300 300 300
4014.28 2135.49 1229.32 841.436 762.542 662.332 609.366 580.814 549.234 510.387 494.726 477.43 461.553 445.596 440.178 434.635 428.469 427.445 424.827 422.499 421.014 419.939 418.922 418.401 417.829 416.701 412.211 405.163 403.028 401.434 401.289 401.087 400.959 400.909 400.886 400.872 400.839 400.707 400.134 396.658 392.948 385.655 341.573 318.274 305.645 302.229 300.776 300.291 300.122 300.048 300.016 300.007 300.002 300.001 300 300 300 300 300 300 300 300 300 300 300 300 300 300 300 300 300 300 300 300 300 300 300 300 300 300 300 300 300 300 300 300 300 300 300 300 300 300 300 300 300
3661.56 1927.86 1134.45 864.526 703.304 599.422 585.816 551.883 526.047 476.064 468.964 463.43 451.457 442.793 439.793 434.4 432.459 428.573 427.046 424.765 421.694 416.572 409.572 406.137 404.708 403.915 403.338 402.86 401.952 401.429 400.957 399.933 397.607 396.056 394.953 393.794 392.421 391.849 391.528 390.71 390.067 383.583 345.122 317.494 306.071 301.818 300.649 300.3 300.107 300.044 300.015 300.006 300.002 300.001 300 300 300 300 300 300 300 300 300 300 300 300 300 300 300 300 300 300 300 300 300 300 300 300 300 300 300 300 300 300 300 300 300 300 300 300 300 300 300 300 300
2233.14 2233.14 1585.28 870.829 741.071 670.288 626.393 554.689 544.109 509.689 504.499 491.591 471.99 458.219 443.496 431.122 428.062 421.715 418.117 414.581 410.419 407.664 403.335 399.121 395.53 392.206 387.934 372.873 329.157 315.36 308.914 304.342 302.304 301.44 300.755 300.406 300.313 300.143 300.099 300.019 300.008 300.004 300.002 300.001 300 300 300 300 300 300 300 300 300 300 300 300 300 300 300 300 300 300 300 300 300 300 300 300 300 300 300 300 300 300 300 300 300 300 300 300 300 300 300 300 300 300 300 300 300 300 300 300 300 300 300
2600.3 1598.65 1376.69 776.408 656.496 631.308 585.692 571.725 512.111 512.111 498.128 472.805 463.419 449.208 439.82 432.112 427.836 425.327 422.496 420.692 416.593 408.264 404.257 403.135 402.369 401.98 401.712 401.506 401.397 401.243 400.85 399.436 397.662 396.122 394.566 392.868 391.624 391.1 390.74 379.428 341.112 311.124 304.234 302.025 300.708 300.291 300.108 300.043 300.019 300.008 300.003 300.001 300 300 300 300 300 300 300 300 300 300 300 300 300 300 300 300 300 300 300 300 300 300 300 300 300 300 300 300 300 300 300 300 300 300 300 300 300 300 300 300 300 300 300
3828.85 1999.68 1141.29 772.668 693.425 605.131 584.734 557.276 531.178 505.539 480.205 463.253 455.935 439.94 434.39 428.23 422.33 416.358 410.109 406.81 405.325 403.375 402.443 401.929 401.56 401.373 401.198 400.866 399.363 397.467 395.733 394.586 393.43 392.136 391.686 391.181 390.861 390.391 384.915 325.986 307.453 302.798 301.193 300.486 300.193 300.066 300.027 300.012 300.005 300.002 300.001 300 300 300 300 300 300 300 300 300 300 300 300 300 300 300 300 300 300 300 300 300 300 300 300 300 300 300 300 300 300 300 300 300 300 300 300 300 300 300 300 300 300 300 300
1798.91 1798.91 1166.45 711.488 688.718 628.34 563.66 533.234 505.199 482.984 473.505 453.99 448.57 436.524 433.462 428.089 424.907 421.826 421.219 419.126 415.754 406.707 403.282 399.634 384.816 363.209 356.923 353.796 352.767 352.079 351.609 351.326 350.784 348.4 340.833 330.915 326.349 315.896 307.332 301.065 300.433 300.202 300.094 300.034 300.016 300.007 300.003 300.001 300.001 300 300 300 300 300 300 300 300 300 300 300 300 300 300 300 300 300 300 300 300 300 300 300 300 300 300 300 300 300 300 300 300 300 300 300 300 300 300 300 300 300 300 300 300 300 300
3488.63 1924.31 1540.79 784.193 743.394 642.931 589.359 537.878 529.153 505.713 484.906 468.732 456.586 447.875 442.465 435.992 431.743 429.51 427.786 425.502 424.091 422.593 421.612 417.341 415.893 414.894 414.504 414.222 414.104 414.072 414.029 414.001 413.986 413.981 413.977 413.976 413.976 413.975 413.975 413.975 413.975 413.975 413.975 413.975 413.975 413.975 413.975 413.975 413.975 413.975 413.975 413.975 413.975 413.975 413.975 413.975 413.975 413.975 413.975 413.975 413.975 413.975 413.975 413.975 413.975 413.975 413.975 413.975 413.975 413.975 413.975 413.975 413.975 413.975 413.975 413.975 413.975 413.975 413.975 413.975 413.975 413.975 413.975 413.975 413.975 413.975 413.975 413.975 413.975 413.975 413.975 413.975 413.975 413.975 413.975
3388.7 2147.25 1155.88 758.749 694.139 644.815 598.872 574.447 544.562 515.097 494.878 486.656 474.783 457.232 437.258 428.831 421.231 417.135 413.9 407.105 404.165 401.362 398.325 394.826 392.303 387.95 378.492 343.696 320.705 310.538 306.17 303.381 302.079 301.309 300.539 300.371 300.238 300.152 300.09 300.019 300.008 300.004 300.002 300.001 300 300 300 300 300 300 300 300 300 300 300 300 300 300 300 300 300 300 300 300 300 300 300 300 300 300 300 300 300 300 300 300 300 300 300 300 300 300 300 300 300 300 300 300 300 300 300 300 300 300 300
3502.23 1606.23 1430.97 763.516 630.415 597.537 583.165 551.187 515.469 503.759 479.799 463.193 452.147 443.941 432.459 429.766 426.512 423.113 417.135 411.413 406.948 404.102 403.297 402.251 401.744 401.652 401.507 401.362 401.226 400.767 399.634 398.253 396.482 394.441 392.716 392.059 391.685 391.305 390.896 386.354 367.579 326.54 309.868 303.843 300.835 300.446 300.179 300.075 300.028 300.011 300.004 300.002 300.001 300 300 300 300 300 300 300 300 300 300 300 300 300 300 300 300 300 300 300 300 300 300 300 300 300 300 300 300 300 300 300 300 300 300 300 300 300 300 300 300 300 300
3771.42 2029.91 1256.33 778.802 701.449 651.186 589.728 546.184 534.183 504.611 474.769 460.663 448.429 439.537 435.518 428.021 424.218 422.247 420.647 416.787 409.67 406.419 403.512 402.604 401.957 401.756 401.545 401.382 401.137 400.08 398.454 396.879 395.733 394.093 391.75 391.021 390.54 388.907 378.334 317.195 304.266 301.802 300.726 300.335 300.12 300.052 300.024 300.01 300.003 300.001 300 300 300 300 300 300 300 300 300 300 300 300 300 300 300 300 300 300 300 300 300 300 300 300 300 300 300 300 300 300 300 300 300 300 300 300 300 300 300 300 300 300 300 300 300
3994.07 1787.27 1431.32 715.568 689.688 604.59 580.178 549.821 504.461 488.598 471.897 455.011 441.537 434.718 430.807 426.592 424.687 422.45 420.712 419.61 418.703 417.538 411.888 407.166 403.251 402.25 401.413 401.066 400.996 400.887 400.803 400.567 399.471 397.537 396.234 394.349 389.085 380.422 352.354 308.239 304.076 301.397 300.629 300.23 300.076 300.032 300.013 300.005 300.002 300.001 300 300 300 300 300 300 300 300 300 300 300 300 300 300 300 300 300 300 300 300 300 300 300 300 300 300 300 300 300 300 300 300 300 300 300 300 300 300 300 300 300 300 300 300 300
3089.72 2166.21 1123.06 787.618 666.806 640.784 588.008 561.889 527.697 505.496 478.598 462.879 453.982 445.883 438.592 435.04 429.458 428.04 426.224 424.244 423.542 422.216 419.48 415.914 415.092 414.45 414.241 414.135 414.042 414.003 413.994 413.984 413.98 413.977 413.976 413.976 413.975 413.975 413.975 413.975 413.975 413.975 413.975 413.975 413.975 413.975 413.975 413.975 413.975 413.975 413.975 413.975 413.975 413.975 413.975 413.975 413.975 413.975 413.975 413.975 413.975 413.975 413.975 413.975 413.975 413.975 413.975 413.975 413.975 413.975 413.975 413.975 413.975 413.975 413.975 413.975 413.975 413.975 413.975 413.975 413.975 413.975 413.975 413.975 413.975 413.975 413.975 413.975 413.975 413.975 413.975 413.975 413.975 413.975 413.975
3918.96 2147.13 1573.16 798.65 643.785 643.785 575.831 521.94 520.961 501.957 491.495 480.533 449.953 440.671 428.111 422.696 419.967 414.257 408.387 405.268 402.988 399.341 394.933 391.747 389.758 378.505 339.311 317.785 310.395 304.904 303.661 301.748 301.184 300.689 300.381 300.245 300.127 300.08 300.047 300.011 300.005 300.002 300.001 300 300 300 300 300 300 300 300 300 300 300 300 300 300 300 300 300 300 300 300 300 300 300 300 300 300 300 300 300 300 300 300 300 300 300 300 300 300 300 300 300 300 300 300 300 300 300 300 300 300 300 300
3754.79 1927.66 1069.61 797.225 664.88 574.037 574.037 545.61 502.695 499.496 484.237 467.012 448.271 441.942 436.752 430.773 426.925 424.993 422.381 421.277 420.271 419.187 416.451 410.909 405.007 403.238 402.934 402.29 401.877 401.7 401.58 401.531 401.495 401.458 401.384 400.997 398.956 396.953 394.998 391.726 391.035 390.612 387.803 380.533 343.986 313.751 304.049 301.497 300.474 300.189 300.063 300.021 300.008 300.003 300 300 300 300 300 300 300 300 300 300 300 300 300 300 300 300 300 300 300 300 300 300 300 300 300 300 300 300 300 300 300 300 300 300 300 300 300 300 300 300 300
3246.07 2072.74 1367.43 690.3 634.334 634.334 592.324 540.704 520.976 480.806 480.806 462.98 454.036 444.22 435.439 431.767 427.907 425.189 422.385 413.914 409.555 406.935 404.64 403.416 402.426 401.975 401.616 401.347 400.956 400.082 398.363 397.047 394.959 393.544 391.988 391.449 391.027 390.714 389.034 324.729 310.419 303.461 301.058 300.553 300.231 300.071 300.034 300.015 300.006 300.003 300.001 300 300 300 300 300 300 300 300 300 300 300 300 300 300 300 300 300 300 300 300 300 300 300 300 300 300 300 300 300 300 300 300 300 300 300 300 300 300 300 300 300 300 300 300
4081.7 2263.69 1231.72 753.794 625.418 602.788 575.253 536.761 512.226 500.652 481.16 460.076 449.501 443.365 434.356 429.232 425.456 424.521 421.324 419.722 416.98 408.69 404.179 402.684 401.383 400.423 386.259 366.239 358.63 354.567 352.445 351.578 351.125 349.599 340.369 325.195 317.629 307.255 303.922 300.728 300.257 300.134 300.056 300.023 300.01 300.004 300.002 300.001 300 300 300 300 300 300 300 300 300 300 300 300 300 300 300 300 300 300 300 300 300 300 300 300 300 300 300 300 300 300 300 300 300 300 300 300 300 300 300 300 300 300 300 300 300 300 300
4030.25 1735.69 1329.05 732.733 725.348 605.721 575.599 557.139 526.514 515.222 490.522 480.025 459.755 445.134 437.445 431.017 427.767 426.08 423.689 421.867 420.288 419.475 418.597 417.93 416.154 410.606 404.172 400.23 396.828 377.619 362.202 355.166 353.188 352.111 351.782 351.674 351.562 351.326 350.554 333.614 322.872 309.107 303.411 301.261 300.596 300.237 300.097 300.038 300.014 300.006 300.002 300.001 300 300 300 300 300 300 300 300 300 300 300 300 300 300 300 300 300 300 300 300 300 300 300 300 300 300 300 300 300 300 300 300 300 300 300 300 300 300 300 300 300 300 300
2709.13 2024.19 1356.06 715.244 681.395 592.705 568.688 527.729 523.262 499.172 481.383 466.362 454.231 447.852 440.347 435.463 430.704 428.194 426.848 424.953 422.854 420.399 416.632 415.277 414.49 414.356 414.161 414.083 414.036 414.008 413.993 413.983 413.979 413.977 413.976 413.976 413.975 413.975 413.975 413.975 413.975 413.975 413.975 413.975 413.975 413.975 413.975 413.975 413.975 413.975 413.975 413.975 413.975 413.975 413.975 413.975 413.975 413.975 413.975 413.975 413.975 413.975 413.975 413.975 413.975 413.975 413.975 413.975 413.975 413.975 413.975 413.975 413.975 413.975 413.975 413.975 413.975 413.975 413.975 413.975 413.975 413.975 413.975 413.975 413.975 413.975 413.975 413.975 413.975 413.975 413.975 413.975 413.975 413.975 413.975
3472.61 1688.32 1389.05 754.345 676.343 623.984 573.914 560.157 526.552 515.12 495.621 485.26 474.805 464.811 447.731 436.545 427.367 423.77 418.458 414.24 406.92 402.198 400.473 397.676 392.96 388.504 384.916 359.276 332.925 315.255 308.956 304.149 302.597 301.557 300.933 300.564 300.326 300.164 300.106 300.02 300.011 300.004 300.002 300.001 300 300 300 300 300 300 300 300 300 300 300 300 300 300 300 300 300 300 300 300 300 300 300 300 300 300 300 300 300 300 300 300 300 300 300 300 300 300 300 300 300 300 300 300 300 300 300 300 300 300 300
3998.78 2143.1 1067.44 784.934 675.731 608.278 559.761 535.826 511.92 496.162 472.853 457.3 451.518 440.768 431.427 429.294 425.535 422.774 416.656 410.847 408.188 406.406 404.846 403.437 402.256 401.746 401.136 400.396 398.814 396.896 395.581 394.062 392.933 392.02 391.486 391.273 391.036 390.7 389.953 339.458 315.066 304.834 301.648 300.826 300.343 300.121 300.046 300.02 300.008 300.003 300.001 300 300 300 300 300 300 300 300 300 300 300 300 300 300 300 300 300 300 300 300 300 300 300 300 300 300 300 300 300 300 300 300 300 300 300 300 300 300 300 300 300 300 300 300
2471.14 2032.66 1227.72 812.925 693.889 654.83 595.837 571.956 538.55 517.113 493.607 474.247 463.711 454.275 437.398 431.742 427.911 424.096 422.649 420.687 419.835 418.907 416.923 414.251 408.864 396.509 372.941 360.014 354.131 353.487 352.501 352.02 351.77 351.681 351.606 351.572 351.505 351.165 349.29 334.622 327.077 314.865 305.701 302.337 300.776 300.28 300.117 300.047 300.02 300.008 300.003 300.001 300 300 300 300 300 300 300 300 300 300 300 300 300 300 300 300 300 300 300 300 300 300 300 300 300 300 300 300 300 300 300 300 300 300 300 300 300 300 300 300 300 300 300
3474.98 2079.5 1272.96 798.531 701.885 599.747 587.29 562.496 519.804 498.816 473.128 463.354 442.813 438.118 433.331 429.542 425.691 423.476 421.868 420.522 419.237 417.831 415.842 411.049 403.028 387.456 364.063 355.101 352.838 351.716 350.505 349.731 346.995 337.466 327.041 314.733 307.274 303.473 301.715 300.331 300.152 300.07 300.028 300.012 300.005 300.002 300.001 300 300 300 300 300 300 300 300 300 300 300 300 300 300 300 300 300 300 300 300 300 300 300 300 300 300 300 300 300 300 300 300 300 300 300 300 300 300 300 300 300 300 300 300 300 300 300 300
3693.47 2016.55 1625.89 809.294 667.028 640.628 604.406 547.975 525.888 512.423 484.41 481.927 466.101 460.057 436.584 427.731 420.83 418.956 413.274 407.574 402.668 400.056 398.36 395.783 392.598 388.972 378.152 329.83 316.319 307.96 304.151 303.057 301.359 300.983 300.614 300.346 300.165 300.111 300.068 300.013 300.007 300.003 300.001 300.001 300 300 300 300 300 300 300 300 300 300 300 300 300 300 300 300 300 300 300 300 300 300 300 300 300 300 300 300 300 300 300 300 300 300 300 300 300 300 300 300 300 300 300 300 300 300 300 300 300 300 300
3904.21 2265.67 1278.46 744.172 698.582 628.581 602.467 534.523 519.045 495.875 479.005 461.743 454.308 444.119 436.015 431.073 428.241 424.737 422.85 420.699 419.984 417.713 413.596 405.693 403.056 401.992 401.677 401.312 401.177 400.424 398.396 380.111 363.145 356.715 353.867 352.296 351.401 350.455 347.359 327.617 316.362 306.477 302.154 300.89 300.39 300.157 300.062 300.026 300.01 300.004 300.001 300.001 300 300 300 300 300 300 300 300 300 300 300 300 300 300 300 300 300 300 300 300 300 300 300 300 300 300 300 300 300 300 300 300 300 300 300 300 300 300 300 300 300 300 300
3352.3 1872.06 1410.75 820.058 693.283 661.943 613.976 570.835 539.974 523.379 500.217 492.376 483.348 475.132 459.32 434.231 422.085 417.448 412.818 406.356 401.541 399.932 396.346 393.927 390.067 385.215 361.507 325.894 311.945 306.337 303.855 302.595 301.581 300.851 300.478 300.261 300.154 300.088 300.056 300.014 300.007 300.003 300.001 300.001 300 300 300 300 300 300 300 300 300 300 300 300 300 300 300 300 300 300 300 300 300 300 300 300 300 300 300 300 300 300 300 300 300 300 300 300 300 300 300 300 300 300 300 300 300 300 300 300 300 300 300
