10224.1 10224.1 8780.97 8780.97 5051.42 2655.75 1884.82 1628.74 950.449 950.449 915.757 729.564 368.231 329.781 295.679 161.724 102.926 102.926 64.5187 56.8736 42.215 35.544 20.3821 14.7889 9.16008 7.41937 3.80162 2.38342 1.01263 0.974936 0.713963 0.537036 0.259699 0.112836 0.0498727 0.0211398 0.0101134 0.00197109 0.00139022 0.000536921 0.000213126 8.27803e-05 4.92464e-06 9.16851e-07 2.62365e-07 5.62717e-08 1.01521e-08 0 0 0 0 0 0 0 0 0 0 0 0 0 0 0 0 0 0 0 0 0 0 0 0 0 0 0 0 0 0 0 0 0 0 0 0 0 0 0 0 0 0 0 0 0 0 0 0 0 0 0
13745.2 13745.2 6045.15 4000.8 4000.8 2486.71 1368.69 1166.78 784.776 784.776 615.616 441.891 310.509 246.966 203.448 133.366 82.1661 75.7367 31.7645 31.7645 27.1821 16.4066 9.45705 7.12868 5.84077 3.35825 1.95969 1.05877 0.840171 0.637938 0.332799 0.155817 0.0718191 0.0303914 0.0140823 0.00614802 0.00222477 0.00112577 0.000311732 0.000111395 5.84116e-05 3.78836e-06 8.32667e-07 1.58296e-07 3.54962e-08 0 0 0 0 0 0 0 0 0 0 0 0 0 0 0 0 0 0 0 0 0 0 0 0 0 0 0 0 0 0 0 0 0 0 0 0 0 0 0 0 0 0 0 0 0 0 0 0 0 0 0 0
13668 13668 6950.25 6950.25 6298.7 5913.46 2788.05 1483.39 1027.42 1027.42 1027.42 962.626 751.971 455.068 325.754 284.594 157.242 157.242 118.902 88.7399 54.8218 51.8448 27.8367 22.9348 14.4777 6.93602 5.26505 3.48502 1.8115 1.28695 0.852621 0.495322 0.381917 0.213747 0.0736855 0.0419138 0.0171129 0.00914869 0.00426991 0.00177302 0.000696114 0.000228709 0.000105006 5.43621e-06 1.19913e-06 2.12283e-07 4.53317e-08 1.14651e-08 0 0 0 0 0 0 0 0 0 0 0 0 0 0 0 0 0 0 0 0 0 0 0 0 0 0 0 0 0 0 0 0 0 0 0 0 0 0 0 0 0 0 0 0 0 0 0 0 0 0 0
15820.1 6266.44 6210.37 2753.62 2753.62 2265.21 1443.37 947.195 765.419 529.08 526.608 363.087 313.433 222.373 128.775 128.775 85.501 63.6359 36.8965 30.101 18.3232 12.2362 8.68989 5.2861 3.46027 1.64231 1.12974 0.872419 0.676843 0.372488 0.161434 0.0852189 0.0344327 0.00946279 0.00517785 0.00217571 0.00118186 0.000535812 0.000201014 6.73679e-05 4.72365e-06 8.97777e-07 2.72066e-07 2.57601e-08 1.02355e-08 0 0 0 0 0 0 0 0 0 0 0 0 0 0 0 0 0 0 0 0 0 0 0 0 0 0 0 0 0 0 0 0 0 0 0 0 0 0 0 0 0 0 0 0 0 0 0 0 0 0 0
10817.3 10817.3 9509.25 8876.47 5952.6 1738.54 1738.54 1334.87 816.496 433.562 433.562 433.562 266.835 214.126 159.309 93.6874 79.1841 62.0741 50.0505 36.9542 23.5949 16.8342 7.97514 7.07047 4.27233 2.92513 1.22337 0.916624 0.614485 0.553454 0.287871 0.123237 0.0448156 0.0242609 0.00901871 0.00503998 0.00154656 0.00060018 0.000284716 0.00015765 5.73523e-05 2.81962e-06 4.71504e-07 1.39848e-07 2.4212e-08 0 0 0 0 0 0 0 0 0 0 0 0 0 0 0 0 0 0 0 0 0 0 0 0 0 0 0 0 0 0 0 0 0 0 0 0 0 0 0 0 0 0 0 0 0 0 0 0 0 0 0 0
13981.2 8556.87 5048.74 2018.2 1913.32 1913.32 1448.23 821.89 711.932 535.247 344.765 344.765 227.193 191.886 118.785 118.505 68.9923 65.439 38.3732 38.3732 24.34 15.725 7.27703 5.19745 2.33849 1.68163 1.19818 0.971858 0.535567 0.397739 0.200157 0.100039 0.0393427 0.017956 0.00882404 0.00332896 0.00137401 0.000538012 0.000198998 8.74477e-05 4.57697e-06 6.84693e-07 1.71705e-07 2.60713e-08 0 0 0 0 0 0 0 0 0 0 0 0 0 0 0 0 0 0 0 0 0 0 0 0 0 0 0 0 0 0 0 0 0 0 0 0 0 0 0 0 0 0 0 0 0 0 0 0 0 0 0 0
10397.9 10397.9 8440.82 8420.13 5144.38 2185.2 1685.48 906.748 815.239 756.072 544.664 335.731 248.784 248.784 186.388 89.3886 88.0151 75.5313 64.5382 27.4534 23.8597 16.4354 9.40655 6.11049 4.13424 2.57165 0.96322 0.858913 0.833937 0.525192 0.338771 0.159811 0.0696389 0.0367788 0.0174117 0.00628955 0.00288863 0.000958476 0.000436005 0.000136052 7.09731e-05 2.06456e-06 7.6314e-07 1.34211e-07 3.03799e-08 0 0 0 0 0 0 0 0 0 0 0 0 0 0 0 0 0 0 0 0 0 0 0 0 0 0 0 0 0 0 0 0 0 0 0 0 0 0 0 0 0 0 0 0 0 0 0 0 0 0 0 0
12003.6 12003.6 7017.55 7017.55 4992.56 2172.61 1429.26 1171.9 851.174 541.097 541.097 407.838 272.62 212.989 180.646 132.205 101.364 56.0631 56.0631 36.5395 30.7697 20.6617 11.2088 7.00099 3.41463 2.88779 1.85247 1.23765 0.829386 0.54864 0.274876 0.158353 0.0735121 0.0277061 0.0130212 0.00486781 0.0022838 0.000792413 0.000360891 0.000173605 5.15292e-05 2.48822e-06 5.90677e-07 1.41971e-07 2.32836e-08 0 0 0 0 0 0 0 0 0 0 0 0 0 0 0 0 0 0 0 0 0 0 0 0 0 0 0 0 0 0 0 0 0 0 0 0 0 0 0 0 0 0 0 0 0 0 0 0 0 0 0 0
11834.4 11834.4 7627.14 5854.61 5854.61 5854.61 2863.29 1870.03 1125.07 1125.07 1125.07 672.011 608.096 530.502 372.537 184.001 184.001 184.001 123.905 91.5165 91.494 55.4961 50.1047 41.2449 13.7334 13.6026 8.48245 5.79951 3.10491 2.11264 1.25459 0.887145 0.619894 0.383666 0.15717 0.0968591 0.0366653 0.0142371 0.00630564 0.00230943 0.000905867 0.000266518 0.00017542 7.29155e-05 3.1193e-06 8.19425e-07 2.02709e-07 3.61783e-08 0 0 0 0 0 0 0 0 0 0 0 0 0 0 0 0 0 0 0 0 0 0 0 0 0 0 0 0 0 0 0 0 0 0 0 0 0 0 0 0 0 0 0 0 0 0 0 0 0 0 0 0
12087.1 12087.1 6312.26 4857.03 1895.57 1895.57 1409.16 965.755 720.692 463.16 456.444 229.861 187.844 155.984 118.565 84.4019 54.7846 51.8535 28.3843 25.4906 18.9515 12.9326 5.22133 4.07559 2.71726 1.57247 1.0722 0.7436 0.522096 0.276342 0.163321 0.0559058 0.0261686 0.0145445 0.00300391 0.00218998 0.000953798 0.000327663 0.000125677 5.44988e-05 2.86116e-06 5.12224e-07 1.08418e-07 2.17468e-08 0 0 0 0 0 0 0 0 0 0 0 0 0 0 0 0 0 0 0 0 0 0 0 0 0 0 0 0 0 0 0 0 0 0 0 0 0 0 0 0 0 0 0 0 0 0 0 0 0 0 0 0
12344.6 7327.22 5663.94 1975.33 1842.5 1307.14 978.892 786.543 499.675 392.043 353.17 241.218 182.809 158.585 101.759 84.78 66.8981 45.9098 28.0696 27.8906 15.5063 8.94325 5.76906 4.21941 2.24791 1.41973 0.95098 0.660229 0.421165 0.243251 0.100498 0.040974 0.0171548 0.00418487 0.00299694 0.00150432 0.000494985 0.000259268 8.00582e-05 3.79146e-06 6.87154e-07 1.77814e-07 3.29221e-08 0 0 0 0 0 0 0 0 0 0 0 0 0 0 0 0 0 0 0 0 0 0 0 0 0 0 0 0 0 0 0 0 0 0 0 0 0 0 0 0 0 0 0 0 0 0 0 0 0 0 0 0
12831.5 12831.5 9519.17 9519.17 6384.74 6144.69 2761.26 2761.26 1840.02 1548.07 1322.03 826.202 647.051 406.911 406.911 288.974 288.974 195.404 126.974 90.7305 79.3821 51.703 43.8358 26.4144 19.2068 9.77907 6.87692 3.97413 2.37859 1.08143 0.936291 0.771915 0.485538 0.302969 0.140916 0.0551902 0.0291844 0.00783396 0.00540697 0.00201709 0.000889379 0.000295729 0.000151286 5.38544e-05 2.64421e-06 6.04823e-07 1.08513e-07 2.59936e-08 0 0 0 0 0 0 0 0 0 0 0 0 0 0 0 0 0 0 0 0 0 0 0 0 0 0 0 0 0 0 0 0 0 0 0 0 0 0 0 0 0 0 0 0 0 0 0 0 0 0 0 0
12565.6 12565.6 7110.15 5482.78 1834.69 1607.81 1314.91 932.611 932.611 559.161 533.623 374.578 276.808 276.808 201.541 129.259 85.5271 85.5271 61.4021 47.0406 28.5442 21.2481 11.309 9.4457 4.09781 2.97367 1.27627 1.11481 0.795748 0.587753 0.324033 0.144172 0.0562407 0.0261658 0.0120392 0.00507702 0.00230663 0.00102559 0.000281555 0.000126109 5.69057e-05 3.19519e-06 7.20609e-07 1.09053e-07 3.46236e-08 0 0 0 0 0 0 0 0 0 0 0 0 0 0 0 0 0 0 0 0 0 0 0 0 0 0 0 0 0 0 0 0 0 0 0 0 0 0 0 0 0 0 0 0 0 0 0 0 0 0 0 0
11557.4 11557.4 8074.08 3764.58 3764.58 2305.08 2159.52 1378.57 1224.45 591.502 448.134 448.134 257.803 257.803 194.381 113.559 108.629 107.8 52.7132 45.5489 35.3332 19.481 8.98928 7.0007 5.62713 3.04265 1.69846 1.1774 0.935944 0.64816 0.382537 0.225323 0.0834516 0.039883 0.0202569 0.00694646 0.00347015 0.00143522 0.000466775 0.000226754 9.00485e-05 5.82344e-06 1.03034e-06 2.98504e-07 6.6565e-08 0 0 0 0 0 0 0 0 0 0 0 0 0 0 0 0 0 0 0 0 0 0 0 0 0 0 0 0 0 0 0 0 0 0 0 0 0 0 0 0 0 0 0 0 0 0 0 0 0 0 0 0
12322 12322 8921.14 5169.38 2584.77 2584.77 1832.3 1832.3 1277.94 1062.08 657.855 445.114 445.114 376.437 246.181 214.056 91.4087 69.0198 69.0075 55.9909 38.0305 34.1328 24.8426 12.3976 8.46707 6.41417 3.74641 1.60816 1.21971 0.870665 0.690503 0.357482 0.188266 0.0767058 0.0327255 0.0125823 0.00774564 0.00278914 0.00109222 0.000486746 0.000174575 6.81859e-05 3.92349e-06 9.67588e-07 3.50713e-07 6.35722e-08 1.09366e-08 0 0 0 0 0 0 0 0 0 0 0 0 0 0 0 0 0 0 0 0 0 0 0 0 0 0 0 0 0 0 0 0 0 0 0 0 0 0 0 0 0 0 0 0 0 0 0 0 0 0 0
9435.65 9435.65 6404.91 6404.91 4651.15 4651.15 3046.45 1855.97 1119.61 894.061 731.322 466.855 420.164 236.728 182.54 173.146 120.424 95.3967 69.8815 39.6592 37.8998 27.2927 20.4406 13.0862 8.00206 5.26996 3.46062 1.91691 1.41211 0.867263 0.704287 0.432511 0.19449 0.100327 0.0419304 0.0164306 0.00631447 0.00345518 0.00112942 0.000624426 0.000282409 8.06903e-05 4.53769e-06 1.18534e-06 2.13673e-07 4.53605e-08 0 0 0 0 0 0 0 0 0 0 0 0 0 0 0 0 0 0 0 0 0 0 0 0 0 0 0 0 0 0 0 0 0 0 0 0 0 0 0 0 0 0 0 0 0 0 0 0 0 0 0 0
9644.42 9644.42 7269.45 5365.24 5365.24 2755.06 1704.8 1163.88 997.627 685.433 666.972 397.975 397.975 228.965 212.217 138.456 137.646 120.605 75.1917 43.7359 38.5653 33.8965 19.9298 13.9258 8.12696 7.05112 3.81065 2.02004 1.24467 0.980168 0.709309 0.52758 0.270751 0.104937 0.0520042 0.0233821 0.0100367 0.0046434 0.00136206 0.000760136 0.000332908 9.33378e-05 6.25241e-06 9.66351e-07 3.15864e-07 4.2548e-08 1.12545e-08 0 0 0 0 0 0 0 0 0 0 0 0 0 0 0 0 0 0 0 0 0 0 0 0 0 0 0 0 0 0 0 0 0 0 0 0 0 0 0 0 0 0 0 0 0 0 0 0 0 0 0
13292.4 13292.4 9614.53 8403.62 5142.78 5142.78 2492.91 2087.04 1340.65 888.064 498.836 498.836 498.836 345.224 222.525 154.812 154.812 102.813 67.2399 60.0467 59.0261 32.5149 25.061 14.8012 11.023 5.67448 4.09878 2.75888 1.53214 0.985941 0.785927 0.537847 0.231815 0.116628 0.0574339 0.0239548 0.0116574 0.00535336 0.00206761 0.000560723 0.000279247 0.000108621 5.61615e-06 1.38732e-06 2.94792e-07 7.01565e-08 0 0 0 0 0 0 0 0 0 0 0 0 0 0 0 0 0 0 0 0 0 0 0 0 0 0 0 0 0 0 0 0 0 0 0 0 0 0 0 0 0 0 0 0 0 0 0 0 0 0 0 0
13678.5 12856.6 9314.84 9314.84 5928.92 3132.35 3132.35 2021.39 1283.25 930.765 930.765 562.409 280.814 280.814 279.141 202.904 121.412 97.3273 58.6775 58.6775 46.4961 39.6218 25.439 11.9068 8.2373 4.26222 3.52413 1.82829 1.1448 0.924356 0.656103 0.367716 0.184123 0.0792258 0.0426175 0.0191313 0.00789075 0.00229077 0.00102525 0.000415458 0.000188088 6.191e-05 3.59048e-06 8.33378e-07 1.75212e-07 2.71042e-08 0 0 0 0 0 0 0 0 0 0 0 0 0 0 0 0 0 0 0 0 0 0 0 0 0 0 0 0 0 0 0 0 0 0 0 0 0 0 0 0 0 0 0 0 0 0 0 0 0 0 0 0
14783.1 14211.3 4876.06 4876.06 4876.06 2697.84 1774.15 1586.04 885.42 885.42 741.865 599.311 353.435 299.425 277.178 197.671 152.705 99.5443 71.4611 54.7786 34.1859 30.0096 15.0287 9.04299 6.89139 5.18729 1.83304 1.54704 1.00216 0.84951 0.568518 0.314308 0.167796 0.0781603 0.0315988 0.0138171 0.0062126 0.00273712 0.000912223 0.000358147 0.000152612 8.05017e-06 1.59566e-06 2.82291e-07 6.99716e-08 1.34524e-08 0 0 0 0 0 0 0 0 0 0 0 0 0 0 0 0 0 0 0 0 0 0 0 0 0 0 0 0 0 0 0 0 0 0 0 0 0 0 0 0 0 0 0 0 0 0 0 0 0 0 0
11571.7 11571.7 10333.7 9212.29 5291.42 5291.42 2935.82 1990.31 1408.74 1047.63 917.192 528.185 362.072 353.59 309.209 180.701 169.933 98.9898 73.3743 47.5317 34.2636 28.7041 24.0369 16.134 8.40284 7.5401 4.43102 2.48682 1.43608 1.06098 0.689644 0.432521 0.263727 0.12744 0.0654245 0.023675 0.00909983 0.00429119 0.00188631 0.000720581 0.00031272 0.000148498 6.26592e-06 1.30243e-06 2.42743e-07 6.33802e-08 1.68752e-08 0 0 0 0 0 0 0 0 0 0 0 0 0 0 0 0 0 0 0 0 0 0 0 0 0 0 0 0 0 0 0 0 0 0 0 0 0 0 0 0 0 0 0 0 0 0 0 0 0 0 0
12113.4 12113.4 9096.36 4477.63 4477.63 2252.48 1916.85 1633.68 1633.68 1099.43 941.173 941.173 572.183 459.265 350.871 268.946 220.659 168.828 142.021 92.8531 69.0923 45.6323 42.8023 21.2222 18.6716 8.3745 7.65152 4.91296 2.1973 1.37593 1.03536 0.708229 0.493402 0.276752 0.10783 0.0531254 0.0208642 0.010387 0.00362287 0.00153182 0.000584726 0.000255952 8.78366e-05 4.77009e-06 7.84494e-07 1.71974e-07 3.7468e-08 0 0 0 0 0 0 0 0 0 0 0 0 0 0 0 0 0 0 0 0 0 0 0 0 0 0 0 0 0 0 0 0 0 0 0 0 0 0 0 0 0 0 0 0 0 0 0 0 0 0 0 0
13985.8 13544.9 7772.34 7772.34 6381.39 4158.04 3006.26 2111.35 2111.35 1513.57 929.266 781.094 781.094 710.886 451.311 394.992 270.357 195.746 102.776 75.2389 67.1259 50.863 45.0353 20.3058 15.404 13.1098 8.16305 5.65497 2.89384 1.58954 1.12809 0.887636 0.554526 0.390289 0.180921 0.0646345 0.0367406 0.013148 0.00648578 0.0022556 0.00118807 0.000395423 0.000169848 5.10062e-05 4.02684e-06 7.47246e-07 1.44261e-07 2.76476e-08 0 0 0 0 0 0 0 0 0 0 0 0 0 0 0 0 0 0 0 0 0 0 0 0 0 0 0 0 0 0 0 0 0 0 0 0 0 0 0 0 0 0 0 0 0 0 0 0 0 0 0 0
14839 14398.2 8837.87 8837.87 5523.23 2165.69 2165.69 1843.37 1439.16 1271.67 1004.47 645.69 454.345 405.059 306.546 226.702 144.916 122.071 89.077 68.1493 62.1791 26.3389 19.3672 15.4575 9.8549 6.48592 3.50648 2.26602 1.44891 1.0496 0.685517 0.36715 0.253873 0.117338 0.0343268 0.0145683 0.00848049 0.00291917 0.000925717 0.000472043 0.000178542 6.12336e-05 3.30398e-06 8.6281e-07 1.63842e-07 3.90994e-08 0 0 0 0 0 0 0 0 0 0 0 0 0 0 0 0 0 0 0 0 0 0 0 0 0 0 0 0 0 0 0 0 0 0 0 0 0 0 0 0 0 0 0 0 0 0 0 0 0 0 0 0
7615.3 7615.3 7266.35 7266.35 5806.44 1367.79 1303.1 1303.1 930.576 551.711 518.533 291.588 291.588 191.515 157.799 128.969 90.1532 65.7542 37.3069 37.3069 27.2649 19.3108 9.51716 6.99583 5.44192 2.4565 1.59144 0.961409 0.752655 0.49239 0.298582 0.156292 0.0391641 0.0303473 0.0121437 0.00386546 0.00189322 0.000950037 0.00046307 0.000107251 5.09548e-05 2.36298e-06 4.15196e-07 1.06296e-07 2.53171e-08 0 0 0 0 0 0 0 0 0 0 0 0 0 0 0 0 0 0 0 0 0 0 0 0 0 0 0 0 0 0 0 0 0 0 0 0 0 0 0 0 0 0 0 0 0 0 0 0 0 0 0 0
12273.8 12273.8 6492.34 5376.43 2642.89 1864.38 1140.85 1057.58 741.367 649.775 369.194 292.844 159.072 143.792 143.792 113.931 86.9968 54.7291 49.1408 18.3171 18.3171 11.3907 6.49616 4.87653 3.10859 1.61446 1.27837 0.954828 0.73906 0.478113 0.253435 0.128853 0.0588267 0.0215351 0.00672056 0.00443721 0.00194101 0.00065501 0.00035519 0.000120333 6.53435e-06 1.37646e-06 2.56763e-07 4.77862e-08 1.24733e-08 0 0 0 0 0 0 0 0 0 0 0 0 0 0 0 0 0 0 0 0 0 0 0 0 0 0 0 0 0 0 0 0 0 0 0 0 0 0 0 0 0 0 0 0 0 0 0 0 0 0 0
14476.2 14476.2 8324.54 5344.75 2723.41 1702.39 1702.39 1304.43 1017.73 757.515 473.028 473.028 420.331 302.996 192.223 165.557 97.2195 78.5356 44.2926 39.4375 32.8791 20.8708 13.5259 8.34698 4.69115 3.03771 1.43478 1.05402 0.781615 0.472687 0.261118 0.182458 0.079713 0.0314539 0.014637 0.00408764 0.00219257 0.000924916 0.000405973 0.000174627 6.28463e-05 3.51325e-06 5.53887e-07 1.33842e-07 3.58842e-08 0 0 0 0 0 0 0 0 0 0 0 0 0 0 0 0 0 0 0 0 0 0 0 0 0 0 0 0 0 0 0 0 0 0 0 0 0 0 0 0 0 0 0 0 0 0 0 0 0 0 0 0
10899.3 10899.3 9444.81 9444.81 6781.26 5641.79 1895.55 1895.55 1613.5 1270.96 871.362 722.947 573.843 373.516 265.054 208.844 137.94 102.524 99.9629 63.5801 49.6761 41.5152 25.8472 20.9925 11.3014 6.62818 5.06124 2.94599 1.54063 1.00859 0.841176 0.616443 0.351824 0.166105 0.087654 0.0377024 0.0161687 0.0055744 0.00270006 0.00117227 0.0005253 0.000189712 9.34747e-06 2.49162e-06 4.70227e-07 8.16357e-08 2.04942e-08 0 0 0 0 0 0 0 0 0 0 0 0 0 0 0 0 0 0 0 0 0 0 0 0 0 0 0 0 0 0 0 0 0 0 0 0 0 0 0 0 0 0 0 0 0 0 0 0 0 0 0
14075 12902.6 8617.93 6664.21 4229.84 3016.9 3016.9 2265.87 1293.52 1198.8 782.261 682.514 512.823 316.084 299.085 168.353 154.653 93.0251 93.0251 65.1358 42.5103 29.1562 14.258 11.756 6.992 3.67504 2.13507 1.41659 0.969227 0.696012 0.445334 0.254676 0.120655 0.0508847 0.0222123 0.0105242 0.00437185 0.00151951 0.000809398 0.000293874 0.00013271 4.87324e-05 3.1054e-06 6.80949e-07 1.42393e-07 3.20694e-08 0 0 0 0 0 0 0 0 0 0 0 0 0 0 0 0 0 0 0 0 0 0 0 0 0 0 0 0 0 0 0 0 0 0 0 0 0 0 0 0 0 0 0 0 0 0 0 0 0 0 0 0
13525.3 13525.3 7868.68 7868.68 5812.47 5812.47 2715.21 1688.8 852.007 815.197 655.928 490.689 464.703 320.761 175.023 175.023 145.422 89.7852 79.6746 65.1634 43.0183 39.5051 19.4248 13.987 8.21902 6.19164 3.53076 2.38185 1.3594 0.87833 0.748915 0.439032 0.260589 0.127276 0.0640332 0.019558 0.0118879 0.00451254 0.0017785 0.000838136 0.000237746 8.62045e-05 8.96686e-06 2.44629e-06 4.17726e-07 9.50471e-08 2.10985e-08 0 0 0 0 0 0 0 0 0 0 0 0 0 0 0 0 0 0 0 0 0 0 0 0 0 0 0 0 0 0 0 0 0 0 0 0 0 0 0 0 0 0 0 0 0 0 0 0 0 0 0
14169.9 14169.9 7486.63 7486.63 4644.77 4644.77 2774.43 2291.73 1719.02 1418.84 905.649 453.17 453.17 445.758 306.17 268.098 146.476 129.388 68.6533 61.5005 40.9981 40.9981 30.078 12.2143 9.0402 7.23043 5.14511 3.08331 1.52239 0.775941 0.713531 0.485165 0.217671 0.138371 0.0550888 0.0256104 0.00973706 0.00442694 0.00170173 0.000899675 0.000263561 0.000145502 6.56035e-06 1.49201e-06 3.41628e-07 8.27567e-08 1.54628e-08 0 0 0 0 0 0 0 0 0 0 0 0 0 0 0 0 0 0 0 0 0 0 0 0 0 0 0 0 0 0 0 0 0 0 0 0 0 0 0 0 0 0 0 0 0 0 0 0 0 0 0
13628.2 13628.2 7361.32 4625.99 2087.47 2087.47 1337.48 1337.48 866.68 729.579 654.154 375.147 292.568 292.568 245.783 157.435 84.2532 69.1182 48.8966 40.8359 32.8544 20.6685 15.9747 9.04859 6.89707 3.62487 2.02175 1.17095 0.928654 0.719363 0.401172 0.222923 0.13138 0.036511 0.025724 0.00887062 0.0040008 0.00155962 0.000746376 0.000330704 9.99519e-05 5.85245e-06 1.40954e-06 3.26334e-07 6.75356e-08 1.23192e-08 0 0 0 0 0 0 0 0 0 0 0 0 0 0 0 0 0 0 0 0 0 0 0 0 0 0 0 0 0 0 0 0 0 0 0 0 0 0 0 0 0 0 0 0 0 0 0 0 0 0 0
11334.4 9089.55 6752.09 6752.09 5305.56 5305.56 2671.45 2158.55 1512.88 973.073 813.174 405.028 379.687 336.432 227.194 133.582 133.582 104.095 81.6869 55.0242 38.3991 25.5521 18.1979 7.81972 6.79349 4.81798 3.47528 2.54545 1.32546 0.988727 0.656122 0.430045 0.218483 0.115527 0.044366 0.0208892 0.00764572 0.00271823 0.000892542 0.000480338 0.000159522 7.36025e-05 3.99638e-06 8.61513e-07 1.79947e-07 3.29389e-08 0 0 0 0 0 0 0 0 0 0 0 0 0 0 0 0 0 0 0 0 0 0 0 0 0 0 0 0 0 0 0 0 0 0 0 0 0 0 0 0 0 0 0 0 0 0 0 0 0 0 0 0
15398.1 14292.9 8001.87 8001.87 5643.78 2550.23 1624.78 1557.65 908.114 729.147 656.539 427.933 278.848 241.313 168.942 109.07 109.07 70.3086 63.9989 39.9962 38.5107 20.4596 14.9351 10.1758 4.43966 2.87405 1.57154 1.21267 0.661933 0.607476 0.362507 0.210769 0.0734065 0.0426683 0.0148927 0.0063223 0.00236665 0.00128886 0.000429721 0.000193276 5.89868e-05 3.34007e-06 7.77437e-07 1.4592e-07 2.88082e-08 0 0 0 0 0 0 0 0 0 0 0 0 0 0 0 0 0 0 0 0 0 0 0 0 0 0 0 0 0 0 0 0 0 0 0 0 0 0 0 0 0 0 0 0 0 0 0 0 0 0 0 0
9320.9 9320.9 9320.9 9320.9 5753.91 2660.01 1945.42 1221.02 635.279 635.279 481.289 410.614 292.088 176.384 134.938 134.938 62.5954 45.4157 45.4157 35.1177 25.3665 18.064 10.7189 7.12015 5.11404 3.41483 1.40999 1.21207 0.814807 0.582217 0.407456 0.171724 0.117482 0.0466604 0.0213485 0.0100138 0.00286647 0.00135663 0.000557419 0.000183753 9.44766e-05 4.20633e-06 1.0178e-06 2.86805e-07 5.87549e-08 0 0 0 0 0 0 0 0 0 0 0 0 0 0 0 0 0 0 0 0 0 0 0 0 0 0 0 0 0 0 0 0 0 0 0 0 0 0 0 0 0 0 0 0 0 0 0 0 0 0 0 0
16757.4 16757.4 5506.12 5506.12 5353.2 2143.95 2143.95 1818.84 1381.9 962.982 962.982 898.712 557.448 508.895 365.494 257.338 255.168 173.22 123.114 93.2584 78.7552 34.0395 32.8719 17.4354 14.5281 9.04691 6.88128 4.62895 2.50877 1.44341 1.03126 0.737177 0.492271 0.315534 0.140611 0.0585563 0.0269938 0.0129016 0.00473352 0.00216462 0.000831812 0.00031102 0.00011451 8.08675e-06 1.97386e-06 5.19512e-07 6.2457e-08 1.99775e-08 0 0 0 0 0 0 0 0 0 0 0 0 0 0 0 0 0 0 0 0 0 0 0 0 0 0 0 0 0 0 0 0 0 0 0 0 0 0 0 0 0 0 0 0 0 0 0 0 0 0 0
13530.5 11876.8 6464.1 6464.1 4695.47 4695.47 2919.65 1951.66 1304.57 862.176 862.176 666.384 497.968 462.273 224.804 186.387 186.387 126.726 106.923 82.5707 58.4349 44.2235 22.1139 12.5599 9.86846 6.76345 4.20526 2.24316 1.37411 0.930269 0.647213 0.503612 0.221643 0.104804 0.0412235 0.0203102 0.00755421 0.00404531 0.00139023 0.000596883 0.000214227 6.63107e-05 3.52255e-06 8.79652e-07 1.74747e-07 3.14459e-08 0 0 0 0 0 0 0 0 0 0 0 0 0 0 0 0 0 0 0 0 0 0 0 0 0 0 0 0 0 0 0 0 0 0 0 0 0 0 0 0 0 0 0 0 0 0 0 0 0 0 0 0
15306.8 15306.8 7159.5 7159.5 4954.23 2701.64 1579.34 1196.42 808.335 619.122 606.851 466.929 366.999 280.424 210.018 120.58 53.2273 45.6531 45.6531 41.2588 27.9066 23.1893 11.9302 6.3066 5.5425 3.58524 2.22045 1.12729 0.933719 0.550993 0.376714 0.207318 0.0726201 0.0370297 0.0178055 0.00608373 0.00317664 0.00105146 0.000443766 0.000189311 5.73996e-05 4.69626e-06 9.32496e-07 1.53427e-07 2.44187e-08 0 0 0 0 0 0 0 0 0 0 0 0 0 0 0 0 0 0 0 0 0 0 0 0 0 0 0 0 0 0 0 0 0 0 0 0 0 0 0 0 0 0 0 0 0 0 0 0 0 0 0 0
10817.8 10817.8 8980.48 5050.6 3238.33 2081.28 1596.73 1273.16 826.517 497.857 497.857 497.857 273.712 273.712 226.168 177.354 123.904 88.5938 73.1342 50.4601 29.7814 18.4688 14.6838 8.15763 6.23168 3.98715 2.88884 1.42964 1.08651 0.853459 0.474798 0.290541 0.124541 0.0603714 0.0213937 0.0103456 0.00371426 0.00171106 0.000619136 0.000303712 7.99007e-05 5.11181e-06 1.41168e-06 3.37554e-07 6.79405e-08 1.05323e-08 0 0 0 0 0 0 0 0 0 0 0 0 0 0 0 0 0 0 0 0 0 0 0 0 0 0 0 0 0 0 0 0 0 0 0 0 0 0 0 0 0 0 0 0 0 0 0 0 0 0 0
14374.8 12278.7 10173.9 4499.83 4499.83 2470.57 2083.29 1300.07 1300.07 975.743 679.781 606.059 517.94 346.668 266.953 163.949 107.067 81.2728 80.8298 59.2573 37.5799 31.8492 16.9317 11.8062 6.72587 3.71322 2.95009 1.50925 1.23918 0.843387 0.594765 0.288562 0.167458 0.0724007 0.0251995 0.0129774 0.00516826 0.0023936 0.000884756 0.000450102 0.000132773 6.48297e-05 3.82866e-06 8.48676e-07 1.58944e-07 4.11964e-08 0 0 0 0 0 0 0 0 0 0 0 0 0 0 0 0 0 0 0 0 0 0 0 0 0 0 0 0 0 0 0 0 0 0 0 0 0 0 0 0 0 0 0 0 0 0 0 0 0 0 0 0
11792 11792 7371.29 7371.29 2497.98 2447.74 2447.74 1534.9 1534.9 1054.74 753.94 567.566 443.438 368.823 234.139 169.772 158.754 132.407 81.7147 39.2713 24.6951 24.6951 21.7054 11.7861 9.80971 6.17804 4.154 2.23553 1.31343 0.909648 0.60043 0.410295 0.203086 0.0913055 0.047917 0.0208582 0.00850794 0.00430948 0.00141862 0.000513383 0.000188096 7.75657e-05 4.99356e-06 1.27375e-06 3.44996e-07 4.91858e-08 0 0 0 0 0 0 0 0 0 0 0 0 0 0 0 0 0 0 0 0 0 0 0 0 0 0 0 0 0 0 0 0 0 0 0 0 0 0 0 0 0 0 0 0 0 0 0 0 0 0 0 0
12501.8 12501.8 6799 6799 4988.4 4988.4 1694.24 1694.24 1196.38 828.799 729.882 484.361 406.102 275.529 242.797 199.067 115.26 91.7308 64.3017 45.1237 33.6723 19.5761 19.5761 10.1831 4.79338 3.41532 1.96036 1.57284 1.0852 0.789475 0.523038 0.251839 0.139464 0.0610137 0.0300734 0.0122861 0.00459977 0.00272688 0.0010932 0.000445174 0.00015332 6.26337e-05 4.51231e-06 1.10415e-06 2.27079e-07 4.94749e-08 0 0 0 0 0 0 0 0 0 0 0 0 0 0 0 0 0 0 0 0 0 0 0 0 0 0 0 0 0 0 0 0 0 0 0 0 0 0 0 0 0 0 0 0 0 0 0 0 0 0 0 0
13754.4 13754.4 11085.4 11085.4 5812.66 5812.66 2737.64 2737.64 2046.05 1815.43 1048.01 655.687 655.687 598.461 473.651 386.977 263.407 199.118 120.43 115.268 82.8329 68.4151 40.3893 25.4214 19.2025 12.2839 8.96938 5.84627 3.04324 2.21565 1.34835 0.963175 0.648395 0.47484 0.239866 0.115996 0.0509684 0.0195882 0.010218 0.00429705 0.00151211 0.000769246 0.000160396 0.000104614 5.15572e-06 1.34106e-06 2.80569e-07 6.37029e-08 1.37725e-08 0 0 0 0 0 0 0 0 0 0 0 0 0 0 0 0 0 0 0 0 0 0 0 0 0 0 0 0 0 0 0 0 0 0 0 0 0 0 0 0 0 0 0 0 0 0 0 0 0 0 0
14767.5 14767.5 6130.7 6130.7 3843.61 1569.93 1569.93 1073.01 729.687 729.687 600.311 381.746 320.471 259.246 176.011 112.639 105.997 47.4117 47.4117 33.7031 24.3082 17.7545 11.4848 6.75124 5.82369 2.8298 1.67249 1.05801 0.702997 0.508883 0.318093 0.149748 0.0617334 0.0259747 0.0102439 0.00455553 0.00181951 0.000850878 0.0002678 0.000124448 4.18143e-05 1.89626e-06 5.44249e-07 1.1402e-07 1.91238e-08 0 0 0 0 0 0 0 0 0 0 0 0 0 0 0 0 0 0 0 0 0 0 0 0 0 0 0 0 0 0 0 0 0 0 0 0 0 0 0 0 0 0 0 0 0 0 0 0 0 0 0 0
11285.2 11285.2 7217.61 7217.61 4538.99 2618.88 1348.68 1190.39 1084.85 740.927 490.628 339.744 252.981 247.705 175.553 165.463 108.978 82.5559 48.2164 36.42 25.4253 21.3881 8.62295 6.16236 4.14329 3.35877 1.50007 1.1074 0.848085 0.552688 0.330233 0.152814 0.0913915 0.0411947 0.0185018 0.0069715 0.00274809 0.0010907 0.000426322 0.000205733 6.91293e-05 5.69388e-06 7.93655e-07 2.2403e-07 5.0112e-08 1.01071e-08 0 0 0 0 0 0 0 0 0 0 0 0 0 0 0 0 0 0 0 0 0 0 0 0 0 0 0 0 0 0 0 0 0 0 0 0 0 0 0 0 0 0 0 0 0 0 0 0 0 0 0
10484.6 10484.6 9540.49 9216.61 5643.34 5643.34 2580.85 2157.88 1129.02 1129.02 1129.02 550.077 382.997 382.997 208.059 196.252 153.485 153.485 109.473 60.3123 60.3123 44.7819 27.9024 19.9689 11.7308 8.45629 5.49478 3.64576 1.93216 1.2134 0.914885 0.662526 0.396601 0.198688 0.0939383 0.0471243 0.0160385 0.00635707 0.00271773 0.00103026 0.000407753 0.000104314 5.05953e-05 2.83822e-06 7.46558e-07 1.46709e-07 3.7278e-08 0 0 0 0 0 0 0 0 0 0 0 0 0 0 0 0 0 0 0 0 0 0 0 0 0 0 0 0 0 0 0 0 0 0 0 0 0 0 0 0 0 0 0 0 0 0 0 0 0 0 0 0
16475.5 16475.5 9565.01 9565.01 5137.18 5137.18 2439.59 2439.59 1859.14 1200.2 1061.52 706.728 487.714 428.362 343.578 276.374 202.747 145.982 113.506 76.3065 55.2808 55.2808 45.6242 29.813 9.62179 9.03131 4.46021 2.80965 2.36434 1.18723 0.846062 0.585505 0.410742 0.174606 0.0880633 0.0554906 0.0189546 0.0094674 0.00286728 0.00113135 0.000589037 0.000293607 0.00011053 6.01288e-06 1.122e-06 1.90703e-07 3.94774e-08 0 0 0 0 0 0 0 0 0 0 0 0 0 0 0 0 0 0 0 0 0 0 0 0 0 0 0 0 0 0 0 0 0 0 0 0 0 0 0 0 0 0 0 0 0 0 0 0 0 0 0 0
11131 11131 6811.14 5530.65 5530.65 2522.32 1790.55 996.888 996.888 913.283 802.825 386.75 386.75 248.299 178.405 118.644 118.644 83.7849 83.7849 51.0267 44.9844 16.7454 16.7454 10.1896 6.12978 4.22118 2.65125 1.54702 1.07551 0.719162 0.481281 0.367687 0.150139 0.0613712 0.0381073 0.0121058 0.00687755 0.00256235 0.00103448 0.000486271 0.000184884 8.10769e-05 3.31979e-06 1.03476e-06 1.8486e-07 4.68051e-08 0 0 0 0 0 0 0 0 0 0 0 0 0 0 0 0 0 0 0 0 0 0 0 0 0 0 0 0 0 0 0 0 0 0 0 0 0 0 0 0 0 0 0 0 0 0 0 0 0 0 0 0
11646.7 11646.7 8488.01 6531.19 2348.16 1829.93 1330 947.278 802.462 627.664 431.195 359.674 193.486 193.486 126.051 95.3366 62.1379 50.0191 28.2988 27.0217 16.3741 8.98205 7.38028 3.56728 2.70853 1.50336 1.15779 0.833028 0.569828 0.258922 0.169684 0.0557678 0.0301083 0.0109772 0.00526425 0.00293533 0.00107631 0.000408781 0.000178025 6.30177e-05 2.70207e-06 8.5774e-07 9.41056e-08 3.99237e-08 0 0 0 0 0 0 0 0 0 0 0 0 0 0 0 0 0 0 0 0 0 0 0 0 0 0 0 0 0 0 0 0 0 0 0 0 0 0 0 0 0 0 0 0 0 0 0 0 0 0 0 0
14575.8 14575.8 6491.55 6491.55 5643.7 2500.47 2500.47 2174.82 1653.59 962.63 767.924 767.924 697.336 467.203 446.088 315.736 201.06 168.101 79.9504 79.9504 61.4326 49.6328 35.772 18.0172 8.4776 6.30332 4.05141 3.26521 1.50007 1.26156 0.867562 0.686481 0.422332 0.24464 0.0662867 0.0376912 0.0203973 0.00745344 0.00380842 0.0018684 0.000627788 0.000230846 9.88003e-05 7.24097e-06 1.23369e-06 3.18008e-07 5.62567e-08 1.70689e-08 0 0 0 0 0 0 0 0 0 0 0 0 0 0 0 0 0 0 0 0 0 0 0 0 0 0 0 0 0 0 0 0 0 0 0 0 0 0 0 0 0 0 0 0 0 0 0 0 0 0 0
11360.1 11360.1 8328.56 8328.56 5996.38 2436.74 2436.74 2039.19 1961.32 1193.28 900.51 629.467 532.755 306.858 258.129 221.525 178.148 138.016 97.5204 63.5813 62.3856 42.0229 24.6968 13.8362 9.6307 5.06522 4.48414 2.49932 1.73195 1.08745 0.740198 0.437406 0.258754 0.121833 0.051189 0.0222199 0.0101005 0.00339637 0.00155569 0.000635426 0.000225539 0.000114254 7.03373e-06 1.33277e-06 3.29568e-07 6.12129e-08 0 0 0 0 0 0 0 0 0 0 0 0 0 0 0 0 0 0 0 0 0 0 0 0 0 0 0 0 0 0 0 0 0 0 0 0 0 0 0 0 0 0 0 0 0 0 0 0 0 0 0 0
