233.029 86.3569 36.5961 19.6423 12.1068 12.1068 8.08839 7.10406 6.53249 5.88947 5.16833 4.92958 4.69582 4.34952 3.90495 3.43945 3.12972 2.64433 2.19202 1.82286 1.38478 1.1016 0.75847 0.461141 0.205085 0.122877 0.0703612 0.0316894 0.00608884 0.00259756 0.000868057 0.000211843 0.000120529 3.1394e-05 1.15307e-05 1.15307e-05 5.92304e-06 1.88569e-06 2.92561e-07 1.88425e-07 6.79307e-08 1.6823e-08 0 0 0 0 0 0 0 0 0 0 0 0 0 0 0 0 0 0 0 0 0 0 0 0 0 0 0 0 0 0 0 0 0 0 0 0 0 0 0 0 0 0 0 0 0 0 0 0 0 0 0 0 0 0 0
454.665 109.2 41.6789 15.3623 11.5372 9.61241 6.78283 6.15458 5.91341 5.33378 4.77123 4.43274 4.11021 3.74879 3.14095 2.76644 2.21878 2.01741 1.62065 1.25263 0.876972 0.65485 0.448525 0.246205 0.151012 0.0870834 0.0424233 0.00453225 0.00147564 0.000570115 0.000279457 0.000184663 6.12783e-05 3.05048e-05 5.99157e-06 3.78778e-06 1.83266e-06 5.70887e-07 2.33239e-07 5.95745e-08 1.08091e-08 0 0 0 0 0 0 0 0 0 0 0 0 0 0 0 0 0 0 0 0 0 0 0 0 0 0 0 0 0 0 0 0 0 0 0 0 0 0 0 0 0 0 0 0 0 0 0 0 0 0 0 0 0 0 0
319.605 91.7387 44.5668 14.7575 10.6558 8.5557 7.85009 6.63863 5.52265 5.33127 4.79563 4.29112 3.99761 3.48906 3.10827 2.54799 2.28457 1.90767 1.56277 1.10454 0.715927 0.499967 0.351583 0.168651 0.0803393 0.0365084 0.020634 0.00316152 0.0012237 0.000329635 0.00019412 0.000106063 2.39586e-05 1.40119e-05 2.31744e-06 2.31744e-06 5.74623e-07 2.92621e-07 7.95931e-08 2.51247e-08 0 0 0 0 0 0 0 0 0 0 0 0 0 0 0 0 0 0 0 0 0 0 0 0 0 0 0 0 0 0 0 0 0 0 0 0 0 0 0 0 0 0 0 0 0 0 0 0 0 0 0 0 0 0 0 0
113.674 113.674 113.674 59.9866 59.9866 17.572 11.9685 9.70946 8.28358 6.87996 6.32327 5.54707 4.97071 4.69211 4.21149 3.93669 3.42927 3.00307 2.52643 2.10293 1.68038 1.26749 0.91828 0.626942 0.390431 0.244151 0.116339 0.0590443 0.0252932 0.004657 0.00213733 0.000674616 0.000328037 0.000151306 2.86958e-05 7.60621e-06 7.60621e-06 1.58948e-06 1.27133e-06 5.32237e-07 1.43976e-07 2.65079e-08 1.01588e-08 0 0 0 0 0 0 0 0 0 0 0 0 0 0 0 0 0 0 0 0 0 0 0 0 0 0 0 0 0 0 0 0 0 0 0 0 0 0 0 0 0 0 0 0 0 0 0 0 0 0 0 0 0 0 0
275.616 78.6673 34.5895 34.5895 19.066 13.5512 10.7699 7.4642 5.96814 5.96814 4.77871 4.77871 4.50845 3.77727 3.47691 3.08969 2.63142 2.14741 1.80989 1.25616 0.86729 0.608341 0.341101 0.23997 0.120643 0.0569876 0.020728 0.00896729 0.0017328 0.000611424 0.000292418 0.000143018 8.71474e-05 2.80271e-05 1.61066e-05 4.37354e-06 3.16803e-06 3.53256e-07 3.53256e-07 1.1154e-07 2.29928e-08 0 0 0 0 0 0 0 0 0 0 0 0 0 0 0 0 0 0 0 0 0 0 0 0 0 0 0 0 0 0 0 0 0 0 0 0 0 0 0 0 0 0 0 0 0 0 0 0 0 0 0 0 0 0 0 0
342.668 114.552 36.6985 16.473 10.4214 8.4309 6.87873 6.67484 5.90029 5.34641 4.82212 4.46494 4.13061 3.78075 3.34715 2.77312 2.48697 2.04098 1.54373 1.28653 0.914424 0.645766 0.416723 0.207493 0.145226 0.0774893 0.0281879 0.00351976 0.000848757 0.00030916 0.000203266 0.000113485 4.4504e-05 2.00309e-05 6.51423e-06 2.84135e-06 1.2216e-06 5.41234e-07 9.83906e-08 4.8822e-08 1.31199e-08 0 0 0 0 0 0 0 0 0 0 0 0 0 0 0 0 0 0 0 0 0 0 0 0 0 0 0 0 0 0 0 0 0 0 0 0 0 0 0 0 0 0 0 0 0 0 0 0 0 0 0 0 0 0 0
215.591 215.591 99.5753 73.7155 15.0056 13.8245 9.12159 9.12159 6.44517 5.45229 5.27484 4.92414 4.38964 4.17396 3.72972 3.39044 2.6338 2.46268 1.87315 1.40152 1.09572 0.758603 0.57072 0.341647 0.219106 0.118048 0.0546598 0.025996 0.00799694 0.00108757 0.000260497 0.000250864 9.91086e-05 4.67932e-05 1.76988e-05 6.15218e-06 4.87977e-06 1.64789e-06 5.45048e-07 5.21524e-08 4.48923e-08 1.44076e-08 0 0 0 0 0 0 0 0 0 0 0 0 0 0 0 0 0 0 0 0 0 0 0 0 0 0 0 0 0 0 0 0 0 0 0 0 0 0 0 0 0 0 0 0 0 0 0 0 0 0 0 0 0 0 0 0
242.23 74.5464 74.5464 45.4389 20.5703 8.11457 8.11457 7.31889 7.15091 6.06507 5.72019 5.39944 4.77689 4.29956 3.92927 3.50836 3.02934 2.6466 2.2319 1.84213 1.40219 0.992999 0.591434 0.339499 0.152051 0.127243 0.0602571 0.0252457 0.00299373 0.0010824 0.000429147 0.000236874 9.00197e-05 3.6959e-05 8.13101e-06 8.13101e-06 3.35537e-06 1.0359e-06 2.23459e-07 7.74222e-08 1.88546e-08 1.0151e-08 0 0 0 0 0 0 0 0 0 0 0 0 0 0 0 0 0 0 0 0 0 0 0 0 0 0 0 0 0 0 0 0 0 0 0 0 0 0 0 0 0 0 0 0 0 0 0 0 0 0 0 0 0 0 0
189.356 111.717 63.2712 22.6479 11.8457 8.87425 6.96699 6.57594 5.98498 5.49912 5.05102 4.76126 4.26821 3.95708 3.43255 2.93218 2.35767 1.84667 1.55436 1.26509 0.93374 0.684718 0.467899 0.282672 0.179013 0.0850858 0.0307908 0.0051428 0.00230644 0.000787554 0.000301027 0.000159467 5.51044e-05 1.48047e-05 7.07153e-06 3.51967e-06 1.32324e-06 2.41481e-07 1.46902e-07 2.44376e-08 1.20477e-08 0 0 0 0 0 0 0 0 0 0 0 0 0 0 0 0 0 0 0 0 0 0 0 0 0 0 0 0 0 0 0 0 0 0 0 0 0 0 0 0 0 0 0 0 0 0 0 0 0 0 0 0 0 0 0
207.397 97.7033 97.7033 55.7042 55.7042 14.7532 11.6344 8.96916 7.16551 6.77805 5.73674 5.71443 5.12087 4.69564 4.34143 4.02518 3.71633 2.88199 2.54382 2.2129 1.71183 1.28315 0.935652 0.654675 0.473049 0.31256 0.14871 0.113072 0.0426287 0.00770341 0.00137529 0.000679469 0.000303182 0.000128799 6.30208e-05 1.9063e-05 5.19986e-06 3.30537e-06 1.85621e-06 5.33067e-07 2.36848e-07 3.63634e-08 1.32178e-08 0 0 0 0 0 0 0 0 0 0 0 0 0 0 0 0 0 0 0 0 0 0 0 0 0 0 0 0 0 0 0 0 0 0 0 0 0 0 0 0 0 0 0 0 0 0 0 0 0 0 0 0 0 0 0
363.537 363.537 170.76 56.178 15.6641 9.18556 8.18833 7.61317 6.4002 6.12853 5.64178 5.25947 4.93469 4.63521 4.17136 3.86314 3.44582 2.94783 2.49076 2.05003 1.65824 1.20624 0.864055 0.565489 0.35206 0.263242 0.15096 0.0657755 0.0140073 0.00450002 0.00127916 0.000698707 0.000178851 0.000116091 3.67785e-05 2.15312e-05 8.05271e-06 2.07669e-06 9.60316e-07 2.40638e-07 5.20789e-08 1.79026e-08 0 0 0 0 0 0 0 0 0 0 0 0 0 0 0 0 0 0 0 0 0 0 0 0 0 0 0 0 0 0 0 0 0 0 0 0 0 0 0 0 0 0 0 0 0 0 0 0 0 0 0 0 0 0 0
299.746 115.494 62.2301 8.88377 8.88377 8.88377 7.19425 6.16171 5.51384 5.01319 4.61867 4.34869 4.04184 3.65065 3.14454 2.83212 2.41685 1.96972 1.64145 1.30557 0.843685 0.633128 0.35474 0.199682 0.115584 0.0661429 0.0253252 0.00263293 0.0011798 0.000370139 0.000204247 0.000161622 5.45264e-05 2.34971e-05 1.16712e-05 3.3052e-06 9.96311e-07 6.40706e-07 1.32868e-07 5.25353e-08 1.29891e-08 0 0 0 0 0 0 0 0 0 0 0 0 0 0 0 0 0 0 0 0 0 0 0 0 0 0 0 0 0 0 0 0 0 0 0 0 0 0 0 0 0 0 0 0 0 0 0 0 0 0 0 0 0 0 0
258.413 258.413 152.522 46.5424 21.9135 21.9135 12.2136 7.74253 7.57633 7.20226 6.41184 5.31348 5.31348 4.77119 4.40178 4.09909 3.66828 3.20739 2.8275 2.29273 2.02417 1.546 1.14032 0.765937 0.479736 0.3437 0.188362 0.117666 0.0533838 0.00830217 0.0028709 0.00108266 0.000665009 0.000271317 8.76295e-05 4.64046e-05 1.68108e-05 6.58971e-06 3.41745e-06 5.65495e-07 4.44961e-07 6.45754e-08 3.46572e-08 0 0 0 0 0 0 0 0 0 0 0 0 0 0 0 0 0 0 0 0 0 0 0 0 0 0 0 0 0 0 0 0 0 0 0 0 0 0 0 0 0 0 0 0 0 0 0 0 0 0 0 0 0 0 0
88.9789 88.9789 88.9789 40.9722 21.6344 8.29035 8.29035 8.29035 8.29035 6.79496 6.41978 5.851 5.19006 4.80849 4.37396 3.81814 3.41321 2.95898 2.54499 2.11372 1.75782 1.49701 1.06419 0.801344 0.443928 0.344865 0.224261 0.11475 0.0519293 0.00694104 0.0025309 0.00120739 0.000706563 0.000231038 0.000104774 1.93496e-05 1.23049e-05 7.63761e-06 1.97089e-06 1.00192e-06 3.70436e-07 9.17706e-08 2.51236e-08 0 0 0 0 0 0 0 0 0 0 0 0 0 0 0 0 0 0 0 0 0 0 0 0 0 0 0 0 0 0 0 0 0 0 0 0 0 0 0 0 0 0 0 0 0 0 0 0 0 0 0 0 0 0 0
262.336 87.3825 54.2002 15.7613 12.6472 12.6472 9.99807 6.93176 6.52446 5.95984 5.09681 5.01475 4.29019 4.0016 3.29681 3.00963 2.43932 2.03551 1.46389 1.3167 1.0778 0.680182 0.502672 0.310378 0.165008 0.103317 0.0417824 0.0134697 0.00129348 0.00109722 0.000477348 0.000123857 3.49332e-05 2.99047e-05 6.40865e-06 4.22105e-06 1.34183e-06 7.83875e-07 2.06003e-07 3.80579e-08 2.23247e-08 0 0 0 0 0 0 0 0 0 0 0 0 0 0 0 0 0 0 0 0 0 0 0 0 0 0 0 0 0 0 0 0 0 0 0 0 0 0 0 0 0 0 0 0 0 0 0 0 0 0 0 0 0 0 0 0
292.584 198.969 64.6414 36.0951 18.4894 11.7851 9.60524 7.86917 6.31637 5.99288 5.70825 4.94251 4.80774 4.33297 3.91484 3.53006 3.21085 2.75299 2.14171 1.77545 1.35686 0.970177 0.690673 0.451076 0.283267 0.172863 0.11582 0.0301948 0.00422679 0.00181629 0.000670515 0.00027455 0.000144416 5.17732e-05 2.44646e-05 9.34989e-06 4.54554e-06 1.44619e-06 7.73374e-07 1.72151e-07 7.58652e-08 1.73432e-08 0 0 0 0 0 0 0 0 0 0 0 0 0 0 0 0 0 0 0 0 0 0 0 0 0 0 0 0 0 0 0 0 0 0 0 0 0 0 0 0 0 0 0 0 0 0 0 0 0 0 0 0 0 0 0
335.463 107.587 40.6964 21.8215 14.0123 9.61947 9.61947 6.81609 6.71603 4.8984 4.8984 4.29095 4.03348 3.5102 3.0971 2.64542 2.18226 1.73282 1.25506 0.97713 0.691791 0.483222 0.319854 0.172472 0.110618 0.0480263 0.0219427 0.0125795 0.00109675 0.000681312 0.000147431 5.43502e-05 2.25653e-05 1.44917e-05 8.38515e-06 4.10336e-06 1.47869e-06 2.53033e-07 7.45211e-08 3.37251e-08 1.87586e-08 0 0 0 0 0 0 0 0 0 0 0 0 0 0 0 0 0 0 0 0 0 0 0 0 0 0 0 0 0 0 0 0 0 0 0 0 0 0 0 0 0 0 0 0 0 0 0 0 0 0 0 0 0 0 0 0
371.698 371.698 134.091 94.7581 23.2711 13.3212 7.49413 6.30098 4.95465 4.95465 4.63132 4.04538 3.75077 3.13718 2.67856 2.17278 1.86046 1.39911 0.939972 0.860841 0.609182 0.346256 0.222805 0.133092 0.0745923 0.0333714 0.0124793 0.00693182 0.000612631 0.000258761 0.000145559 4.58072e-05 2.1573e-05 1.2825e-05 3.81435e-06 4.58645e-07 2.03408e-07 2.03408e-07 8.9849e-08 1.59134e-08 0 0 0 0 0 0 0 0 0 0 0 0 0 0 0 0 0 0 0 0 0 0 0 0 0 0 0 0 0 0 0 0 0 0 0 0 0 0 0 0 0 0 0 0 0 0 0 0 0 0 0 0 0 0 0 0 0
229.635 125.671 125.671 60.1265 14.0502 10.5818 8.25881 6.689 6.17749 5.80259 5.04273 4.70527 4.16723 3.81685 3.17208 2.725 2.28128 1.97402 1.32491 0.986206 0.69826 0.509742 0.312876 0.219012 0.110328 0.0701926 0.0318179 0.0171398 0.00214649 0.000722275 0.000291944 0.000133463 6.16475e-05 1.69085e-05 8.12727e-06 3.79161e-06 1.46975e-06 6.63001e-07 2.8384e-07 9.61667e-08 2.81507e-08 0 0 0 0 0 0 0 0 0 0 0 0 0 0 0 0 0 0 0 0 0 0 0 0 0 0 0 0 0 0 0 0 0 0 0 0 0 0 0 0 0 0 0 0 0 0 0 0 0 0 0 0 0 0 0 0
251.522 138.765 48.9427 15.619 10.803 8.22649 7.16391 6.69203 6.07333 5.28342 5.14027 4.64937 4.25227 3.59828 3.1998 2.7966 2.35812 2.00811 1.63122 1.27657 0.936074 0.624194 0.433319 0.241369 0.12089 0.0656066 0.0282921 0.00267166 0.00247542 0.000627505 0.000165326 0.0001644 5.73334e-05 1.22817e-05 7.69783e-06 2.32953e-06 1.05286e-06 5.5836e-07 1.28283e-07 4.13038e-08 0 0 0 0 0 0 0 0 0 0 0 0 0 0 0 0 0 0 0 0 0 0 0 0 0 0 0 0 0 0 0 0 0 0 0 0 0 0 0 0 0 0 0 0 0 0 0 0 0 0 0 0 0 0 0 0
308.168 308.168 68.9986 43.2487 12.9465 9.13805 8.53867 7.58336 6.02257 5.09919 4.74894 4.40529 3.9293 3.61632 3.17957 2.90179 2.62122 2.2051 1.74151 1.28291 0.978579 0.685786 0.398792 0.317993 0.198898 0.129503 0.051895 0.0250203 0.00253 0.00116763 0.000437731 0.00022068 6.33237e-05 3.4575e-05 1.61851e-05 7.05351e-06 2.39317e-06 8.63453e-07 1.96311e-07 6.10172e-08 3.46108e-08 1.29752e-08 0 0 0 0 0 0 0 0 0 0 0 0 0 0 0 0 0 0 0 0 0 0 0 0 0 0 0 0 0 0 0 0 0 0 0 0 0 0 0 0 0 0 0 0 0 0 0 0 0 0 0 0 0 0 0
192.644 192.644 133.994 59.6975 51.5272 15.4888 15.4888 13.6269 8.45545 7.36694 7.09706 5.64754 5.53977 4.91814 4.50232 4.12478 3.6624 3.26938 2.81495 2.46603 1.93762 1.63099 1.21724 0.855249 0.52341 0.322005 0.21358 0.152269 0.0789454 0.0325363 0.00392863 0.00204921 0.000719542 0.000244813 0.000149848 5.25642e-05 2.17356e-05 5.96317e-06 2.87055e-06 2.27936e-06 6.89232e-07 1.94453e-07 4.32316e-08 0 0 0 0 0 0 0 0 0 0 0 0 0 0 0 0 0 0 0 0 0 0 0 0 0 0 0 0 0 0 0 0 0 0 0 0 0 0 0 0 0 0 0 0 0 0 0 0 0 0 0 0 0 0 0 0
235.068 235.068 106.563 58.2654 14.4155 11.7037 8.73789 6.64933 6.64933 5.93221 5.40343 4.64584 4.55506 4.17632 3.71548 3.4622 3.093 2.59137 2.11342 1.71832 1.31499 0.948708 0.770153 0.522322 0.299697 0.156934 0.114385 0.0590643 0.00685917 0.00407615 0.00132101 0.000670888 0.000264602 9.7896e-05 2.87459e-05 1.35832e-05 5.15574e-06 2.66816e-06 1.04186e-06 3.71572e-07 6.3057e-08 2.25634e-08 0 0 0 0 0 0 0 0 0 0 0 0 0 0 0 0 0 0 0 0 0 0 0 0 0 0 0 0 0 0 0 0 0 0 0 0 0 0 0 0 0 0 0 0 0 0 0 0 0 0 0 0 0 0 0
133.664 133.664 41.3264 41.3264 13.6221 10.9385 9.11735 7.97689 7.35597 6.22482 5.87641 5.70188 5.13402 4.6929 4.26025 3.71828 3.29656 2.8966 2.44023 1.90737 1.54708 1.2019 0.832545 0.594179 0.455662 0.296249 0.180806 0.108833 0.0273359 0.00891263 0.00315943 0.000524268 0.000259718 0.000201302 5.81521e-05 3.01164e-05 8.28666e-06 3.38967e-06 1.58794e-06 4.0892e-07 1.34823e-07 3.67414e-08 1.22096e-08 0 0 0 0 0 0 0 0 0 0 0 0 0 0 0 0 0 0 0 0 0 0 0 0 0 0 0 0 0 0 0 0 0 0 0 0 0 0 0 0 0 0 0 0 0 0 0 0 0 0 0 0 0 0
578.276 363.282 54.801 54.801 23.2907 12.9116 12.9116 10.3994 7.48047 6.02284 6.02284 6.02284 5.77441 5.32566 4.73223 4.21421 3.66391 3.32579 2.87535 2.20607 1.95873 1.59132 1.06119 0.778015 0.504145 0.275876 0.213137 0.104219 0.0585658 0.00878656 0.00428489 0.000850615 0.000439296 0.000193414 7.87869e-05 2.84632e-05 1.42772e-05 2.44468e-06 2.44468e-06 8.74979e-07 2.28991e-07 1.13752e-07 1.65701e-08 0 0 0 0 0 0 0 0 0 0 0 0 0 0 0 0 0 0 0 0 0 0 0 0 0 0 0 0 0 0 0 0 0 0 0 0 0 0 0 0 0 0 0 0 0 0 0 0 0 0 0 0 0 0 0
277.954 168.477 34.8723 21.6653 10.1579 8.44394 7.40263 6.6102 5.39233 5.08441 4.85438 4.27712 3.82139 3.3787 2.9449 2.48231 2.11006 1.71574 1.32861 0.969242 0.72937 0.449888 0.293449 0.211452 0.101896 0.0560301 0.0229639 0.00286146 0.00153268 0.000815045 0.000147389 0.000112891 4.35198e-05 1.94124e-05 8.3779e-06 4.77163e-06 1.81355e-06 6.95969e-07 9.29356e-08 5.32925e-08 1.3674e-08 0 0 0 0 0 0 0 0 0 0 0 0 0 0 0 0 0 0 0 0 0 0 0 0 0 0 0 0 0 0 0 0 0 0 0 0 0 0 0 0 0 0 0 0 0 0 0 0 0 0 0 0 0 0 0
282.184 63.424 63.424 30.4105 11.7043 11.3211 9.20632 9.20632 7.6626 6.99921 6.03803 5.64551 5.13964 4.61288 4.34945 3.74352 3.51365 2.91775 2.62142 2.26776 1.91042 1.40659 1.04233 0.721077 0.438446 0.259708 0.166206 0.0849553 0.0369126 0.00516921 0.00218336 0.000374128 0.000197927 0.000137777 6.74548e-05 2.92449e-05 8.19499e-06 4.4682e-06 1.29554e-06 8.82901e-07 1.37414e-07 4.65938e-08 1.27311e-08 0 0 0 0 0 0 0 0 0 0 0 0 0 0 0 0 0 0 0 0 0 0 0 0 0 0 0 0 0 0 0 0 0 0 0 0 0 0 0 0 0 0 0 0 0 0 0 0 0 0 0 0 0 0 0
449.043 121.645 121.645 52.8195 52.8195 18.6133 15.1646 8.21302 8.21302 8.18501 6.23327 5.58489 5.58489 5.10941 4.88743 4.36656 3.80594 3.55542 3.07245 2.56695 2.20711 1.75524 1.35205 0.955071 0.608705 0.514648 0.328919 0.231109 0.102335 0.0506658 0.00856824 0.00276619 0.000439607 0.000439607 0.000144083 6.92572e-05 2.39503e-05 1.31007e-05 4.13524e-06 2.04017e-06 1.01313e-06 1.29733e-07 5.00906e-08 1.70554e-08 0 0 0 0 0 0 0 0 0 0 0 0 0 0 0 0 0 0 0 0 0 0 0 0 0 0 0 0 0 0 0 0 0 0 0 0 0 0 0 0 0 0 0 0 0 0 0 0 0 0 0 0 0 0 0
314.975 98.317 98.317 44.8053 39.5602 14.864 9.18395 8.25977 7.31806 6.13781 5.1777 5.08213 4.7133 4.21186 3.8351 3.50348 3.01668 2.52759 2.11243 1.55053 1.21509 0.909295 0.664554 0.462769 0.32565 0.183741 0.123248 0.0492392 0.0312361 0.00468778 0.00139405 0.00043044 0.00014377 7.99929e-05 3.46103e-05 1.35067e-05 2.65303e-06 2.64981e-06 4.62668e-07 4.02761e-07 9.78281e-08 3.14934e-08 0 0 0 0 0 0 0 0 0 0 0 0 0 0 0 0 0 0 0 0 0 0 0 0 0 0 0 0 0 0 0 0 0 0 0 0 0 0 0 0 0 0 0 0 0 0 0 0 0 0 0 0 0 0 0 0
402.191 73.7652 73.7652 54.5067 18.1209 14.6765 8.29206 6.94053 4.76681 4.76681 4.52306 4.34953 4.06248 3.59273 3.16139 2.55734 2.20116 1.72812 1.53646 1.11585 0.737678 0.50155 0.322606 0.224877 0.119002 0.0543759 0.0227917 0.00760411 0.00141536 0.000435211 0.000308612 9.82244e-05 3.71165e-05 1.59515e-05 5.889e-06 3.10198e-06 1.5249e-06 3.15732e-07 2.21094e-07 3.57172e-08 1.56709e-08 0 0 0 0 0 0 0 0 0 0 0 0 0 0 0 0 0 0 0 0 0 0 0 0 0 0 0 0 0 0 0 0 0 0 0 0 0 0 0 0 0 0 0 0 0 0 0 0 0 0 0 0 0 0 0 0
224.38 140.743 91.7182 45.2076 8.86528 8.86528 8.86528 6.95898 6.01897 5.23381 4.62581 4.47504 4.09046 3.49947 3.22327 2.86419 2.4159 1.93057 1.45422 1.21278 0.92525 0.624889 0.418854 0.272091 0.137602 0.0747698 0.0228626 0.0153346 0.00123506 0.000734575 0.00034396 0.000182486 6.81537e-05 4.77765e-05 9.72222e-06 4.16681e-06 8.32382e-07 6.06892e-07 1.79943e-07 8.72292e-08 2.34946e-08 0 0 0 0 0 0 0 0 0 0 0 0 0 0 0 0 0 0 0 0 0 0 0 0 0 0 0 0 0 0 0 0 0 0 0 0 0 0 0 0 0 0 0 0 0 0 0 0 0 0 0 0 0 0 0 0
261.819 125.405 125.405 62.5565 62.5565 16.3847 11.4002 8.79248 7.53068 6.05949 5.60878 4.7819 4.60425 3.97309 3.63824 3.34642 2.98458 2.45443 2.02515 1.64364 1.25359 0.802859 0.663659 0.454336 0.268274 0.176183 0.0933954 0.0411456 0.0114054 0.00190203 0.000716053 0.000247589 8.0398e-05 4.54984e-05 3.48458e-05 9.38624e-06 3.20534e-06 1.24224e-06 6.12958e-07 1.98387e-07 6.85046e-08 2.12044e-08 0 0 0 0 0 0 0 0 0 0 0 0 0 0 0 0 0 0 0 0 0 0 0 0 0 0 0 0 0 0 0 0 0 0 0 0 0 0 0 0 0 0 0 0 0 0 0 0 0 0 0 0 0 0 0 0
242.468 136.132 41.0129 17.1016 9.99396 8.4778 8.4778 6.53578 6.14414 5.88476 5.39182 5.05843 4.62757 4.08284 3.57244 3.28804 2.88057 2.45257 2.08265 1.67351 1.26428 0.882805 0.684751 0.431509 0.273989 0.192616 0.113414 0.019207 0.00583259 0.00263574 0.000697747 0.000401481 0.000137496 6.11653e-05 2.93295e-05 1.27127e-05 8.00735e-06 1.61461e-06 6.20457e-07 2.52676e-07 4.0132e-08 1.46443e-08 0 0 0 0 0 0 0 0 0 0 0 0 0 0 0 0 0 0 0 0 0 0 0 0 0 0 0 0 0 0 0 0 0 0 0 0 0 0 0 0 0 0 0 0 0 0 0 0 0 0 0 0 0 0
244.559 80.0596 58.0098 19.4775 11.0848 9.01835 7.18343 6.57314 5.76846 5.07718 4.90632 4.28877 4.05484 3.60375 3.04269 2.46392 2.14036 1.74803 1.337 1.03945 0.702677 0.476212 0.348676 0.165218 0.117019 0.0441303 0.021743 0.00214205 0.00132024 0.000579 0.000274723 0.000137231 3.35301e-05 1.28858e-05 7.55772e-06 3.23615e-06 1.18731e-06 4.54889e-07 1.04057e-07 4.56855e-08 1.94028e-08 0 0 0 0 0 0 0 0 0 0 0 0 0 0 0 0 0 0 0 0 0 0 0 0 0 0 0 0 0 0 0 0 0 0 0 0 0 0 0 0 0 0 0 0 0 0 0 0 0 0 0 0 0 0 0
575.816 575.816 157.95 69.179 14.0903 12.4141 8.88012 7.7126 7.05917 6.49199 5.61825 4.82302 4.81107 4.43211 4.01457 3.55287 3.21586 2.83264 2.47163 1.98149 1.45561 1.1432 0.761131 0.530643 0.324639 0.165839 0.125222 0.045131 0.00633233 0.00287444 0.000707217 0.000242122 0.000203154 4.1367e-05 2.75742e-05 1.06142e-05 3.77606e-06 1.70412e-06 7.03048e-07 1.65604e-07 5.07866e-08 1.10732e-08 0 0 0 0 0 0 0 0 0 0 0 0 0 0 0 0 0 0 0 0 0 0 0 0 0 0 0 0 0 0 0 0 0 0 0 0 0 0 0 0 0 0 0 0 0 0 0 0 0 0 0 0 0 0 0
573.61 573.61 147.767 57.3812 19.8858 9.56979 7.87644 6.82223 6.50787 5.85895 5.54118 5.13721 4.55873 4.24367 4.00008 3.40688 2.93438 2.54188 2.10498 1.76201 1.26836 0.969276 0.660555 0.501272 0.273418 0.167398 0.0770083 0.0348508 0.00481906 0.00145131 0.000649567 0.000439205 0.000120333 3.44755e-05 1.89691e-05 9.61652e-06 1.93501e-06 1.49359e-06 7.752e-07 1.82695e-07 2.73976e-08 1.0203e-08 0 0 0 0 0 0 0 0 0 0 0 0 0 0 0 0 0 0 0 0 0 0 0 0 0 0 0 0 0 0 0 0 0 0 0 0 0 0 0 0 0 0 0 0 0 0 0 0 0 0 0 0 0 0 0
371.935 98.0859 39.5141 12.5154 10.8238 8.03148 7.70473 6.80316 5.88511 5.21517 4.95743 4.68445 4.33938 3.72174 3.41629 3.05187 2.4918 2.18249 1.68068 1.26904 1.02289 0.61738 0.442518 0.221462 0.140698 0.0737829 0.0297051 0.00318198 0.0012834 0.000462341 0.000237869 0.000121734 3.96644e-05 1.09118e-05 3.94111e-06 1.76347e-06 9.14489e-07 3.52253e-07 7.63376e-08 2.00926e-08 0 0 0 0 0 0 0 0 0 0 0 0 0 0 0 0 0 0 0 0 0 0 0 0 0 0 0 0 0 0 0 0 0 0 0 0 0 0 0 0 0 0 0 0 0 0 0 0 0 0 0 0 0 0 0 0
307.476 202.792 91.8903 37.4718 37.4718 16.0808 11.0847 9.01336 7.70649 6.90185 6.03358 4.94987 4.86364 4.40077 4.06973 3.60702 3.22938 2.71468 2.32027 1.87817 1.58889 1.21812 0.938807 0.657665 0.433321 0.266278 0.133855 0.0679705 0.0359847 0.00408564 0.00170613 0.00085627 0.000249684 0.000140563 6.96734e-05 2.09655e-05 6.20253e-06 4.60323e-06 1.05383e-06 7.32359e-07 1.84406e-07 5.89015e-08 1.0014e-08 0 0 0 0 0 0 0 0 0 0 0 0 0 0 0 0 0 0 0 0 0 0 0 0 0 0 0 0 0 0 0 0 0 0 0 0 0 0 0 0 0 0 0 0 0 0 0 0 0 0 0 0 0 0 0
250.464 100.29 55.2067 10.552 10.552 9.0834 7.75129 6.45724 5.84551 5.50107 4.70673 4.50825 4.17341 3.62909 3.07464 2.54697 2.21081 1.79269 1.37785 0.989638 0.759891 0.546689 0.375253 0.195159 0.10192 0.0551501 0.0252114 0.00307303 0.00211102 0.000453072 0.000189375 9.90926e-05 2.72401e-05 1.48039e-05 7.5998e-06 2.99255e-06 7.69643e-07 3.27305e-07 8.46211e-08 2.39078e-08 1.00915e-08 0 0 0 0 0 0 0 0 0 0 0 0 0 0 0 0 0 0 0 0 0 0 0 0 0 0 0 0 0 0 0 0 0 0 0 0 0 0 0 0 0 0 0 0 0 0 0 0 0 0 0 0 0 0 0
342.37 130.918 63.5154 63.5154 18.9295 10.3178 7.94599 7.89808 6.12713 6.12713 5.42869 5.0499 4.69708 4.18294 3.73673 3.34868 2.97794 2.5621 2.14859 1.68838 1.37935 1.03321 0.756543 0.471949 0.301815 0.197253 0.0968878 0.0499472 0.00279258 0.00150876 0.000846887 0.000281068 0.000116653 4.42251e-05 1.58821e-05 9.93089e-06 4.61095e-06 1.42742e-06 5.30745e-07 1.09837e-07 4.06216e-08 1.48629e-08 0 0 0 0 0 0 0 0 0 0 0 0 0 0 0 0 0 0 0 0 0 0 0 0 0 0 0 0 0 0 0 0 0 0 0 0 0 0 0 0 0 0 0 0 0 0 0 0 0 0 0 0 0 0 0
255.716 57.8207 57.8207 50.4836 50.4836 10.9972 10.9316 9.24846 7.57565 6.22908 6.03149 5.93168 5.31851 4.77934 4.32992 4.01921 3.49449 3.0199 2.60975 2.20828 1.64455 1.3974 1.01499 0.691438 0.45879 0.32071 0.165008 0.105213 0.0530938 0.0114724 0.00284547 0.000625874 0.000387522 0.000163664 9.20753e-05 2.6998e-05 1.18033e-05 6.9485e-06 1.26159e-06 1.16235e-06 2.4674e-07 6.04644e-08 1.75733e-08 0 0 0 0 0 0 0 0 0 0 0 0 0 0 0 0 0 0 0 0 0 0 0 0 0 0 0 0 0 0 0 0 0 0 0 0 0 0 0 0 0 0 0 0 0 0 0 0 0 0 0 0 0 0 0
376.993 102.142 102.142 28.4695 14.5325 14.5325 11.7006 8.92945 7.40545 6.38447 6.07316 5.35848 4.95186 4.37565 4.12034 3.72467 3.27843 2.92713 2.40213 2.00519 1.53682 1.27973 0.86549 0.658469 0.401135 0.235746 0.138963 0.075945 0.0337508 0.00184886 0.00172912 0.000648709 0.000305957 0.000129598 4.19513e-05 1.8655e-05 1.45343e-05 4.56445e-06 1.68099e-06 7.7329e-07 1.99408e-07 5.52365e-08 1.83018e-08 0 0 0 0 0 0 0 0 0 0 0 0 0 0 0 0 0 0 0 0 0 0 0 0 0 0 0 0 0 0 0 0 0 0 0 0 0 0 0 0 0 0 0 0 0 0 0 0 0 0 0 0 0 0 0
377.557 377.557 83.3317 74.5589 16.8164 10.3045 8.93635 7.44705 6.25394 5.86733 5.31049 5.08924 4.38539 3.94292 3.49557 3.21776 2.86215 2.3403 1.93922 1.64559 1.15262 0.761105 0.533235 0.330921 0.163702 0.108897 0.0436097 0.0151513 0.00291237 0.00120648 0.00043187 0.000271841 9.38516e-05 5.20254e-05 2.35373e-05 9.58855e-06 3.47498e-06 7.5597e-07 4.75631e-07 1.12891e-07 5.00719e-08 0 0 0 0 0 0 0 0 0 0 0 0 0 0 0 0 0 0 0 0 0 0 0 0 0 0 0 0 0 0 0 0 0 0 0 0 0 0 0 0 0 0 0 0 0 0 0 0 0 0 0 0 0 0 0 0
244.204 130.34 63.6855 63.6855 14.766 10.5034 10.5034 8.66558 7.48635 6.62233 5.83313 5.31744 5.00936 4.55575 4.0411 3.74483 3.44729 3.0748 2.65343 2.10488 1.75967 1.38471 0.977987 0.643007 0.399325 0.251608 0.156406 0.0820168 0.00851922 0.00506826 0.00156323 0.000419159 0.000260242 8.09485e-05 6.05104e-05 2.02691e-05 9.3733e-06 4.40571e-06 1.26814e-06 2.90877e-07 4.89891e-08 2.9931e-08 0 0 0 0 0 0 0 0 0 0 0 0 0 0 0 0 0 0 0 0 0 0 0 0 0 0 0 0 0 0 0 0 0 0 0 0 0 0 0 0 0 0 0 0 0 0 0 0 0 0 0 0 0 0 0
253.979 253.979 122.558 122.558 52.429 17.5082 12.6405 12.6405 7.59298 7.25741 6.21871 5.89886 5.52721 4.69193 4.36264 4.02072 3.6111 3.23025 2.86558 2.37205 1.88619 1.6005 1.30475 0.938869 0.718212 0.40529 0.262963 0.156259 0.0709079 0.0367568 0.00290615 0.00109807 0.000349853 0.000263021 0.000125907 5.75112e-05 2.66026e-05 1.03008e-05 4.47667e-06 1.63167e-06 4.5941e-07 8.08368e-08 4.56581e-08 1.30963e-08 0 0 0 0 0 0 0 0 0 0 0 0 0 0 0 0 0 0 0 0 0 0 0 0 0 0 0 0 0 0 0 0 0 0 0 0 0 0 0 0 0 0 0 0 0 0 0 0 0 0 0 0 0 0 0
453.093 100.988 52.584 52.584 16.5378 11.2964 7.98461 7.32164 6.50764 5.88002 5.4813 4.97947 4.66509 4.12287 3.98787 3.55988 2.95878 2.61897 2.18579 1.73838 1.28189 1.02086 0.721755 0.58143 0.422912 0.236032 0.136884 0.0672088 0.00954372 0.00289392 0.000809089 0.000652595 0.000293965 7.89921e-05 4.36093e-05 1.04136e-05 6.1341e-06 4.07459e-06 8.60456e-07 2.45061e-07 7.71922e-08 2.21578e-08 0 0 0 0 0 0 0 0 0 0 0 0 0 0 0 0 0 0 0 0 0 0 0 0 0 0 0 0 0 0 0 0 0 0 0 0 0 0 0 0 0 0 0 0 0 0 0 0 0 0 0 0 0 0 0
227.119 227.119 119.723 37.2744 17.0805 13.9386 9.02836 8.22619 6.95021 6.34937 5.89495 5.49797 4.69273 4.14772 3.95569 3.57263 3.16748 2.76226 2.31862 1.88203 1.49037 1.01123 0.823611 0.520561 0.319177 0.198577 0.102587 0.0435964 0.0124276 0.00405084 0.00178398 0.000377137 0.000291866 6.88569e-05 3.05007e-05 1.21053e-05 8.31818e-06 2.15521e-06 6.90404e-07 3.57602e-07 7.45678e-08 2.63458e-08 0 0 0 0 0 0 0 0 0 0 0 0 0 0 0 0 0 0 0 0 0 0 0 0 0 0 0 0 0 0 0 0 0 0 0 0 0 0 0 0 0 0 0 0 0 0 0 0 0 0 0 0 0 0 0
252.918 78.3932 52.0503 17.4082 11.5273 9.69248 7.80189 7.79053 6.10931 5.44067 5.26167 4.7293 4.454 4.13399 3.60445 3.23352 2.77336 2.28316 1.97078 1.52559 1.17802 0.794761 0.529569 0.347366 0.235117 0.118984 0.0492457 0.0134417 0.00204169 0.00204169 0.000673263 0.000303046 0.000134681 3.81211e-05 2.28273e-05 7.90648e-06 3.79275e-06 1.39257e-06 3.18857e-07 1.32644e-07 3.40268e-08 1.13457e-08 0 0 0 0 0 0 0 0 0 0 0 0 0 0 0 0 0 0 0 0 0 0 0 0 0 0 0 0 0 0 0 0 0 0 0 0 0 0 0 0 0 0 0 0 0 0 0 0 0 0 0 0 0 0
551.004 551.004 88.2878 49.079 20.2375 12.3172 8.52156 8.13442 6.808 6.07224 5.99258 5.52331 5.21894 4.82768 4.42615 3.97323 3.59896 3.03038 2.64526 2.02497 1.5356 1.02064 0.823525 0.569881 0.316015 0.22326 0.114967 0.0496635 0.0116764 0.00392481 0.0014775 0.000564399 0.000229735 0.000124294 4.93893e-05 1.91993e-05 1.30231e-05 3.58065e-06 1.1468e-06 3.81351e-07 6.34587e-08 2.70136e-08 0 0 0 0 0 0 0 0 0 0 0 0 0 0 0 0 0 0 0 0 0 0 0 0 0 0 0 0 0 0 0 0 0 0 0 0 0 0 0 0 0 0 0 0 0 0 0 0 0 0 0 0 0 0 0
209.244 131.726 28.1901 15.6194 14.9629 11.4773 8.85383 6.84011 6.26537 5.23097 4.95789 4.46298 3.95749 3.62448 3.18614 2.702 2.20111 1.8432 1.55961 1.0401 0.788421 0.528649 0.320419 0.201492 0.12883 0.0543126 0.0252257 0.00374419 0.00292668 0.00054473 0.000469556 0.000157761 8.55352e-05 3.4668e-05 1.45294e-05 7.25956e-06 2.71259e-06 1.01018e-06 3.04256e-07 7.2346e-08 3.10719e-08 0 0 0 0 0 0 0 0 0 0 0 0 0 0 0 0 0 0 0 0 0 0 0 0 0 0 0 0 0 0 0 0 0 0 0 0 0 0 0 0 0 0 0 0 0 0 0 0 0 0 0 0 0 0 0
548.247 416.838 140.566 59.9416 17.5579 11.9826 8.17048 6.83559 6.48043 5.30959 4.64516 4.59825 4.11014 3.5238 3.21867 2.87343 2.55425 2.01866 1.70947 1.37153 0.871336 0.680665 0.457201 0.286018 0.188571 0.0976774 0.0430157 0.0156132 0.00226222 0.000742193 0.000290582 0.000276976 7.68453e-05 3.8287e-05 9.58937e-06 8.80647e-06 2.58803e-06 1.33877e-06 3.71841e-07 8.25821e-08 3.34081e-08 1.18584e-08 0 0 0 0 0 0 0 0 0 0 0 0 0 0 0 0 0 0 0 0 0 0 0 0 0 0 0 0 0 0 0 0 0 0 0 0 0 0 0 0 0 0 0 0 0 0 0 0 0 0 0 0 0 0 0
