5.93423e+40 5.93423e+40 2.63858e+35 1.22051e+34 3.211e+30 3.211e+30 2.43474e+27 2.89672e+26 2.89672e+26 3.63428e+25 3.8136e+22 1.0108e+21 3.76941e+19 3.76941e+19 4.72668e+18 1.83877e+17 1.82705e+17 1.82705e+17 7.31706e+16 8.175e+15 5.74812e+15 9.08658e+13 9.08658e+13 2.71467e+13 4.02497e+12 7.82566e+10 6.31946e+09 1.70693e+09 1.70693e+09 3.81751e+08 3.74207e+07 3.74207e+07 2.34473e+06 1.00965e+06 1.00965e+06 107268 15665 3850 1003 245 50 48 30 4 2 0 0 0 0 0 0 0 0 0 0 0 0 0 0 0 0 0 0 0 0 0 0 0 0 0 0 0 0 0 0 0 0 0 0 0 0 0 0 0 0 0 0 0 0 0 0 0 0 0 0 0 0 0 0 0 0 0 0
5.38098e+39 5.12406e+38 1.53891e+37 1.80273e+36 2.00884e+33 2.00884e+33 7.49346e+28 3.57604e+27 7.96395e+25 6.70261e+23 5.57547e+22 2.76746e+21 7.62714e+18 7.62714e+18 1.97286e+18 3.03156e+17 1.64044e+15 1.64044e+15 1.64044e+15 1.64044e+15 1.34303e+14 1.63424e+13 1.19904e+13 5.43963e+11 8.04517e+10 1.62223e+09 8.3341e+07 2.54084e+06 154899 6835 2614 251 23 11 6 3 1 0 0 0 0 0 0 0 0 0 0 0 0 0 0 0 0 0 0 0 0 0 0 0 0 0 0 0 0 0 0 0 0 0 0 0 0 0 0 0 0 0 0 0 0 0 0 0 0 0 0 0 0 0 0 0 0 0 0 0 0 0
3.36769e+41 3.36769e+41 9.59717e+34 9.59717e+34 1.26871e+33 1.29912e+29 1.29912e+29 1.04171e+23 1.04171e+23 1.04171e+23 6.02249e+20 1.06719e+20 1.06719e+20 1.17269e+19 3.2395e+17 4.35523e+16 9.74752e+15 2.28119e+15 1.33096e+14 5.49426e+13 1.87e+13 1.87e+13 4.23426e+11 1.1693e+10 6.75735e+08 3.27187e+07 5.73468e+06 520693 78639 22818 1293 1282 72 22 9 6 1 1 0 0 0 0 0 0 0 0 0 0 0 0 0 0 0 0 0 0 0 0 0 0 0 0 0 0 0 0 0 0 0 0 0 0 0 0 0 0 0 0 0 0 0 0 0 0 0 0 0 0 0 0 0 0 0 0 0 0 0 0 0
2.44159e+38 2.44159e+38 5.87114e+36 5.87114e+36 5.36982e+32 3.57689e+29 1.91327e+27 1.91281e+27 1.91281e+27 4.3267e+24 2.64387e+23 5.96403e+22 2.02454e+21 2.40874e+20 3.87048e+19 9.05168e+17 2.78911e+17 2.10274e+16 2.10274e+16 3.66759e+15 2.52122e+13 1.26388e+13 3.06754e+12 3.06754e+12 1.27402e+12 8.57495e+10 1.42297e+10 1.76963e+08 3.58311e+07 1.3733e+07 59147 21154 8566 4656 3176 78 9 4 4 2 0 0 0 0 0 0 0 0 0 0 0 0 0 0 0 0 0 0 0 0 0 0 0 0 0 0 0 0 0 0 0 0 0 0 0 0 0 0 0 0 0 0 0 0 0 0 0 0 0 0 0 0 0 0 0 0 0 0 0
2.44432e+38 2.44432e+38 3.14879e+36 1.94748e+33 1.6031e+28 2.05638e+27 2.05638e+27 1.12217e+25 1.59986e+22 5.75897e+21 1.42988e+21 7.22036e+19 2.98114e+18 2.47047e+17 8.86228e+16 2.73369e+16 1.7051e+15 2.37856e+14 7.99995e+13 2.1951e+13 5.00699e+12 1.12418e+12 4.95597e+10 1.00523e+10 1.83993e+08 1.87064e+07 1.67374e+06 330430 330430 40565 3296 1819 248 121 32 13 3 1 0 0 0 0 0 0 0 0 0 0 0 0 0 0 0 0 0 0 0 0 0 0 0 0 0 0 0 0 0 0 0 0 0 0 0 0 0 0 0 0 0 0 0 0 0 0 0 0 0 0 0 0 0 0 0 0 0 0 0 0
8.12785e+43 8.12785e+43 4.6585e+34 4.6585e+34 2.71299e+33 1.79654e+30 1.79654e+30 1.30414e+26 1.89568e+25 1.43439e+25 1.43439e+25 8.2893e+22 8.2893e+22 3.34634e+21 5.51313e+19 5.51313e+19 1.72557e+17 1.20393e+17 3.31779e+16 7.46981e+15 3.27249e+15 4.38501e+14 1.58563e+14 4.32193e+13 1.26681e+12 8.46077e+11 6.39609e+10 1.36909e+09 1.21576e+08 2.21311e+07 989863 174432 14986 12124 4179 1120 85 26 12 3 0 0 0 0 0 0 0 0 0 0 0 0 0 0 0 0 0 0 0 0 0 0 0 0 0 0 0 0 0 0 0 0 0 0 0 0 0 0 0 0 0 0 0 0 0 0 0 0 0 0 0 0 0 0 0 0 0 0 0 0 0
3.20902e+42 3.20902e+42 3.18089e+34 2.82285e+33 4.53721e+28 6.17817e+25 3.34069e+24 7.16851e+22 3.88033e+20 1.13277e+20 8.53867e+19 3.59933e+18 3.59933e+18 2.54432e+17 4.01496e+16 2.95428e+15 2.18846e+14 4.50009e+13 2.66085e+12 8.99308e+11 2.8099e+11 7.80121e+09 4.6395e+08 4.6395e+08 1.24222e+07 2.06538e+06 503199 14352 8697 690 690 70 23 11 3 2 0 0 0 0 0 0 0 0 0 0 0 0 0 0 0 0 0 0 0 0 0 0 0 0 0 0 0 0 0 0 0 0 0 0 0 0 0 0 0 0 0 0 0 0 0 0 0 0 0 0 0 0 0 0 0 0 0 0 0 0 0 0
5.48875e+36 1.17864e+34 1.17864e+34 1.91165e+31 1.91165e+31 5.47602e+28 5.47602e+28 5.75729e+24 5.75729e+24 5.75729e+24 5.75729e+24 3.96347e+22 3.96347e+22 3.96347e+22 3.96347e+22 2.56108e+20 4.05616e+17 4.05616e+17 4.05616e+17 9.00238e+16 3.08824e+16 7.59527e+15 6.8299e+14 3.07252e+13 4.42316e+12 5.6116e+11 8.82845e+10 2.96161e+10 2.09594e+09 1.53214e+08 1.13838e+07 720483 27945 5538 3542 428 170 21 18 5 1 1 0 0 0 0 0 0 0 0 0 0 0 0 0 0 0 0 0 0 0 0 0 0 0 0 0 0 0 0 0 0 0 0 0 0 0 0 0 0 0 0 0 0 0 0 0 0 0 0 0 0 0 0 0 0 0 0 0 0 0 0
6.59904e+39 6.59904e+39 3.98544e+34 4.02142e+33 1.37179e+31 3.08465e+27 9.43851e+25 1.89598e+25 2.44882e+24 2.47096e+20 1.07309e+20 3.41469e+18 3.41469e+18 2.13876e+18 2.13876e+18 2.68693e+17 2.08985e+17 2.95943e+16 4.89038e+15 1.6988e+15 1.15825e+14 1.15825e+14 2.19051e+13 1.39875e+12 5.48666e+10 5.47305e+09 7.24258e+08 3.98093e+06 725217 29523 4907 4082 643 293 20 8 4 0 0 0 0 0 0 0 0 0 0 0 0 0 0 0 0 0 0 0 0 0 0 0 0 0 0 0 0 0 0 0 0 0 0 0 0 0 0 0 0 0 0 0 0 0 0 0 0 0 0 0 0 0 0 0 0 0 0 0 0 0 0
7.0415e+39 7.0415e+39 1.11747e+37 2.67191e+32 6.49512e+27 1.83667e+26 3.25675e+24 3.25675e+24 2.89194e+21 2.89194e+21 4.59993e+20 4.59993e+20 8.32555e+19 2.42876e+18 2.25098e+17 1.12234e+17 7.88167e+16 4.49099e+16 4.9568e+15 2.53726e+14 3.59651e+13 7.61151e+12 3.55201e+12 3.97922e+11 1.606e+11 4.76114e+10 2.85716e+09 1.19796e+08 1.44734e+07 55183 55183 9359 3521 175 25 11 5 3 1 0 0 0 0 0 0 0 0 0 0 0 0 0 0 0 0 0 0 0 0 0 0 0 0 0 0 0 0 0 0 0 0 0 0 0 0 0 0 0 0 0 0 0 0 0 0 0 0 0 0 0 0 0 0 0 0 0 0 0 0 0
2.82575e+42 2.82575e+42 5.02697e+34 2.34696e+33 5.61837e+29 5.61837e+29 1.18486e+27 1.18486e+27 1.23668e+24 1.08859e+22 1.08859e+22 1.28716e+21 7.48963e+18 6.10739e+18 1.55685e+18 3.12433e+17 1.08538e+17 1.39711e+16 1.39711e+16 1.26128e+15 2.77505e+14 2.77505e+14 1.11696e+13 3.76173e+12 3.76173e+12 7.99431e+11 1.16794e+11 1.16794e+11 9.45581e+09 4.68074e+08 5.76271e+06 253930 138202 8192 4166 1114 462 16 16 8 3 2 0 0 0 0 0 0 0 0 0 0 0 0 0 0 0 0 0 0 0 0 0 0 0 0 0 0 0 0 0 0 0 0 0 0 0 0 0 0 0 0 0 0 0 0 0 0 0 0 0 0 0 0 0 0 0 0 0 0 0
1.51094e+38 1.51094e+38 8.32367e+35 8.32367e+35 3.77197e+32 6.51064e+28 2.03154e+27 1.22596e+26 1.50752e+23 1.66467e+22 1.11232e+18 1.11232e+18 1.11232e+18 4.02665e+17 3.10434e+16 2.12125e+16 2.12125e+16 3.25921e+15 2.652e+14 1.19928e+14 1.23544e+13 2.60218e+12 1.26929e+11 1.72833e+10 1.72833e+10 1.92784e+09 2.34627e+08 3.46563e+07 2.09601e+07 3.73482e+06 89540 13513 405 236 13 11 6 2 1 0 0 0 0 0 0 0 0 0 0 0 0 0 0 0 0 0 0 0 0 0 0 0 0 0 0 0 0 0 0 0 0 0 0 0 0 0 0 0 0 0 0 0 0 0 0 0 0 0 0 0 0 0 0 0 0 0 0 0
1.19841e+39 1.87279e+37 7.22197e+31 6.83152e+28 9.3182e+26 1.0134e+25 4.0591e+22 1.80602e+19 1.80602e+19 4.2062e+18 4.2062e+18 5.75418e+17 3.72059e+17 6.00388e+16 3.0366e+16 3.51023e+14 3.51023e+14 2.32291e+13 5.26394e+12 1.79344e+12 1.57009e+11 8.4665e+09 1.89297e+09 4.80517e+06 1.59702e+06 69040 21104 1719 1373 35 35 24 7 4 0 0 0 0 0 0 0 0 0 0 0 0 0 0 0 0 0 0 0 0 0 0 0 0 0 0 0 0 0 0 0 0 0 0 0 0 0 0 0 0 0 0 0 0 0 0 0 0 0 0 0 0 0 0 0 0 0 0 0 0 0 0
5.35609e+38 5.35609e+38 7.92239e+35 1.36555e+34 2.62834e+33 2.62834e+33 1.34776e+28 1.62198e+26 3.29984e+25 2.27312e+24 7.554e+21 1.76291e+20 1.08938e+18 1.08938e+18 3.2182e+17 4.86951e+16 8.86598e+15 5.71894e+15 3.56798e+14 2.46537e+13 3.408e+12 4.79762e+11 1.91126e+11 1.29828e+09 3.06039e+08 2.49492e+06 1.23237e+06 286998 79585 8111 535 181 35 14 4 4 0 0 0 0 0 0 0 0 0 0 0 0 0 0 0 0 0 0 0 0 0 0 0 0 0 0 0 0 0 0 0 0 0 0 0 0 0 0 0 0 0 0 0 0 0 0 0 0 0 0 0 0 0 0 0 0 0 0 0 0 0 0
1.12813e+40 3.87874e+36 1.29977e+34 3.52438e+28 5.3756e+26 1.10062e+26 6.27814e+24 2.62232e+20 2.62232e+20 4.19163e+19 9.56098e+17 4.11594e+17 3.83489e+16 3.83489e+16 3.83489e+16 3.74167e+15 1.08473e+14 3.56606e+13 1.11488e+13 2.47003e+12 1.82233e+11 1.82233e+11 4.5875e+10 4.4406e+08 2.93709e+06 2.93709e+06 2.93709e+06 736026 242548 21528 8638 3555 1667 202 21 14 2 1 0 0 0 0 0 0 0 0 0 0 0 0 0 0 0 0 0 0 0 0 0 0 0 0 0 0 0 0 0 0 0 0 0 0 0 0 0 0 0 0 0 0 0 0 0 0 0 0 0 0 0 0 0 0 0 0 0 0 0
1.31135e+42 1.11972e+41 4.24793e+32 4.24793e+32 4.14439e+31 6.79018e+27 8.04705e+26 4.07401e+23 1.00476e+23 1.00476e+23 1.59173e+21 1.18838e+20 2.94201e+19 2.9859e+18 4.38995e+17 7.92235e+16 3.13009e+16 4.53461e+14 3.28956e+14 4.5342e+13 2.02118e+13 1.93383e+12 1.97303e+11 1.97303e+11 6.08488e+10 2.95423e+09 8.60077e+07 2.74998e+06 410940 410940 73917 17905 3212 3212 2098 749 57 9 5 4 0 0 0 0 0 0 0 0 0 0 0 0 0 0 0 0 0 0 0 0 0 0 0 0 0 0 0 0 0 0 0 0 0 0 0 0 0 0 0 0 0 0 0 0 0 0 0 0 0 0 0 0 0 0 0 0 0 0 0 0
1.95289e+38 1.95289e+38 2.40987e+34 2.40987e+34 7.29683e+33 7.29683e+33 1.5067e+29 5.29744e+27 5.29744e+27 1.60396e+26 9.55965e+24 7.28458e+22 7.96763e+21 3.59343e+17 3.59343e+17 3.59343e+17 3.59343e+17 3.59343e+17 1.10643e+17 8.84006e+16 3.47335e+15 3.47335e+15 3.47335e+15 1.13486e+15 1.85951e+14 3.39926e+12 1.29613e+11 1.29613e+11 4.32395e+10 7.69044e+08 6.71344e+07 1.89778e+07 132963 132963 21397 3376 1720 333 16 8 4 0 0 0 0 0 0 0 0 0 0 0 0 0 0 0 0 0 0 0 0 0 0 0 0 0 0 0 0 0 0 0 0 0 0 0 0 0 0 0 0 0 0 0 0 0 0 0 0 0 0 0 0 0 0 0 0 0 0 0 0 0
1.07773e+40 1.07773e+40 1.51735e+32 1.51735e+32 1.51735e+32 5.90483e+26 2.16402e+26 1.23975e+24 1.92441e+22 9.40941e+20 7.20094e+19 2.66451e+19 5.00857e+18 6.16607e+16 2.80634e+16 2.80634e+16 6.47151e+15 6.47151e+15 2.9319e+14 1.60898e+13 2.50308e+12 2.50308e+12 4.71098e+11 4.39314e+10 1.37701e+09 1.13067e+08 3.15199e+07 1.77306e+06 332743 55850 8137 3802 114 28 16 9 3 2 0 0 0 0 0 0 0 0 0 0 0 0 0 0 0 0 0 0 0 0 0 0 0 0 0 0 0 0 0 0 0 0 0 0 0 0 0 0 0 0 0 0 0 0 0 0 0 0 0 0 0 0 0 0 0 0 0 0 0 0 0
3.22453e+40 1.17475e+36 1.03727e+30 2.84215e+28 1.61156e+27 6.84633e+25 6.84633e+25 7.93278e+22 7.81348e+22 7.15323e+20 1.90363e+20 1.90363e+20 4.98704e+19 4.98704e+19 1.33078e+18 1.33078e+18 4.29594e+17 7.893e+16 7.893e+16 1.29388e+16 8.85049e+14 1.34701e+14 5.00495e+12 5.00495e+12 2.04416e+11 2.40752e+10 2.59008e+09 1.9672e+09 7.81905e+07 1.0779e+07 2.39093e+06 300953 36552 7872 1770 52 22 19 3 0 0 0 0 0 0 0 0 0 0 0 0 0 0 0 0 0 0 0 0 0 0 0 0 0 0 0 0 0 0 0 0 0 0 0 0 0 0 0 0 0 0 0 0 0 0 0 0 0 0 0 0 0 0 0 0 0 0 0 0 0
2.32374e+42 5.50578e+41 8.95347e+36 6.65885e+32 1.05159e+28 8.41107e+25 8.54363e+24 1.21368e+22 1.21368e+22 5.21005e+19 5.21005e+19 2.81889e+19 2.45656e+18 1.00189e+17 1.00189e+17 2.89506e+15 2.89506e+15 4.3133e+14 2.14287e+14 2.14287e+14 6.30587e+13 6.30587e+13 6.12831e+12 1.21344e+12 9.35083e+10 9.98866e+09 2.77461e+09 2.53037e+08 1.21598e+07 140907 36579 2326 1081 297 61 18 4 1 0 0 0 0 0 0 0 0 0 0 0 0 0 0 0 0 0 0 0 0 0 0 0 0 0 0 0 0 0 0 0 0 0 0 0 0 0 0 0 0 0 0 0 0 0 0 0 0 0 0 0 0 0 0 0 0 0 0 0 0
5.09693e+42 6.58005e+40 8.43872e+35 4.88312e+32 3.08584e+29 6.17842e+26 2.46188e+25 2.46188e+25 2.11091e+22 2.11091e+22 7.38083e+21 4.48514e+19 1.31854e+19 2.40141e+17 1.34651e+17 3.06715e+16 2.80111e+16 2.84306e+15 2.75875e+14 8.57285e+13 1.23722e+13 3.38598e+12 3.89521e+11 4.67965e+10 2.81424e+09 5.61225e+07 1.0565e+06 207970 110299 10374 5994 313 29 9 5 1 0 0 0 0 0 0 0 0 0 0 0 0 0 0 0 0 0 0 0 0 0 0 0 0 0 0 0 0 0 0 0 0 0 0 0 0 0 0 0 0 0 0 0 0 0 0 0 0 0 0 0 0 0 0 0 0 0 0 0 0 0 0
2.63351e+39 8.55667e+38 1.08361e+36 9.15424e+33 8.60759e+28 5.77393e+27 2.80619e+25 2.80619e+25 2.57299e+23 2.57299e+23 3.9947e+20 1.96399e+20 1.96067e+18 1.96067e+18 5.68996e+16 5.68996e+16 4.11216e+16 4.37934e+15 8.58385e+14 7.61677e+13 4.13386e+13 1.08223e+13 1.77387e+12 1.77387e+12 2.02684e+11 2.43012e+09 5.26932e+08 2.81468e+07 1.06171e+06 626276 10972 4591 499 80 22 4 4 1 0 0 0 0 0 0 0 0 0 0 0 0 0 0 0 0 0 0 0 0 0 0 0 0 0 0 0 0 0 0 0 0 0 0 0 0 0 0 0 0 0 0 0 0 0 0 0 0 0 0 0 0 0 0 0 0 0 0 0 0
1.11342e+41 8.65935e+40 1.8198e+37 3.32867e+33 1.45988e+28 6.88723e+27 1.23607e+27 3.15282e+24 3.15282e+24 1.69293e+22 2.03634e+21 4.90357e+20 4.3134e+19 1.634e+19 1.634e+19 2.51478e+17 1.06283e+17 2.81583e+15 8.97831e+14 1.59723e+14 3.64683e+13 1.10145e+12 1.10145e+12 2.90314e+11 2.90314e+11 3.68965e+09 3.68965e+09 5.02543e+08 1.32795e+07 4.09825e+06 415386 20382 5743 359 60 50 19 12 1 1 0 0 0 0 0 0 0 0 0 0 0 0 0 0 0 0 0 0 0 0 0 0 0 0 0 0 0 0 0 0 0 0 0 0 0 0 0 0 0 0 0 0 0 0 0 0 0 0 0 0 0 0 0 0 0 0 0 0 0 0
7.0433e+36 7.0433e+36 2.85902e+36 1.77442e+36 4.37772e+33 4.37772e+33 2.2124e+29 4.0815e+27 8.09044e+24 1.4605e+22 1.13017e+21 1.718e+20 4.16571e+18 4.16571e+18 2.08836e+18 2.08836e+18 7.68288e+16 7.92511e+14 7.92511e+14 7.0922e+14 7.0922e+14 1.76414e+14 2.71586e+13 1.32092e+13 3.21388e+12 2.03977e+11 9.17122e+09 9.17122e+09 4.29239e+08 7.17471e+06 672804 267949 26874 5635 1056 108 10 10 3 1 0 0 0 0 0 0 0 0 0 0 0 0 0 0 0 0 0 0 0 0 0 0 0 0 0 0 0 0 0 0 0 0 0 0 0 0 0 0 0 0 0 0 0 0 0 0 0 0 0 0 0 0 0 0 0 0 0 0 0 0 0
2.60523e+42 2.60523e+42 4.30845e+37 2.61263e+32 3.3319e+28 1.12095e+26 7.01554e+23 5.20959e+21 5.20959e+21 4.41951e+19 4.41951e+19 4.41951e+19 1.04819e+18 1.04819e+18 1.04819e+18 1.38624e+17 1.38624e+17 7.83074e+15 3.3444e+15 6.91723e+14 9.86026e+13 7.21385e+13 1.64212e+12 5.64642e+10 4.76478e+10 6.11241e+08 1.14713e+08 1.33766e+07 2.04173e+06 1.14994e+06 141332 24010 8715 6562 2876 443 16 8 5 2 0 0 0 0 0 0 0 0 0 0 0 0 0 0 0 0 0 0 0 0 0 0 0 0 0 0 0 0 0 0 0 0 0 0 0 0 0 0 0 0 0 0 0 0 0 0 0 0 0 0 0 0 0 0 0 0 0 0
2.95925e+41 2.95925e+41 1.28919e+37 1.28919e+37 2.19612e+32 2.90584e+28 2.90584e+28 2.05425e+28 4.40986e+26 5.02221e+24 1.22936e+22 7.03076e+21 3.47485e+18 3.47485e+18 3.47485e+18 3.47485e+18 7.39213e+16 3.55741e+16 2.22981e+16 2.22981e+16 4.52785e+15 4.52785e+15 8.29617e+14 1.46896e+13 5.97122e+12 5.21e+11 2.60197e+10 5.37366e+09 4.28596e+08 4.28596e+08 5.35017e+06 1.74323e+06 42089 13892 6431 2268 215 31 7 6 2 0 0 0 0 0 0 0 0 0 0 0 0 0 0 0 0 0 0 0 0 0 0 0 0 0 0 0 0 0 0 0 0 0 0 0 0 0 0 0 0 0 0 0 0 0 0 0 0 0 0 0 0 0 0 0 0 0 0 0 0 0
2.55465e+40 2.55465e+40 3.63471e+36 2.34136e+33 1.96161e+29 1.96161e+29 1.20147e+26 1.20147e+26 1.05e+23 1.05e+23 1.05e+23 2.13453e+20 1.55924e+20 3.15047e+19 3.03902e+19 1.26132e+17 1.26132e+17 4.27251e+16 1.8618e+15 1.38807e+15 9.94954e+12 9.94954e+12 2.30417e+12 1.94532e+12 1.80762e+11 2.32735e+10 1.84397e+09 1.31429e+08 1.31429e+08 1.52744e+07 1.10372e+06 1.10372e+06 173570 31078 10755 1078 41 8 6 2 0 0 0 0 0 0 0 0 0 0 0 0 0 0 0 0 0 0 0 0 0 0 0 0 0 0 0 0 0 0 0 0 0 0 0 0 0 0 0 0 0 0 0 0 0 0 0 0 0 0 0 0 0 0 0 0 0 0 0 0 0
9.70715e+38 9.70715e+38 1.60071e+36 3.10417e+33 2.45106e+29 6.6387e+27 1.41118e+23 1.41118e+23 2.546e+20 2.08833e+20 9.56114e+18 1.11344e+18 7.19502e+16 3.03088e+15 2.73228e+14 2.73228e+14 5.97395e+12 3.35736e+12 3.35736e+12 7.83537e+10 6.0057e+10 9.86218e+09 1.70836e+09 3.96326e+07 231036 217092 59946 1824 719 51 14 8 4 3 1 0 0 0 0 0 0 0 0 0 0 0 0 0 0 0 0 0 0 0 0 0 0 0 0 0 0 0 0 0 0 0 0 0 0 0 0 0 0 0 0 0 0 0 0 0 0 0 0 0 0 0 0 0 0 0 0 0 0 0 0 0
2.059e+40 1.33049e+37 7.13857e+33 4.63599e+29 7.47432e+27 1.46777e+25 1.80721e+23 6.55253e+21 6.55253e+21 2.81243e+21 7.92762e+19 2.51199e+19 3.32587e+17 2.93178e+17 4.11302e+16 4.11302e+16 1.68649e+15 1.17131e+14 8.67753e+13 1.64872e+13 8.31893e+11 8.31893e+11 9.90304e+10 6.40084e+09 4.97977e+08 6.30197e+06 450379 175689 50430 6335 2938 831 831 75 9 5 1 0 0 0 0 0 0 0 0 0 0 0 0 0 0 0 0 0 0 0 0 0 0 0 0 0 0 0 0 0 0 0 0 0 0 0 0 0 0 0 0 0 0 0 0 0 0 0 0 0 0 0 0 0 0 0 0 0 0 0 0 0
8.69117e+41 8.69117e+41 2.19462e+34 1.45729e+32 3.45195e+30 5.25019e+28 3.34298e+26 2.15551e+25 1.77189e+23 1.77189e+23 1.65901e+23 1.65381e+20 4.87532e+19 1.20065e+18 1.05171e+17 1.05171e+17 1.09189e+16 1.09189e+16 3.98115e+15 7.92412e+14 4.84953e+12 4.84953e+12 3.33795e+12 3.20491e+11 3.20491e+11 1.18014e+10 7.73557e+09 8.29851e+08 4.09639e+07 84408 76699 38331 9331 6506 987 38 27 15 4 2 0 0 0 0 0 0 0 0 0 0 0 0 0 0 0 0 0 0 0 0 0 0 0 0 0 0 0 0 0 0 0 0 0 0 0 0 0 0 0 0 0 0 0 0 0 0 0 0 0 0 0 0 0 0 0 0 0 0 0
1.33452e+39 1.33452e+39 1.73995e+37 7.11456e+33 2.2504e+28 4.94533e+26 3.66221e+26 6.87011e+24 8.32865e+22 8.32865e+22 6.76118e+21 1.24625e+21 3.01333e+18 3.92476e+17 1.73226e+17 1.73226e+17 9.83681e+16 2.02697e+16 2.26529e+15 4.74429e+14 1.03783e+14 4.24322e+13 1.29341e+12 2.6506e+11 2.07881e+09 4.36996e+08 8.54867e+06 1.51566e+06 97168 19182 19182 17234 4346 235 10 7 5 3 1 0 0 0 0 0 0 0 0 0 0 0 0 0 0 0 0 0 0 0 0 0 0 0 0 0 0 0 0 0 0 0 0 0 0 0 0 0 0 0 0 0 0 0 0 0 0 0 0 0 0 0 0 0 0 0 0 0 0 0 0
3.38769e+36 3.38769e+36 6.08511e+34 6.08511e+34 4.31871e+32 2.60693e+32 5.24845e+28 8.44909e+27 1.54057e+25 2.56758e+23 2.56758e+23 3.00798e+21 3.00798e+21 1.16034e+20 1.91827e+17 1.91827e+17 1.91827e+17 4.87444e+16 8.12247e+15 7.27134e+15 1.73325e+15 1.54259e+15 1.78853e+14 6.6052e+11 8.03639e+10 1.6761e+10 1.09809e+09 3.01266e+08 1.24967e+07 1.24967e+07 842072 116259 49143 2251 1117 51 28 4 3 1 0 0 0 0 0 0 0 0 0 0 0 0 0 0 0 0 0 0 0 0 0 0 0 0 0 0 0 0 0 0 0 0 0 0 0 0 0 0 0 0 0 0 0 0 0 0 0 0 0 0 0 0 0 0 0 0 0 0 0 0
1.37929e+40 1.37929e+40 3.86372e+36 1.06262e+34 1.27415e+27 1.27415e+27 7.02233e+24 4.96436e+23 1.30042e+22 1.30042e+22 7.68274e+20 1.78103e+20 2.87496e+18 7.6314e+17 7.39112e+16 1.31367e+16 4.13848e+15 1.83581e+15 9.67341e+14 4.51539e+13 2.80618e+12 2.80618e+12 6.57665e+11 6.57665e+11 1.86293e+10 2.93188e+08 8.81067e+07 3.84311e+07 2.27779e+06 372510 170087 11676 5985 5985 42 19 14 7 2 1 0 0 0 0 0 0 0 0 0 0 0 0 0 0 0 0 0 0 0 0 0 0 0 0 0 0 0 0 0 0 0 0 0 0 0 0 0 0 0 0 0 0 0 0 0 0 0 0 0 0 0 0 0 0 0 0 0 0 0 0
1.22963e+39 1.22963e+39 7.2446e+35 7.2446e+35 2.26941e+33 1.04961e+30 8.84991e+25 8.84991e+25 8.53011e+24 1.7781e+22 1.7781e+22 5.52567e+20 5.52567e+20 1.01053e+20 2.8571e+18 8.37526e+17 8.37526e+17 2.69454e+17 1.17637e+17 3.13886e+16 3.85631e+15 1.36237e+15 7.32876e+13 1.77997e+13 1.00267e+11 1.00267e+11 7.87199e+10 7.03175e+09 4.5811e+08 2.86285e+07 1.17772e+07 929327 141438 23044 3771 1100 203 46 6 1 1 0 0 0 0 0 0 0 0 0 0 0 0 0 0 0 0 0 0 0 0 0 0 0 0 0 0 0 0 0 0 0 0 0 0 0 0 0 0 0 0 0 0 0 0 0 0 0 0 0 0 0 0 0 0 0 0 0 0 0 0
5.35471e+39 5.35471e+39 3.19055e+35 3.19055e+35 9.14224e+32 9.14224e+32 6.30023e+28 1.992e+26 9.23983e+23 1.78835e+21 1.05488e+20 1.05488e+20 1.05488e+20 5.78077e+17 4.18109e+17 4.18109e+17 1.82779e+16 9.86628e+15 8.90753e+15 5.86321e+14 8.77843e+13 1.82738e+12 7.40123e+11 5.57846e+10 1.47929e+10 3.80486e+08 3.80486e+08 4.31192e+06 3.17976e+06 487836 51587 17614 2112 78 76 11 5 2 0 0 0 0 0 0 0 0 0 0 0 0 0 0 0 0 0 0 0 0 0 0 0 0 0 0 0 0 0 0 0 0 0 0 0 0 0 0 0 0 0 0 0 0 0 0 0 0 0 0 0 0 0 0 0 0 0 0 0 0 0 0
4.3786e+39 4.3786e+39 1.54951e+35 1.54951e+35 2.01065e+32 1.64706e+28 1.27799e+26 1.20985e+25 1.07727e+24 2.05897e+21 1.15798e+20 4.48418e+17 4.48418e+17 4.48418e+17 2.24133e+16 4.6992e+15 1.2396e+14 1.2396e+14 1.2396e+14 4.66507e+13 8.83421e+12 2.4826e+12 5.52807e+10 2.8252e+07 2.8252e+07 6.5701e+06 1.76424e+06 480504 480504 77772 11612 2788 2788 1077 67 13 10 3 2 0 0 0 0 0 0 0 0 0 0 0 0 0 0 0 0 0 0 0 0 0 0 0 0 0 0 0 0 0 0 0 0 0 0 0 0 0 0 0 0 0 0 0 0 0 0 0 0 0 0 0 0 0 0 0 0 0 0 0 0 0
9.63931e+42 9.63931e+42 5.31458e+35 5.31458e+35 5.36525e+33 5.36525e+33 2.70984e+29 6.18585e+25 3.10924e+23 7.17985e+22 3.36024e+21 1.50214e+21 6.15858e+18 6.15858e+18 6.15858e+18 4.6703e+17 2.10832e+17 2.09211e+17 2.4824e+16 7.31128e+15 2.34256e+15 1.35185e+14 3.79055e+13 3.3876e+12 1.03646e+12 1.25903e+10 7.20288e+08 1.83195e+08 8.81518e+06 849310 302181 61121 18886 1047 101 76 5 5 1 0 0 0 0 0 0 0 0 0 0 0 0 0 0 0 0 0 0 0 0 0 0 0 0 0 0 0 0 0 0 0 0 0 0 0 0 0 0 0 0 0 0 0 0 0 0 0 0 0 0 0 0 0 0 0 0 0 0 0 0
9.19535e+40 9.19535e+40 3.67908e+34 1.43151e+33 5.42672e+29 1.42573e+28 9.14268e+23 9.14268e+23 6.63287e+21 9.60443e+20 2.27455e+18 2.27455e+18 8.70392e+17 2.30182e+17 7.3368e+16 2.03483e+16 4.3649e+15 7.08704e+14 7.76536e+13 1.75534e+13 1.93682e+12 4.99752e+11 1.13582e+10 4.43424e+07 1.32847e+06 1.32847e+06 316867 3146 1055 245 30 19 6 6 2 0 0 0 0 0 0 0 0 0 0 0 0 0 0 0 0 0 0 0 0 0 0 0 0 0 0 0 0 0 0 0 0 0 0 0 0 0 0 0 0 0 0 0 0 0 0 0 0 0 0 0 0 0 0 0 0 0 0 0 0 0
3.24724e+39 3.24724e+39 4.3367e+35 4.3367e+35 8.05105e+32 4.91341e+29 2.50013e+26 8.00799e+25 8.00799e+25 1.2394e+24 6.1918e+23 6.35258e+21 5.9625e+20 1.83684e+19 1.16591e+18 2.42531e+17 8.32677e+16 6.75891e+16 9.14567e+15 7.47371e+14 2.56279e+13 5.82511e+12 2.6731e+11 2.6731e+11 3.24524e+10 7.74624e+08 3.59052e+07 562400 157510 40635 32812 6071 2332 1122 536 34 7 4 1 0 0 0 0 0 0 0 0 0 0 0 0 0 0 0 0 0 0 0 0 0 0 0 0 0 0 0 0 0 0 0 0 0 0 0 0 0 0 0 0 0 0 0 0 0 0 0 0 0 0 0 0 0 0 0 0 0 0 0 0
9.11027e+39 5.99158e+36 6.61772e+34 5.39186e+33 6.05254e+29 6.05254e+29 5.02952e+27 1.54265e+25 2.19554e+23 2.19554e+23 9.81521e+20 1.04287e+20 1.04287e+20 2.7033e+19 1.8611e+18 9.97849e+16 3.87242e+16 3.2945e+16 8.42167e+15 9.23883e+14 4.74262e+13 9.05614e+12 1.52412e+12 8.6674e+10 1.37036e+09 3.06217e+08 1.34702e+08 6.93079e+07 8.18668e+06 748643 248779 248779 40793 6495 1441 100 14 7 2 1 0 0 0 0 0 0 0 0 0 0 0 0 0 0 0 0 0 0 0 0 0 0 0 0 0 0 0 0 0 0 0 0 0 0 0 0 0 0 0 0 0 0 0 0 0 0 0 0 0 0 0 0 0 0 0 0 0 0 0
4.67294e+39 7.38657e+34 1.65442e+33 1.65442e+33 4.41892e+28 5.03596e+27 1.39075e+26 6.73109e+23 6.73109e+23 2.8377e+22 2.8377e+22 7.58121e+21 7.58121e+21 7.15426e+18 7.15426e+18 1.88058e+18 1.88058e+18 2.36131e+17 5.89162e+16 1.15654e+16 2.13116e+15 7.69191e+13 1.8435e+13 5.41266e+12 5.41266e+12 9.05376e+11 7.51787e+10 7.24292e+09 9.55717e+07 1.54533e+07 1.54533e+07 657604 31693 29491 13717 1504 135 35 13 3 3 0 0 0 0 0 0 0 0 0 0 0 0 0 0 0 0 0 0 0 0 0 0 0 0 0 0 0 0 0 0 0 0 0 0 0 0 0 0 0 0 0 0 0 0 0 0 0 0 0 0 0 0 0 0 0 0 0 0 0 0
4.57872e+40 4.57872e+40 4.8657e+36 4.8657e+36 1.1583e+32 1.1583e+32 1.84861e+28 1.75084e+27 1.76812e+26 3.31277e+23 3.31277e+23 7.15551e+21 7.15551e+21 8.49102e+19 8.49102e+19 7.04927e+18 8.27006e+17 4.22786e+16 1.49487e+16 4.44405e+15 2.67831e+15 9.44823e+13 1.10748e+13 3.4927e+12 2.08494e+11 3.83155e+10 2.52117e+09 1.29238e+08 9.0389e+06 4.16503e+06 1.2742e+06 396835 9711 3000 191 33 33 16 5 2 0 0 0 0 0 0 0 0 0 0 0 0 0 0 0 0 0 0 0 0 0 0 0 0 0 0 0 0 0 0 0 0 0 0 0 0 0 0 0 0 0 0 0 0 0 0 0 0 0 0 0 0 0 0 0 0 0 0 0 0
1.05588e+41 1.05588e+41 1.62777e+37 5.645e+33 5.645e+33 1.79622e+27 1.79622e+27 1.79622e+27 1.1407e+27 2.58232e+24 1.40935e+24 4.81656e+19 4.81656e+19 4.81656e+19 2.93019e+19 1.78798e+18 2.92091e+17 1.16706e+16 1.16706e+16 6.60358e+14 9.52466e+13 6.50824e+12 4.67826e+12 4.67826e+12 1.98954e+12 1.66542e+11 6.80268e+09 1.91021e+08 8.18693e+06 3.94509e+06 676876 28878 20237 12063 7699 3234 63 53 42 26 2 0 0 0 0 0 0 0 0 0 0 0 0 0 0 0 0 0 0 0 0 0 0 0 0 0 0 0 0 0 0 0 0 0 0 0 0 0 0 0 0 0 0 0 0 0 0 0 0 0 0 0 0 0 0 0 0 0 0 0 0
1.30486e+40 7.6885e+35 3.06584e+32 1.07122e+29 1.40733e+26 1.40733e+26 1.19797e+24 5.53053e+21 3.12641e+19 3.12641e+19 2.09109e+18 2.09109e+18 5.23327e+17 6.29579e+16 7.36105e+15 2.18822e+15 3.58796e+14 6.21428e+13 1.31694e+13 1.96859e+11 1.96859e+11 1.81605e+11 4.18056e+09 3.20659e+08 2.15227e+07 809614 106890 32894 5460 1103 566 125 18 6 3 0 0 0 0 0 0 0 0 0 0 0 0 0 0 0 0 0 0 0 0 0 0 0 0 0 0 0 0 0 0 0 0 0 0 0 0 0 0 0 0 0 0 0 0 0 0 0 0 0 0 0 0 0 0 0 0 0 0 0 0 0
5.46681e+41 8.73667e+35 8.08269e+30 1.44863e+29 1.44863e+29 5.33044e+27 5.86555e+24 1.56164e+23 3.0637e+21 1.39975e+21 1.39975e+21 4.69847e+18 1.4646e+18 9.7892e+17 1.52953e+17 3.6529e+16 8.07908e+15 1.78022e+15 2.77638e+14 4.10205e+12 3.48124e+11 3.28342e+10 9.10593e+08 3.17665e+08 6.14567e+07 3.01734e+06 502787 502787 95654 12848 164 164 26 26 7 6 2 0 0 0 0 0 0 0 0 0 0 0 0 0 0 0 0 0 0 0 0 0 0 0 0 0 0 0 0 0 0 0 0 0 0 0 0 0 0 0 0 0 0 0 0 0 0 0 0 0 0 0 0 0 0 0 0 0 0 0 0 0
4.73964e+39 4.39304e+35 4.39304e+35 2.9543e+33 2.9543e+33 2.57823e+25 2.57823e+25 2.57823e+25 1.98437e+24 1.14361e+24 2.47344e+22 4.13778e+21 1.74555e+21 1.00753e+20 5.37388e+18 4.10295e+17 1.93041e+17 3.1199e+16 2.90883e+15 4.39353e+14 1.11908e+14 1.83197e+13 1.06645e+12 4.78128e+11 2.10122e+10 1.31127e+09 4.2503e+08 1.29045e+07 297838 36327 13450 375 52 52 52 36 7 3 0 0 0 0 0 0 0 0 0 0 0 0 0 0 0 0 0 0 0 0 0 0 0 0 0 0 0 0 0 0 0 0 0 0 0 0 0 0 0 0 0 0 0 0 0 0 0 0 0 0 0 0 0 0 0 0 0 0 0 0
6.84974e+40 6.84974e+40 1.83863e+36 2.56177e+34 7.42696e+30 1.33994e+27 9.40238e+25 9.40238e+25 7.96495e+25 3.84768e+23 3.84768e+23 2.83393e+22 5.20671e+21 1.01511e+21 1.61805e+19 4.46526e+18 1.84077e+16 1.84077e+16 4.41303e+15 2.18587e+15 6.70828e+14 1.469e+14 1.31604e+13 4.71194e+12 1.01402e+12 1.01402e+12 9.3336e+10 9.68316e+09 7.01555e+08 3.95156e+07 3.61965e+06 162915 162915 25816 9477 2684 101 29 29 7 2 0 0 0 0 0 0 0 0 0 0 0 0 0 0 0 0 0 0 0 0 0 0 0 0 0 0 0 0 0 0 0 0 0 0 0 0 0 0 0 0 0 0 0 0 0 0 0 0 0 0 0 0 0 0 0 0 0 0 0
1.66385e+40 6.27909e+37 6.27909e+37 4.97592e+33 1.17682e+29 3.52081e+27 3.52081e+27 4.4985e+25 1.75543e+24 1.75543e+24 1.39808e+23 2.70775e+22 9.1471e+18 9.1471e+18 9.1471e+18 9.1471e+18 1.15656e+18 4.08209e+17 4.76797e+16 3.7642e+16 7.66827e+15 8.70534e+14 8.70534e+14 8.63835e+13 4.78883e+12 4.78883e+12 1.08985e+12 1.91898e+11 8.14718e+09 8.14718e+09 1.81314e+08 1.35248e+07 1.13228e+06 1.13228e+06 31049 4349 754 180 41 17 9 2 1 0 0 0 0 0 0 0 0 0 0 0 0 0 0 0 0 0 0 0 0 0 0 0 0 0 0 0 0 0 0 0 0 0 0 0 0 0 0 0 0 0 0 0 0 0 0 0 0 0 0 0 0 0 0 0 0 0 0 0
7.30992e+40 7.30992e+40 2.68033e+35 7.90483e+32 3.38456e+28 2.28235e+27 2.28235e+27 7.61829e+25 7.61829e+25 2.20129e+25 2.20129e+25 5.0101e+20 5.0101e+20 4.3692e+19 4.3692e+19 3.8304e+18 1.97694e+18 2.45086e+17 1.69931e+16 1.06242e+16 3.73822e+15 2.30455e+15 6.96531e+14 5.44578e+12 5.44578e+12 6.5457e+11 2.49088e+11 6.40896e+10 2.52631e+09 4.04972e+08 5.88795e+06 588921 118840 5519 989 941 48 25 14 4 1 0 0 0 0 0 0 0 0 0 0 0 0 0 0 0 0 0 0 0 0 0 0 0 0 0 0 0 0 0 0 0 0 0 0 0 0 0 0 0 0 0 0 0 0 0 0 0 0 0 0 0 0 0 0 0 0 0 0 0 0
1.31393e+38 1.31393e+38 4.8522e+37 4.8522e+37 9.57559e+30 2.60349e+29 1.89032e+28 1.34278e+25 4.55933e+22 2.03947e+21 1.78816e+21 2.80874e+20 1.53099e+18 9.24135e+17 1.17007e+17 1.40726e+16 3.55329e+15 3.55329e+15 1.30684e+14 4.72192e+12 2.28489e+12 1.46813e+12 1.52676e+10 4.67434e+09 1.52504e+08 1.52504e+08 634449 634449 490264 23910 13803 3051 1054 300 9 8 4 1 0 0 0 0 0 0 0 0 0 0 0 0 0 0 0 0 0 0 0 0 0 0 0 0 0 0 0 0 0 0 0 0 0 0 0 0 0 0 0 0 0 0 0 0 0 0 0 0 0 0 0 0 0 0 0 0 0 0 0 0
2.37861e+39 2.37861e+39 1.17955e+34 6.83507e+32 1.37987e+28 5.74252e+26 1.72659e+25 6.63423e+23 2.1561e+21 2.1561e+21 2.8841e+18 1.07209e+18 8.25108e+17 6.15346e+16 5.29645e+16 5.77528e+15 2.72242e+15 3.33999e+13 5.36588e+12 5.36588e+12 1.91351e+11 1.91351e+11 1.52794e+10 5.97274e+09 3.76593e+08 1.86573e+07 7.84558e+06 355048 49750 4768 3287 113 29 18 6 3 1 0 0 0 0 0 0 0 0 0 0 0 0 0 0 0 0 0 0 0 0 0 0 0 0 0 0 0 0 0 0 0 0 0 0 0 0 0 0 0 0 0 0 0 0 0 0 0 0 0 0 0 0 0 0 0 0 0 0 0 0
