41827.5 26564.9 17783.1 9366.12 7733.68 5512.54 5199.35 3539.45 2853.5 1678.47 1514.47 950.882 703.752 338.078 337.065 286.662 194.223 135.464 78.7986 51.9207 35.83 18.581 11.0219 5.92556 3.23349 1.78772 1.35408 0.883838 0.507433 0.232079 0.0934243 0.0426833 0.0167503 0.0069994 0.0022574 0.00109713 0.000428479 0.000141497 4.77037e-05 1.40581e-05 1.8299e-06 5.59943e-07 1.20392e-07 2.49697e-08 0 0 0 0 0 0 0 0 0 0 0 0 0 0 0 0 0 0 0 0 0 0 0 0 0 0 0 0 0 0 0 0 0 0 0 0 0 0 0 0 0 0 0 0 0 0 0 0 0 0 0 0 0 0 0
48880.1 28496 16476.7 8451.1 6679.09 4804.78 4515.66 2734.32 2025.1 1637.8 1295.69 904.912 598.972 439.651 309.72 256.072 170.884 104.401 82.5569 39.6411 26.8694 12.017 9.80466 6.10512 3.03894 1.77297 1.25968 0.813109 0.413835 0.199314 0.0871928 0.0390864 0.0166588 0.0060008 0.00265433 0.00115946 0.000424305 0.000147277 4.43766e-05 1.12374e-05 2.26298e-06 5.36102e-07 1.54113e-07 3.19085e-08 0 0 0 0 0 0 0 0 0 0 0 0 0 0 0 0 0 0 0 0 0 0 0 0 0 0 0 0 0 0 0 0 0 0 0 0 0 0 0 0 0 0 0 0 0 0 0 0 0 0 0 0 0 0 0
41705.1 29803 19503.5 11035.3 7806.08 4828.44 4633.37 3692.84 2195.15 1926.44 1458.09 1056.19 823.976 539.438 462.049 310.34 237.608 112.99 112.99 56.6329 35.201 18.5066 11.6811 7.68952 3.48832 1.90782 1.32928 0.818065 0.475099 0.233386 0.107386 0.0457867 0.0177705 0.0076589 0.00240251 0.00120242 0.000415812 0.000166414 5.48498e-05 1.3225e-05 3.00164e-06 7.31244e-07 1.68813e-07 4.25069e-08 0 0 0 0 0 0 0 0 0 0 0 0 0 0 0 0 0 0 0 0 0 0 0 0 0 0 0 0 0 0 0 0 0 0 0 0 0 0 0 0 0 0 0 0 0 0 0 0 0 0 0 0 0 0 0
46553.6 30517 20180.9 11999.4 9962.44 6695.4 4494.44 3378.32 2765.27 1876.58 1564.76 1231.18 757.425 656.972 407.526 293.321 201.284 155.848 129 75.215 36.4362 19.7671 13.655 8.8849 4.73106 2.14202 1.40157 1.113 0.644394 0.31076 0.158426 0.0596579 0.0250806 0.00959569 0.00315152 0.00133863 0.000562521 0.00021212 8.94764e-05 1.85061e-05 3.94236e-06 8.75436e-07 2.37276e-07 4.99878e-08 1.10526e-08 0 0 0 0 0 0 0 0 0 0 0 0 0 0 0 0 0 0 0 0 0 0 0 0 0 0 0 0 0 0 0 0 0 0 0 0 0 0 0 0 0 0 0 0 0 0 0 0 0 0 0 0 0 0
39016.4 29111.4 18695.2 8184.8 6279.87 4734.22 3710.24 2866.96 2091.22 1414.78 1022.75 850.146 532.387 335.122 235.765 184.329 105.628 87.7433 55.5959 36.4874 14.1043 10.626 6.66329 3.66972 2.03056 1.20422 0.957093 0.629589 0.294026 0.130035 0.0511936 0.0206 0.00788425 0.00406263 0.00157699 0.000614969 0.000302094 9.87497e-05 3.58454e-05 5.66257e-06 1.30028e-06 2.25609e-07 4.20724e-08 1.14705e-08 0 0 0 0 0 0 0 0 0 0 0 0 0 0 0 0 0 0 0 0 0 0 0 0 0 0 0 0 0 0 0 0 0 0 0 0 0 0 0 0 0 0 0 0 0 0 0 0 0 0 0 0 0 0 0
51571.1 29895.2 24356.5 10565.4 7054.25 5519.13 4764.62 3690.1 2907.28 1645.37 1463.86 984.4 705.515 475.885 307.487 217.681 141.521 119.066 82.8756 41.7084 28.6891 13.276 8.31524 4.73933 2.61076 1.87559 1.21535 0.832946 0.492475 0.215638 0.0987611 0.0420454 0.0209602 0.00949962 0.0031038 0.00148347 0.000519509 0.000195373 7.1782e-05 1.68083e-05 4.56132e-06 8.84834e-07 2.46818e-07 5.27995e-08 1.09304e-08 0 0 0 0 0 0 0 0 0 0 0 0 0 0 0 0 0 0 0 0 0 0 0 0 0 0 0 0 0 0 0 0 0 0 0 0 0 0 0 0 0 0 0 0 0 0 0 0 0 0 0 0 0 0
39286 29431.4 20032.6 7588.65 7072.19 5212.01 4375.32 2490.19 2178.32 1531.15 1178.49 819.192 719.856 422.645 364.301 222.083 164.809 139.04 78.8392 47.6055 26.6118 13.6334 9.59563 5.3056 2.72113 1.63512 1.0938 0.858501 0.472522 0.241424 0.0921167 0.034881 0.0166468 0.00544729 0.00289006 0.00109048 0.000458953 0.000198647 7.56345e-05 1.62195e-05 3.48875e-06 8.372e-07 1.51342e-07 4.81614e-08 0 0 0 0 0 0 0 0 0 0 0 0 0 0 0 0 0 0 0 0 0 0 0 0 0 0 0 0 0 0 0 0 0 0 0 0 0 0 0 0 0 0 0 0 0 0 0 0 0 0 0 0 0 0 0
41128.7 32327.7 19490.4 10896.1 8594.59 6417.46 4136.33 3715.38 3054.95 2124.22 1634.8 1033.49 712.084 517.656 338.857 231.344 172.762 108.868 88.4942 61.8034 33.851 15.6714 9.19808 5.61816 2.53296 1.64736 1.21881 0.786051 0.420343 0.179752 0.086467 0.0390109 0.013717 0.00582559 0.00202561 0.000961736 0.000317012 8.61132e-05 3.14237e-05 9.22927e-06 2.26565e-06 5.03069e-07 1.00863e-07 2.79765e-08 0 0 0 0 0 0 0 0 0 0 0 0 0 0 0 0 0 0 0 0 0 0 0 0 0 0 0 0 0 0 0 0 0 0 0 0 0 0 0 0 0 0 0 0 0 0 0 0 0 0 0 0 0 0 0
36666.4 24747.1 21334.4 9739.03 6752.69 6137.11 3664.66 3159.99 1742.38 1700.19 858.152 858.152 552.281 482.628 315.929 185.402 143.242 96.02 66.7479 36.8553 24.5697 14.0695 8.49155 4.9497 2.84311 1.70473 1.34337 0.807857 0.42754 0.201424 0.0918768 0.0384114 0.0162005 0.00724549 0.00262165 0.00127661 0.000475419 0.000173033 6.03448e-05 1.5361e-05 4.68438e-06 1.11202e-06 3.65619e-07 7.931e-08 2.32404e-08 0 0 0 0 0 0 0 0 0 0 0 0 0 0 0 0 0 0 0 0 0 0 0 0 0 0 0 0 0 0 0 0 0 0 0 0 0 0 0 0 0 0 0 0 0 0 0 0 0 0 0 0 0 0
45408.5 28807.5 18778.5 9168.09 7042.11 5168.66 4183.22 3901.03 2533.56 1423.06 1411.08 972.299 802.706 521.863 385.536 255.734 211.025 154.904 97.8408 65.9929 35.3554 20.2644 10.3919 6.67462 3.34153 1.86427 1.4652 0.969217 0.601952 0.286717 0.11263 0.0495768 0.0168859 0.00925664 0.00425957 0.00124553 0.000645839 0.000220384 7.43117e-05 1.37267e-05 3.23109e-06 7.04249e-07 1.61256e-07 3.75486e-08 0 0 0 0 0 0 0 0 0 0 0 0 0 0 0 0 0 0 0 0 0 0 0 0 0 0 0 0 0 0 0 0 0 0 0 0 0 0 0 0 0 0 0 0 0 0 0 0 0 0 0 0 0 0 0
42794.3 23434.1 20146.1 10762.4 7227.62 5888.72 4839.52 3207.43 2053.25 1764.17 1048.64 805.976 630.666 404.148 342.367 283.966 185.408 81.0646 80.2851 48.3603 22.3811 14.4088 8.39266 4.76147 2.29007 1.2598 1.01907 0.668031 0.315046 0.129867 0.0655099 0.0272367 0.0112725 0.00401003 0.0014528 0.000547043 0.00026277 0.000102663 2.86424e-05 8.07318e-06 2.26678e-06 5.46953e-07 1.33105e-07 3.04273e-08 0 0 0 0 0 0 0 0 0 0 0 0 0 0 0 0 0 0 0 0 0 0 0 0 0 0 0 0 0 0 0 0 0 0 0 0 0 0 0 0 0 0 0 0 0 0 0 0 0 0 0 0 0 0 0
42600.6 28693.1 15894 8344.77 7239.42 5679.72 4996.19 2489.94 2244.41 1871.73 1240.86 976.431 700.572 459.457 342.328 221.082 157.805 80.4404 80.4404 62.5383 29.1941 12.577 9.86654 6.45832 3.39665 1.97966 1.37516 0.877131 0.483593 0.199441 0.108776 0.0478966 0.0186947 0.00607859 0.00256061 0.001068 0.000388046 0.000173074 6.37629e-05 1.35537e-05 3.34282e-06 5.83326e-07 1.06433e-07 1.94319e-08 0 0 0 0 0 0 0 0 0 0 0 0 0 0 0 0 0 0 0 0 0 0 0 0 0 0 0 0 0 0 0 0 0 0 0 0 0 0 0 0 0 0 0 0 0 0 0 0 0 0 0 0 0 0 0
43595.2 23119.1 17115 9657.52 8950.9 6503.16 4400.63 3601.12 3367.01 2253.25 1536.82 1311.87 781.524 543.102 451.321 380.688 236.747 188.449 113.006 60.869 41.1269 18.4707 14.6902 9.22105 5.26977 2.76718 1.62414 1.05212 0.535712 0.298017 0.113747 0.0516411 0.0197076 0.00943244 0.00393845 0.0014195 0.000598345 0.000245648 9.66736e-05 2.47456e-05 6.21044e-06 1.7278e-06 3.86285e-07 6.9198e-08 1.7302e-08 0 0 0 0 0 0 0 0 0 0 0 0 0 0 0 0 0 0 0 0 0 0 0 0 0 0 0 0 0 0 0 0 0 0 0 0 0 0 0 0 0 0 0 0 0 0 0 0 0 0 0 0 0 0
38884.7 28096.7 17539 9637.18 6674.51 5160.55 4441.01 3529.89 2070.6 1609.35 1220 961.691 735.648 393.657 333.088 234.347 165.268 83.5243 76.2406 43.1612 23.2117 14.9664 8.13921 4.7926 2.58459 1.69753 1.27535 0.781892 0.459014 0.191569 0.0951423 0.0365845 0.0155996 0.00658003 0.00278167 0.000975083 0.000279625 0.000141766 4.37675e-05 8.53375e-06 1.89812e-06 4.41594e-07 9.68528e-08 2.50926e-08 0 0 0 0 0 0 0 0 0 0 0 0 0 0 0 0 0 0 0 0 0 0 0 0 0 0 0 0 0 0 0 0 0 0 0 0 0 0 0 0 0 0 0 0 0 0 0 0 0 0 0 0 0 0 0
47074.9 27170.1 19177.7 9991.82 7659.82 6166.28 4100.71 3781.99 2406.72 1525.73 1302.66 1055.21 671.209 455.588 376.198 237.728 175.559 110.803 68.8555 41.8748 15.6881 12.3125 8.21142 4.04033 2.47488 1.50745 1.03216 0.728098 0.443344 0.181865 0.0806433 0.030784 0.0165166 0.00662924 0.00352741 0.0012389 0.000444766 0.000156498 5.55973e-05 1.48264e-05 3.69018e-06 7.70863e-07 1.3865e-07 3.86234e-08 0 0 0 0 0 0 0 0 0 0 0 0 0 0 0 0 0 0 0 0 0 0 0 0 0 0 0 0 0 0 0 0 0 0 0 0 0 0 0 0 0 0 0 0 0 0 0 0 0 0 0 0 0 0 0
38618.3 26455.4 16900 9430.52 7046.99 6046.89 4414.3 3073.08 2767.56 1954.25 1173.06 1173.06 813.572 501.308 274.387 249.55 199.653 154.638 73.0002 49.995 31.0132 15.7157 10.3964 6.23722 3.30077 1.9693 1.23148 1.00659 0.476926 0.197193 0.0858986 0.0431428 0.0163331 0.00641536 0.00264922 0.000985168 0.000407727 0.000133508 5.31369e-05 1.03659e-05 1.90107e-06 5.97717e-07 1.25915e-07 2.68433e-08 0 0 0 0 0 0 0 0 0 0 0 0 0 0 0 0 0 0 0 0 0 0 0 0 0 0 0 0 0 0 0 0 0 0 0 0 0 0 0 0 0 0 0 0 0 0 0 0 0 0 0 0 0 0 0
46764.7 31096.8 20110.8 11563.3 7331.53 5439.97 3140.64 3140.64 1916.92 1546.47 1524.55 830.117 477.357 477.357 366.057 308.159 193.75 109.153 104.895 49.721 25.1293 17.9837 12.0101 5.36995 3.15287 1.84364 1.32313 0.914517 0.487769 0.233901 0.0777083 0.038232 0.01675 0.0069193 0.00230388 0.000998956 0.000343239 0.000140818 5.01923e-05 9.17468e-06 1.91061e-06 4.7077e-07 1.10284e-07 2.51609e-08 0 0 0 0 0 0 0 0 0 0 0 0 0 0 0 0 0 0 0 0 0 0 0 0 0 0 0 0 0 0 0 0 0 0 0 0 0 0 0 0 0 0 0 0 0 0 0 0 0 0 0 0 0 0 0
39596.4 29935.6 17588.7 9512.8 7340.12 6088.93 4356.5 3174.04 2045.41 1380.17 1123.03 944.452 714.925 427.425 251.774 242.591 182.965 109.74 76.6727 46.5827 24.7515 13.994 8.28196 5.86744 2.7138 1.62912 1.24587 0.765746 0.396427 0.215132 0.100047 0.0264811 0.0138292 0.00625661 0.00246587 0.00100891 0.000477154 0.000151049 4.55851e-05 1.11236e-05 2.17427e-06 5.26444e-07 1.19998e-07 1.88986e-08 0 0 0 0 0 0 0 0 0 0 0 0 0 0 0 0 0 0 0 0 0 0 0 0 0 0 0 0 0 0 0 0 0 0 0 0 0 0 0 0 0 0 0 0 0 0 0 0 0 0 0 0 0 0 0
38862.2 20864.6 19083.7 9766.19 8555.61 6183.53 5210.33 3614.76 2057.68 2057.68 1678.41 733.903 733.903 609.243 278.496 258.337 224.183 142.007 107.283 58.4816 27.9161 18.2992 12.2379 7.96862 3.75392 2.47342 1.17469 0.984896 0.606901 0.284594 0.124003 0.0563418 0.0232807 0.00775947 0.00318794 0.00165219 0.000579691 0.000226023 9.59712e-05 2.44074e-05 5.23997e-06 1.37476e-06 3.04778e-07 6.5723e-08 1.46423e-08 0 0 0 0 0 0 0 0 0 0 0 0 0 0 0 0 0 0 0 0 0 0 0 0 0 0 0 0 0 0 0 0 0 0 0 0 0 0 0 0 0 0 0 0 0 0 0 0 0 0 0 0 0 0
38218.3 21003.3 19733.4 11145.9 8070.31 4579.36 3766.03 3063.29 2554.57 1952.43 1433.56 1095.81 770.784 423.07 391.133 204.038 188.648 112.481 71.5347 48.7584 22.9709 14.6351 6.81261 3.67841 2.30458 1.54207 1.11325 0.660293 0.354859 0.153142 0.0637318 0.0233214 0.0123027 0.00478279 0.00171148 0.000795538 0.000309267 0.000120046 5.01771e-05 8.96993e-06 1.86105e-06 5.22973e-07 1.32246e-07 3.75418e-08 0 0 0 0 0 0 0 0 0 0 0 0 0 0 0 0 0 0 0 0 0 0 0 0 0 0 0 0 0 0 0 0 0 0 0 0 0 0 0 0 0 0 0 0 0 0 0 0 0 0 0 0 0 0 0
46586.7 32706.7 18591.9 8699.42 7199.59 4756.75 3800.32 2891.02 2090.5 1623.04 1238.6 714.967 714.967 533.143 361.662 255.722 175.209 104.909 75.9787 43.131 21.6361 12.8167 9.56064 3.4174 2.61819 1.78788 1.18695 0.795659 0.342439 0.161942 0.0849005 0.040553 0.0165443 0.00619236 0.00251641 0.00097481 0.000327386 0.000165462 6.13753e-05 1.04115e-05 3.09929e-06 7.43651e-07 1.56203e-07 4.08153e-08 0 0 0 0 0 0 0 0 0 0 0 0 0 0 0 0 0 0 0 0 0 0 0 0 0 0 0 0 0 0 0 0 0 0 0 0 0 0 0 0 0 0 0 0 0 0 0 0 0 0 0 0 0 0 0
48277.9 30651 16886.5 8388.02 7543.07 5460.63 3513.02 2854.88 1895.12 1701.14 1496.69 858.367 632.737 457.862 294.242 171.308 171.308 99.682 67.6426 40.5742 21.75 15.0061 9.72288 5.4273 2.4544 1.61973 1.09938 0.797981 0.417401 0.216054 0.075 0.0355712 0.0172649 0.00556055 0.00247452 0.000735114 0.000275428 0.000126549 3.81719e-05 1.09769e-05 2.55372e-06 6.42307e-07 1.46799e-07 2.72149e-08 0 0 0 0 0 0 0 0 0 0 0 0 0 0 0 0 0 0 0 0 0 0 0 0 0 0 0 0 0 0 0 0 0 0 0 0 0 0 0 0 0 0 0 0 0 0 0 0 0 0 0 0 0 0 0
32656.8 28364.6 15075.2 9046.35 6498.5 4594.8 4286.61 3042.29 2240.19 1416.26 879.676 691.77 479.365 307.689 268.513 195.979 139.687 85.51 67.6371 44.5397 19.5659 6.65654 6.65654 4.59441 2.2522 1.55244 0.954338 0.640156 0.263888 0.111313 0.0497276 0.0126081 0.00631181 0.0027728 0.00114497 0.00060589 0.000201919 7.29514e-05 1.98108e-05 4.14362e-06 1.05595e-06 2.34568e-07 4.20987e-08 1.14221e-08 0 0 0 0 0 0 0 0 0 0 0 0 0 0 0 0 0 0 0 0 0 0 0 0 0 0 0 0 0 0 0 0 0 0 0 0 0 0 0 0 0 0 0 0 0 0 0 0 0 0 0 0 0 0 0
37677.1 27291.7 18676.5 9146.7 6958.96 5432.35 3634.05 3373.41 2264.94 1484.14 1356.75 1079.97 736.864 637.772 455.046 323.966 168.193 132.644 92.4989 59.2174 39.5562 18.3237 11.6896 4.83229 3.38434 1.96105 1.30961 0.948654 0.559047 0.238995 0.0903707 0.0445063 0.0177896 0.00623544 0.00273275 0.00130691 0.000534788 0.000207729 8.60667e-05 1.66283e-05 2.63893e-06 7.23619e-07 1.19459e-07 3.55835e-08 0 0 0 0 0 0 0 0 0 0 0 0 0 0 0 0 0 0 0 0 0 0 0 0 0 0 0 0 0 0 0 0 0 0 0 0 0 0 0 0 0 0 0 0 0 0 0 0 0 0 0 0 0 0 0
46053.1 27179.2 17782 10005.1 7732.98 4768.36 4250.94 3191.48 2083.42 1381.07 1294.41 975.215 625.894 352.686 282.783 172.68 156.055 94.0367 54.8025 35.3664 18.3103 11.0425 8.09484 3.93373 2.07437 1.42098 0.966461 0.548998 0.251257 0.115826 0.0499546 0.0218621 0.00891882 0.00311581 0.00158946 0.000555643 0.000203778 8.98107e-05 3.54491e-05 4.93057e-06 1.49753e-06 3.38267e-07 7.07213e-08 1.72821e-08 0 0 0 0 0 0 0 0 0 0 0 0 0 0 0 0 0 0 0 0 0 0 0 0 0 0 0 0 0 0 0 0 0 0 0 0 0 0 0 0 0 0 0 0 0 0 0 0 0 0 0 0 0 0 0
46861.5 28226.5 19613.2 8690.59 8230.92 4907.83 3455.47 3218.78 2408.77 1621.11 1260.36 894.216 712.979 574.058 270.346 216.159 160.551 117.272 87.3674 40.8939 28.6625 9.6979 9.22667 4.94435 2.5262 1.86349 1.20268 0.753001 0.418532 0.189137 0.0822811 0.0288725 0.0131116 0.00624884 0.00185754 0.000784402 0.000375527 0.00011688 4.65485e-05 9.87768e-06 2.16329e-06 5.91101e-07 1.31818e-07 3.04336e-08 0 0 0 0 0 0 0 0 0 0 0 0 0 0 0 0 0 0 0 0 0 0 0 0 0 0 0 0 0 0 0 0 0 0 0 0 0 0 0 0 0 0 0 0 0 0 0 0 0 0 0 0 0 0 0
40448.4 28983.4 16540 9736.67 7084.47 5791.68 4801.92 3233.32 2059.04 1910.78 1255.94 875.731 696.324 551.603 371.899 254.329 161.81 123.376 90.1877 50.8691 26.4569 15.8327 9.85162 5.62148 2.7717 1.8822 1.17487 0.780745 0.529296 0.256148 0.0862508 0.0472802 0.016802 0.00663056 0.00244818 0.00118688 0.000430919 0.000165592 5.27486e-05 9.09768e-06 2.44899e-06 5.43778e-07 1.39315e-07 2.73112e-08 0 0 0 0 0 0 0 0 0 0 0 0 0 0 0 0 0 0 0 0 0 0 0 0 0 0 0 0 0 0 0 0 0 0 0 0 0 0 0 0 0 0 0 0 0 0 0 0 0 0 0 0 0 0 0
51377.1 26925.2 17165.2 9860.19 7374.11 6348.46 4232.4 3141.95 2366.22 1822.08 1201.4 977.929 636.472 483.861 306.26 239.823 125.511 112.279 68.9318 41.0561 20.0788 12.408 8.36765 4.77663 2.4471 1.58255 1.00616 0.69774 0.32932 0.131637 0.0709674 0.0319414 0.0114028 0.00469126 0.00220706 0.000707548 0.000295685 0.000123079 3.76894e-05 8.40351e-06 1.57402e-06 3.50365e-07 8.91004e-08 1.52886e-08 0 0 0 0 0 0 0 0 0 0 0 0 0 0 0 0 0 0 0 0 0 0 0 0 0 0 0 0 0 0 0 0 0 0 0 0 0 0 0 0 0 0 0 0 0 0 0 0 0 0 0 0 0 0 0
42909.3 29023.4 18535.3 10224 7213.64 5386.43 4392.76 2804.2 2296.07 2012.49 1192.01 852.072 764.202 527.279 251.65 199.753 147.755 115.5 71.1208 43.6972 24.2046 14.7905 9.47114 5.32649 2.69776 1.65025 1.16339 0.686927 0.363371 0.152618 0.0646466 0.0300302 0.0123941 0.00409489 0.00159194 0.000624481 0.000210114 7.64973e-05 2.5375e-05 4.38596e-06 1.3386e-06 3.28457e-07 8.97754e-08 1.87933e-08 0 0 0 0 0 0 0 0 0 0 0 0 0 0 0 0 0 0 0 0 0 0 0 0 0 0 0 0 0 0 0 0 0 0 0 0 0 0 0 0 0 0 0 0 0 0 0 0 0 0 0 0 0 0 0
42096.6 24730 20379.8 10787 5508.58 5508.58 4237.29 3124.51 1937.29 1755.58 1428.31 831.558 599.068 378.019 253.179 202.556 146.593 79.1678 62.5698 42.2464 17.5435 11.552 8.74267 3.29996 2.16204 1.55177 1.04519 0.602935 0.343988 0.164923 0.0558228 0.0294363 0.0106767 0.00420172 0.0018439 0.000625037 0.000249546 8.7895e-05 3.40481e-05 6.83069e-06 1.69734e-06 4.23945e-07 1.20148e-07 2.44565e-08 0 0 0 0 0 0 0 0 0 0 0 0 0 0 0 0 0 0 0 0 0 0 0 0 0 0 0 0 0 0 0 0 0 0 0 0 0 0 0 0 0 0 0 0 0 0 0 0 0 0 0 0 0 0 0
42085 26912.3 16791 10284.1 7300.44 5985.27 4673.39 2811.24 2317.77 1816.27 1318.37 805.005 695.329 463.324 375.451 253.038 178.979 100.422 76.536 42.2496 26.3819 12.1693 8.86693 5.34132 2.80529 1.47102 1.16057 0.564922 0.36907 0.162093 0.0755666 0.0248287 0.0112764 0.00453058 0.00200414 0.000683451 0.000291153 0.000108477 4.42954e-05 1.04778e-05 2.29193e-06 4.7198e-07 1.19941e-07 2.66642e-08 0 0 0 0 0 0 0 0 0 0 0 0 0 0 0 0 0 0 0 0 0 0 0 0 0 0 0 0 0 0 0 0 0 0 0 0 0 0 0 0 0 0 0 0 0 0 0 0 0 0 0 0 0 0 0
48398.9 23191.8 16924.9 9930.39 5386.74 4245.36 2497.78 2497.78 2497.78 1833.49 1092.54 1020.13 579.158 413.917 289.97 264.621 195.928 121.585 72.5718 49.2984 22.8772 15.979 11.7611 6.60373 2.78942 1.95423 1.34406 0.970539 0.554997 0.259838 0.131631 0.0548565 0.0256429 0.0101151 0.00289992 0.00137636 0.000419029 0.000232622 8.132e-05 1.8532e-05 4.01674e-06 1.09049e-06 2.65577e-07 5.61926e-08 1.49313e-08 0 0 0 0 0 0 0 0 0 0 0 0 0 0 0 0 0 0 0 0 0 0 0 0 0 0 0 0 0 0 0 0 0 0 0 0 0 0 0 0 0 0 0 0 0 0 0 0 0 0 0 0 0 0
47353.9 26974.9 17968.5 8740.07 6105.63 4676.95 4010.84 2807.07 2427.41 1696.72 1321.18 896.98 605.826 489.273 355.175 256.695 184.953 126.611 74.2064 39.7102 28.7752 13.6918 8.36609 4.3016 1.97421 1.56059 1.29914 0.680089 0.371131 0.195589 0.0796718 0.0349171 0.0118716 0.00598963 0.00268381 0.000971188 0.000386196 0.000142998 5.34495e-05 1.28298e-05 3.02808e-06 8.12305e-07 1.95487e-07 4.57144e-08 1.2001e-08 0 0 0 0 0 0 0 0 0 0 0 0 0 0 0 0 0 0 0 0 0 0 0 0 0 0 0 0 0 0 0 0 0 0 0 0 0 0 0 0 0 0 0 0 0 0 0 0 0 0 0 0 0 0
49808.4 29530 20344.2 11610.8 7742.91 6551.04 5349.9 3374.57 2163.18 1937.98 1699.59 788.365 667.111 641.087 386.97 294.152 193.842 131.416 99.4759 53.4958 21.1597 16.5745 10.4503 5.80929 2.44481 2.12121 1.39136 0.914994 0.482504 0.225114 0.112862 0.0454476 0.0175646 0.00655175 0.00276136 0.00106879 0.000375037 0.000136592 5.69155e-05 1.12722e-05 2.19393e-06 5.99634e-07 1.594e-07 3.91607e-08 1.64505e-08 0 0 0 0 0 0 0 0 0 0 0 0 0 0 0 0 0 0 0 0 0 0 0 0 0 0 0 0 0 0 0 0 0 0 0 0 0 0 0 0 0 0 0 0 0 0 0 0 0 0 0 0 0 0
44191.4 30874 19903.4 11147.8 7017.4 6023.62 4836.99 2715.74 1837.21 1676.21 1026.78 767.031 439.114 434.654 222.272 200.215 138.022 100.284 68.1635 40.5625 23.838 13.5627 8.72178 4.52203 2.60347 1.58046 1.0284 0.659955 0.296999 0.119599 0.0422849 0.0258787 0.0109383 0.00332092 0.00140892 0.000470528 0.000233916 8.29338e-05 3.61967e-05 7.70278e-06 2.21804e-06 5.5811e-07 1.40928e-07 3.40137e-08 0 0 0 0 0 0 0 0 0 0 0 0 0 0 0 0 0 0 0 0 0 0 0 0 0 0 0 0 0 0 0 0 0 0 0 0 0 0 0 0 0 0 0 0 0 0 0 0 0 0 0 0 0 0 0
45826 32273.8 20401.7 10297.4 7613.52 5989.88 4855.09 2899.88 2639.15 1574.12 1278.98 1052.34 738.558 519.025 408.217 233.697 156.131 88.9309 88.9309 53.542 29.5503 15.5164 9.65081 6.33046 2.92466 1.72093 1.15656 0.761705 0.432726 0.206477 0.0943143 0.0318053 0.0135804 0.00610697 0.0025422 0.0009746 0.000318405 0.000135059 5.09836e-05 8.98529e-06 2.22758e-06 5.49004e-07 1.28697e-07 2.54837e-08 0 0 0 0 0 0 0 0 0 0 0 0 0 0 0 0 0 0 0 0 0 0 0 0 0 0 0 0 0 0 0 0 0 0 0 0 0 0 0 0 0 0 0 0 0 0 0 0 0 0 0 0 0 0 0
35225.9 25194.9 15759.4 10389.5 6492.88 5621.62 4126.47 3625.95 2387.55 1786.34 1225.32 830.796 674.635 541.777 355.588 223.384 174.177 89.7243 89.7243 58.1743 20.4168 17.967 11.4513 6.85541 2.49224 1.86913 1.13312 0.770351 0.389797 0.159094 0.0846 0.0333623 0.012589 0.0058486 0.00207458 0.000970149 0.000393951 0.000141724 4.86046e-05 1.29924e-05 2.59298e-06 5.55329e-07 1.17665e-07 3.09888e-08 0 0 0 0 0 0 0 0 0 0 0 0 0 0 0 0 0 0 0 0 0 0 0 0 0 0 0 0 0 0 0 0 0 0 0 0 0 0 0 0 0 0 0 0 0 0 0 0 0 0 0 0 0 0 0
47712.5 25887.5 17781.1 10781.2 7607.65 4905.12 4469.67 3568.31 2709.65 1847.71 1382.06 891.479 750.951 539.173 360.328 274.687 211.888 123.531 64.2511 37.8385 19.3807 17.7381 8.18158 6.94554 3.39577 1.98728 1.41467 0.927693 0.531503 0.212009 0.111906 0.0520682 0.0227807 0.00667162 0.00360016 0.00127803 0.000538124 0.000198825 6.97929e-05 1.59673e-05 2.96272e-06 5.42634e-07 1.37887e-07 3.13983e-08 0 0 0 0 0 0 0 0 0 0 0 0 0 0 0 0 0 0 0 0 0 0 0 0 0 0 0 0 0 0 0 0 0 0 0 0 0 0 0 0 0 0 0 0 0 0 0 0 0 0 0 0 0 0 0
31787 28685.4 16562.5 8838.28 6679.06 3387.55 3387.55 3077.32 2209.36 1821.72 1333.31 865.916 624.356 439.386 281.304 191.442 165.031 102.237 75.7434 48.2619 21.764 14.0646 9.08907 5.31265 2.7662 1.86822 1.36509 0.945365 0.481712 0.232941 0.0947029 0.0392973 0.0183819 0.00786924 0.00291394 0.00129623 0.000515527 0.000205653 7.64758e-05 1.59677e-05 3.85018e-06 1.0545e-06 1.86857e-07 4.38329e-08 0 0 0 0 0 0 0 0 0 0 0 0 0 0 0 0 0 0 0 0 0 0 0 0 0 0 0 0 0 0 0 0 0 0 0 0 0 0 0 0 0 0 0 0 0 0 0 0 0 0 0 0 0 0 0
37628.9 28770.9 19306.8 9580.31 6456.54 4770.59 3477.23 2990.41 2146.61 1745.5 1110.02 847.622 517.295 417.628 288.376 172.483 130.673 119.917 43.3251 43.3251 18.3566 11.7238 8.13804 4.42971 2.18299 1.50755 0.958793 0.690074 0.303761 0.131164 0.0715351 0.0258461 0.00983659 0.00436673 0.0016723 0.000781794 0.000234598 0.000128604 3.45723e-05 8.88182e-06 1.70612e-06 4.11625e-07 1.05411e-07 1.9841e-08 0 0 0 0 0 0 0 0 0 0 0 0 0 0 0 0 0 0 0 0 0 0 0 0 0 0 0 0 0 0 0 0 0 0 0 0 0 0 0 0 0 0 0 0 0 0 0 0 0 0 0 0 0 0 0
37781.2 30511.1 17319.6 8244.46 8244.46 5368.34 3622.86 3114.85 2824.91 1928.39 1254.07 1026.08 701.29 474.814 357.072 283.127 179.725 117.854 93.3573 58.2545 30.3818 18.4093 9.68249 6.60751 2.46665 1.94088 1.31813 0.787039 0.406676 0.20168 0.0873981 0.0377476 0.0176329 0.0064846 0.00262745 0.000964187 0.000415502 0.000161555 5.35527e-05 1.05736e-05 2.10154e-06 5.31488e-07 1.07574e-07 2.7773e-08 0 0 0 0 0 0 0 0 0 0 0 0 0 0 0 0 0 0 0 0 0 0 0 0 0 0 0 0 0 0 0 0 0 0 0 0 0 0 0 0 0 0 0 0 0 0 0 0 0 0 0 0 0 0 0
35630.7 23819.9 17234 8682.84 6880.96 4827.53 4662.13 2660.46 2490.63 1666.27 1370.09 744.514 726.026 521.358 369.441 275.27 231.496 126.264 74.1222 48.7491 29.6375 17.6829 9.99062 6.60245 3.33503 1.98743 1.24394 0.790138 0.395501 0.151409 0.0798978 0.0269431 0.0116741 0.00517854 0.00130715 0.000745106 0.000258792 0.000108545 4.03989e-05 8.00216e-06 1.38443e-06 3.2093e-07 6.66741e-08 1.4299e-08 0 0 0 0 0 0 0 0 0 0 0 0 0 0 0 0 0 0 0 0 0 0 0 0 0 0 0 0 0 0 0 0 0 0 0 0 0 0 0 0 0 0 0 0 0 0 0 0 0 0 0 0 0 0 0
36802.1 26412.6 16884.8 8586.17 6207.47 4577.04 3854.29 2638.41 1913.27 1577.83 1233.54 688.814 650.05 424.931 333.525 226.091 142.555 105.548 80.0279 46.7791 22.6744 12.5191 8.22271 4.67272 2.4534 1.44041 1.1034 0.757052 0.406952 0.18517 0.0773964 0.0344118 0.0133384 0.00433266 0.00187577 0.000710489 0.000262529 0.000103188 3.62606e-05 8.12704e-06 1.70352e-06 4.59185e-07 1.04479e-07 1.82506e-08 0 0 0 0 0 0 0 0 0 0 0 0 0 0 0 0 0 0 0 0 0 0 0 0 0 0 0 0 0 0 0 0 0 0 0 0 0 0 0 0 0 0 0 0 0 0 0 0 0 0 0 0 0 0 0
41290.1 23720.2 17661.8 10157 6026.94 5067.32 3929.16 2729.46 2186.66 1482.54 1120.68 763.321 688.158 443.22 305.047 166.757 124.453 100.131 35.1707 35.1707 22.4585 12.8082 7.96476 5.15102 2.18378 1.50154 1.12531 0.579533 0.303636 0.120074 0.043167 0.0210719 0.00818734 0.00286199 0.000990687 0.000467345 0.000207828 8.0949e-05 2.76286e-05 5.31969e-06 1.21181e-06 2.83272e-07 7.2726e-08 1.53751e-08 0 0 0 0 0 0 0 0 0 0 0 0 0 0 0 0 0 0 0 0 0 0 0 0 0 0 0 0 0 0 0 0 0 0 0 0 0 0 0 0 0 0 0 0 0 0 0 0 0 0 0 0 0 0 0
48845.6 28433 21281 10508.7 7496.59 5582.78 3946.7 2707.62 2500.63 1876.41 1212.45 983.681 706.06 430.839 297.288 187.318 152.064 111.073 77.8257 43.9532 19.7096 16.4266 9.79236 4.78107 2.36463 1.72598 1.21492 0.805413 0.388418 0.207975 0.100017 0.0444368 0.0180413 0.00683478 0.00286324 0.0011209 0.000419023 0.000161772 7.15415e-05 1.37681e-05 3.33497e-06 6.63907e-07 1.45223e-07 3.12762e-08 0 0 0 0 0 0 0 0 0 0 0 0 0 0 0 0 0 0 0 0 0 0 0 0 0 0 0 0 0 0 0 0 0 0 0 0 0 0 0 0 0 0 0 0 0 0 0 0 0 0 0 0 0 0 0
48801 29911.3 18586.2 9905.23 7110.74 5436.78 3725.15 2932.66 2265.24 1262.35 1203.54 827.996 551.009 517.785 351.802 233.096 139.345 120.978 75.7074 49.4084 25.7388 16.3475 9.43949 4.26758 2.69785 1.65246 1.22627 0.691626 0.378483 0.187029 0.0834569 0.0333081 0.0123797 0.00590591 0.00237074 0.000836431 0.000345629 0.000114592 3.82965e-05 9.06783e-06 1.92551e-06 4.47584e-07 7.97453e-08 1.98855e-08 0 0 0 0 0 0 0 0 0 0 0 0 0 0 0 0 0 0 0 0 0 0 0 0 0 0 0 0 0 0 0 0 0 0 0 0 0 0 0 0 0 0 0 0 0 0 0 0 0 0 0 0 0 0 0
36506.8 20042.8 17799.1 9711.84 7365.35 4713.36 4279.09 3123.2 2554.42 1500.33 1413.11 424.775 424.775 424.775 411.931 306.838 224.457 138.794 103.1 49.3521 35.0311 11.0308 10.9285 5.79728 2.36157 1.8021 1.22796 0.720241 0.324233 0.198548 0.0887285 0.0329046 0.0163879 0.00549788 0.00236365 0.000924493 0.000450222 0.000151452 6.11277e-05 1.49589e-05 3.33853e-06 7.33427e-07 1.6769e-07 3.30505e-08 0 0 0 0 0 0 0 0 0 0 0 0 0 0 0 0 0 0 0 0 0 0 0 0 0 0 0 0 0 0 0 0 0 0 0 0 0 0 0 0 0 0 0 0 0 0 0 0 0 0 0 0 0 0 0
46239.3 23417.7 21204.8 8516.05 8046.66 5227.29 4881.28 2775.1 2692.98 1915.43 1086.36 891.242 614.066 328.179 313.651 261.587 185.604 125.976 62.5287 58.4282 27.9699 14.9015 9.8441 4.9186 2.8047 1.52279 1.18873 0.768157 0.338298 0.185882 0.0795872 0.033129 0.0148909 0.00504272 0.00232685 0.00102785 0.000340727 0.000136333 4.98256e-05 9.83015e-06 2.23111e-06 5.79663e-07 1.04758e-07 3.11202e-08 0 0 0 0 0 0 0 0 0 0 0 0 0 0 0 0 0 0 0 0 0 0 0 0 0 0 0 0 0 0 0 0 0 0 0 0 0 0 0 0 0 0 0 0 0 0 0 0 0 0 0 0 0 0 0
43656.5 27750.1 19914 11397.9 8091.12 7133.14 4067.35 3272.04 2741.85 1676.32 1155.22 775.602 768.725 457.204 457.204 295.941 191.444 158.087 90.9735 38.8949 30.6547 14.9343 10.4682 5.92207 3.11154 1.38463 1.27291 0.727969 0.461875 0.190677 0.0839014 0.0349817 0.0146091 0.00548175 0.00227261 0.000877456 0.00035188 0.000101676 4.44478e-05 7.40559e-06 1.83831e-06 4.59977e-07 8.98199e-08 2.19291e-08 0 0 0 0 0 0 0 0 0 0 0 0 0 0 0 0 0 0 0 0 0 0 0 0 0 0 0 0 0 0 0 0 0 0 0 0 0 0 0 0 0 0 0 0 0 0 0 0 0 0 0 0 0 0 0
41552.1 27548 20639.5 10583.4 7890.4 6405.07 3840.12 3689.96 2001.26 2001.26 1322.75 1053.11 758.293 582.877 375.806 191.472 113.845 113.845 83.9822 41.8989 28.8637 16.0137 10.6553 6.18456 2.95213 1.70975 1.19754 0.850224 0.489079 0.209904 0.102084 0.0363557 0.0166199 0.00545716 0.00337457 0.00128535 0.000484147 0.000158123 6.80651e-05 1.41279e-05 3.03391e-06 9.23705e-07 1.79482e-07 3.47454e-08 0 0 0 0 0 0 0 0 0 0 0 0 0 0 0 0 0 0 0 0 0 0 0 0 0 0 0 0 0 0 0 0 0 0 0 0 0 0 0 0 0 0 0 0 0 0 0 0 0 0 0 0 0 0 0
38058.2 27722.9 18480.1 10386 7512.38 5548.3 3206.57 2749.82 1780.95 1543.14 1264.7 936.685 563.303 385.41 288.689 210.205 110.956 85.0603 67.5159 44.0191 20.6371 10.7954 7.62677 3.84735 2.09453 1.53664 0.968883 0.707174 0.338688 0.157684 0.0591372 0.0239126 0.0120418 0.00503246 0.00214635 0.000866076 0.00035757 0.000115312 5.5323e-05 8.97453e-06 2.20385e-06 5.07288e-07 1.13132e-07 1.90159e-08 0 0 0 0 0 0 0 0 0 0 0 0 0 0 0 0 0 0 0 0 0 0 0 0 0 0 0 0 0 0 0 0 0 0 0 0 0 0 0 0 0 0 0 0 0 0 0 0 0 0 0 0 0 0 0
