6604.2 6604.2 3805.87 3805.87 2252.48 2252.48 929.019 653.89 551.679 368.019 265.384 239.608 195.487 176.348 154.891 145.841 133.628 126.728 122.229 118.952 116.283 114.569 113.002 108.044 106.107 103.071 101.847 100.989 100.686 100.32 100.212 100.143 100.089 100.052 100.034 100.022 100.013 100.007 100.005 100.003 100.002 100.001 100 100 100 100 100 100 100 100 100 100 100 100 100 100 100 100 100 100 100 100 100 100 100 100 100 100 100 100 100 100 100 100 100 100 100 100 100 100 100 100 100 100 100 100 100 100 100 100 100 100 100 100 100 100 100 100
5728.75 5728.75 4862.71 2951.15 2520.94 867.716 867.716 668.978 466.001 373.435 339.605 255.161 203.904 184.947 163.581 146.343 139.678 128.81 123.638 120.393 117.646 115.846 113.317 108.485 106.68 103.077 101.74 100.986 100.597 100.386 100.242 100.143 100.081 100.052 100.029 100.021 100.012 100.006 100.005 100.002 100.002 100.001 100 100 100 100 100 100 100 100 100 100 100 100 100 100 100 100 100 100 100 100 100 100 100 100 100 100 100 100 100 100 100 100 100 100 100 100 100 100 100 100 100 100 100 100 100 100 100 100 100 100 100 100 100 100 100 100
6276.33 6276.33 6276.33 5174.55 5174.55 2877.1 2877.1 1271.51 1188.87 888.721 569.607 442.813 344.716 248.541 216.592 188.195 162.181 146.44 139.527 130.873 124.134 120.405 118.492 116.206 113.543 109.952 106.788 104.116 102.352 101.336 100.775 100.443 100.259 100.162 100.099 100.061 100.037 100.023 100.013 100.009 100.005 100.004 100.002 100.002 100 100 100 100 100 100 100 100 100 100 100 100 100 100 100 100 100 100 100 100 100 100 100 100 100 100 100 100 100 100 100 100 100 100 100 100 100 100 100 100 100 100 100 100 100 100 100 100 100 100 100 100 100 100 100 100
6518.6 5185.85 4275.5 4275.5 2673.48 2568.07 1220.31 1009.26 778.052 769.956 624.411 624.411 407.055 364.175 263.606 207.423 191.349 166.389 150.784 139.224 131.245 123.469 119.884 116.97 114.975 113.248 109.511 106.173 103.781 101.82 101.228 100.654 100.376 100.196 100.118 100.091 100.053 100.034 100.02 100.014 100.008 100.005 100.003 100.002 100.001 100 100 100 100 100 100 100 100 100 100 100 100 100 100 100 100 100 100 100 100 100 100 100 100 100 100 100 100 100 100 100 100 100 100 100 100 100 100 100 100 100 100 100 100 100 100 100 100 100 100 100 100 100 100 100 100
7080.25 6601.66 4822.54 4822.54 2992.48 2820.74 1218.5 787.302 580.614 440.829 306.881 245.371 215.288 181.109 154.119 139.752 133.787 127.566 122.867 118.269 117.202 114.874 112.576 110.21 106.395 104.278 102.336 101.32 100.717 100.417 100.27 100.162 100.09 100.064 100.036 100.027 100.016 100.008 100.006 100.003 100.002 100.001 100 100 100 100 100 100 100 100 100 100 100 100 100 100 100 100 100 100 100 100 100 100 100 100 100 100 100 100 100 100 100 100 100 100 100 100 100 100 100 100 100 100 100 100 100 100 100 100 100 100 100 100 100 100 100 100
7317.89 7317.89 7317.89 4051.15 3900.05 2545.78 2502.61 1068.07 1068.07 708.553 600.505 413.007 294.82 238.813 193.525 175.372 146.531 140.803 134.602 124.385 123.102 118.536 116.279 114.712 112.888 109.194 106.565 103.134 101.451 101.008 100.635 100.341 100.214 100.128 100.08 100.045 100.029 100.018 100.013 100.009 100.005 100.003 100.002 100.001 100 100 100 100 100 100 100 100 100 100 100 100 100 100 100 100 100 100 100 100 100 100 100 100 100 100 100 100 100 100 100 100 100 100 100 100 100 100 100 100 100 100 100 100 100 100 100 100 100 100 100 100 100 100 100 100
7062.11 7062.11 7062.11 4571.05 4571.05 2858.79 2575.29 1033.81 1033.81 722.71 570.843 472.025 345.191 276.649 221.216 189.394 172.426 151.19 133.2 129.056 124.633 120.631 117.296 114.805 112.433 110.387 106.14 103.948 101.737 101.315 100.588 100.399 100.258 100.144 100.081 100.056 100.033 100.019 100.014 100.008 100.006 100.003 100.002 100.001 100 100 100 100 100 100 100 100 100 100 100 100 100 100 100 100 100 100 100 100 100 100 100 100 100 100 100 100 100 100 100 100 100 100 100 100 100 100 100 100 100 100 100 100 100 100 100 100 100 100 100 100 100 100 100 100
5911.24 5911.24 5911.24 4552.89 3557.73 3557.73 2197.03 2197.03 1091.19 1091.19 847.271 847.271 489.262 489.262 437.429 316.811 241.2 204.261 174.851 154.125 142.953 135.159 126.022 122.154 119.281 115.659 113.516 112.256 107.873 105.183 103.281 101.678 101.04 100.575 100.368 100.163 100.133 100.073 100.05 100.033 100.021 100.008 100.007 100.004 100.002 100.002 100.001 100 100 100 100 100 100 100 100 100 100 100 100 100 100 100 100 100 100 100 100 100 100 100 100 100 100 100 100 100 100 100 100 100 100 100 100 100 100 100 100 100 100 100 100 100 100 100 100 100 100 100 100 100 100 100 100
6673.98 6673.98 3411.92 3411.92 2118.34 2118.34 1220.65 845.618 582.93 582.93 417.725 301.498 211.734 202.277 185.156 154.421 145.862 136.578 128.871 123.061 119.567 117.32 115.249 113.332 109.953 104.052 103.347 101.769 101.169 100.712 100.405 100.267 100.16 100.086 100.059 100.033 100.022 100.016 100.009 100.006 100.003 100.002 100.001 100 100 100 100 100 100 100 100 100 100 100 100 100 100 100 100 100 100 100 100 100 100 100 100 100 100 100 100 100 100 100 100 100 100 100 100 100 100 100 100 100 100 100 100 100 100 100 100 100 100 100 100 100 100 100 100
6739.62 6739.62 6739.62 4066.53 4012.96 2561.86 2561.86 1014.53 739.662 480.84 421.645 343.504 254.52 221.995 190.232 160.6 144.512 134.044 130.119 122.443 119.481 115.901 114.097 111.335 108.863 105.822 103.154 102.057 101.219 100.65 100.289 100.217 100.15 100.1 100.066 100.036 100.024 100.014 100.009 100.005 100.003 100.002 100.001 100 100 100 100 100 100 100 100 100 100 100 100 100 100 100 100 100 100 100 100 100 100 100 100 100 100 100 100 100 100 100 100 100 100 100 100 100 100 100 100 100 100 100 100 100 100 100 100 100 100 100 100 100 100 100 100
5102.77 5102.77 3978.23 3978.23 2921.96 2358.84 2142.45 1111.67 1111.67 846.04 474.275 474.275 460.903 387.606 387.606 251.284 227.047 188.992 173.754 148.497 131.503 131.295 123.917 119.79 118.059 115.883 113.597 109.597 107.719 104.042 102.404 101.544 100.996 100.513 100.32 100.177 100.128 100.067 100.036 100.029 100.016 100.011 100.007 100.004 100.002 100.002 100 100 100 100 100 100 100 100 100 100 100 100 100 100 100 100 100 100 100 100 100 100 100 100 100 100 100 100 100 100 100 100 100 100 100 100 100 100 100 100 100 100 100 100 100 100 100 100 100 100 100 100 100 100 100 100
5940.91 5940.91 4756.79 4756.79 2272.25 2272.25 2272.25 1055.95 1055.95 725.093 516.831 419.112 306.439 233.8 208.695 186.541 162.348 146.177 135.997 127.805 123.168 118.889 116.954 114.986 112.819 108.614 105.791 103.339 101.839 100.93 100.556 100.39 100.24 100.149 100.08 100.049 100.031 100.021 100.014 100.008 100.006 100.003 100.002 100.001 100 100 100 100 100 100 100 100 100 100 100 100 100 100 100 100 100 100 100 100 100 100 100 100 100 100 100 100 100 100 100 100 100 100 100 100 100 100 100 100 100 100 100 100 100 100 100 100 100 100 100 100 100 100 100 100
6918.39 6918.39 4401.3 3615.28 3615.28 2599.8 2599.8 1066.73 677.532 501.868 346.074 346.074 317.096 209.865 197.195 164.181 154.855 144.321 130.696 125.373 121.106 119.301 116.234 114.48 112.292 108.845 104.976 102.679 101.59 101.047 100.615 100.313 100.206 100.11 100.071 100.043 100.027 100.019 100.012 100.008 100.004 100.003 100.002 100.001 100 100 100 100 100 100 100 100 100 100 100 100 100 100 100 100 100 100 100 100 100 100 100 100 100 100 100 100 100 100 100 100 100 100 100 100 100 100 100 100 100 100 100 100 100 100 100 100 100 100 100 100 100 100 100 100
5559.94 5559.94 3789.8 3789.8 3046.96 2825.52 1285.81 946.94 585.368 363.145 355.345 254.291 212.28 184.648 156.432 146.78 138.367 128.938 124.369 121.057 118.117 115.304 113.993 109.75 106.919 104.706 102.569 101.301 100.84 100.501 100.267 100.183 100.106 100.07 100.04 100.025 100.016 100.01 100.006 100.003 100.002 100.001 100 100 100 100 100 100 100 100 100 100 100 100 100 100 100 100 100 100 100 100 100 100 100 100 100 100 100 100 100 100 100 100 100 100 100 100 100 100 100 100 100 100 100 100 100 100 100 100 100 100 100 100 100 100 100 100
8088.67 8088.67 8088.67 4742.56 4742.56 2911.84 2241.22 1069.29 890.666 545.08 368.509 352.854 252.532 210.317 184.16 161.095 148.089 139.422 129.183 123.501 119.615 117.374 115.425 113.518 110.1 106.159 104.234 102.109 101.321 100.843 100.414 100.204 100.142 100.095 100.064 100.032 100.021 100.014 100.008 100.004 100.003 100.002 100.001 100 100 100 100 100 100 100 100 100 100 100 100 100 100 100 100 100 100 100 100 100 100 100 100 100 100 100 100 100 100 100 100 100 100 100 100 100 100 100 100 100 100 100 100 100 100 100 100 100 100 100 100 100 100 100 100
6960.19 6960.19 4218.61 4218.61 4218.61 2872.46 2872.46 1308 741.05 537.602 438.424 338.315 258.518 230.589 191.189 170.043 150.723 135.841 132.13 125.032 120.847 118.023 115.453 113.332 110.747 105.813 103.967 102.375 101.432 100.787 100.484 100.324 100.14 100.12 100.07 100.045 100.027 100.018 100.009 100.007 100.003 100.003 100.001 100 100 100 100 100 100 100 100 100 100 100 100 100 100 100 100 100 100 100 100 100 100 100 100 100 100 100 100 100 100 100 100 100 100 100 100 100 100 100 100 100 100 100 100 100 100 100 100 100 100 100 100 100 100 100 100
6269.36 6269.36 4821.54 4821.54 4319.17 2885.01 2778.98 1154.79 1154.79 871.224 500.022 458.186 326.123 258.662 211.602 177.329 161.434 147.861 134.069 127.368 124.323 118.375 117.446 115.75 112.773 109.596 105.25 103.343 102.084 101.083 100.627 100.35 100.232 100.138 100.089 100.053 100.034 100.021 100.014 100.008 100.005 100.003 100.002 100.001 100 100 100 100 100 100 100 100 100 100 100 100 100 100 100 100 100 100 100 100 100 100 100 100 100 100 100 100 100 100 100 100 100 100 100 100 100 100 100 100 100 100 100 100 100 100 100 100 100 100 100 100 100 100 100 100
5966.31 5966.31 3436.1 3436.1 2371.62 2371.62 968.422 602.288 544.062 373.194 258.2 239.147 194.352 176.955 158.139 139.148 136.747 127.801 123.304 117.389 116.233 114.836 111.915 107.539 104.062 103.197 101.871 100.881 100.468 100.338 100.21 100.131 100.08 100.049 100.028 100.019 100.011 100.007 100.005 100.003 100.002 100.001 100 100 100 100 100 100 100 100 100 100 100 100 100 100 100 100 100 100 100 100 100 100 100 100 100 100 100 100 100 100 100 100 100 100 100 100 100 100 100 100 100 100 100 100 100 100 100 100 100 100 100 100 100 100 100 100
6063.09 5828.46 3882.52 3882.52 2460.18 2460.18 1063.78 729.03 729.03 511.621 355.26 313.197 216.495 197.989 176.323 154.975 140.932 130.798 125.241 121.433 119.668 116.545 114.486 112.236 107.376 104.105 102.971 101.904 100.851 100.599 100.345 100.204 100.113 100.085 100.05 100.032 100.019 100.012 100.007 100.005 100.003 100.002 100.001 100 100 100 100 100 100 100 100 100 100 100 100 100 100 100 100 100 100 100 100 100 100 100 100 100 100 100 100 100 100 100 100 100 100 100 100 100 100 100 100 100 100 100 100 100 100 100 100 100 100 100 100 100 100 100 100
6683.59 6683.59 3712.4 3712.4 3712.4 2859.94 2859.94 1414.84 1156.2 722.746 564.697 453.588 341.54 252.524 212.836 179.219 165.151 150.692 134.292 129.63 125.092 121.072 117.928 116.284 113.579 110.041 107.96 104.515 102.517 101.087 100.629 100.502 100.269 100.16 100.103 100.061 100.039 100.022 100.015 100.01 100.005 100.004 100.002 100.002 100 100 100 100 100 100 100 100 100 100 100 100 100 100 100 100 100 100 100 100 100 100 100 100 100 100 100 100 100 100 100 100 100 100 100 100 100 100 100 100 100 100 100 100 100 100 100 100 100 100 100 100 100 100 100 100
5968.84 5968.84 5968.84 2560.47 2560.47 2381.09 2381.09 1067.18 829.213 741.541 459.111 409.288 297.17 217.585 207.737 177.795 161.451 138.533 134.578 128.482 123.465 119.674 116.868 114.642 111.901 108.841 105.156 102.865 102.1 101.081 100.572 100.356 100.185 100.127 100.072 100.038 100.031 100.016 100.011 100.009 100.005 100.003 100.002 100.001 100 100 100 100 100 100 100 100 100 100 100 100 100 100 100 100 100 100 100 100 100 100 100 100 100 100 100 100 100 100 100 100 100 100 100 100 100 100 100 100 100 100 100 100 100 100 100 100 100 100 100 100 100 100 100 100
5033.91 5033.91 3378.15 3378.15 3302.28 2617.94 1055.19 1055.19 843.741 830.352 574.453 574.453 415.212 335.099 269.56 211.789 189.335 163.459 145.936 136.628 128.351 122.362 118.142 116.852 114.755 112.768 108.693 106.093 102.761 102.041 101.086 100.649 100.383 100.227 100.156 100.077 100.058 100.038 100.019 100.014 100.008 100.005 100.003 100.002 100.001 100 100 100 100 100 100 100 100 100 100 100 100 100 100 100 100 100 100 100 100 100 100 100 100 100 100 100 100 100 100 100 100 100 100 100 100 100 100 100 100 100 100 100 100 100 100 100 100 100 100 100 100 100 100 100 100
6813.89 6217.12 3592.13 3592.13 2362.73 2362.73 1187.42 1187.42 872.415 618.307 455.327 331.771 239.34 214.608 180.075 160.372 143.994 135.69 130.01 124.104 119.348 117.29 115.523 113.593 110.866 106.724 104.706 102.623 101.552 100.737 100.416 100.243 100.176 100.096 100.064 100.035 100.024 100.016 100.01 100.006 100.004 100.002 100.001 100 100 100 100 100 100 100 100 100 100 100 100 100 100 100 100 100 100 100 100 100 100 100 100 100 100 100 100 100 100 100 100 100 100 100 100 100 100 100 100 100 100 100 100 100 100 100 100 100 100 100 100 100 100 100 100
6679.14 6679.14 3969.12 3969.12 2563.44 2563.44 1161.07 844.915 822.459 601.906 601.906 405.736 328.737 265.089 215.167 174.338 157.664 139.839 135.195 128.311 124.167 118.7 117.738 115.119 113.436 109.052 106.478 103.307 102.08 101.269 100.687 100.398 100.234 100.153 100.094 100.055 100.036 100.024 100.013 100.009 100.006 100.003 100.002 100.001 100 100 100 100 100 100 100 100 100 100 100 100 100 100 100 100 100 100 100 100 100 100 100 100 100 100 100 100 100 100 100 100 100 100 100 100 100 100 100 100 100 100 100 100 100 100 100 100 100 100 100 100 100 100 100 100
7484.23 7484.23 5019.82 4524.31 2352.68 2352.68 1276.98 857.378 576.152 468.804 372.238 249.656 229.969 178.085 161.753 150.367 139.878 131.083 126.801 121.299 117.97 116.353 114.128 109.982 107.49 104.401 102.8 101.63 100.978 100.491 100.322 100.184 100.127 100.075 100.042 100.025 100.016 100.011 100.006 100.004 100.002 100.002 100 100 100 100 100 100 100 100 100 100 100 100 100 100 100 100 100 100 100 100 100 100 100 100 100 100 100 100 100 100 100 100 100 100 100 100 100 100 100 100 100 100 100 100 100 100 100 100 100 100 100 100 100 100 100 100
6001.77 6001.77 6001.77 3229.95 3229.95 2254.07 2254.07 914.067 914.067 816.333 548.67 548.67 396.891 320.105 257.222 224.436 179.763 163.623 138.554 134.191 125.658 123.669 119.5 117.59 115.265 112.363 110.645 105.49 104.184 102.746 101.384 100.732 100.491 100.286 100.192 100.115 100.063 100.046 100.028 100.015 100.011 100.007 100.004 100.002 100.002 100 100 100 100 100 100 100 100 100 100 100 100 100 100 100 100 100 100 100 100 100 100 100 100 100 100 100 100 100 100 100 100 100 100 100 100 100 100 100 100 100 100 100 100 100 100 100 100 100 100 100 100 100 100 100 100
5581.76 5581.76 5581.76 3851.47 3851.47 2390.42 2390.42 2390.42 953.938 953.938 633.806 519.784 337.289 278.957 207.867 201.172 172.699 146.271 142.607 131.778 125.169 121.374 119.419 116.971 114.883 110.621 108.94 105.165 102.952 101.649 100.875 100.559 100.349 100.223 100.124 100.071 100.046 100.033 100.022 100.012 100.007 100.005 100.003 100.002 100.001 100 100 100 100 100 100 100 100 100 100 100 100 100 100 100 100 100 100 100 100 100 100 100 100 100 100 100 100 100 100 100 100 100 100 100 100 100 100 100 100 100 100 100 100 100 100 100 100 100 100 100 100 100 100 100 100
5266.38 5266.38 3707.1 3707.1 1861.98 1861.98 938.407 746.033 473.347 391.082 285.814 235.54 199.62 166.736 151.944 141.038 131.902 123.334 122.831 119.164 116.587 114.364 111.033 107.373 105.166 102.16 101.514 100.865 100.523 100.305 100.165 100.121 100.07 100.046 100.028 100.02 100.013 100.008 100.005 100.003 100.002 100.001 100 100 100 100 100 100 100 100 100 100 100 100 100 100 100 100 100 100 100 100 100 100 100 100 100 100 100 100 100 100 100 100 100 100 100 100 100 100 100 100 100 100 100 100 100 100 100 100 100 100 100 100 100 100 100 100
5830.99 5830.99 5830.99 4160.18 4160.18 3025.38 2433.34 1426.38 1424.94 864.567 617.548 461.213 359.118 264.528 220.177 193.379 167.648 151.778 139.759 131.793 125.17 120.52 117.847 115.322 113.727 109.605 107.42 103.97 102.433 101.555 100.858 100.441 100.302 100.171 100.104 100.071 100.04 100.022 100.018 100.012 100.006 100.004 100.003 100.002 100 100 100 100 100 100 100 100 100 100 100 100 100 100 100 100 100 100 100 100 100 100 100 100 100 100 100 100 100 100 100 100 100 100 100 100 100 100 100 100 100 100 100 100 100 100 100 100 100 100 100 100 100 100 100 100
5548.48 5548.48 3759.36 3759.36 2239.1 993.479 652.794 507.069 369.617 277.709 220.243 195.894 161.126 148.587 140.155 130.69 123.419 121.278 117.394 115.782 113.618 110.073 106.155 105.133 103.219 101.819 101.042 100.587 100.339 100.23 100.136 100.082 100.053 100.03 100.019 100.012 100.008 100.005 100.003 100.002 100.001 100 100 100 100 100 100 100 100 100 100 100 100 100 100 100 100 100 100 100 100 100 100 100 100 100 100 100 100 100 100 100 100 100 100 100 100 100 100 100 100 100 100 100 100 100 100 100 100 100 100 100 100 100 100 100 100
6524.37 6495.17 6495.17 3357.76 3357.76 1596.67 1596.67 1009.88 637.818 422.711 363.571 262.904 237.724 198.147 167.831 147.792 142.185 132.482 125.507 121.988 119.913 116.253 114.187 111.804 107.99 105.342 102.819 101.732 100.979 100.588 100.353 100.214 100.122 100.082 100.049 100.033 100.018 100.013 100.007 100.005 100.003 100.002 100.001 100 100 100 100 100 100 100 100 100 100 100 100 100 100 100 100 100 100 100 100 100 100 100 100 100 100 100 100 100 100 100 100 100 100 100 100 100 100 100 100 100 100 100 100 100 100 100 100 100 100 100 100 100 100 100 100
6055.08 6055.08 2774.39 2774.39 2294.13 946.966 946.966 481.363 474.217 371.734 326.656 222.724 205.063 166.955 150.949 142.995 130.594 126.237 123.577 118.479 116.762 114.409 111.99 110.81 103.678 103.302 102.458 101.227 100.677 100.405 100.244 100.148 100.101 100.059 100.035 100.019 100.012 100.009 100.005 100.003 100.002 100.001 100 100 100 100 100 100 100 100 100 100 100 100 100 100 100 100 100 100 100 100 100 100 100 100 100 100 100 100 100 100 100 100 100 100 100 100 100 100 100 100 100 100 100 100 100 100 100 100 100 100 100 100 100 100 100 100
5782.04 5782.04 4039.67 4039.67 2161.41 2161.41 860.44 860.44 724.416 518.747 371.005 277.037 248.578 197.823 171.578 157.857 141.954 129.251 127.996 120.939 117.146 116.981 114.607 112.047 108.129 106.593 103.414 102.061 101.109 100.695 100.342 100.258 100.15 100.087 100.053 100.037 100.021 100.012 100.008 100.005 100.003 100.002 100.001 100 100 100 100 100 100 100 100 100 100 100 100 100 100 100 100 100 100 100 100 100 100 100 100 100 100 100 100 100 100 100 100 100 100 100 100 100 100 100 100 100 100 100 100 100 100 100 100 100 100 100 100 100 100 100 100
6472.03 6472.03 4324.88 4324.88 2589.48 2589.48 983.116 790.557 573.025 365.435 303.144 238.12 224.514 181.559 158.79 148.119 136.255 127.791 122.567 118.682 116.608 115.537 111.692 110.168 106.111 102.452 102.132 101.234 100.676 100.381 100.172 100.119 100.079 100.044 100.032 100.019 100.011 100.008 100.004 100.003 100.001 100.001 100 100 100 100 100 100 100 100 100 100 100 100 100 100 100 100 100 100 100 100 100 100 100 100 100 100 100 100 100 100 100 100 100 100 100 100 100 100 100 100 100 100 100 100 100 100 100 100 100 100 100 100 100 100 100 100
6250.35 6250.35 6250.35 5229.03 4629.96 3357.97 3357.97 1191.22 666.759 503.895 421.749 325.701 234.777 208.02 181.539 156.962 135.783 135.783 129.3 121.767 117.879 117.072 115.455 112.802 110.388 107.422 103.281 102.067 101.367 100.669 100.449 100.238 100.163 100.085 100.055 100.034 100.02 100.014 100.009 100.006 100.003 100.002 100.001 100 100 100 100 100 100 100 100 100 100 100 100 100 100 100 100 100 100 100 100 100 100 100 100 100 100 100 100 100 100 100 100 100 100 100 100 100 100 100 100 100 100 100 100 100 100 100 100 100 100 100 100 100 100 100 100
5170.98 5170.98 3704.85 3523.22 2353.65 2353.65 1195.46 788.257 579.777 579.777 387.493 330.827 256.808 216.006 173.179 146.722 142.685 133.734 127.155 123.825 119.239 116.769 115.034 112.782 109.046 105.894 103.11 102.042 101.287 100.816 100.433 100.274 100.153 100.101 100.057 100.041 100.025 100.017 100.01 100.006 100.003 100.002 100.001 100 100 100 100 100 100 100 100 100 100 100 100 100 100 100 100 100 100 100 100 100 100 100 100 100 100 100 100 100 100 100 100 100 100 100 100 100 100 100 100 100 100 100 100 100 100 100 100 100 100 100 100 100 100 100 100
6175.99 6175.99 2969.93 2969.93 2837.78 2553.43 940.779 709.165 709.165 470.272 395.593 318.065 259.194 215.102 172.118 164.363 150.859 134.55 127.155 122.187 119.404 117.295 114.737 111.524 109.115 105.183 103.209 101.928 101.083 100.613 100.427 100.236 100.145 100.099 100.059 100.037 100.025 100.014 100.008 100.004 100.003 100.002 100.001 100 100 100 100 100 100 100 100 100 100 100 100 100 100 100 100 100 100 100 100 100 100 100 100 100 100 100 100 100 100 100 100 100 100 100 100 100 100 100 100 100 100 100 100 100 100 100 100 100 100 100 100 100 100 100 100
6266.88 6266.88 4415.21 4415.21 2302.81 2302.81 1259.56 679.69 554.268 405.268 287.233 238.781 214.616 167.649 150.971 144.637 136.75 127.277 122.162 118.894 116.437 114.792 113.11 108.15 105.512 103.896 102.258 101.128 100.637 100.382 100.203 100.143 100.08 100.062 100.033 100.024 100.015 100.009 100.006 100.004 100.003 100.002 100 100 100 100 100 100 100 100 100 100 100 100 100 100 100 100 100 100 100 100 100 100 100 100 100 100 100 100 100 100 100 100 100 100 100 100 100 100 100 100 100 100 100 100 100 100 100 100 100 100 100 100 100 100 100 100
5334.19 5334.19 4267.79 4267.79 2711.93 2108.96 842.7 779.589 565.996 365.787 285.01 220.659 210.747 172.837 154.556 143.107 133.342 127.174 121.468 117.783 115.754 114.614 111.872 108.844 103.799 103.449 101.648 100.857 100.523 100.338 100.196 100.121 100.078 100.049 100.03 100.015 100.011 100.007 100.004 100.002 100.001 100.001 100 100 100 100 100 100 100 100 100 100 100 100 100 100 100 100 100 100 100 100 100 100 100 100 100 100 100 100 100 100 100 100 100 100 100 100 100 100 100 100 100 100 100 100 100 100 100 100 100 100 100 100 100 100 100 100
3430.44 3430.44 3430.44 3430.44 3430.44 3430.44 2212.08 2212.08 1008.6 668.376 477.234 310.223 277.463 223.851 189.278 168.94 159.303 140.277 133.712 127.066 122.134 119.872 116.108 114.44 112.477 108.492 106.483 103.134 102.184 100.965 100.679 100.379 100.217 100.158 100.084 100.055 100.032 100.022 100.012 100.008 100.005 100.003 100.002 100.001 100 100 100 100 100 100 100 100 100 100 100 100 100 100 100 100 100 100 100 100 100 100 100 100 100 100 100 100 100 100 100 100 100 100 100 100 100 100 100 100 100 100 100 100 100 100 100 100 100 100 100 100 100 100 100 100
5706.33 5706.33 5706.33 3570.09 3570.09 3570.09 2104.97 2104.97 937.993 937.993 707.992 492.866 356.234 320.587 234.353 200.557 177.863 157.585 138.358 135.227 127.21 122 118.58 115.804 114.224 112.653 107.66 106.066 103.038 102.231 101.138 100.697 100.372 100.241 100.132 100.091 100.054 100.028 100.021 100.014 100.01 100.005 100.004 100.002 100.001 100 100 100 100 100 100 100 100 100 100 100 100 100 100 100 100 100 100 100 100 100 100 100 100 100 100 100 100 100 100 100 100 100 100 100 100 100 100 100 100 100 100 100 100 100 100 100 100 100 100 100 100 100 100 100 100
5207.12 5207.12 5207.12 3183.48 3183.48 2155.73 2155.73 1124.87 767.533 503.422 325.028 325.028 299.931 238.234 196.816 166.996 152.561 143.077 132.348 126.99 120.295 119.88 116.619 114.619 111.438 108.309 105.612 103.234 101.506 101.127 100.697 100.332 100.232 100.147 100.072 100.058 100.036 100.022 100.016 100.009 100.006 100.004 100.002 100.001 100 100 100 100 100 100 100 100 100 100 100 100 100 100 100 100 100 100 100 100 100 100 100 100 100 100 100 100 100 100 100 100 100 100 100 100 100 100 100 100 100 100 100 100 100 100 100 100 100 100 100 100 100 100 100 100
6282.12 6282.12 3910.83 3910.83 2370.97 2306.73 1108.45 762.015 641.805 347.484 303.424 231.503 228.844 186.625 158.78 149.332 137.899 127.453 122.727 120.735 117.927 115.217 113.31 110.133 104.856 103.423 101.885 101.183 100.707 100.464 100.245 100.136 100.091 100.046 100.037 100.023 100.014 100.008 100.005 100.003 100.002 100.001 100 100 100 100 100 100 100 100 100 100 100 100 100 100 100 100 100 100 100 100 100 100 100 100 100 100 100 100 100 100 100 100 100 100 100 100 100 100 100 100 100 100 100 100 100 100 100 100 100 100 100 100 100 100 100 100
5603.49 5603.49 5603.49 3612.83 3612.83 1885.01 1885.01 1087.1 1087.1 514.655 424.19 367.727 310.849 226.219 192.163 165.742 157.934 141.329 132.92 124.815 122.359 118.681 116.247 114.333 113.347 108.966 106.004 103.032 101.8 101.041 100.626 100.4 100.208 100.153 100.089 100.055 100.035 100.022 100.015 100.007 100.006 100.004 100.002 100.001 100 100 100 100 100 100 100 100 100 100 100 100 100 100 100 100 100 100 100 100 100 100 100 100 100 100 100 100 100 100 100 100 100 100 100 100 100 100 100 100 100 100 100 100 100 100 100 100 100 100 100 100 100 100 100 100
5853.65 5853.65 5853.65 4026.6 2367.78 2367.78 1035.89 833.203 509.939 403.14 294.834 256.781 200.552 185.316 167.181 142.664 132.682 129.603 122.587 120.995 117.398 115.893 113.263 107.238 105.811 104.129 102.271 101.263 100.658 100.393 100.202 100.173 100.094 100.056 100.039 100.023 100.012 100.008 100.005 100.003 100.002 100.001 100 100 100 100 100 100 100 100 100 100 100 100 100 100 100 100 100 100 100 100 100 100 100 100 100 100 100 100 100 100 100 100 100 100 100 100 100 100 100 100 100 100 100 100 100 100 100 100 100 100 100 100 100 100 100 100
5173.28 5173.28 3341.92 3341.92 1620.98 1620.98 805.643 681.706 457.304 328.437 284.166 222.089 181.877 168.743 146.608 140.449 130.55 125.242 119.319 118.224 116.215 114.527 111.606 106.518 104.894 102.632 101.297 100.903 100.355 100.287 100.165 100.109 100.074 100.042 100.03 100.017 100.011 100.007 100.004 100.003 100.002 100.001 100 100 100 100 100 100 100 100 100 100 100 100 100 100 100 100 100 100 100 100 100 100 100 100 100 100 100 100 100 100 100 100 100 100 100 100 100 100 100 100 100 100 100 100 100 100 100 100 100 100 100 100 100 100 100 100
6971.9 6971.9 5076.99 5076.99 3333.77 3333.77 1151.82 1151.82 813.916 649.259 402.433 329.12 253.526 203.544 190.044 164.543 148.578 136.456 130.539 122.201 119.672 116.757 115.428 113.827 110.203 106.688 104.351 102.151 101.284 100.632 100.483 100.268 100.186 100.115 100.057 100.041 100.026 100.014 100.011 100.007 100.004 100.003 100.002 100 100 100 100 100 100 100 100 100 100 100 100 100 100 100 100 100 100 100 100 100 100 100 100 100 100 100 100 100 100 100 100 100 100 100 100 100 100 100 100 100 100 100 100 100 100 100 100 100 100 100 100 100 100 100 100
5585.51 5585.51 4264.97 4264.97 2638.64 2638.64 996.045 738.153 505.288 427.355 300.93 254.948 212.006 186.736 160.936 145.456 135.986 127.718 123.747 120.297 117.184 115.565 113.415 110.625 106.859 103.715 102.362 101.126 100.775 100.483 100.263 100.147 100.102 100.069 100.043 100.024 100.016 100.01 100.006 100.004 100.002 100.002 100 100 100 100 100 100 100 100 100 100 100 100 100 100 100 100 100 100 100 100 100 100 100 100 100 100 100 100 100 100 100 100 100 100 100 100 100 100 100 100 100 100 100 100 100 100 100 100 100 100 100 100 100 100 100 100
5945.08 5945.08 5945.08 3518.51 3518.51 2357.04 2357.04 2357.04 1058.57 1058.57 673.952 482.166 482.166 381.998 266.313 236.559 186.593 162.005 150.48 138.312 130.689 125.201 120.709 118.263 116.324 114.768 110.746 107.503 105.73 102.939 101.69 100.803 100.504 100.325 100.164 100.106 100.07 100.044 100.025 100.016 100.01 100.007 100.004 100.003 100.002 100.001 100 100 100 100 100 100 100 100 100 100 100 100 100 100 100 100 100 100 100 100 100 100 100 100 100 100 100 100 100 100 100 100 100 100 100 100 100 100 100 100 100 100 100 100 100 100 100 100 100 100 100 100 100 100 100 100
7106.04 7106.04 4934.27 4934.27 2403.15 2403.15 1210.62 925.565 925.565 587.413 503.514 335.037 265.292 218.239 181.221 166.634 148.409 136.936 131.865 124.262 120.665 117.202 115.669 113.901 110.816 106.748 104.26 102.528 101.315 100.836 100.454 100.244 100.174 100.109 100.06 100.034 100.023 100.012 100.009 100.005 100.004 100.002 100.001 100 100 100 100 100 100 100 100 100 100 100 100 100 100 100 100 100 100 100 100 100 100 100 100 100 100 100 100 100 100 100 100 100 100 100 100 100 100 100 100 100 100 100 100 100 100 100 100 100 100 100 100 100 100 100 100
6989.41 6989.41 4227.22 4227.22 2484.92 2484.92 987.894 770.771 519.123 366.77 280.893 245.46 203.768 159.041 155.861 142.184 132.286 124.427 119.644 118.429 116.239 114.551 112.503 108.872 104.694 102.952 101.65 100.932 100.558 100.341 100.184 100.13 100.065 100.041 100.027 100.017 100.011 100.008 100.005 100.003 100.002 100.001 100 100 100 100 100 100 100 100 100 100 100 100 100 100 100 100 100 100 100 100 100 100 100 100 100 100 100 100 100 100 100 100 100 100 100 100 100 100 100 100 100 100 100 100 100 100 100 100 100 100 100 100 100 100 100 100
