696.783 343.49 190.975 130.235 123.412 119.174 115.175 111.771 111.741 108.882 108.413 108.413 106.319 105.852 105.852 105.852 104.954 104.954 104.863 104.863 104.259 104.259 103.962 102.721 102.721 102.721 102.721 101.304 101.276 101.276 101.112 101.112 101.112 101.112 100.992 100.947 100.568 100.523 100.523 100.523 100.234 100.234 100.216 100.16 100.052 100.02 100.007 100.001 100.001 100 100 100 100 100 100 100 100 100 100 100 100 100 100 100 100 100 100 100 100 100 100 100 100 100 100 100 100 100 100 100 100 100 100 100 100 100 100 100 100 100 100 100 100 100 100 100
643.583 255.024 233.762 125.37 125.37 119.783 116.524 113.838 112.254 109.963 109.963 108.932 108.099 107.612 107.446 107.446 105.252 105.252 104.908 104.908 104.908 104.908 103.886 103.886 103.886 103.886 103.514 101.957 101.599 101.502 101.502 101.502 101.502 101.002 100.866 100.843 100.843 100.623 100.623 100.589 100.51 100.382 100.264 100.132 100.044 100.018 100.004 100.002 100.001 100 100 100 100 100 100 100 100 100 100 100 100 100 100 100 100 100 100 100 100 100 100 100 100 100 100 100 100 100 100 100 100 100 100 100 100 100 100 100 100 100 100 100 100 100 100 100
642.751 269.753 202.8 135.157 121.088 114.736 114.291 111.232 111.218 110.628 107.615 107.615 107.615 107.615 105.573 105.573 103.56 103.56 103.56 102.857 102.857 102.857 102.857 102.857 102.857 102.494 102.494 102.494 102.364 102.033 102.033 101.733 101.615 101.193 101.193 101.193 101.193 100.985 100.985 100.678 100.678 100.548 100.38 100.38 100.135 100.128 100.04 100.02 100.005 100.002 100 100 100 100 100 100 100 100 100 100 100 100 100 100 100 100 100 100 100 100 100 100 100 100 100 100 100 100 100 100 100 100 100 100 100 100 100 100 100 100 100 100 100 100 100 100
589.51 288.825 222.564 138.617 127.269 118.882 113.628 111.556 110.167 109.28 108.21 108.21 108.033 106.801 105.679 104.321 104.321 104.321 104.321 104.321 104.321 102.31 102.31 102.31 102.31 102.31 101.702 101.702 101.619 101.577 101.577 101.131 101.131 101.131 100.892 100.892 100.835 100.835 100.835 100.835 100.751 100.751 100.751 100.546 100.546 100.546 100.518 100.307 100.167 100.146 100.02 100.017 100.004 100.001 100 100 100 100 100 100 100 100 100 100 100 100 100 100 100 100 100 100 100 100 100 100 100 100 100 100 100 100 100 100 100 100 100 100 100 100 100 100 100 100 100 100
623.011 356.637 244.028 129.121 119.834 117.215 113.71 112.565 111.149 109.851 109.241 108.048 108.048 107.846 107.846 106.906 105.352 105.352 105.352 105.352 105.231 105.191 104.389 102.266 102.266 102.266 102.254 100.93 100.93 100.93 100.93 100.93 100.93 100.93 100.93 100.93 100.93 100.93 100.664 100.664 100.472 100.26 100.165 100.028 100.014 100.005 100.001 100 100 100 100 100 100 100 100 100 100 100 100 100 100 100 100 100 100 100 100 100 100 100 100 100 100 100 100 100 100 100 100 100 100 100 100 100 100 100 100 100 100 100 100 100 100 100 100 100
479.942 345.083 266.342 134.288 125.299 116.231 113.05 111.873 110.754 108.931 108.399 108.399 108.399 106.57 106.57 106.57 106.57 106.57 104.787 103.703 103.703 103.703 103.703 103.691 102.414 102.414 102.414 102.414 101.923 101.923 101.302 101.127 101.127 101.127 101.047 101.012 101.012 101.012 101.012 100.461 100.461 100.461 100.392 100.198 100.084 100.031 100.005 100.002 100.001 100 100 100 100 100 100 100 100 100 100 100 100 100 100 100 100 100 100 100 100 100 100 100 100 100 100 100 100 100 100 100 100 100 100 100 100 100 100 100 100 100 100 100 100 100 100 100
630.362 329.343 209.183 133.409 129.633 118.767 112.754 112.364 110.965 110.415 109.456 107.395 105.09 105.09 105.09 105.09 105.09 105.09 105.09 105.09 105.09 104.21 104.21 104.21 102.451 102.451 102.451 102.451 102.005 101.907 101.907 101.609 101.139 101.139 100.873 100.873 100.838 100.838 100.838 100.474 100.464 100.257 100.197 100.074 100.029 100.012 100.003 100.001 100 100 100 100 100 100 100 100 100 100 100 100 100 100 100 100 100 100 100 100 100 100 100 100 100 100 100 100 100 100 100 100 100 100 100 100 100 100 100 100 100 100 100 100 100 100 100 100
603.307 317.839 191.917 130.077 122.987 117.185 114.073 110.675 110.675 108.935 108.04 107.459 107.459 106.561 105.374 105.374 105.374 105.374 105.19 105.19 105.19 104.651 104.583 104.583 104.583 104.583 104.13 102.733 102.733 102.697 101.804 101.804 101.804 101.804 101.439 101.439 101.105 101.091 101.091 101.091 101.018 101.018 100.783 100.469 100.469 100.469 100.443 100.443 100.354 100.318 100.318 100.189 100.189 100.189 100.037 100.012 100.006 100.003 100.001 100 100 100 100 100 100 100 100 100 100 100 100 100 100 100 100 100 100 100 100 100 100 100 100 100 100 100 100 100 100 100 100 100 100 100 100 100
426.421 286.313 252.194 124.662 123.43 114.873 113.189 112.584 110.64 109.157 109.157 107.645 107.645 107.645 107.645 106.768 105.639 105.639 105.501 105.499 104.223 103.473 103.473 103.473 103.473 102.328 102.152 101.642 101.642 101.323 101.091 101.091 101.091 101.091 101.091 101.091 100.875 100.875 100.571 100.415 100.342 100.21 100.058 100.02 100.006 100.002 100.001 100 100 100 100 100 100 100 100 100 100 100 100 100 100 100 100 100 100 100 100 100 100 100 100 100 100 100 100 100 100 100 100 100 100 100 100 100 100 100 100 100 100 100 100 100 100 100 100 100
463.788 232.155 207.087 137.448 119.484 115.459 113.387 111.89 110.512 110.352 107.211 107.211 107.211 106.268 106.268 105.983 105.575 105.575 105.074 105.074 105.074 105.074 104.371 102.873 102.873 102.873 101.817 101.817 101.467 101.053 101.053 101.053 100.944 100.944 100.944 100.792 100.733 100.622 100.472 100.472 100.304 100.241 100.076 100.022 100.006 100.003 100.001 100 100 100 100 100 100 100 100 100 100 100 100 100 100 100 100 100 100 100 100 100 100 100 100 100 100 100 100 100 100 100 100 100 100 100 100 100 100 100 100 100 100 100 100 100 100 100 100 100
617.334 366.788 233.706 137.979 125.713 119.137 111.932 111.932 111.528 106.724 106.724 106.724 106.427 106.061 106.061 106.061 106.061 104.042 104.042 104.027 102.712 102.619 102.619 102.619 102.619 102.619 102.619 102.315 101.906 101.712 101.712 101.252 101.252 101.198 100.701 100.701 100.318 100.318 100.282 100.282 100.091 100.091 100.046 100.015 100.004 100.001 100 100 100 100 100 100 100 100 100 100 100 100 100 100 100 100 100 100 100 100 100 100 100 100 100 100 100 100 100 100 100 100 100 100 100 100 100 100 100 100 100 100 100 100 100 100 100 100 100 100
472.269 365.823 210.91 139.037 119.515 115.492 113.703 110.393 110.393 110.393 110.151 107.908 104.393 104.393 104.393 104.393 104.393 104.393 104.393 103.459 103.459 103.459 102.779 102.779 102.779 102.779 101.472 101.472 101.472 101.472 100.675 100.675 100.675 100.675 100.675 100.675 100.675 100.319 100.319 100.29 100.225 100.199 100.149 100.037 100.037 100.037 100.029 100.007 100.004 100.001 100 100 100 100 100 100 100 100 100 100 100 100 100 100 100 100 100 100 100 100 100 100 100 100 100 100 100 100 100 100 100 100 100 100 100 100 100 100 100 100 100 100 100 100 100 100
520.403 376.536 222.034 135.749 122.454 115.388 113.693 111.291 111.218 108.309 108.309 108.309 108.238 108.238 107.252 107.252 106.156 106.156 106.156 105.845 104.631 103.662 103.662 103.662 103.289 102.675 102.675 101.888 101.254 101.254 101.212 100.806 100.806 100.806 100.806 100.806 100.537 100.537 100.507 100.32 100.32 100.126 100.064 100.022 100.009 100.003 100.001 100 100 100 100 100 100 100 100 100 100 100 100 100 100 100 100 100 100 100 100 100 100 100 100 100 100 100 100 100 100 100 100 100 100 100 100 100 100 100 100 100 100 100 100 100 100 100 100 100
597.399 263.341 194.199 137.362 120.085 117.029 113.092 111.428 111.039 108.653 108.653 105.874 105.874 105.874 105.874 105.874 105.874 105.787 105.787 105.217 105.217 105.217 104.021 103.106 103.106 101.968 101.968 101.322 100.692 100.692 100.692 100.494 100.494 100.494 100.494 100.266 100.266 100.266 100.199 100.199 100.101 100.065 100.018 100.003 100.001 100.001 100 100 100 100 100 100 100 100 100 100 100 100 100 100 100 100 100 100 100 100 100 100 100 100 100 100 100 100 100 100 100 100 100 100 100 100 100 100 100 100 100 100 100 100 100 100 100 100 100 100
441.938 217.215 186.906 133.75 122.927 117.364 113.525 110.761 110.761 110.234 108.444 107.538 107.538 107.484 106.904 105.918 105.518 105.518 105.518 105.518 105.518 105.518 104.247 104.247 101.996 101.996 101.996 101.996 101.996 101.958 101.958 101.958 101.91 101.651 101.459 101.186 101.186 101.151 100.652 100.652 100.652 100.306 100.306 100.306 100.306 100.211 100.146 100.131 100.035 100.025 100.011 100.005 100.002 100.001 100 100 100 100 100 100 100 100 100 100 100 100 100 100 100 100 100 100 100 100 100 100 100 100 100 100 100 100 100 100 100 100 100 100 100 100 100 100 100 100 100 100
575.716 364.197 232.699 141.98 126.614 120.722 114.345 112.056 111.558 106.87 106.87 106.87 106.87 106.87 105.689 105.689 105.689 105.689 105.384 105.384 105.384 105.384 104.252 104.252 103.439 103.439 103.439 103.243 102.851 102.336 102.336 102.336 101.873 101.873 101.796 101.215 100.873 100.873 100.873 100.873 100.756 100.246 100.246 100.246 100.246 100.246 100.178 100.082 100.028 100.009 100.003 100.001 100 100 100 100 100 100 100 100 100 100 100 100 100 100 100 100 100 100 100 100 100 100 100 100 100 100 100 100 100 100 100 100 100 100 100 100 100 100 100 100 100 100 100 100
746.44 307.156 210.519 144.75 119.507 117.913 114.234 113.004 111.462 110.014 109.958 109.07 108.483 107.659 106.471 106.471 105.784 104.492 104.373 104.373 104.373 104.373 104.373 104.373 104.373 103.093 102.639 102.639 102.574 102.574 102.561 101.035 101.035 101.035 101.035 101.035 100.983 100.983 100.983 100.983 100.83 100.83 100.716 100.716 100.716 100.679 100.49 100.443 100.375 100.352 100.308 100.295 100.29 100.288 100.288 100.288 100.288 100.288 100.288 100.288 100.288 100.288 100.288 100.288 100.288 100.288 100.288 100.288 100.288 100.288 100.288 100.288 100.288 100.288 100.288 100.288 100.288 100.288 100.288 100.288 100.288 100.288 100.288 100.288 100.288 100.288 100.288 100.288 100.288 100.288 100.288 100.288 100.288 100.288 100.288 100.288
676.814 348.266 156.653 122.394 122.394 118.393 113.125 112.449 110.35 110.339 106.99 106.99 105.249 105.249 105.249 105.249 102.986 102.986 102.986 102.986 102.986 102.986 102.575 102.575 101.721 101.721 101.721 101.721 101.382 101.382 100.942 100.942 100.942 100.924 100.721 100.523 100.386 100.386 100.243 100.193 100.041 100.021 100.005 100.002 100.001 100 100 100 100 100 100 100 100 100 100 100 100 100 100 100 100 100 100 100 100 100 100 100 100 100 100 100 100 100 100 100 100 100 100 100 100 100 100 100 100 100 100 100 100 100 100 100 100 100 100 100
653.231 483.516 174.19 125.211 123.634 119.008 113.291 112.235 111.238 110.699 109.862 106.89 106.89 106.147 106.147 105.583 105.583 105.199 105.199 105.182 104.23 103.606 103.606 103.606 103.321 102.118 102.118 101.511 101.511 101.302 101.302 101.302 101.302 101.302 101.302 100.898 100.826 100.718 100.629 100.439 100.43 100.323 100.119 100.045 100.018 100.004 100.001 100.001 100 100 100 100 100 100 100 100 100 100 100 100 100 100 100 100 100 100 100 100 100 100 100 100 100 100 100 100 100 100 100 100 100 100 100 100 100 100 100 100 100 100 100 100 100 100 100 100
645.238 341.041 178.852 125.2 120.717 115.151 113.511 112.167 110.653 109.202 108.435 108.109 107.49 107.49 105.524 105.524 105.524 105.524 105.524 103.411 102.912 102.912 102.912 102.912 102.912 102.663 102.663 102.307 102.176 101.8 101.8 101.766 101.401 101.222 101.136 100.561 100.561 100.561 100.561 100.496 100.442 100.442 100.315 100.151 100.052 100.012 100.006 100.002 100 100 100 100 100 100 100 100 100 100 100 100 100 100 100 100 100 100 100 100 100 100 100 100 100 100 100 100 100 100 100 100 100 100 100 100 100 100 100 100 100 100 100 100 100 100 100 100
393.534 319.196 224.091 133.117 127.257 119.482 112.507 112.507 111.176 110.576 109.19 106.653 106.653 106.653 106.653 104.373 104.373 104.373 104.373 104.373 104.373 104.373 103.371 103.371 102.719 102.719 102.719 101.242 101.242 101.02 100.984 100.984 100.984 100.984 100.633 100.633 100.54 100.462 100.167 100.112 100.048 100.029 100.01 100.003 100.001 100 100 100 100 100 100 100 100 100 100 100 100 100 100 100 100 100 100 100 100 100 100 100 100 100 100 100 100 100 100 100 100 100 100 100 100 100 100 100 100 100 100 100 100 100 100 100 100 100 100 100
549.829 295.66 213.49 129.153 120.845 117.754 113.287 111.473 111.064 109.896 109.896 106.96 106.319 106.319 103.92 103.92 103.92 103.92 103.92 103.92 103.92 103.92 103.434 103.057 103.057 103.057 102.386 101.998 101.998 101.737 101.737 101.54 101.157 101.157 101.097 100.999 100.853 100.661 100.522 100.522 100.522 100.365 100.319 100.178 100.074 100.044 100.025 100.005 100.003 100.001 100 100 100 100 100 100 100 100 100 100 100 100 100 100 100 100 100 100 100 100 100 100 100 100 100 100 100 100 100 100 100 100 100 100 100 100 100 100 100 100 100 100 100 100 100 100
683.987 286.823 220.019 133.53 122.253 118.862 113.935 112.36 111.11 109.471 109.398 108.78 107.539 107.539 107.539 107.494 107.095 106.074 106.056 106.044 105.733 105.044 104.268 102.75 102.75 102.75 102.75 101.755 101.755 101.755 101.719 101.444 101.378 101.378 101.378 101.378 101.378 101.348 100.886 100.765 100.494 100.395 100.179 100.179 100.084 100.057 100.027 100.011 100.005 100.001 100.001 100 100 100 100 100 100 100 100 100 100 100 100 100 100 100 100 100 100 100 100 100 100 100 100 100 100 100 100 100 100 100 100 100 100 100 100 100 100 100 100 100 100 100 100 100
564.263 287.709 183.08 135.727 115.081 115.081 113.135 111.267 110.736 110.277 108.64 108.64 107.591 106.834 106.29 106.29 103.792 103.792 103.792 103.792 103.792 103.792 103.615 103.615 103.124 102.862 102.613 101.853 101.536 101.536 100.96 100.772 100.724 100.452 100.353 100.126 100.126 100.126 100.12 100.057 100.02 100.006 100.003 100.001 100 100 100 100 100 100 100 100 100 100 100 100 100 100 100 100 100 100 100 100 100 100 100 100 100 100 100 100 100 100 100 100 100 100 100 100 100 100 100 100 100 100 100 100 100 100 100 100 100 100 100 100
543.355 295.048 181.008 138.979 124.919 116.916 115.391 110.93 110.93 109.575 109.096 107.235 107.235 107.235 107.235 106.92 106.194 106.03 104.864 104.864 104.409 102.347 102.347 101.305 101.305 101.305 101.305 101.305 100.703 100.703 100.697 100.355 100.355 100.274 100.264 100.084 100.084 100.046 100.015 100.013 100.004 100.002 100.001 100 100 100 100 100 100 100 100 100 100 100 100 100 100 100 100 100 100 100 100 100 100 100 100 100 100 100 100 100 100 100 100 100 100 100 100 100 100 100 100 100 100 100 100 100 100 100 100 100 100 100 100 100
530.162 344.401 224.486 137.859 127.388 116.848 114.461 112.41 111.069 110.461 109.498 108.75 108.534 108.233 106.299 106.042 106.042 105.824 105.824 105.824 103.772 103.616 102.798 102.798 102.798 102.798 102.798 102.62 102.62 102.325 101.45 101.45 101.434 101.242 101.242 101.189 100.752 100.752 100.752 100.421 100.421 100.282 100.232 100.109 100.04 100.01 100.003 100.002 100.001 100 100 100 100 100 100 100 100 100 100 100 100 100 100 100 100 100 100 100 100 100 100 100 100 100 100 100 100 100 100 100 100 100 100 100 100 100 100 100 100 100 100 100 100 100 100 100
438.889 312.97 205.3 128.817 116.929 116.076 113.2 111.723 110.614 110.453 106.147 106.147 106.147 106.147 106.147 106.147 105.656 105.656 105.656 103.47 103.47 103.47 103.47 103.47 103.47 103.267 103.095 102.308 102.308 102.308 102.308 102.201 101.789 101.789 101.789 101.522 101.522 101.381 101.237 101.139 101.134 101.134 101.042 101.042 100.532 100.532 100.532 100.456 100.231 100.231 100.145 100.145 100.073 100.029 100.001 100 100 100 100 100 100 100 100 100 100 100 100 100 100 100 100 100 100 100 100 100 100 100 100 100 100 100 100 100 100 100 100 100 100 100 100 100 100 100 100 100
443.668 344.489 208.447 131.092 124.368 119.827 114.706 112.056 111.562 109.462 107.289 104.868 104.868 104.868 104.868 104.868 103.675 103.675 102.866 102.866 102.866 102.866 102.866 102.866 102.595 102.386 102.386 101.744 101.744 101.744 101.744 101.744 101.744 101.744 101.744 101.483 101.397 101.234 101.234 101.234 101.234 101.073 100.99 100.99 100.687 100.683 100.369 100.314 100.226 100.081 100.032 100.009 100.004 100.001 100 100 100 100 100 100 100 100 100 100 100 100 100 100 100 100 100 100 100 100 100 100 100 100 100 100 100 100 100 100 100 100 100 100 100 100 100 100 100 100 100 100
459.118 349.784 180.131 127.815 116.414 114.904 113.078 112.53 110.872 108.25 108.25 108.074 107.165 107.165 107.165 106.211 104.858 104.858 104.858 104.858 104.858 103.98 103.98 103.664 102.621 102.621 102.621 101.161 101.161 101.01 100.897 100.897 100.897 100.897 100.897 100.829 100.647 100.647 100.459 100.459 100.329 100.178 100.056 100.019 100.009 100.003 100.001 100 100 100 100 100 100 100 100 100 100 100 100 100 100 100 100 100 100 100 100 100 100 100 100 100 100 100 100 100 100 100 100 100 100 100 100 100 100 100 100 100 100 100 100 100 100 100 100 100
641.081 235.97 168.285 130.495 126.428 122.669 112.775 112.534 110.579 110.579 109.566 108.698 107.271 107.171 106.491 106.491 106.491 106.491 106.014 104.97 104.97 104.97 103.841 103.696 102.542 100.998 100.998 100.998 100.998 100.998 100.764 100.567 100.567 100.342 100.342 100.198 100.179 100.14 100.062 100.06 100.013 100.007 100.001 100.001 100 100 100 100 100 100 100 100 100 100 100 100 100 100 100 100 100 100 100 100 100 100 100 100 100 100 100 100 100 100 100 100 100 100 100 100 100 100 100 100 100 100 100 100 100 100 100 100 100 100 100 100
418.666 266.017 245.763 137.293 123.061 119.87 115.324 112.146 110.591 106.081 106.081 106.081 106.081 106.081 106.081 106.081 105.774 105.774 105.017 105.017 102.218 102.218 102.218 102.218 102.218 102.218 102.218 102.218 102.218 102.218 101.348 101.279 100.666 100.666 100.666 100.666 100.666 100.646 100.646 100.646 100.398 100.398 100.398 100.398 100.227 100.227 100.147 100.087 100.04 100.011 100.005 100.002 100 100 100 100 100 100 100 100 100 100 100 100 100 100 100 100 100 100 100 100 100 100 100 100 100 100 100 100 100 100 100 100 100 100 100 100 100 100 100 100 100 100 100 100
719.53 271.87 221.98 142.675 122.946 117.931 114.732 111.715 110.682 110.637 107.449 107.449 107.15 106.851 106.561 106.561 104.906 104.906 104.906 104.906 104.757 104.757 103.804 103.804 103.804 102.373 102.15 102.038 102.038 102.038 101.663 101.663 101.592 101.244 101.244 101.244 101.244 101.244 101.197 100.874 100.874 100.819 100.742 100.577 100.387 100.234 100.189 100.153 100.041 100.026 100.01 100.003 100.001 100 100 100 100 100 100 100 100 100 100 100 100 100 100 100 100 100 100 100 100 100 100 100 100 100 100 100 100 100 100 100 100 100 100 100 100 100 100 100 100 100 100 100
620.88 292.131 224.468 142.95 128.522 119.052 113.806 112.762 111.115 110.812 108.624 108.624 108.624 107.603 106.416 106.416 104.98 104.98 104.98 103.013 103.013 103.013 103.013 103.013 103.013 103.013 103.013 101.889 101.889 101.889 101.453 101.322 101.269 101.232 100.941 100.937 100.937 100.761 100.522 100.513 100.483 100.367 100.367 100.208 100.173 100.125 100.033 100.018 100.004 100.002 100.001 100 100 100 100 100 100 100 100 100 100 100 100 100 100 100 100 100 100 100 100 100 100 100 100 100 100 100 100 100 100 100 100 100 100 100 100 100 100 100 100 100 100 100 100 100
558.961 382.631 232.645 134.464 124.695 115.679 115.679 112.521 111.191 110.387 108.792 108.572 108.572 106.176 106.176 106.176 105.387 105.387 105.387 104.381 104.381 104.381 104.381 101.78 101.78 101.78 101.78 101.78 101.78 101.78 101.78 101.506 101.506 101.246 101.071 101.071 100.773 100.452 100.452 100.452 100.422 100.365 100.212 100.112 100.101 100.031 100.011 100.003 100.001 100 100 100 100 100 100 100 100 100 100 100 100 100 100 100 100 100 100 100 100 100 100 100 100 100 100 100 100 100 100 100 100 100 100 100 100 100 100 100 100 100 100 100 100 100 100 100
620.82 328.744 211.711 132.081 121.274 114.515 114.515 111.866 110.939 110.559 108.063 107.839 107.839 107.838 107.838 107.337 107.183 105.415 103.997 103.716 103.716 103.716 103.716 102.175 102.082 102.082 102.082 102.082 101.217 100.985 100.985 100.985 100.985 100.985 100.888 100.756 100.516 100.516 100.516 100.355 100.354 100.223 100.054 100.019 100.008 100.002 100.001 100 100 100 100 100 100 100 100 100 100 100 100 100 100 100 100 100 100 100 100 100 100 100 100 100 100 100 100 100 100 100 100 100 100 100 100 100 100 100 100 100 100 100 100 100 100 100 100 100
525.198 268.841 150.603 131.802 125.153 115.882 113.548 111.621 110.646 110.247 109.557 107.224 107.224 107.224 104.405 104.405 104.405 104.405 104.405 104.405 103.211 103.211 103.211 103.211 103.211 102.967 101.484 101.484 101.484 101.484 101.006 100.759 100.71 100.597 100.308 100.308 100.308 100.308 100.253 100.164 100.092 100.025 100.004 100.002 100.001 100 100 100 100 100 100 100 100 100 100 100 100 100 100 100 100 100 100 100 100 100 100 100 100 100 100 100 100 100 100 100 100 100 100 100 100 100 100 100 100 100 100 100 100 100 100 100 100 100 100 100
759.16 479.789 269.751 150.636 129.452 121.034 112.934 112.934 110.088 109.492 109.492 107.788 107.788 107.568 107.309 106.92 106.92 106.751 103.942 103.942 103.942 103.942 103.942 103.543 103.508 103.508 103.508 101.531 101.531 101.531 100.701 100.701 100.701 100.701 100.7 100.415 100.199 100.185 100.142 100.036 100.02 100.005 100.002 100.001 100 100 100 100 100 100 100 100 100 100 100 100 100 100 100 100 100 100 100 100 100 100 100 100 100 100 100 100 100 100 100 100 100 100 100 100 100 100 100 100 100 100 100 100 100 100 100 100 100 100 100 100
620.98 292.403 208.813 132.243 116.94 116.105 113.577 111.56 110.981 109.992 108.784 108.784 107.883 105.229 105.229 105.229 105.229 105.229 105.229 105.229 104.962 104.949 103.64 103.485 103.485 103.485 101.162 101.162 101.162 101.162 101.162 101.162 101.13 101.13 101.037 100.828 100.775 100.775 100.775 100.457 100.302 100.182 100.046 100.011 100.003 100.001 100 100 100 100 100 100 100 100 100 100 100 100 100 100 100 100 100 100 100 100 100 100 100 100 100 100 100 100 100 100 100 100 100 100 100 100 100 100 100 100 100 100 100 100 100 100 100 100 100 100
507.477 375.571 254.759 140.079 120.729 117.916 114.799 112.027 110.113 110.113 109.97 108.566 108.566 106.606 106.526 104.327 104.327 104.327 104.327 104.327 104.327 104.327 104.327 104.327 104.327 103.761 103.757 102.286 102.286 101.83 101.623 101.623 101.623 101.163 101.147 101.147 101.147 101.147 101.097 100.927 100.594 100.48 100.48 100.48 100.317 100.248 100.157 100.043 100.039 100.008 100.002 100.001 100 100 100 100 100 100 100 100 100 100 100 100 100 100 100 100 100 100 100 100 100 100 100 100 100 100 100 100 100 100 100 100 100 100 100 100 100 100 100 100 100 100 100 100
639.142 241.006 178.912 133.337 120.358 115.06 112.858 111.043 108.135 108.135 108.135 108.135 106.352 106.352 106.064 105.644 105.322 105.322 105.322 105.322 105.322 104.214 103.982 103.982 103.713 103.129 103.129 101.533 101.533 101.533 100.925 100.925 100.925 100.925 100.925 100.925 100.925 100.679 100.679 100.679 100.386 100.386 100.386 100.329 100.124 100.052 100.01 100.003 100.001 100 100 100 100 100 100 100 100 100 100 100 100 100 100 100 100 100 100 100 100 100 100 100 100 100 100 100 100 100 100 100 100 100 100 100 100 100 100 100 100 100 100 100 100 100 100 100
417.78 383.804 194.917 139.029 122.66 114.71 114.71 112.376 110.567 108.737 108.737 107.076 106.681 106.681 106.681 105.684 105.684 105.684 105.031 103.134 103.134 103.134 102.733 102.477 102.38 102.262 102.161 101.796 101.796 101.544 101.544 101.522 100.822 100.822 100.758 100.758 100.407 100.323 100.323 100.323 100.323 100.323 100.123 100.119 100.054 100.019 100.008 100.002 100.001 100 100 100 100 100 100 100 100 100 100 100 100 100 100 100 100 100 100 100 100 100 100 100 100 100 100 100 100 100 100 100 100 100 100 100 100 100 100 100 100 100 100 100 100 100 100 100
386.083 245.727 178.705 137.732 122.292 121.095 113.908 112.164 111.101 109.304 109.304 109.257 108.84 108.025 108.025 107.829 107.829 106.84 102.645 102.645 102.645 102.645 102.645 102.645 101.839 101.839 101.839 101.437 101.437 101.437 101.437 101.437 101.398 101.145 100.901 100.901 100.564 100.446 100.446 100.332 100.25 100.157 100.057 100.016 100.005 100.002 100 100 100 100 100 100 100 100 100 100 100 100 100 100 100 100 100 100 100 100 100 100 100 100 100 100 100 100 100 100 100 100 100 100 100 100 100 100 100 100 100 100 100 100 100 100 100 100 100 100
786.609 333.53 226.298 129.507 121.604 116.071 113.313 112.484 110.384 110.166 109.811 107.342 107.342 107.311 107.161 105.568 105.568 104.535 104.535 104.535 103.069 103.069 103.069 103.069 103.069 103.069 103.069 101.807 101.778 101.778 101.778 101.778 101.778 101.214 101.103 100.722 100.6 100.6 100.256 100.256 100.256 100.256 100.223 100.15 100.044 100.009 100.006 100.001 100 100 100 100 100 100 100 100 100 100 100 100 100 100 100 100 100 100 100 100 100 100 100 100 100 100 100 100 100 100 100 100 100 100 100 100 100 100 100 100 100 100 100 100 100 100 100 100
579.212 275.538 179.075 144.629 118.226 115.734 113.854 112.234 111.094 109.05 107.961 107.961 107.961 107.652 107.652 107.451 106.676 106.632 106.491 105.826 105.378 104.038 102.566 102.566 102.504 102.504 102.504 102.198 102.198 101.796 101.796 101.321 101.321 101.321 101.301 100.611 100.611 100.56 100.408 100.408 100.24 100.126 100.024 100.01 100.005 100.001 100 100 100 100 100 100 100 100 100 100 100 100 100 100 100 100 100 100 100 100 100 100 100 100 100 100 100 100 100 100 100 100 100 100 100 100 100 100 100 100 100 100 100 100 100 100 100 100 100 100
560.475 267.289 181.946 129.233 118.088 116.172 113.383 111.094 110.826 109.942 109.282 107.41 107.41 107.41 106.608 105.91 105.91 104.326 104.326 104.326 103.261 103.261 103.261 102.913 102.913 102.913 102.913 101.473 101.473 101.473 101.412 101.263 101.153 100.655 100.655 100.536 100.403 100.236 100.2 100.16 100.053 100.026 100.005 100.002 100.001 100 100 100 100 100 100 100 100 100 100 100 100 100 100 100 100 100 100 100 100 100 100 100 100 100 100 100 100 100 100 100 100 100 100 100 100 100 100 100 100 100 100 100 100 100 100 100 100 100 100 100
527.802 329.872 200.805 136.097 127.581 117.202 115.654 111.813 111.252 110.576 109.234 107.772 107.772 105.986 105.986 105.986 105.986 104.741 103.685 103.685 103.685 103.685 103.685 103.153 103.153 103.153 103.153 103.053 102.363 102.359 101.389 101.389 101.151 101.151 101.151 101.151 100.465 100.465 100.465 100.465 100.448 100.18 100.115 100.078 100.029 100.015 100.004 100.001 100 100 100 100 100 100 100 100 100 100 100 100 100 100 100 100 100 100 100 100 100 100 100 100 100 100 100 100 100 100 100 100 100 100 100 100 100 100 100 100 100 100 100 100 100 100 100 100
545.197 243.103 157.439 131.208 121.772 115.931 113.932 112.061 110.888 110.293 110.064 107.155 107.007 107.007 107.007 103.986 103.986 103.986 103.986 103.049 103.049 103.049 103.049 103.049 103.049 103.049 103.049 102.276 101.553 101.436 101.436 101.436 101.436 101.323 101.131 100.776 100.709 100.709 100.614 100.613 100.435 100.349 100.075 100.037 100.011 100.004 100.002 100 100 100 100 100 100 100 100 100 100 100 100 100 100 100 100 100 100 100 100 100 100 100 100 100 100 100 100 100 100 100 100 100 100 100 100 100 100 100 100 100 100 100 100 100 100 100 100 100
496.902 245.39 231.11 136.356 117.754 115.745 113.904 111.791 110.151 109.98 108.205 108.205 108.154 106.809 105.856 105.856 105.856 105.243 105.243 105.105 105.105 103.474 103.474 102.336 102.225 102.225 101.857 101.829 101.829 101.829 101.829 101.829 101.808 101.581 101.511 101.284 101.275 100.965 100.765 100.41 100.41 100.41 100.41 100.39 100.338 100.114 100.018 100.007 100.002 100.001 100 100 100 100 100 100 100 100 100 100 100 100 100 100 100 100 100 100 100 100 100 100 100 100 100 100 100 100 100 100 100 100 100 100 100 100 100 100 100 100 100 100 100 100 100 100
444.993 236.1 148.151 130.262 122.005 116.356 114.672 112.238 111.29 109.441 108.289 108.289 104.989 104.989 104.989 104.989 104.989 104.989 104.989 104.989 104.989 104.511 104.274 103.644 103.042 101.816 101.816 100.718 100.718 100.718 100.718 100.718 100.642 100.151 100.151 100.151 100.151 100.151 100.127 100.09 100.042 100.015 100.005 100.001 100 100 100 100 100 100 100 100 100 100 100 100 100 100 100 100 100 100 100 100 100 100 100 100 100 100 100 100 100 100 100 100 100 100 100 100 100 100 100 100 100 100 100 100 100 100 100 100 100 100 100 100
548.771 331.509 160.197 145.969 122.761 120.072 115.408 112.411 112.311 110.816 109.698 108.793 108.793 107.932 104.957 104.957 104.679 104.679 104.679 104.679 104.679 104.679 104.679 104.553 104.553 101.184 101.184 101.184 101.184 101.184 101.184 101.184 101.184 101.135 101.135 101.135 101.135 100.453 100.399 100.399 100.26 100.26 100.26 100.161 100.107 100.038 100.013 100.004 100.002 100 100 100 100 100 100 100 100 100 100 100 100 100 100 100 100 100 100 100 100 100 100 100 100 100 100 100 100 100 100 100 100 100 100 100 100 100 100 100 100 100 100 100 100 100 100 100
449.191 388.372 223.213 142.777 124.399 117.444 114.305 112.772 111.348 110.401 109.857 108.059 107.863 106.129 105.988 105.988 105.849 105.849 105.12 105.12 104.831 104.249 102.223 102.223 102.223 102.223 102.024 101.008 101.008 101.008 101.008 100.749 100.749 100.369 100.369 100.369 100.369 100.267 100.146 100.075 100.021 100.007 100.005 100.002 100 100 100 100 100 100 100 100 100 100 100 100 100 100 100 100 100 100 100 100 100 100 100 100 100 100 100 100 100 100 100 100 100 100 100 100 100 100 100 100 100 100 100 100 100 100 100 100 100 100 100 100
