107955 79950.7 53204.8 23752.8 20957.6 14278 10388 6705.51 4628.06 3261.33 1724.92 1445.99 936.033 683.352 433.96 316.116 195.371 123.542 76.5255 38.4005 26.8841 16.0924 7.339 4.48836 3.3963 2.3339 1.28882 0.717556 0.349771 0.171401 0.0688686 0.0277375 0.0117239 0.00506272 0.00197444 0.000930046 0.000343744 0.000137201 4.77634e-05 1.25693e-05 4.21037e-06 1.28554e-06 4.2586e-07 1.15157e-07 3.55702e-08 0 0 0 0 0 0 0 0 0 0 0 0 0 0 0 0 0 0 0 0 0 0 0 0 0 0 0 0 0 0 0 0 0 0 0 0 0 0 0 0 0 0 0 0 0 0 0 0 0 0 0 0 0 0
98275.6 75152.8 56460.5 22675.8 13810.8 12748.6 7755.86 5854.52 3878.14 2463.27 1553.34 1079.83 722.184 497.079 295.001 207.433 137.396 73.6706 31.5324 25.4923 14.5289 7.19573 3.87658 2.88017 1.82607 0.996383 0.551783 0.253644 0.126442 0.0499648 0.0254742 0.0112938 0.00500412 0.00236034 0.00121586 0.000631013 0.000280601 0.000136046 6.10876e-05 1.84393e-05 5.03201e-06 1.323e-06 4.34666e-07 1.15002e-07 2.9362e-08 0 0 0 0 0 0 0 0 0 0 0 0 0 0 0 0 0 0 0 0 0 0 0 0 0 0 0 0 0 0 0 0 0 0 0 0 0 0 0 0 0 0 0 0 0 0 0 0 0 0 0 0 0 0
103651 68757 57079.6 22811.5 17021.4 11262.9 8663.96 5752.22 3897.12 2429.24 1475.49 835.016 740.034 466.898 282.12 196.951 126.674 82.2799 41.7096 25.1076 15.6839 8.90502 5.27335 3.59276 2.61451 1.81965 0.941156 0.556534 0.249658 0.103344 0.0466671 0.0194276 0.00758899 0.00346934 0.00164664 0.000681437 0.000380295 0.00019156 7.88026e-05 2.79894e-05 7.68173e-06 2.53969e-06 6.73659e-07 1.87524e-07 4.93312e-08 1.27079e-08 0 0 0 0 0 0 0 0 0 0 0 0 0 0 0 0 0 0 0 0 0 0 0 0 0 0 0 0 0 0 0 0 0 0 0 0 0 0 0 0 0 0 0 0 0 0 0 0 0 0 0 0 0
108665 77045.2 52737.8 26841.2 14517.9 11875.1 9563.07 6379.99 4727.96 2751.74 2190.52 1421.51 1066.83 733.319 401.025 290.242 186.848 124.283 66.7964 34.375 20.9286 11.9516 5.47787 3.33625 2.37292 1.42722 0.778674 0.350564 0.158496 0.0581358 0.031381 0.0134153 0.00494151 0.00234889 0.000994013 0.000445478 0.000178557 7.82753e-05 3.54927e-05 1.19081e-05 3.8239e-06 1.21371e-06 4.13339e-07 1.22088e-07 3.4135e-08 1.03862e-08 0 0 0 0 0 0 0 0 0 0 0 0 0 0 0 0 0 0 0 0 0 0 0 0 0 0 0 0 0 0 0 0 0 0 0 0 0 0 0 0 0 0 0 0 0 0 0 0 0 0 0 0 0
114671 62554.2 48505.3 26387.4 18345.4 14709.3 9928.4 6319.73 4227.34 2759.18 2003.56 1428.21 854.099 583.313 408.663 230.753 178.679 94.9232 57.7231 28.1646 17.8029 10.4505 4.75539 3.51872 2.52447 1.57239 0.990209 0.539975 0.297802 0.158485 0.0683661 0.0292848 0.0120075 0.00502941 0.0024135 0.00104994 0.000409152 0.0001594 6.64823e-05 1.85754e-05 5.79327e-06 1.9144e-06 6.0543e-07 1.84504e-07 6.66145e-08 1.74168e-08 0 0 0 0 0 0 0 0 0 0 0 0 0 0 0 0 0 0 0 0 0 0 0 0 0 0 0 0 0 0 0 0 0 0 0 0 0 0 0 0 0 0 0 0 0 0 0 0 0 0 0 0 0
100111 72176.9 45533.8 24895 15616.5 10229.6 8038.46 5112.86 3753.61 2081.35 1479.48 1036.89 702.217 460.797 253.012 164.829 119.691 68.9413 33.2549 22.8103 12.3889 6.24978 3.71545 2.79304 1.8145 1.13754 0.616845 0.282949 0.118418 0.0532971 0.0210365 0.0109359 0.00429135 0.00194919 0.000689996 0.000269924 0.00011108 4.12241e-05 1.48926e-05 4.13989e-06 1.55191e-06 5.4192e-07 1.54576e-07 4.73485e-08 1.46816e-08 0 0 0 0 0 0 0 0 0 0 0 0 0 0 0 0 0 0 0 0 0 0 0 0 0 0 0 0 0 0 0 0 0 0 0 0 0 0 0 0 0 0 0 0 0 0 0 0 0 0 0 0 0 0
118994 74120.5 52712.9 26851.4 17972.5 13177.7 9040.96 6841.59 4821.43 2667.22 2224.2 1296.76 956.14 564.018 417.856 267.056 192.003 131.359 71.8941 45.879 32.5109 20.1928 11.5477 6.02154 3.71777 2.5847 1.9 1.08761 0.505073 0.276126 0.115319 0.0417507 0.0207561 0.00699798 0.00343017 0.00140267 0.000542087 0.000239814 9.16725e-05 2.68755e-05 8.11178e-06 2.10952e-06 5.0186e-07 1.46133e-07 3.76584e-08 1.32069e-08 0 0 0 0 0 0 0 0 0 0 0 0 0 0 0 0 0 0 0 0 0 0 0 0 0 0 0 0 0 0 0 0 0 0 0 0 0 0 0 0 0 0 0 0 0 0 0 0 0 0 0 0 0
105868 74009.1 51825.7 26583.8 16441.2 11958.6 9487.27 6393.39 4271.61 2712.36 1963.42 1329.69 933.636 467.822 323.543 248.366 153.543 93.6576 51.0301 29.0135 15.382 10.2336 5.25527 3.58881 2.44384 1.62291 0.955334 0.479878 0.249344 0.10781 0.0506454 0.0221902 0.00949658 0.00379493 0.0016464 0.000672006 0.000250963 0.000110507 4.63785e-05 1.6445e-05 6.2533e-06 2.1501e-06 6.01759e-07 1.59113e-07 4.16586e-08 1.34454e-08 0 0 0 0 0 0 0 0 0 0 0 0 0 0 0 0 0 0 0 0 0 0 0 0 0 0 0 0 0 0 0 0 0 0 0 0 0 0 0 0 0 0 0 0 0 0 0 0 0 0 0 0 0
115249 76931.7 53006.5 26925.2 18674.6 11652.8 10128.6 6879.93 4722.38 2660.28 2045.15 1327.75 958.693 609.245 348.644 245.542 168.464 106.137 58.7729 30.6791 19.1141 9.09383 4.54589 3.05732 2.39406 1.42658 0.747718 0.285812 0.156231 0.0669091 0.0253887 0.0129088 0.0043827 0.00208679 0.000918719 0.000430316 0.000174145 7.11313e-05 3.67195e-05 1.46931e-05 4.37977e-06 1.2404e-06 3.29165e-07 9.51507e-08 2.66122e-08 0 0 0 0 0 0 0 0 0 0 0 0 0 0 0 0 0 0 0 0 0 0 0 0 0 0 0 0 0 0 0 0 0 0 0 0 0 0 0 0 0 0 0 0 0 0 0 0 0 0 0 0 0 0
107357 76129.6 47451.8 18045.9 14640.1 12684.1 8155.68 6306.95 4242.28 2509.77 1708.51 1083.42 734.668 540.951 307.691 226.012 149.269 88.6584 57.8984 33.5984 19.4331 11.1502 6.67063 4.46501 3.47949 2.46643 1.68027 1.21632 0.858765 0.690174 0.608111 0.543449 0.486047 0.470685 0.460766 0.456738 0.455442 0.454815 0.454533 0.454396 0.454351 0.454336 0.454328 0.454325 0.454324 0.454324 0.454324 0.454324 0.454324 0.454324 0.454324 0.454324 0.454324 0.454324 0.454324 0.454324 0.454324 0.454324 0.454324 0.454324 0.454324 0.454324 0.454324 0.454324 0.454324 0.454324 0.454324 0.454324 0.454324 0.454324 0.454324 0.454324 0.454324 0.454324 0.454324 0.454324 0.454324 0.454324 0.454324 0.454324 0.454324 0.454324 0.454324 0.454324 0.454324 0.454324 0.454324 0.454324 0.454324 0.454324 0.454324 0.454324 0.454324 0.454324 0.454324 0.454324 0.454324 0.454324 0.454324
101424 72750.5 50363.4 23756.4 16378.6 12370.6 8345.93 5301.42 3495.69 2132.29 1974.42 1124.13 787.409 457.355 307.889 211.955 126.171 75.3518 44.5064 25.0069 17.7321 8.87096 4.9793 3.73603 2.21222 1.58711 0.928595 0.490725 0.303629 0.185557 0.13022 0.108432 0.0980954 0.0930741 0.0913189 0.0904077 0.0898926 0.0896846 0.0895943 0.0895476 0.0895339 0.0895298 0.0895287 0.0895284 0.0895283 0.0895283 0.0895283 0.0895283 0.0895283 0.0895283 0.0895283 0.0895283 0.0895283 0.0895283 0.0895283 0.0895283 0.0895283 0.0895283 0.0895283 0.0895283 0.0895283 0.0895283 0.0895283 0.0895283 0.0895283 0.0895283 0.0895283 0.0895283 0.0895283 0.0895283 0.0895283 0.0895283 0.0895283 0.0895283 0.0895283 0.0895283 0.0895283 0.0895283 0.0895283 0.0895283 0.0895283 0.0895283 0.0895283 0.0895283 0.0895283 0.0895283 0.0895283 0.0895283 0.0895283 0.0895283 0.0895283 0.0895283 0.0895283 0.0895283 0.0895283 0.0895283 0.0895283 0.0895283 0.0895283
114996 69166.5 53159.6 25438.2 19104.2 11403.6 7657.17 5053.36 3960.65 2204.44 1756.55 1045.16 636.698 394.112 265.384 121.316 103.51 65.6304 40.0234 23.0466 12.3168 6.72584 4.05998 3.08156 2.1551 1.38845 0.763835 0.340968 0.1903 0.079632 0.0349992 0.0159537 0.0065857 0.00300338 0.0013175 0.000609482 0.000245341 0.000128883 6.29123e-05 2.03005e-05 7.09913e-06 1.83337e-06 6.0652e-07 1.65071e-07 3.35825e-08 1.11573e-08 0 0 0 0 0 0 0 0 0 0 0 0 0 0 0 0 0 0 0 0 0 0 0 0 0 0 0 0 0 0 0 0 0 0 0 0 0 0 0 0 0 0 0 0 0 0 0 0 0 0 0 0 0
119691 79469.6 52084.3 26995.5 16819.1 13632.9 8662.43 6449.54 4079.74 2281.81 2024.41 1263.55 823.854 489.32 331.852 185.798 106.999 75.3939 43.0687 24.5847 15.1729 7.70771 3.77352 3.11243 1.95509 1.26872 0.687239 0.382197 0.217933 0.126119 0.047501 0.0209342 0.00940744 0.00380878 0.00160319 0.00067073 0.000303645 0.000114179 4.60263e-05 1.37962e-05 4.39689e-06 1.4676e-06 4.32681e-07 1.07989e-07 3.3131e-08 0 0 0 0 0 0 0 0 0 0 0 0 0 0 0 0 0 0 0 0 0 0 0 0 0 0 0 0 0 0 0 0 0 0 0 0 0 0 0 0 0 0 0 0 0 0 0 0 0 0 0 0 0 0
113057 75333.7 53417.2 22675 17345.3 11885.3 8211.88 5095.99 3631.74 2089.55 1562.6 872.341 709.606 430.335 279.498 212.039 125.7 86.2277 44.6738 25.3392 13.924 8.87467 4.99352 3.31239 2.11402 1.39303 0.700336 0.309929 0.152907 0.0650728 0.0263604 0.0132519 0.00563769 0.00253702 0.00118625 0.000551329 0.000256516 9.54026e-05 4.30613e-05 1.36888e-05 4.10551e-06 1.13482e-06 3.88582e-07 8.67022e-08 2.62193e-08 0 0 0 0 0 0 0 0 0 0 0 0 0 0 0 0 0 0 0 0 0 0 0 0 0 0 0 0 0 0 0 0 0 0 0 0 0 0 0 0 0 0 0 0 0 0 0 0 0 0 0 0 0 0
113163 76106.7 48073.9 23837.1 15947.1 12426.5 7969.09 4728.17 3795.4 2428.81 1406.55 1122.14 801.217 482.606 338.258 213.902 146.475 87.0893 56.0107 32.9946 21.2082 12.0232 6.32021 3.85919 2.88366 1.85255 1.04404 0.589121 0.306351 0.118773 0.0580695 0.0227704 0.0105719 0.00425897 0.00171607 0.000665473 0.000284601 0.000122757 5.13065e-05 1.30194e-05 4.05368e-06 1.16963e-06 3.86112e-07 1.43263e-07 4.80645e-08 1.56664e-08 0 0 0 0 0 0 0 0 0 0 0 0 0 0 0 0 0 0 0 0 0 0 0 0 0 0 0 0 0 0 0 0 0 0 0 0 0 0 0 0 0 0 0 0 0 0 0 0 0 0 0 0 0
96911.6 76498.7 52284.8 24070.5 16128.1 10832.4 7079.05 5736.65 3211.6 2431.32 1699.67 1041 733.911 447.857 263.824 189.907 108.587 68.4495 39.9189 23.0806 14.1005 8.65751 5.1152 3.54108 2.62225 1.67805 1.09232 0.472716 0.249213 0.096713 0.0453644 0.0213561 0.0100557 0.00473475 0.00257867 0.00126774 0.000562691 0.000249975 9.65713e-05 2.75999e-05 9.62363e-06 2.87716e-06 8.48395e-07 2.30189e-07 5.80857e-08 1.76456e-08 0 0 0 0 0 0 0 0 0 0 0 0 0 0 0 0 0 0 0 0 0 0 0 0 0 0 0 0 0 0 0 0 0 0 0 0 0 0 0 0 0 0 0 0 0 0 0 0 0 0 0 0 0
88822.9 75212.5 56278.5 24777.7 18218.9 12843.3 8333.51 5995.25 3582.76 2128.34 1571.39 901.696 733.053 407.691 261.208 194.345 121.371 77.7161 44.3786 23.6449 14.2227 8.4985 5.24789 3.31393 2.35324 1.5374 0.858311 0.460957 0.185742 0.0792778 0.0372465 0.0146531 0.0064082 0.00295675 0.0013729 0.000579697 0.00025538 0.000109989 4.46629e-05 1.33055e-05 4.10124e-06 1.25226e-06 4.0323e-07 1.15989e-07 3.15326e-08 0 0 0 0 0 0 0 0 0 0 0 0 0 0 0 0 0 0 0 0 0 0 0 0 0 0 0 0 0 0 0 0 0 0 0 0 0 0 0 0 0 0 0 0 0 0 0 0 0 0 0 0 0 0
117120 66718.3 53549.5 24743.1 16501.5 12908.6 8656.39 5446.93 3549.18 1882.32 1450.68 1081.25 729.683 447.09 321.037 203.344 150.607 79.4084 48.8284 33.9555 22.3543 13.5159 6.98009 4.55626 3.10048 2.08861 1.38684 0.717722 0.360972 0.175223 0.0733736 0.0326032 0.014271 0.0061334 0.00290632 0.00132069 0.000565042 0.000272306 0.000112247 2.96693e-05 7.82905e-06 1.72221e-06 6.05089e-07 1.34906e-07 3.27946e-08 1.12376e-08 0 0 0 0 0 0 0 0 0 0 0 0 0 0 0 0 0 0 0 0 0 0 0 0 0 0 0 0 0 0 0 0 0 0 0 0 0 0 0 0 0 0 0 0 0 0 0 0 0 0 0 0 0
99757.9 75429.9 50159.9 27657.2 17498.4 13294.4 8674.75 5116.96 4241.05 2612.45 1585.55 1104.1 689.464 501.83 327.912 215.264 145.515 89.8389 50.7195 29.4107 18.984 11.1537 5.05125 3.4281 2.5994 1.19891 0.839201 0.432073 0.209321 0.0910845 0.0354358 0.0135059 0.00531489 0.00206491 0.000768991 0.000321408 0.000156427 8.22033e-05 4.07109e-05 1.59666e-05 5.34154e-06 1.52737e-06 3.76219e-07 1.15364e-07 2.67157e-08 0 0 0 0 0 0 0 0 0 0 0 0 0 0 0 0 0 0 0 0 0 0 0 0 0 0 0 0 0 0 0 0 0 0 0 0 0 0 0 0 0 0 0 0 0 0 0 0 0 0 0 0 0 0
98256.9 70482.2 46611 24671.6 17636.8 13191.5 7785.85 5216.71 3030.24 2408.96 1591.98 1059.84 681.231 407.657 290.286 174.627 125.257 77.7918 40.209 23.8036 14.3353 7.37797 4.46424 3.24145 2.15294 1.07378 0.629719 0.289914 0.122878 0.0547835 0.021011 0.0107572 0.00448375 0.00204825 0.000893121 0.000384538 0.000162958 6.90577e-05 3.07264e-05 8.78283e-06 3.28405e-06 1.19377e-06 3.49216e-07 1.006e-07 2.79373e-08 0 0 0 0 0 0 0 0 0 0 0 0 0 0 0 0 0 0 0 0 0 0 0 0 0 0 0 0 0 0 0 0 0 0 0 0 0 0 0 0 0 0 0 0 0 0 0 0 0 0 0 0 0 0
105772 65476.5 48908.7 26387.8 18106 12277.5 7943.82 5842.52 3862.05 2717.3 1698.46 1240.57 829.13 511.974 336.275 225.73 128.81 79.611 39.1435 21.0275 14.2351 8.00223 4.70657 3.17739 2.16756 1.42181 0.819393 0.423593 0.231535 0.149518 0.116751 0.101778 0.0953585 0.0919474 0.0905987 0.0899881 0.0896891 0.0896074 0.0895595 0.0895361 0.0895304 0.0895289 0.0895284 0.0895283 0.0895283 0.0895283 0.0895283 0.0895283 0.0895283 0.0895283 0.0895283 0.0895283 0.0895283 0.0895283 0.0895283 0.0895283 0.0895283 0.0895283 0.0895283 0.0895283 0.0895283 0.0895283 0.0895283 0.0895283 0.0895283 0.0895283 0.0895283 0.0895283 0.0895283 0.0895283 0.0895283 0.0895283 0.0895283 0.0895283 0.0895283 0.0895283 0.0895283 0.0895283 0.0895283 0.0895283 0.0895283 0.0895283 0.0895283 0.0895283 0.0895283 0.0895283 0.0895283 0.0895283 0.0895283 0.0895283 0.0895283 0.0895283 0.0895283 0.0895283 0.0895283 0.0895283 0.0895283 0.0895283 0.0895283
100928 74591.7 51224.3 20749.3 18102.2 12152.4 9050.22 6445.41 3745.96 2787.2 1737.99 1199.82 817.069 487.757 355.821 227.529 132.384 85.0474 46.0445 23.4767 15.046 8.45176 4.08778 3.05452 1.964 1.26753 0.573572 0.249711 0.116325 0.0574457 0.0260373 0.0107524 0.00482252 0.00222603 0.000874754 0.000339056 0.000160627 6.39831e-05 2.5228e-05 6.59691e-06 2.00726e-06 5.72178e-07 1.95653e-07 6.63349e-08 2.51464e-08 0 0 0 0 0 0 0 0 0 0 0 0 0 0 0 0 0 0 0 0 0 0 0 0 0 0 0 0 0 0 0 0 0 0 0 0 0 0 0 0 0 0 0 0 0 0 0 0 0 0 0 0 0 0
112242 68403.1 48867.8 22651.9 16623.5 11005.7 8599.53 5130.56 4376.49 2599.18 1817.71 1156.4 720.602 555.941 369.722 237.421 168.644 98.8879 59.8003 37.5183 19.0189 11.9347 6.39384 4.27306 3.22632 2.12978 1.2006 0.672698 0.38756 0.212814 0.144029 0.11109 0.099199 0.0935642 0.0912945 0.0901783 0.0897855 0.0896419 0.0895756 0.0895417 0.089532 0.0895293 0.0895286 0.0895284 0.0895283 0.0895283 0.0895283 0.0895283 0.0895283 0.0895283 0.0895283 0.0895283 0.0895283 0.0895283 0.0895283 0.0895283 0.0895283 0.0895283 0.0895283 0.0895283 0.0895283 0.0895283 0.0895283 0.0895283 0.0895283 0.0895283 0.0895283 0.0895283 0.0895283 0.0895283 0.0895283 0.0895283 0.0895283 0.0895283 0.0895283 0.0895283 0.0895283 0.0895283 0.0895283 0.0895283 0.0895283 0.0895283 0.0895283 0.0895283 0.0895283 0.0895283 0.0895283 0.0895283 0.0895283 0.0895283 0.0895283 0.0895283 0.0895283 0.0895283 0.0895283 0.0895283 0.0895283 0.0895283 0.0895283
102688 76779.1 43164.7 26151.5 19049.6 12847.9 8372.41 5864.55 4517.81 2564.33 1734.21 1301.25 749.593 549.204 347.525 228.604 167.105 85.5682 58.798 32.0447 17.7165 8.97024 4.7279 3.3667 2.24391 1.36765 0.795331 0.393283 0.199012 0.0873034 0.0393231 0.0174155 0.00673089 0.00347474 0.00136283 0.00050354 0.00019714 8.36185e-05 3.43943e-05 9.55969e-06 2.82197e-06 7.92852e-07 2.15494e-07 6.21877e-08 1.71138e-08 0 0 0 0 0 0 0 0 0 0 0 0 0 0 0 0 0 0 0 0 0 0 0 0 0 0 0 0 0 0 0 0 0 0 0 0 0 0 0 0 0 0 0 0 0 0 0 0 0 0 0 0 0 0
109118 70687.5 50180.8 26346.1 17250.9 11794.3 7405.97 5891.12 3990.42 2455.66 1545.42 1166.31 776.931 558.594 314.31 176.236 142.167 93.5568 54.0723 30.9628 22.3625 12.3012 7.25308 4.81763 3.68354 2.50826 1.68136 1.246 0.915459 0.669439 0.547317 0.498116 0.474676 0.462411 0.457863 0.455863 0.454956 0.45455 0.454448 0.454374 0.454344 0.454331 0.454326 0.454325 0.454324 0.454324 0.454324 0.454324 0.454324 0.454324 0.454324 0.454324 0.454324 0.454324 0.454324 0.454324 0.454324 0.454324 0.454324 0.454324 0.454324 0.454324 0.454324 0.454324 0.454324 0.454324 0.454324 0.454324 0.454324 0.454324 0.454324 0.454324 0.454324 0.454324 0.454324 0.454324 0.454324 0.454324 0.454324 0.454324 0.454324 0.454324 0.454324 0.454324 0.454324 0.454324 0.454324 0.454324 0.454324 0.454324 0.454324 0.454324 0.454324 0.454324 0.454324 0.454324 0.454324 0.454324 0.454324
109468 83311.4 46629.6 27492.7 21740.4 13885.7 10739.2 6993.29 4929.09 3002.26 2357.3 1538.13 1000.17 616.824 435.086 232.759 181.695 98.577 70.5316 33.9979 22.3191 10.9932 6.60989 4.0192 2.86135 1.78492 1.00683 0.564302 0.281883 0.165595 0.0618125 0.0299108 0.0119285 0.00518434 0.00178771 0.00068991 0.000272823 0.000127358 4.99547e-05 1.27186e-05 3.17189e-06 1.0093e-06 2.95063e-07 9.8036e-08 3.4905e-08 1.11213e-08 0 0 0 0 0 0 0 0 0 0 0 0 0 0 0 0 0 0 0 0 0 0 0 0 0 0 0 0 0 0 0 0 0 0 0 0 0 0 0 0 0 0 0 0 0 0 0 0 0 0 0 0 0
87742.1 73555.6 56617.8 26476.4 17703.5 14452.6 7931.88 6619.92 4560.52 3310.94 1893.17 1398.73 880.881 556.322 371.727 260.804 165.675 99.1527 55.208 30.9069 16.4362 10.1734 4.99276 3.51207 2.52167 1.55521 0.91181 0.437624 0.178569 0.0780108 0.0337027 0.0147706 0.00606808 0.00221608 0.00107595 0.000403883 0.000170109 7.11972e-05 2.50205e-05 7.72855e-06 1.9577e-06 5.8177e-07 1.56027e-07 3.60841e-08 0 0 0 0 0 0 0 0 0 0 0 0 0 0 0 0 0 0 0 0 0 0 0 0 0 0 0 0 0 0 0 0 0 0 0 0 0 0 0 0 0 0 0 0 0 0 0 0 0 0 0 0 0 0 0
108318 78893.7 53795.2 25661 19668.5 12300 9215.54 6283.36 4531.15 2606.31 1663.64 1151.02 746.422 462.951 354.556 197.082 145.594 75.8002 49.1902 32.1218 16.8748 10.8864 5.89189 3.75409 2.49447 1.64143 0.94435 0.556064 0.313437 0.170324 0.0740169 0.032104 0.0143082 0.00586154 0.00269044 0.00111155 0.000424951 0.000157541 5.70332e-05 1.85037e-05 6.67177e-06 2.20793e-06 7.91202e-07 2.51887e-07 6.32901e-08 1.48718e-08 0 0 0 0 0 0 0 0 0 0 0 0 0 0 0 0 0 0 0 0 0 0 0 0 0 0 0 0 0 0 0 0 0 0 0 0 0 0 0 0 0 0 0 0 0 0 0 0 0 0 0 0 0
99773.8 76115.9 36752 28420.2 20272.2 13850.2 7874 5661.41 3973.12 2736.56 1771.57 1103.84 793.673 524.616 299.706 214.6 109.371 74.8209 39.557 24.12 12.3397 6.50107 3.75776 2.53903 1.76411 1.1017 0.570898 0.231974 0.112225 0.0524449 0.0179341 0.00954897 0.00329276 0.00159973 0.000677559 0.000252877 0.000116249 4.24721e-05 1.59012e-05 5.33887e-06 1.29218e-06 3.34016e-07 9.24468e-08 3.05195e-08 0 0 0 0 0 0 0 0 0 0 0 0 0 0 0 0 0 0 0 0 0 0 0 0 0 0 0 0 0 0 0 0 0 0 0 0 0 0 0 0 0 0 0 0 0 0 0 0 0 0 0 0 0 0 0
117441 77153.6 49688.3 23891.5 18194.8 11893.7 9016.46 5537.53 3948.2 2514.3 1855.68 1323.12 877.475 645.058 346.701 247.798 140.817 84.9802 49.9998 26.3767 15.9735 8.3551 4.2901 2.96083 1.94692 1.19867 0.754785 0.435843 0.24322 0.1652 0.119881 0.101283 0.0946736 0.0916634 0.0904261 0.0898692 0.0897016 0.0896095 0.0895647 0.0895423 0.0895329 0.0895298 0.0895287 0.0895284 0.0895283 0.0895283 0.0895283 0.0895283 0.0895283 0.0895283 0.0895283 0.0895283 0.0895283 0.0895283 0.0895283 0.0895283 0.0895283 0.0895283 0.0895283 0.0895283 0.0895283 0.0895283 0.0895283 0.0895283 0.0895283 0.0895283 0.0895283 0.0895283 0.0895283 0.0895283 0.0895283 0.0895283 0.0895283 0.0895283 0.0895283 0.0895283 0.0895283 0.0895283 0.0895283 0.0895283 0.0895283 0.0895283 0.0895283 0.0895283 0.0895283 0.0895283 0.0895283 0.0895283 0.0895283 0.0895283 0.0895283 0.0895283 0.0895283 0.0895283 0.0895283 0.0895283 0.0895283 0.0895283 0.0895283
105901 76248.9 48741.3 23306.4 15744.7 11269.1 7273.69 4991.32 2387.3 2387.3 1543.47 654.178 596.522 353.681 231.567 153.104 75.9045 42.9259 28.1577 17.2726 8.48361 4.58427 3.4201 2.49026 1.4577 0.91514 0.48949 0.229806 0.105208 0.0423173 0.0190451 0.00689703 0.00335641 0.00145965 0.000617843 0.000264141 0.000113466 4.52869e-05 1.8125e-05 5.4395e-06 1.72466e-06 5.84567e-07 2.06043e-07 7.00539e-08 2.6972e-08 0 0 0 0 0 0 0 0 0 0 0 0 0 0 0 0 0 0 0 0 0 0 0 0 0 0 0 0 0 0 0 0 0 0 0 0 0 0 0 0 0 0 0 0 0 0 0 0 0 0 0 0 0 0
111862 73094.3 49737.9 24133.3 18306.4 12251.7 8265.95 5789.84 3269.99 2270.09 1528.59 1032.85 757.109 490.31 286.539 203.072 118.072 64.9718 39.0245 23.2474 13.5271 6.03752 3.61444 2.31313 1.49851 0.908847 0.483507 0.183374 0.0868883 0.0401331 0.0176898 0.00695274 0.00292564 0.00140912 0.000543546 0.000267579 0.000115541 5.757e-05 2.67028e-05 8.35699e-06 2.52434e-06 7.6196e-07 1.93124e-07 4.67768e-08 1.27935e-08 0 0 0 0 0 0 0 0 0 0 0 0 0 0 0 0 0 0 0 0 0 0 0 0 0 0 0 0 0 0 0 0 0 0 0 0 0 0 0 0 0 0 0 0 0 0 0 0 0 0 0 0 0 0
106310 66079 50614.1 24176.2 12924.7 12924.7 9372.6 6008.4 4787.95 2990.01 1985.08 1500.11 967.324 569.501 470.027 240.689 163.39 86.7277 56.7046 27.8133 18.7873 10.2215 4.33277 3.24211 2.28665 1.46756 0.849112 0.42232 0.27739 0.173214 0.129354 0.107276 0.0975497 0.0929306 0.0910924 0.0901432 0.0897611 0.0896249 0.0895679 0.0895385 0.0895307 0.089529 0.0895285 0.0895283 0.0895283 0.0895283 0.0895283 0.0895283 0.0895283 0.0895283 0.0895283 0.0895283 0.0895283 0.0895283 0.0895283 0.0895283 0.0895283 0.0895283 0.0895283 0.0895283 0.0895283 0.0895283 0.0895283 0.0895283 0.0895283 0.0895283 0.0895283 0.0895283 0.0895283 0.0895283 0.0895283 0.0895283 0.0895283 0.0895283 0.0895283 0.0895283 0.0895283 0.0895283 0.0895283 0.0895283 0.0895283 0.0895283 0.0895283 0.0895283 0.0895283 0.0895283 0.0895283 0.0895283 0.0895283 0.0895283 0.0895283 0.0895283 0.0895283 0.0895283 0.0895283 0.0895283 0.0895283 0.0895283 0.0895283
121146 75973.8 49484.1 23255.2 17175.6 10588.4 7728.73 5873.25 3230.5 2539.25 1713.85 1198.5 704.2 455.067 288.498 180.877 120.224 72.225 40.3219 24.1502 15.5788 8.03384 4.30569 3.01768 2.24648 1.36261 0.679399 0.291678 0.141228 0.0700995 0.0271092 0.0132618 0.00542056 0.00268465 0.00108911 0.000445948 0.000228082 0.000113425 5.8245e-05 2.48182e-05 8.31938e-06 2.49158e-06 6.58605e-07 1.69907e-07 4.53789e-08 0 0 0 0 0 0 0 0 0 0 0 0 0 0 0 0 0 0 0 0 0 0 0 0 0 0 0 0 0 0 0 0 0 0 0 0 0 0 0 0 0 0 0 0 0 0 0 0 0 0 0 0 0 0
111050 82054.9 47870.2 27301.6 17788.2 13088.3 10119.3 7121.92 4876.62 2763.66 2014.87 1318.65 852.816 555.484 386.776 222.897 170.721 103.278 66.7284 30.0687 17.2747 9.35017 5.03095 3.43499 2.5283 1.42714 0.788605 0.422804 0.277173 0.161344 0.123462 0.104909 0.0952031 0.0927326 0.0910163 0.0901166 0.0897902 0.0896386 0.0895778 0.089545 0.0895345 0.0895303 0.0895288 0.0895284 0.0895283 0.0895283 0.0895283 0.0895283 0.0895283 0.0895283 0.0895283 0.0895283 0.0895283 0.0895283 0.0895283 0.0895283 0.0895283 0.0895283 0.0895283 0.0895283 0.0895283 0.0895283 0.0895283 0.0895283 0.0895283 0.0895283 0.0895283 0.0895283 0.0895283 0.0895283 0.0895283 0.0895283 0.0895283 0.0895283 0.0895283 0.0895283 0.0895283 0.0895283 0.0895283 0.0895283 0.0895283 0.0895283 0.0895283 0.0895283 0.0895283 0.0895283 0.0895283 0.0895283 0.0895283 0.0895283 0.0895283 0.0895283 0.0895283 0.0895283 0.0895283 0.0895283 0.0895283 0.0895283 0.0895283
115662 73292.2 46432.8 26432.4 18271.6 12800.9 7780.53 5325.89 3880.1 2577.23 1745.47 762.434 762.434 561.165 307.333 211.133 146.024 93.9885 52.9891 26.4323 16.5104 7.04755 4.97982 3.2029 2.33897 1.38854 0.835792 0.360638 0.172135 0.0789201 0.0335008 0.011648 0.00494337 0.00157436 0.000823254 0.000337416 0.000126372 4.59411e-05 1.75383e-05 4.71804e-06 1.4051e-06 4.12179e-07 1.56684e-07 5.59742e-08 1.92859e-08 0 0 0 0 0 0 0 0 0 0 0 0 0 0 0 0 0 0 0 0 0 0 0 0 0 0 0 0 0 0 0 0 0 0 0 0 0 0 0 0 0 0 0 0 0 0 0 0 0 0 0 0 0 0
95290.3 77090 55859.3 26111.1 16949.2 12643.9 8821.08 6245.65 3390.73 2290.66 2008.08 1197.8 885.906 466.508 359.109 224.72 127.058 79.3474 42.0926 27.9879 16.7276 8.8603 4.8059 3.16349 2.40269 1.44983 0.713335 0.368963 0.182146 0.074922 0.0386566 0.0172485 0.00704216 0.00326124 0.00113666 0.000498822 0.000171102 6.82471e-05 3.33275e-05 8.60495e-06 1.85428e-06 6.36157e-07 1.77619e-07 5.59083e-08 1.9275e-08 0 0 0 0 0 0 0 0 0 0 0 0 0 0 0 0 0 0 0 0 0 0 0 0 0 0 0 0 0 0 0 0 0 0 0 0 0 0 0 0 0 0 0 0 0 0 0 0 0 0 0 0 0 0
103416 71744 50897 22385.6 16472.2 14353.8 10117.9 6973.11 4734.03 2898.65 1988.98 1380.3 911.057 513.206 335.025 177.595 140.92 85.6405 44.5872 27.852 14.641 7.37882 4.28341 2.92255 1.99677 1.24097 0.652925 0.339968 0.151223 0.0746926 0.031723 0.0135383 0.00541545 0.00264455 0.00102023 0.000422251 0.000202183 9.08846e-05 4.56779e-05 1.45373e-05 4.33504e-06 1.71053e-06 4.7533e-07 1.44876e-07 4.25176e-08 1.20235e-08 0 0 0 0 0 0 0 0 0 0 0 0 0 0 0 0 0 0 0 0 0 0 0 0 0 0 0 0 0 0 0 0 0 0 0 0 0 0 0 0 0 0 0 0 0 0 0 0 0 0 0 0 0
107506 65856.2 51445.3 21716.8 16015.9 11614.9 7926.58 5071.58 3616.91 2296.44 1727.21 878.612 765.882 450.823 294.797 192.26 111.053 66.43 46.9521 25.9416 19.2045 8.9882 5.56322 3.81039 2.73002 1.74141 0.881224 0.445208 0.172174 0.0819591 0.0387269 0.0159819 0.00700823 0.00282059 0.00129136 0.000569314 0.000224657 0.000106821 4.83721e-05 1.72099e-05 5.15381e-06 1.57555e-06 4.28876e-07 1.19869e-07 2.92666e-08 0 0 0 0 0 0 0 0 0 0 0 0 0 0 0 0 0 0 0 0 0 0 0 0 0 0 0 0 0 0 0 0 0 0 0 0 0 0 0 0 0 0 0 0 0 0 0 0 0 0 0 0 0 0
102917 66470 44538.8 25467.2 16513.4 9425.86 8144.05 5905.81 3790.99 2585.1 1734.86 1304.25 805.739 546.602 344.652 215.741 137.673 90.1826 48.338 31.4818 20.7713 12.6276 5.61953 3.74788 2.73927 1.64372 0.985693 0.512592 0.289263 0.174538 0.128197 0.0709043 0.0265214 0.0113997 0.00566681 0.00249647 0.00105873 0.000390172 0.000177866 6.25966e-05 2.03774e-05 5.68972e-06 1.60443e-06 5.14911e-07 1.48014e-07 4.37e-08 1.61533e-08 0 0 0 0 0 0 0 0 0 0 0 0 0 0 0 0 0 0 0 0 0 0 0 0 0 0 0 0 0 0 0 0 0 0 0 0 0 0 0 0 0 0 0 0 0 0 0 0 0 0 0 0
107318 72460.4 51901.8 24106.6 16327.5 8772.19 8181.29 4376.17 3463.22 2609.2 1780.77 1137.92 909.182 516.995 377.819 249.466 154.948 91.5998 48.473 28.3242 16.7959 9.79229 5.53762 3.92864 3.0043 2.03874 1.56713 1.12028 0.863361 0.751404 0.688463 0.658957 0.6062 0.570849 0.555932 0.548642 0.545757 0.544489 0.544173 0.543952 0.543887 0.543863 0.543857 0.543854 0.543853 0.543852 0.543852 0.543852 0.543852 0.543852 0.543852 0.543852 0.543852 0.543852 0.543852 0.543852 0.543852 0.543852 0.543852 0.543852 0.543852 0.543852 0.543852 0.543852 0.543852 0.543852 0.543852 0.543852 0.543852 0.543852 0.543852 0.543852 0.543852 0.543852 0.543852 0.543852 0.543852 0.543852 0.543852 0.543852 0.543852 0.543852 0.543852 0.543852 0.543852 0.543852 0.543852 0.543852 0.543852 0.543852 0.543852 0.543852 0.543852 0.543852 0.543852 0.543852 0.543852 0.543852 0.543852
95089.4 74272.6 47474.5 21141.2 16448 12110.3 9385.31 5482.16 3948.31 2376.91 1600.95 1123.13 833.831 463.927 317.789 205.944 126.194 74.8671 35.6041 19.3074 11.1623 6.19505 3.28384 2.61736 1.59832 0.906787 0.438862 0.2244 0.0975451 0.0424406 0.0186241 0.00825223 0.00366524 0.00167203 0.000769537 0.000329425 0.000133879 6.38995e-05 2.62527e-05 7.09327e-06 2.08418e-06 6.37674e-07 1.80138e-07 4.43844e-08 1.07365e-08 0 0 0 0 0 0 0 0 0 0 0 0 0 0 0 0 0 0 0 0 0 0 0 0 0 0 0 0 0 0 0 0 0 0 0 0 0 0 0 0 0 0 0 0 0 0 0 0 0 0 0 0 0 0
95276 74015.8 51996.1 23050.3 17660 10268 8327.02 6040.21 3835.11 2489.05 1715.03 1107.22 671.866 407.365 287.422 195.015 118.482 66.7599 37.2739 24.8146 13.291 6.89881 4.05649 2.73352 1.85946 1.20546 0.618462 0.277268 0.134541 0.0642919 0.0256691 0.0114339 0.00461035 0.00194514 0.000855501 0.0003859 0.000155736 6.06203e-05 2.5175e-05 9.55e-06 3.69895e-06 1.27614e-06 3.99484e-07 1.32891e-07 4.20198e-08 1.03412e-08 0 0 0 0 0 0 0 0 0 0 0 0 0 0 0 0 0 0 0 0 0 0 0 0 0 0 0 0 0 0 0 0 0 0 0 0 0 0 0 0 0 0 0 0 0 0 0 0 0 0 0 0 0
106673 74089.8 49298.3 24342.9 20327.4 14817.1 10307.6 6642.6 5090.59 2593.73 2343.04 1510.22 871.84 535.932 365.266 240.324 162.747 98.2481 58.7568 31.1029 18.9599 8.74269 5.0823 3.0017 2.1762 1.27365 0.692177 0.296671 0.124843 0.0647989 0.0288842 0.0134183 0.00540791 0.002179 0.000940517 0.000404486 0.000166046 8.0901e-05 3.26463e-05 1.31926e-05 4.09476e-06 1.3258e-06 3.78395e-07 1.1283e-07 3.74789e-08 0 0 0 0 0 0 0 0 0 0 0 0 0 0 0 0 0 0 0 0 0 0 0 0 0 0 0 0 0 0 0 0 0 0 0 0 0 0 0 0 0 0 0 0 0 0 0 0 0 0 0 0 0 0
107801 72026.2 47696 22975.5 18003.8 12010.5 8649.97 5757.57 3748.71 2267.52 1827 1155.22 657.646 473.162 362.313 228.354 160.593 92.9964 54.5223 32.6921 21.9948 12.9735 6.90639 4.3317 3.13997 2.1459 1.30551 0.625409 0.346611 0.208345 0.136281 0.109915 0.0999706 0.0946715 0.0920226 0.0906933 0.0900234 0.0897621 0.0896237 0.0895566 0.089538 0.0895317 0.0895293 0.0895286 0.0895283 0.0895283 0.0895283 0.0895283 0.0895283 0.0895283 0.0895283 0.0895283 0.0895283 0.0895283 0.0895283 0.0895283 0.0895283 0.0895283 0.0895283 0.0895283 0.0895283 0.0895283 0.0895283 0.0895283 0.0895283 0.0895283 0.0895283 0.0895283 0.0895283 0.0895283 0.0895283 0.0895283 0.0895283 0.0895283 0.0895283 0.0895283 0.0895283 0.0895283 0.0895283 0.0895283 0.0895283 0.0895283 0.0895283 0.0895283 0.0895283 0.0895283 0.0895283 0.0895283 0.0895283 0.0895283 0.0895283 0.0895283 0.0895283 0.0895283 0.0895283 0.0895283 0.0895283 0.0895283 0.0895283
98031 56429.6 47261 23446.5 18498.4 13008.5 6824.7 6023.72 3547.05 2458.92 1853.61 1272.99 874.995 604.398 402.286 256.298 144.619 96.5962 56.1531 28.8736 18.53 10.4717 5.35551 3.57072 2.56016 1.67355 1.0021 0.550406 0.33375 0.20399 0.141236 0.114863 0.100165 0.0934019 0.0913009 0.0902577 0.0898183 0.0896571 0.0895791 0.0895437 0.0895332 0.0895294 0.0895286 0.0895283 0.0895283 0.0895283 0.0895283 0.0895283 0.0895283 0.0895283 0.0895283 0.0895283 0.0895283 0.0895283 0.0895283 0.0895283 0.0895283 0.0895283 0.0895283 0.0895283 0.0895283 0.0895283 0.0895283 0.0895283 0.0895283 0.0895283 0.0895283 0.0895283 0.0895283 0.0895283 0.0895283 0.0895283 0.0895283 0.0895283 0.0895283 0.0895283 0.0895283 0.0895283 0.0895283 0.0895283 0.0895283 0.0895283 0.0895283 0.0895283 0.0895283 0.0895283 0.0895283 0.0895283 0.0895283 0.0895283 0.0895283 0.0895283 0.0895283 0.0895283 0.0895283 0.0895283 0.0895283 0.0895283 0.0895283
114574 78945.6 58040.4 26567.1 19672 15160.4 8519.72 6897.02 4404.11 2479.3 1856.88 1183.87 777.272 522.193 335.486 240.283 136.96 74.6324 46.7568 28.8965 16.2764 9.52866 4.78673 3.1398 2.21399 1.16145 0.685665 0.295586 0.138824 0.0528348 0.0256941 0.01175 0.00476988 0.00237967 0.0011885 0.00060681 0.000267968 0.00012239 5.04376e-05 1.59444e-05 4.42148e-06 1.3223e-06 3.46529e-07 8.88325e-08 2.39488e-08 0 0 0 0 0 0 0 0 0 0 0 0 0 0 0 0 0 0 0 0 0 0 0 0 0 0 0 0 0 0 0 0 0 0 0 0 0 0 0 0 0 0 0 0 0 0 0 0 0 0 0 0 0 0
88359.3 68767.6 55188.7 28273.9 17488.4 13500.1 8913.69 6093.77 4004.33 2409.12 1749.1 1135.58 717.917 407.691 314.916 176.232 104.157 54.6625 33.3968 19.3567 12.0094 6.13318 3.91266 2.66355 1.61441 1.05125 0.491891 0.228278 0.0921729 0.0472121 0.0192802 0.00872641 0.00377381 0.00185208 0.00100371 0.000422664 0.000177371 7.73655e-05 3.6021e-05 1.17466e-05 3.60808e-06 1.08628e-06 3.45207e-07 1.08075e-07 2.96432e-08 0 0 0 0 0 0 0 0 0 0 0 0 0 0 0 0 0 0 0 0 0 0 0 0 0 0 0 0 0 0 0 0 0 0 0 0 0 0 0 0 0 0 0 0 0 0 0 0 0 0 0 0 0 0
105710 79119.3 50353 24025.8 16267.8 11366.9 8710.76 5428.1 4428.83 2618.37 1870.11 1293.38 702.402 443.821 373.775 255.83 171.831 95.8391 56.4647 35.4345 22.8105 11.0139 6.49036 3.90065 2.58859 1.49852 0.994421 0.581024 0.269657 0.146611 0.0594579 0.0265352 0.011375 0.00451563 0.00203113 0.000889692 0.000380713 0.000164673 7.51968e-05 2.24267e-05 6.93745e-06 2.57705e-06 9.05196e-07 2.50251e-07 8.11896e-08 2.3119e-08 0 0 0 0 0 0 0 0 0 0 0 0 0 0 0 0 0 0 0 0 0 0 0 0 0 0 0 0 0 0 0 0 0 0 0 0 0 0 0 0 0 0 0 0 0 0 0 0 0 0 0 0 0
107510 75914.3 50519.4 22850.4 17137.1 11209.2 7106.29 4892.06 3773.54 2517.83 1227.32 1005.53 662.074 495.521 271.89 201.062 124.533 67.7483 44.7029 28.084 18.0176 10.9517 4.68402 3.06524 2.3449 1.29292 0.593822 0.28339 0.128248 0.0629449 0.024778 0.00902445 0.00404492 0.00142273 0.000717101 0.000305922 0.000113276 4.80402e-05 1.9e-05 6.69e-06 2.26531e-06 7.47247e-07 2.3388e-07 6.7892e-08 2.2147e-08 0 0 0 0 0 0 0 0 0 0 0 0 0 0 0 0 0 0 0 0 0 0 0 0 0 0 0 0 0 0 0 0 0 0 0 0 0 0 0 0 0 0 0 0 0 0 0 0 0 0 0 0 0 0
98236.9 76761.7 49132.8 25837.7 17807.5 12858.9 8158.88 4854.81 3906.62 1996.52 1254.76 949.592 661.616 512.223 283.607 192.082 123.65 66.2028 38.5867 23.0983 14.4363 7.97824 4.41568 3.20269 2.24688 1.4496 0.760952 0.420786 0.226839 0.105515 0.0430226 0.0224194 0.00933064 0.0042665 0.0020545 0.000850119 0.000424371 0.00022235 9.92185e-05 3.23459e-05 9.25296e-06 2.09962e-06 7.62827e-07 2.07932e-07 5.86688e-08 1.60998e-08 0 0 0 0 0 0 0 0 0 0 0 0 0 0 0 0 0 0 0 0 0 0 0 0 0 0 0 0 0 0 0 0 0 0 0 0 0 0 0 0 0 0 0 0 0 0 0 0 0 0 0 0 0
