7.87953 7.26532 3.71021 0.458837 0.196626 0.0745714 0.0132805 0.00857267 0.00447348 0.00141009 0.000437156 0.000227722 4.02058e-05 1.19187e-05 7.96469e-06 3.37477e-06 1.09829e-06 3.67501e-07 1.09549e-07 4.83331e-08 1.83714e-08 0 0 0 0 0 0 0 0 0 0 0 0 0 0 0 0 0 0 0 0 0 0 0 0 0 0 0 0 0 0 0 0 0 0 0 0 0 0 0 0 0 0 0 0 0 0 0 0 0 0 0 0 0 0 0 0 0 0 0 0 0 0 0 0 0 0 0 0 0 0 0 0 0 0 0
8.82022 6.59446 1.68084 0.310595 0.150689 0.0580797 0.0145943 0.00554028 0.00178702 0.00063577 0.000243451 0.000101793 2.83761e-05 1.08224e-05 3.35029e-06 9.27031e-07 2.23579e-07 8.66066e-08 2.80777e-08 0 0 0 0 0 0 0 0 0 0 0 0 0 0 0 0 0 0 0 0 0 0 0 0 0 0 0 0 0 0 0 0 0 0 0 0 0 0 0 0 0 0 0 0 0 0 0 0 0 0 0 0 0 0 0 0 0 0 0 0 0 0 0 0 0 0 0 0 0 0 0 0 0 0 0 0 0
11.6213 6.64848 1.01546 0.431418 0.0594665 0.0389251 0.0218693 0.0117589 0.00488889 0.00128269 0.000412353 0.000280231 6.18517e-05 2.34229e-05 8.789e-06 2.37548e-06 7.0763e-07 2.35822e-07 6.82098e-08 2.90382e-08 0 0 0 0 0 0 0 0 0 0 0 0 0 0 0 0 0 0 0 0 0 0 0 0 0 0 0 0 0 0 0 0 0 0 0 0 0 0 0 0 0 0 0 0 0 0 0 0 0 0 0 0 0 0 0 0 0 0 0 0 0 0 0 0 0 0 0 0 0 0 0 0 0 0 0 0
11.8845 6.19127 2.13101 0.303803 0.129579 0.0360223 0.0167506 0.00630605 0.00255798 0.00128074 0.000420481 0.000200845 8.23975e-05 1.73035e-05 8.00642e-06 2.20852e-06 4.73195e-07 1.94921e-07 5.3858e-08 2.70802e-08 0 0 0 0 0 0 0 0 0 0 0 0 0 0 0 0 0 0 0 0 0 0 0 0 0 0 0 0 0 0 0 0 0 0 0 0 0 0 0 0 0 0 0 0 0 0 0 0 0 0 0 0 0 0 0 0 0 0 0 0 0 0 0 0 0 0 0 0 0 0 0 0 0 0 0 0
15.1771 4.86407 2.72809 0.1575 0.107136 0.0425738 0.0135002 0.00590988 0.00196695 0.000829549 0.000354889 0.000102558 4.75023e-05 1.62012e-05 7.43622e-06 3.38688e-06 8.55318e-07 2.96742e-07 5.24982e-08 4.6291e-08 0 0 0 0 0 0 0 0 0 0 0 0 0 0 0 0 0 0 0 0 0 0 0 0 0 0 0 0 0 0 0 0 0 0 0 0 0 0 0 0 0 0 0 0 0 0 0 0 0 0 0 0 0 0 0 0 0 0 0 0 0 0 0 0 0 0 0 0 0 0 0 0 0 0 0 0
14.4198 7.4669 2.91176 0.511753 0.214448 0.0756434 0.0332522 0.0149966 0.00497472 0.00123335 0.000802603 0.000307317 0.00010512 3.78218e-05 1.58077e-05 3.75206e-06 2.24743e-06 6.23991e-07 2.1313e-07 4.4529e-08 1.63539e-08 0 0 0 0 0 0 0 0 0 0 0 0 0 0 0 0 0 0 0 0 0 0 0 0 0 0 0 0 0 0 0 0 0 0 0 0 0 0 0 0 0 0 0 0 0 0 0 0 0 0 0 0 0 0 0 0 0 0 0 0 0 0 0 0 0 0 0 0 0 0 0 0 0 0 0
13.9335 4.36459 2.85898 0.357494 0.14643 0.0472819 0.0205472 0.00626197 0.00309634 0.000980376 0.00032602 0.000124962 2.57193e-05 1.55966e-05 5.82589e-06 1.72631e-06 1.0035e-06 2.82454e-07 8.72402e-08 2.68822e-08 0 0 0 0 0 0 0 0 0 0 0 0 0 0 0 0 0 0 0 0 0 0 0 0 0 0 0 0 0 0 0 0 0 0 0 0 0 0 0 0 0 0 0 0 0 0 0 0 0 0 0 0 0 0 0 0 0 0 0 0 0 0 0 0 0 0 0 0 0 0 0 0 0 0 0 0
16.8161 4.63304 1.95335 0.391696 0.155643 0.0635639 0.0304478 0.00695103 0.00321069 0.00114341 0.000554381 0.000171335 0.000125161 3.90934e-05 1.37465e-05 4.1142e-06 2.3021e-06 9.8122e-07 3.08366e-07 1.01992e-07 3.32242e-08 0 0 0 0 0 0 0 0 0 0 0 0 0 0 0 0 0 0 0 0 0 0 0 0 0 0 0 0 0 0 0 0 0 0 0 0 0 0 0 0 0 0 0 0 0 0 0 0 0 0 0 0 0 0 0 0 0 0 0 0 0 0 0 0 0 0 0 0 0 0 0 0 0 0 0
13.1903 4.36461 1.69716 0.348599 0.171129 0.0582072 0.0274836 0.00831683 0.00375163 0.00148687 0.000413516 0.000168411 6.26398e-05 2.20126e-05 1.0205e-05 2.76244e-06 6.86611e-07 3.03263e-07 1.13533e-07 3.12388e-08 0 0 0 0 0 0 0 0 0 0 0 0 0 0 0 0 0 0 0 0 0 0 0 0 0 0 0 0 0 0 0 0 0 0 0 0 0 0 0 0 0 0 0 0 0 0 0 0 0 0 0 0 0 0 0 0 0 0 0 0 0 0 0 0 0 0 0 0 0 0 0 0 0 0 0 0
13.8633 6.46165 2.61633 0.37017 0.114485 0.0662538 0.0290724 0.00906702 0.00398675 0.00160474 0.000681153 0.00034042 0.00011485 4.41808e-05 1.89358e-05 6.68036e-06 2.51997e-06 8.31081e-07 1.83585e-07 1.13646e-07 3.9581e-08 0 0 0 0 0 0 0 0 0 0 0 0 0 0 0 0 0 0 0 0 0 0 0 0 0 0 0 0 0 0 0 0 0 0 0 0 0 0 0 0 0 0 0 0 0 0 0 0 0 0 0 0 0 0 0 0 0 0 0 0 0 0 0 0 0 0 0 0 0 0 0 0 0 0 0
22.4707 4.57214 2.16841 0.256766 0.0774215 0.0543574 0.0131298 0.00559079 0.00248725 0.000981435 0.000334054 0.00017405 5.22666e-05 2.51484e-05 1.03484e-05 3.0647e-06 1.78881e-06 6.49572e-07 2.20518e-07 6.21002e-08 1.98097e-08 0 0 0 0 0 0 0 0 0 0 0 0 0 0 0 0 0 0 0 0 0 0 0 0 0 0 0 0 0 0 0 0 0 0 0 0 0 0 0 0 0 0 0 0 0 0 0 0 0 0 0 0 0 0 0 0 0 0 0 0 0 0 0 0 0 0 0 0 0 0 0 0 0 0 0
21.8103 6.83182 2.50219 0.203663 0.110703 0.0423323 0.0174294 0.00389916 0.00239026 0.00052998 0.000120286 0.00010116 3.40332e-05 5.9572e-06 3.92773e-06 1.54593e-06 4.04938e-07 1.32013e-07 3.97353e-08 1.83703e-08 0 0 0 0 0 0 0 0 0 0 0 0 0 0 0 0 0 0 0 0 0 0 0 0 0 0 0 0 0 0 0 0 0 0 0 0 0 0 0 0 0 0 0 0 0 0 0 0 0 0 0 0 0 0 0 0 0 0 0 0 0 0 0 0 0 0 0 0 0 0 0 0 0 0 0 0
14.8818 4.35367 3.39998 0.791761 0.243939 0.103749 0.0452338 0.0175075 0.00584924 0.00243034 0.000642063 0.000265587 7.55507e-05 2.87667e-05 8.96751e-06 3.12975e-06 1.17182e-06 3.75899e-07 1.15702e-07 5.24358e-08 1.39567e-08 0 0 0 0 0 0 0 0 0 0 0 0 0 0 0 0 0 0 0 0 0 0 0 0 0 0 0 0 0 0 0 0 0 0 0 0 0 0 0 0 0 0 0 0 0 0 0 0 0 0 0 0 0 0 0 0 0 0 0 0 0 0 0 0 0 0 0 0 0 0 0 0 0 0 0
13.7257 6.25567 2.95786 0.46703 0.154002 0.0809845 0.0343464 0.0153231 0.00532914 0.00185327 0.000651496 0.000161759 8.63449e-05 2.29836e-05 8.95198e-06 2.75614e-06 9.12573e-07 3.22165e-07 1.32369e-07 4.67939e-08 0 0 0 0 0 0 0 0 0 0 0 0 0 0 0 0 0 0 0 0 0 0 0 0 0 0 0 0 0 0 0 0 0 0 0 0 0 0 0 0 0 0 0 0 0 0 0 0 0 0 0 0 0 0 0 0 0 0 0 0 0 0 0 0 0 0 0 0 0 0 0 0 0 0 0 0
14.0709 3.42306 1.4152 0.234034 0.0702513 0.0426794 0.0155789 0.00740703 0.00230141 0.00055369 0.000288101 8.18706e-05 3.32755e-05 1.60465e-05 6.74608e-06 1.28573e-06 4.4527e-07 1.45713e-07 6.60175e-08 1.93623e-08 0 0 0 0 0 0 0 0 0 0 0 0 0 0 0 0 0 0 0 0 0 0 0 0 0 0 0 0 0 0 0 0 0 0 0 0 0 0 0 0 0 0 0 0 0 0 0 0 0 0 0 0 0 0 0 0 0 0 0 0 0 0 0 0 0 0 0 0 0 0 0 0 0 0 0 0
11.9483 7.91221 2.37038 0.237932 0.122882 0.0221094 0.0156107 0.00522912 0.00266611 0.00111489 0.000374249 0.000109579 3.58315e-05 1.29409e-05 5.65923e-06 1.39914e-06 5.85551e-07 2.07336e-07 6.02459e-08 1.95452e-08 0 0 0 0 0 0 0 0 0 0 0 0 0 0 0 0 0 0 0 0 0 0 0 0 0 0 0 0 0 0 0 0 0 0 0 0 0 0 0 0 0 0 0 0 0 0 0 0 0 0 0 0 0 0 0 0 0 0 0 0 0 0 0 0 0 0 0 0 0 0 0 0 0 0 0 0
6.34939 6.00637 1.36981 0.4862 0.177163 0.0393105 0.0146838 0.00833622 0.00380251 0.00152199 0.000533125 0.000106537 4.55656e-05 8.87213e-06 4.9052e-06 2.62551e-06 9.32104e-07 4.88631e-07 1.96592e-07 8.31655e-08 0 0 0 0 0 0 0 0 0 0 0 0 0 0 0 0 0 0 0 0 0 0 0 0 0 0 0 0 0 0 0 0 0 0 0 0 0 0 0 0 0 0 0 0 0 0 0 0 0 0 0 0 0 0 0 0 0 0 0 0 0 0 0 0 0 0 0 0 0 0 0 0 0 0 0 0
9.57445 6.20727 2.36199 0.391794 0.118611 0.0463316 0.0112412 0.00907304 0.00376691 0.000649432 0.000369958 7.47857e-05 3.18982e-05 1.68112e-05 4.426e-06 1.30043e-06 4.84235e-07 1.26562e-07 3.36438e-08 0 0 0 0 0 0 0 0 0 0 0 0 0 0 0 0 0 0 0 0 0 0 0 0 0 0 0 0 0 0 0 0 0 0 0 0 0 0 0 0 0 0 0 0 0 0 0 0 0 0 0 0 0 0 0 0 0 0 0 0 0 0 0 0 0 0 0 0 0 0 0 0 0 0 0 0 0
13.6966 4.23173 2.64918 0.423608 0.127541 0.0370578 0.0254843 0.00964272 0.00538538 0.00173514 0.000530279 0.000313737 7.15713e-05 2.9176e-05 1.1998e-05 4.74964e-06 1.30408e-06 5.34922e-07 1.00876e-07 5.62136e-08 2.47945e-08 0 0 0 0 0 0 0 0 0 0 0 0 0 0 0 0 0 0 0 0 0 0 0 0 0 0 0 0 0 0 0 0 0 0 0 0 0 0 0 0 0 0 0 0 0 0 0 0 0 0 0 0 0 0 0 0 0 0 0 0 0 0 0 0 0 0 0 0 0 0 0 0 0 0 0
12.661 6.11831 2.8009 0.308548 0.125975 0.0434024 0.0243676 0.00726837 0.00195874 0.00144326 0.000336016 0.000211059 6.71125e-05 2.49782e-05 8.36045e-06 1.90476e-06 3.80127e-07 2.51083e-07 7.3402e-08 2.64711e-08 0 0 0 0 0 0 0 0 0 0 0 0 0 0 0 0 0 0 0 0 0 0 0 0 0 0 0 0 0 0 0 0 0 0 0 0 0 0 0 0 0 0 0 0 0 0 0 0 0 0 0 0 0 0 0 0 0 0 0 0 0 0 0 0 0 0 0 0 0 0 0 0 0 0 0 0
15.0562 4.25186 2.60233 0.47583 0.109384 0.0807387 0.0242031 0.0109962 0.00342876 0.00132575 0.000493664 0.000192762 6.6968e-05 1.42701e-05 6.15766e-06 2.69888e-06 4.44151e-07 2.86824e-07 1.0812e-07 4.08986e-08 1.24693e-08 0 0 0 0 0 0 0 0 0 0 0 0 0 0 0 0 0 0 0 0 0 0 0 0 0 0 0 0 0 0 0 0 0 0 0 0 0 0 0 0 0 0 0 0 0 0 0 0 0 0 0 0 0 0 0 0 0 0 0 0 0 0 0 0 0 0 0 0 0 0 0 0 0 0 0
17.3215 3.93304 1.53555 0.0880955 0.0494989 0.0322514 0.013585 0.00530896 0.00135586 0.000573296 0.000120556 6.95055e-05 2.77119e-05 6.98976e-06 3.3473e-06 1.29885e-06 2.75471e-07 1.75327e-07 6.03353e-08 1.8499e-08 0 0 0 0 0 0 0 0 0 0 0 0 0 0 0 0 0 0 0 0 0 0 0 0 0 0 0 0 0 0 0 0 0 0 0 0 0 0 0 0 0 0 0 0 0 0 0 0 0 0 0 0 0 0 0 0 0 0 0 0 0 0 0 0 0 0 0 0 0 0 0 0 0 0 0 0
11.763 5.62135 1.62009 0.196909 0.0851535 0.0376868 0.0156199 0.00890436 0.00294289 0.00106195 0.000381935 0.000126555 3.71979e-05 1.85428e-05 6.76338e-06 2.96445e-06 8.20656e-07 2.90965e-07 7.96332e-08 3.84033e-08 0 0 0 0 0 0 0 0 0 0 0 0 0 0 0 0 0 0 0 0 0 0 0 0 0 0 0 0 0 0 0 0 0 0 0 0 0 0 0 0 0 0 0 0 0 0 0 0 0 0 0 0 0 0 0 0 0 0 0 0 0 0 0 0 0 0 0 0 0 0 0 0 0 0 0 0
11.8406 4.72658 1.84753 0.203336 0.120339 0.0677921 0.0209044 0.00905013 0.00336778 0.00108075 0.000656572 0.000299879 7.30482e-05 3.12615e-05 9.21473e-06 2.80565e-06 9.89426e-07 4.21996e-07 9.71301e-08 2.90467e-08 0 0 0 0 0 0 0 0 0 0 0 0 0 0 0 0 0 0 0 0 0 0 0 0 0 0 0 0 0 0 0 0 0 0 0 0 0 0 0 0 0 0 0 0 0 0 0 0 0 0 0 0 0 0 0 0 0 0 0 0 0 0 0 0 0 0 0 0 0 0 0 0 0 0 0 0
11.2635 4.62015 1.60225 0.460288 0.158286 0.0589455 0.0314558 0.0114081 0.00408602 0.00120023 0.000481714 0.000166045 5.53217e-05 2.53381e-05 1.33773e-05 3.7855e-06 1.63059e-06 3.86281e-07 1.89274e-07 5.29586e-08 1.55298e-08 0 0 0 0 0 0 0 0 0 0 0 0 0 0 0 0 0 0 0 0 0 0 0 0 0 0 0 0 0 0 0 0 0 0 0 0 0 0 0 0 0 0 0 0 0 0 0 0 0 0 0 0 0 0 0 0 0 0 0 0 0 0 0 0 0 0 0 0 0 0 0 0 0 0 0
14.3903 4.12278 1.94805 0.308806 0.122942 0.0518872 0.022913 0.0111752 0.00251258 0.00135123 0.00043044 0.000199334 6.7104e-05 2.62122e-05 4.25418e-06 2.68538e-06 4.87676e-07 2.4752e-07 6.79354e-08 2.55232e-08 1.06486e-08 0 0 0 0 0 0 0 0 0 0 0 0 0 0 0 0 0 0 0 0 0 0 0 0 0 0 0 0 0 0 0 0 0 0 0 0 0 0 0 0 0 0 0 0 0 0 0 0 0 0 0 0 0 0 0 0 0 0 0 0 0 0 0 0 0 0 0 0 0 0 0 0 0 0 0
15.8024 5.69552 0.775186 0.370157 0.0841932 0.0542012 0.0225453 0.00773508 0.00382565 0.00104222 0.000528778 0.000162663 8.71933e-05 3.02854e-05 1.41906e-05 5.9965e-06 2.09846e-06 1.14494e-06 4.06788e-07 8.66257e-08 4.31015e-08 1.17278e-08 0 0 0 0 0 0 0 0 0 0 0 0 0 0 0 0 0 0 0 0 0 0 0 0 0 0 0 0 0 0 0 0 0 0 0 0 0 0 0 0 0 0 0 0 0 0 0 0 0 0 0 0 0 0 0 0 0 0 0 0 0 0 0 0 0 0 0 0 0 0 0 0 0 0
10.1675 6.42045 1.87705 0.359117 0.155616 0.0350362 0.0172612 0.00787547 0.00219205 0.000848628 0.000422222 8.05993e-05 5.04336e-05 1.7277e-05 5.29837e-06 2.13164e-06 6.31761e-07 2.36471e-07 9.35613e-08 3.22327e-08 0 0 0 0 0 0 0 0 0 0 0 0 0 0 0 0 0 0 0 0 0 0 0 0 0 0 0 0 0 0 0 0 0 0 0 0 0 0 0 0 0 0 0 0 0 0 0 0 0 0 0 0 0 0 0 0 0 0 0 0 0 0 0 0 0 0 0 0 0 0 0 0 0 0 0 0
19.588 5.79982 1.75557 0.308842 0.127157 0.0355312 0.0204364 0.00944138 0.00375142 0.00179274 0.000632863 0.000242765 8.40701e-05 2.43352e-05 6.59814e-06 3.76489e-06 5.57931e-07 2.75418e-07 5.72022e-08 2.2416e-08 0 0 0 0 0 0 0 0 0 0 0 0 0 0 0 0 0 0 0 0 0 0 0 0 0 0 0 0 0 0 0 0 0 0 0 0 0 0 0 0 0 0 0 0 0 0 0 0 0 0 0 0 0 0 0 0 0 0 0 0 0 0 0 0 0 0 0 0 0 0 0 0 0 0 0 0
15.7574 8.60944 2.61439 0.470138 0.239956 0.0796361 0.026345 0.0142717 0.00564702 0.00191112 0.000576399 0.000232513 6.56016e-05 2.86396e-05 1.19811e-05 5.39905e-06 1.25896e-06 4.45166e-07 1.62899e-07 5.41768e-08 1.65625e-08 0 0 0 0 0 0 0 0 0 0 0 0 0 0 0 0 0 0 0 0 0 0 0 0 0 0 0 0 0 0 0 0 0 0 0 0 0 0 0 0 0 0 0 0 0 0 0 0 0 0 0 0 0 0 0 0 0 0 0 0 0 0 0 0 0 0 0 0 0 0 0 0 0 0 0
17.0401 6.97776 2.61016 0.567287 0.199448 0.108555 0.0287879 0.0132613 0.00603208 0.00260261 0.000564826 0.000216987 7.5908e-05 3.02601e-05 1.09121e-05 2.48188e-06 2.48188e-06 5.11358e-07 2.0932e-07 1.03351e-07 2.81601e-08 0 0 0 0 0 0 0 0 0 0 0 0 0 0 0 0 0 0 0 0 0 0 0 0 0 0 0 0 0 0 0 0 0 0 0 0 0 0 0 0 0 0 0 0 0 0 0 0 0 0 0 0 0 0 0 0 0 0 0 0 0 0 0 0 0 0 0 0 0 0 0 0 0 0 0
14.0375 3.51156 1.47707 0.318036 0.114498 0.0699102 0.022992 0.0144683 0.00494144 0.00261224 0.00120279 0.000367533 0.000170993 3.69964e-05 2.0956e-05 7.80979e-06 2.21281e-06 4.71849e-07 2.79204e-07 1.52564e-07 5.26015e-08 1.36177e-08 0 0 0 0 0 0 0 0 0 0 0 0 0 0 0 0 0 0 0 0 0 0 0 0 0 0 0 0 0 0 0 0 0 0 0 0 0 0 0 0 0 0 0 0 0 0 0 0 0 0 0 0 0 0 0 0 0 0 0 0 0 0 0 0 0 0 0 0 0 0 0 0 0 0
16.4117 6.67188 2.24858 0.386727 0.287373 0.106064 0.0300106 0.01214 0.00583589 0.00216058 0.000732361 0.00023306 6.13633e-05 2.95673e-05 1.17054e-05 4.45462e-06 9.11839e-07 4.17316e-07 1.93377e-07 5.58089e-08 1.83168e-08 0 0 0 0 0 0 0 0 0 0 0 0 0 0 0 0 0 0 0 0 0 0 0 0 0 0 0 0 0 0 0 0 0 0 0 0 0 0 0 0 0 0 0 0 0 0 0 0 0 0 0 0 0 0 0 0 0 0 0 0 0 0 0 0 0 0 0 0 0 0 0 0 0 0 0
11.6634 9.13552 3.1622 0.424461 0.142231 0.0733001 0.0253477 0.0109417 0.00273462 0.000753992 0.000391032 0.000126242 4.923e-05 1.38718e-05 5.35228e-06 1.57429e-06 5.22292e-07 1.23995e-07 2.7021e-08 2.51529e-08 0 0 0 0 0 0 0 0 0 0 0 0 0 0 0 0 0 0 0 0 0 0 0 0 0 0 0 0 0 0 0 0 0 0 0 0 0 0 0 0 0 0 0 0 0 0 0 0 0 0 0 0 0 0 0 0 0 0 0 0 0 0 0 0 0 0 0 0 0 0 0 0 0 0 0 0
12.6468 3.68072 1.69438 0.241825 0.1017 0.0450728 0.0153367 0.00855965 0.00150458 0.000537119 0.000433451 0.000138178 3.28291e-05 1.65035e-05 4.78855e-06 2.07269e-06 4.87655e-07 3.37968e-07 1.21869e-07 5.92084e-08 1.14954e-08 0 0 0 0 0 0 0 0 0 0 0 0 0 0 0 0 0 0 0 0 0 0 0 0 0 0 0 0 0 0 0 0 0 0 0 0 0 0 0 0 0 0 0 0 0 0 0 0 0 0 0 0 0 0 0 0 0 0 0 0 0 0 0 0 0 0 0 0 0 0 0 0 0 0 0
18.2081 6.72557 2.50925 0.461068 0.151959 0.0422062 0.0194909 0.00748527 0.0031437 0.00124615 0.000475831 0.000138569 7.45069e-05 2.04211e-05 8.83565e-06 1.19666e-06 7.0843e-07 2.69346e-07 1.46094e-07 3.45827e-08 0 0 0 0 0 0 0 0 0 0 0 0 0 0 0 0 0 0 0 0 0 0 0 0 0 0 0 0 0 0 0 0 0 0 0 0 0 0 0 0 0 0 0 0 0 0 0 0 0 0 0 0 0 0 0 0 0 0 0 0 0 0 0 0 0 0 0 0 0 0 0 0 0 0 0 0
13.1031 4.56434 2.05555 0.418325 0.13237 0.0663067 0.0334481 0.0141786 0.00643622 0.00297843 0.000792989 0.000255662 8.12291e-05 2.84151e-05 1.39418e-05 2.6256e-06 1.24412e-06 4.03205e-07 8.47491e-08 4.20386e-08 1.32627e-08 0 0 0 0 0 0 0 0 0 0 0 0 0 0 0 0 0 0 0 0 0 0 0 0 0 0 0 0 0 0 0 0 0 0 0 0 0 0 0 0 0 0 0 0 0 0 0 0 0 0 0 0 0 0 0 0 0 0 0 0 0 0 0 0 0 0 0 0 0 0 0 0 0 0 0
17.2152 4.00043 1.98003 0.256096 0.163425 0.0512301 0.0218362 0.0081335 0.00228777 0.00105202 0.000165046 9.97311e-05 3.1074e-05 1.18094e-05 3.90507e-06 1.66897e-06 5.98656e-07 1.84933e-07 5.3411e-08 1.10176e-08 0 0 0 0 0 0 0 0 0 0 0 0 0 0 0 0 0 0 0 0 0 0 0 0 0 0 0 0 0 0 0 0 0 0 0 0 0 0 0 0 0 0 0 0 0 0 0 0 0 0 0 0 0 0 0 0 0 0 0 0 0 0 0 0 0 0 0 0 0 0 0 0 0 0 0 0
15.3818 5.45286 1.37857 0.103569 0.0842097 0.0344721 0.0121693 0.00482539 0.00214083 0.000813806 0.000382617 6.33937e-05 2.95346e-05 1.24776e-05 3.4949e-06 1.8193e-06 4.53968e-07 2.09212e-07 7.42584e-08 2.41022e-08 0 0 0 0 0 0 0 0 0 0 0 0 0 0 0 0 0 0 0 0 0 0 0 0 0 0 0 0 0 0 0 0 0 0 0 0 0 0 0 0 0 0 0 0 0 0 0 0 0 0 0 0 0 0 0 0 0 0 0 0 0 0 0 0 0 0 0 0 0 0 0 0 0 0 0 0
14.9856 6.14234 2.05269 0.524736 0.209045 0.0656487 0.0302647 0.0115371 0.00518353 0.00193959 0.000782034 0.000392022 0.000109314 3.26186e-05 2.21581e-05 7.50807e-06 1.68711e-06 5.70403e-07 1.67383e-07 3.41203e-08 1.91258e-08 0 0 0 0 0 0 0 0 0 0 0 0 0 0 0 0 0 0 0 0 0 0 0 0 0 0 0 0 0 0 0 0 0 0 0 0 0 0 0 0 0 0 0 0 0 0 0 0 0 0 0 0 0 0 0 0 0 0 0 0 0 0 0 0 0 0 0 0 0 0 0 0 0 0 0
18.9425 3.62823 1.4805 0.341255 0.103038 0.0602543 0.0305429 0.0080101 0.00209593 0.00125951 0.00038978 0.000169275 6.46018e-05 2.02064e-05 6.21597e-06 3.124e-06 5.76764e-07 3.28373e-07 2.00904e-07 5.23871e-08 1.29599e-08 0 0 0 0 0 0 0 0 0 0 0 0 0 0 0 0 0 0 0 0 0 0 0 0 0 0 0 0 0 0 0 0 0 0 0 0 0 0 0 0 0 0 0 0 0 0 0 0 0 0 0 0 0 0 0 0 0 0 0 0 0 0 0 0 0 0 0 0 0 0 0 0 0 0 0
8.22688 3.79042 2.12514 0.342738 0.11115 0.0485575 0.0174321 0.0041035 0.00317006 0.000930921 0.00021739 0.000147076 3.8538e-05 2.07124e-05 6.81861e-06 1.4283e-06 5.36358e-07 1.91976e-07 8.49e-08 2.74447e-08 0 0 0 0 0 0 0 0 0 0 0 0 0 0 0 0 0 0 0 0 0 0 0 0 0 0 0 0 0 0 0 0 0 0 0 0 0 0 0 0 0 0 0 0 0 0 0 0 0 0 0 0 0 0 0 0 0 0 0 0 0 0 0 0 0 0 0 0 0 0 0 0 0 0 0 0
11.7918 7.17648 1.92167 0.455462 0.151459 0.0604493 0.0305612 0.00918694 0.00581351 0.00201677 0.000625944 0.000297244 0.000102445 1.84936e-05 9.94893e-06 4.00655e-06 1.70329e-06 6.38278e-07 2.85009e-07 9.50042e-08 2.38974e-08 0 0 0 0 0 0 0 0 0 0 0 0 0 0 0 0 0 0 0 0 0 0 0 0 0 0 0 0 0 0 0 0 0 0 0 0 0 0 0 0 0 0 0 0 0 0 0 0 0 0 0 0 0 0 0 0 0 0 0 0 0 0 0 0 0 0 0 0 0 0 0 0 0 0 0
12.0283 4.1011 1.51192 0.225283 0.0786786 0.0292471 0.00873229 0.00392047 0.000975173 0.000475493 0.000143306 5.03664e-05 2.35515e-05 9.87164e-06 1.6647e-06 8.84001e-07 4.26501e-07 1.32889e-07 3.94486e-08 1.13077e-08 0 0 0 0 0 0 0 0 0 0 0 0 0 0 0 0 0 0 0 0 0 0 0 0 0 0 0 0 0 0 0 0 0 0 0 0 0 0 0 0 0 0 0 0 0 0 0 0 0 0 0 0 0 0 0 0 0 0 0 0 0 0 0 0 0 0 0 0 0 0 0 0 0 0 0 0
9.61999 6.75984 1.57421 0.331467 0.175247 0.0844123 0.0272351 0.0063606 0.00500204 0.00188766 0.00076196 0.000212671 8.07552e-05 2.97137e-05 9.0697e-06 3.42308e-06 9.89394e-07 3.60882e-07 1.31103e-07 3.52543e-08 1.26959e-08 0 0 0 0 0 0 0 0 0 0 0 0 0 0 0 0 0 0 0 0 0 0 0 0 0 0 0 0 0 0 0 0 0 0 0 0 0 0 0 0 0 0 0 0 0 0 0 0 0 0 0 0 0 0 0 0 0 0 0 0 0 0 0 0 0 0 0 0 0 0 0 0 0 0 0
12.4246 4.65271 1.98119 0.297478 0.0806699 0.0567223 0.0228927 0.0083513 0.00453379 0.00233638 0.000681272 0.000193203 8.6167e-05 3.53777e-05 1.85713e-05 5.58443e-06 1.91972e-06 7.61251e-07 1.99432e-07 5.08003e-08 2.02991e-08 0 0 0 0 0 0 0 0 0 0 0 0 0 0 0 0 0 0 0 0 0 0 0 0 0 0 0 0 0 0 0 0 0 0 0 0 0 0 0 0 0 0 0 0 0 0 0 0 0 0 0 0 0 0 0 0 0 0 0 0 0 0 0 0 0 0 0 0 0 0 0 0 0 0 0
19.4847 6.03659 2.87621 0.431801 0.194738 0.0439547 0.0318954 0.0125681 0.00523632 0.00137038 0.000593103 0.000209087 6.69074e-05 2.64891e-05 7.95505e-06 2.03042e-06 1.06061e-06 3.30241e-07 1.41986e-07 4.52943e-08 1.18175e-08 0 0 0 0 0 0 0 0 0 0 0 0 0 0 0 0 0 0 0 0 0 0 0 0 0 0 0 0 0 0 0 0 0 0 0 0 0 0 0 0 0 0 0 0 0 0 0 0 0 0 0 0 0 0 0 0 0 0 0 0 0 0 0 0 0 0 0 0 0 0 0 0 0 0 0
19.5446 4.80094 2.85756 0.547831 0.179441 0.0680343 0.0136651 0.00697509 0.00268724 0.00105759 0.000516825 0.00011953 6.21279e-05 1.81616e-05 6.70263e-06 1.71624e-06 8.10581e-07 1.96857e-07 6.20881e-08 2.34752e-08 0 0 0 0 0 0 0 0 0 0 0 0 0 0 0 0 0 0 0 0 0 0 0 0 0 0 0 0 0 0 0 0 0 0 0 0 0 0 0 0 0 0 0 0 0 0 0 0 0 0 0 0 0 0 0 0 0 0 0 0 0 0 0 0 0 0 0 0 0 0 0 0 0 0 0 0
11.6869 4.50188 1.54033 0.281978 0.102535 0.0717303 0.0156282 0.00923326 0.00448592 0.00139402 0.000623557 0.000259526 0.000117847 4.22363e-05 1.11132e-05 3.15713e-06 2.08641e-06 8.22921e-07 1.82482e-07 6.45989e-08 1.55143e-08 0 0 0 0 0 0 0 0 0 0 0 0 0 0 0 0 0 0 0 0 0 0 0 0 0 0 0 0 0 0 0 0 0 0 0 0 0 0 0 0 0 0 0 0 0 0 0 0 0 0 0 0 0 0 0 0 0 0 0 0 0 0 0 0 0 0 0 0 0 0 0 0 0 0 0
4.86473 4.86473 2.59335 0.429541 0.129235 0.0670745 0.0205248 0.00724397 0.00296459 0.000886063 0.000369743 0.000138992 4.06234e-05 1.64752e-05 3.01461e-06 1.19545e-06 6.52871e-07 3.69071e-07 9.56955e-08 2.95323e-08 0 0 0 0 0 0 0 0 0 0 0 0 0 0 0 0 0 0 0 0 0 0 0 0 0 0 0 0 0 0 0 0 0 0 0 0 0 0 0 0 0 0 0 0 0 0 0 0 0 0 0 0 0 0 0 0 0 0 0 0 0 0 0 0 0 0 0 0 0 0 0 0 0 0 0 0
14.6824 5.43957 2.62498 0.385742 0.164319 0.090706 0.0279166 0.00629541 0.00303597 0.00207327 0.000719785 0.000304766 0.000132199 5.36017e-05 1.15211e-05 6.52284e-06 1.88775e-06 4.87538e-07 2.78452e-07 7.29361e-08 2.5703e-08 0 0 0 0 0 0 0 0 0 0 0 0 0 0 0 0 0 0 0 0 0 0 0 0 0 0 0 0 0 0 0 0 0 0 0 0 0 0 0 0 0 0 0 0 0 0 0 0 0 0 0 0 0 0 0 0 0 0 0 0 0 0 0 0 0 0 0 0 0 0 0 0 0 0 0
