152095 141274 138568 84628.6 68589.3 68589.3 40154.6 40154.6 30940.4 23802.5 17411.8 11484 7634.55 5352.77 2876.4 2504.09 1477.28 1256.71 729.226 383.17 248.737 146.401 69.7454 49.2067 29.5668 16.5129 7.00347 4.75931 2.23514 1.2802 0.663148 0.403855 0.16402 0.092269 0.0398204 0.0225561 0.00847334 0.00547407 0.00246901 0.000261653 5.83041e-05 2.65299e-05 4.73886e-06 2.39691e-06 9.57112e-07 3.95122e-07 1.34056e-07 3.00364e-08 1.10463e-08 0 0 0 0 0 0 0 0 0 0 0 0 0 0 0 0 0 0 0 0 0 0 0 0 0 0 0 0 0 0 0 0 0 0 0 0 0 0 0 0 0 0 0 0 0 0
116942 116942 116942 112936 95455.8 87797.4 65376.1 57253.3 36877.4 27250 16864.2 13957.5 8909.11 5982.27 3674.01 2964.86 1618.1 1022.1 595.888 409.516 196.716 139.493 75.8168 43.4504 26.2839 15.0688 7.01621 5.05646 1.54321 1.45464 0.712351 0.30392 0.137836 0.0888236 0.0452065 0.0207975 0.00831024 0.00414638 0.00179018 0.000202418 5.80597e-05 1.9967e-05 5.45472e-06 2.32505e-06 7.82713e-07 2.50803e-07 1.06263e-07 3.64134e-08 1.28827e-08 0 0 0 0 0 0 0 0 0 0 0 0 0 0 0 0 0 0 0 0 0 0 0 0 0 0 0 0 0 0 0 0 0 0 0 0 0 0 0 0 0 0 0 0 0 0
169859 122008 122008 96260.4 63481 63481 49264.2 30854.1 28949.4 19990.2 14746.1 13084.5 7369.25 5628.93 3678.04 2533.93 1432.22 819.115 616.968 359.528 240.016 121.753 80.2489 48.5867 25.4982 13.4489 4.64036 2.20418 1.90847 1.13902 0.646444 0.363506 0.16104 0.0643355 0.0406561 0.0215649 0.0106925 0.00445985 0.00250537 0.000269867 6.56314e-05 1.40709e-05 4.2065e-06 1.64754e-06 5.7665e-07 1.3292e-07 3.02845e-08 0 0 0 0 0 0 0 0 0 0 0 0 0 0 0 0 0 0 0 0 0 0 0 0 0 0 0 0 0 0 0 0 0 0 0 0 0 0 0 0 0 0 0 0 0 0 0 0
102112 102112 102112 80801.2 77335.8 73393.7 58541.8 46284.4 26925.1 22524.6 18173.5 15065 8480.96 6494.98 3331.26 2858.62 1807.02 1109.74 799.322 478.598 218.188 125.415 87.4721 45.8873 33.4866 16.003 8.98139 5.89683 2.9955 1.44593 0.780883 0.31809 0.212928 0.0925728 0.0514249 0.0235839 0.0095613 0.00563742 0.00258067 0.000320813 8.69571e-05 2.61482e-05 9.64247e-06 2.80089e-06 9.30116e-07 2.5409e-07 9.39399e-08 3.70994e-08 0 0 0 0 0 0 0 0 0 0 0 0 0 0 0 0 0 0 0 0 0 0 0 0 0 0 0 0 0 0 0 0 0 0 0 0 0 0 0 0 0 0 0 0 0 0 0
167793 150964 129687 110936 87708.1 73344.1 48027.8 48027.8 34564.8 29545.7 23289.3 12454.8 8551.47 7246.97 4466.55 3059.56 1627.11 1612.33 923.925 526.919 349.221 177.638 93.4149 60.4667 34.6004 20.9045 10.8108 4.89377 2.79322 1.6821 0.765183 0.470532 0.13842 0.0921839 0.0535177 0.0216119 0.0128631 0.0052695 0.00320116 0.000214593 8.61383e-05 1.46454e-05 6.3147e-06 2.15195e-06 7.91969e-07 3.02266e-07 1.02102e-07 3.51742e-08 0 0 0 0 0 0 0 0 0 0 0 0 0 0 0 0 0 0 0 0 0 0 0 0 0 0 0 0 0 0 0 0 0 0 0 0 0 0 0 0 0 0 0 0 0 0 0
141151 140227 137757 109021 109021 74389.8 74389.8 63334.8 44869.1 35591.1 17524.6 14338.2 6893.79 4212.36 3413.67 2682.45 1476.73 1131.71 692.118 492.425 292.088 147.845 81.5241 38.855 25.2529 13.8501 8.51045 5.31517 2.77893 1.25899 0.904266 0.439633 0.194145 0.0681251 0.0455684 0.022917 0.0126755 0.00510376 0.00265259 0.000215029 7.71985e-05 2.52976e-05 6.75409e-06 1.87407e-06 8.73464e-07 3.06645e-07 5.94405e-08 2.77219e-08 0 0 0 0 0 0 0 0 0 0 0 0 0 0 0 0 0 0 0 0 0 0 0 0 0 0 0 0 0 0 0 0 0 0 0 0 0 0 0 0 0 0 0 0 0 0 0
151373 124797 101243 76317.3 76317.3 62988 62341.4 37752 22443 22443 16997.5 10786.6 7953.27 6106.59 3463.88 2528.94 1515.25 1064.02 599.737 420.443 255.49 110.49 91.4094 50.4796 32.5826 10.2787 10.2787 4.45403 2.30018 1.33114 0.727725 0.406302 0.1571 0.0814492 0.0402473 0.0248701 0.0129926 0.00433073 0.00284859 0.000261253 8.32392e-05 2.50165e-05 9.78932e-06 3.04345e-06 1.1783e-06 3.51701e-07 1.06363e-07 2.39862e-08 1.06069e-08 0 0 0 0 0 0 0 0 0 0 0 0 0 0 0 0 0 0 0 0 0 0 0 0 0 0 0 0 0 0 0 0 0 0 0 0 0 0 0 0 0 0 0 0 0 0
152871 96411.5 96411.5 96411.5 92259.3 83251.3 62814.7 46900.5 33332.5 29909.4 20661.1 14410.5 5385.76 5385.76 3347.8 3207.79 1619.68 1389.23 946.373 559.426 271.119 177.358 93.7345 44.6095 27.2786 12.225 10.1255 6.32722 3.75548 2.22793 0.994891 0.453208 0.265825 0.129678 0.0349166 0.0305103 0.014104 0.00811892 0.00410211 0.000313338 0.000121702 2.94624e-05 1.08871e-05 4.15534e-06 1.34321e-06 4.69086e-07 1.62414e-07 4.90636e-08 1.90123e-08 0 0 0 0 0 0 0 0 0 0 0 0 0 0 0 0 0 0 0 0 0 0 0 0 0 0 0 0 0 0 0 0 0 0 0 0 0 0 0 0 0 0 0 0 0 0
128717 102009 102009 85330.6 84785.6 66560.4 60597.1 40086.3 32936.2 22425.6 17185.3 8532.61 7837.61 4293.51 3098.13 1501.07 1501.07 789.94 636.372 229.08 214.203 140.612 65.9775 42.5156 24.283 12.0527 8.66931 3.87124 2.09555 0.71767 0.530955 0.203793 0.161511 0.0786472 0.0346666 0.0178957 0.00988182 0.0037198 0.00162833 0.000228437 7.34086e-05 2.19789e-05 8.70308e-06 2.96092e-06 1.12465e-06 3.48551e-07 1.02411e-07 3.51505e-08 1.11654e-08 0 0 0 0 0 0 0 0 0 0 0 0 0 0 0 0 0 0 0 0 0 0 0 0 0 0 0 0 0 0 0 0 0 0 0 0 0 0 0 0 0 0 0 0 0 0
155293 133785 133785 80733.6 80733.6 80733.6 60847.8 42608 42608 31232.3 18750.3 10603.3 10603.3 6690.52 5081.16 2579.91 2177.8 1337.75 686.521 303.967 214.758 188.31 105.447 52.5018 25.7478 18.4448 9.599 4.86025 2.45214 1.49073 0.634024 0.375135 0.205421 0.0832113 0.0421658 0.0247598 0.0122972 0.00608992 0.00251977 0.000283628 8.32344e-05 2.90106e-05 8.44908e-06 1.90456e-06 5.95376e-07 1.89108e-07 4.08511e-08 1.74471e-08 0 0 0 0 0 0 0 0 0 0 0 0 0 0 0 0 0 0 0 0 0 0 0 0 0 0 0 0 0 0 0 0 0 0 0 0 0 0 0 0 0 0 0 0 0 0 0
175251 111509 111509 107025 104142 64649.9 64649.9 59910.2 45319.1 31981.1 21365 15155.9 10969.1 5710.26 5710.26 4203.03 2542.03 773.907 678.901 617.217 302.039 180.505 122.218 71.767 36.1929 23.2158 9.81595 5.0693 3.07712 1.55747 0.813671 0.41607 0.250526 0.12361 0.0584805 0.0170018 0.00642971 0.00539493 0.0021423 0.000357814 9.9087e-05 2.58809e-05 7.88552e-06 2.54702e-06 9.70805e-07 3.12076e-07 1.19455e-07 3.33847e-08 1.37871e-08 0 0 0 0 0 0 0 0 0 0 0 0 0 0 0 0 0 0 0 0 0 0 0 0 0 0 0 0 0 0 0 0 0 0 0 0 0 0 0 0 0 0 0 0 0 0
166917 141643 124078 118712 86313.3 67653.8 55474.2 47400.9 31599.2 24887.3 14400.9 9786.14 8265.08 5449.39 3528.09 1984.88 1187.69 1013.86 802.046 458.346 255.259 155.733 92.1415 40.6044 26.7527 13.9119 7.45851 4.76114 2.02208 1.0535 0.600178 0.361633 0.127371 0.0759062 0.0459929 0.0179689 0.00966942 0.0050868 0.00226706 0.000251375 7.20233e-05 2.22474e-05 1.09223e-05 4.98239e-06 1.89463e-06 5.69571e-07 2.3756e-07 9.00159e-08 2.33089e-08 1.04948e-08 0 0 0 0 0 0 0 0 0 0 0 0 0 0 0 0 0 0 0 0 0 0 0 0 0 0 0 0 0 0 0 0 0 0 0 0 0 0 0 0 0 0 0 0 0
127461 127461 127461 86207.2 77871.7 77871.7 71169.3 46584.6 37099.3 23964.8 15686.2 11257.4 8760.17 5111.37 3926.46 2273.56 1731.63 1290.92 948.47 327.324 235.017 139.182 75.909 47.2289 28.6336 14.7932 7.84202 4.1591 2.4595 1.33351 0.75045 0.481139 0.210958 0.0789419 0.0408586 0.0171378 0.0114599 0.00556658 0.00301054 0.000312415 8.51899e-05 2.84181e-05 7.85171e-06 3.24467e-06 6.57189e-07 2.86123e-07 9.36855e-08 2.64233e-08 0 0 0 0 0 0 0 0 0 0 0 0 0 0 0 0 0 0 0 0 0 0 0 0 0 0 0 0 0 0 0 0 0 0 0 0 0 0 0 0 0 0 0 0 0 0 0
134582 134582 97581.8 86161.7 84727.7 61548.5 46902.4 46902.4 42665.7 25626.8 24130.9 16344.7 12036.4 8120.37 5704.93 3407.8 2469.82 1663.59 1138.31 525.387 172.262 151.076 86.2816 55.049 32.9742 20.003 12.091 6.07619 2.72501 1.59271 0.747736 0.464943 0.211193 0.10741 0.0465307 0.0212509 0.0109323 0.00509802 0.00142272 0.000259367 7.16442e-05 2.24953e-05 7.03525e-06 1.91017e-06 6.16785e-07 2.95279e-07 7.89483e-08 2.04722e-08 0 0 0 0 0 0 0 0 0 0 0 0 0 0 0 0 0 0 0 0 0 0 0 0 0 0 0 0 0 0 0 0 0 0 0 0 0 0 0 0 0 0 0 0 0 0 0
111869 98799.1 97178.5 80830 60825.1 60825.1 60825.1 42676.1 37076.4 22521.6 22521.6 14229.5 10127.5 4326.34 4326.34 3355.3 1903.8 1668.73 882.935 521.96 216.033 185.084 96.4056 43.8985 36.52 17.0055 9.93621 5.23677 2.96142 1.44199 0.848184 0.32912 0.173139 0.0777553 0.0456644 0.0174965 0.00768022 0.00530471 0.0021717 0.000184962 3.05828e-05 1.71242e-05 7.50805e-06 2.86639e-06 1.42701e-06 5.09621e-07 1.23081e-07 3.48674e-08 0 0 0 0 0 0 0 0 0 0 0 0 0 0 0 0 0 0 0 0 0 0 0 0 0 0 0 0 0 0 0 0 0 0 0 0 0 0 0 0 0 0 0 0 0 0 0
150212 123179 89589.9 89589.9 89589.9 83257.3 71631 41697.9 36902.7 20924.6 18462.7 10795.5 7686.78 5709.49 4046.76 2846.75 1707.49 1211.23 889.415 587.414 209.289 187.42 74.68 61.9987 33.8375 16.1632 9.38655 4.57759 2.73892 1.29567 0.816686 0.363303 0.197948 0.109224 0.0541507 0.0164469 0.0134855 0.00826812 0.00249893 0.000286798 9.99524e-05 2.47747e-05 6.55404e-06 2.27635e-06 6.97369e-07 1.94332e-07 5.88958e-08 2.34084e-08 0 0 0 0 0 0 0 0 0 0 0 0 0 0 0 0 0 0 0 0 0 0 0 0 0 0 0 0 0 0 0 0 0 0 0 0 0 0 0 0 0 0 0 0 0 0 0
146651 116129 116129 47904.7 47904.7 47904.7 47904.7 47904.7 42361.8 24187.6 21537.7 15295.2 8166.82 6800.27 4842.62 2551.34 1710.97 1295.18 821.048 511.225 195.638 122.957 95.6794 44.1417 24.5076 15.3708 6.24609 5.29802 2.61662 1.47693 0.773597 0.347508 0.161842 0.0937178 0.0563573 0.0255746 0.0115285 0.00462957 0.00261829 0.000224117 0.000101907 3.23519e-05 1.02132e-05 4.5263e-06 1.61399e-06 5.35889e-07 1.63028e-07 4.02918e-08 1.43766e-08 0 0 0 0 0 0 0 0 0 0 0 0 0 0 0 0 0 0 0 0 0 0 0 0 0 0 0 0 0 0 0 0 0 0 0 0 0 0 0 0 0 0 0 0 0 0
153166 122014 111916 98874.8 70256.4 70256.4 65665.7 50428.8 24513 24094.1 15747.2 13367.1 8226.69 5361.01 3837.84 1496 1496 898.728 753.911 314.336 208.878 133.336 82.1856 32.6201 30.3126 14.0472 7.4933 3.97588 2.44125 1.06934 0.723179 0.350516 0.140188 0.0787264 0.0485172 0.0214628 0.0113958 0.00552065 0.00239348 0.000165592 6.70733e-05 2.40756e-05 7.29577e-06 2.02459e-06 8.4879e-07 4.03593e-07 1.29945e-07 3.98641e-08 1.3152e-08 0 0 0 0 0 0 0 0 0 0 0 0 0 0 0 0 0 0 0 0 0 0 0 0 0 0 0 0 0 0 0 0 0 0 0 0 0 0 0 0 0 0 0 0 0 0
132248 132248 102921 68437.5 68437.5 68437.5 68437.5 49155.5 29226.1 27793.9 16103.8 11819.6 10113.1 7377.43 5153.44 2729.45 2136.54 1400.6 724.334 502.21 352.545 151.227 97.428 51.9625 35.8172 14.489 8.19483 6.06859 2.23619 1.6651 0.87214 0.360859 0.185372 0.0958348 0.0401641 0.0229874 0.0102448 0.00501568 0.00195414 0.000229333 7.56552e-05 1.43696e-05 4.74303e-06 1.82497e-06 6.29728e-07 2.50194e-07 1.15598e-07 3.23242e-08 1.17466e-08 0 0 0 0 0 0 0 0 0 0 0 0 0 0 0 0 0 0 0 0 0 0 0 0 0 0 0 0 0 0 0 0 0 0 0 0 0 0 0 0 0 0 0 0 0 0
123555 123555 123555 94713.8 93435.3 64909.8 51219.9 40771.2 27143.9 16898 12111.8 8139.96 6697.94 4706.45 2877.32 2122.03 1309.29 736.65 604.767 340.279 172.491 109.032 73.078 39.4111 24.891 12.3812 4.41956 4.10721 1.91632 1.0711 0.609731 0.36351 0.135366 0.0901957 0.0509827 0.025079 0.0114297 0.00489084 0.00223231 0.000177745 6.813e-05 2.45347e-05 5.40072e-06 2.09766e-06 5.73967e-07 1.8787e-07 3.84227e-08 1.25141e-08 0 0 0 0 0 0 0 0 0 0 0 0 0 0 0 0 0 0 0 0 0 0 0 0 0 0 0 0 0 0 0 0 0 0 0 0 0 0 0 0 0 0 0 0 0 0 0
162063 114230 114230 96968.6 92025.5 87168.4 61572.4 60085.3 45936 32002.7 27443.4 14749 9756.45 9289.42 4369.32 2696.23 2185.09 1449.62 805.496 435.73 258.41 151.09 84.0461 57.2516 29.1156 13.0856 8.38713 3.51657 2.19037 1.29877 0.740405 0.296822 0.192312 0.0920619 0.0348352 0.01631 0.0114344 0.00509111 0.00233375 0.000243745 0.000106768 3.89139e-05 1.41992e-05 5.22875e-06 1.81553e-06 6.03458e-07 1.64168e-07 7.07468e-08 2.71652e-08 0 0 0 0 0 0 0 0 0 0 0 0 0 0 0 0 0 0 0 0 0 0 0 0 0 0 0 0 0 0 0 0 0 0 0 0 0 0 0 0 0 0 0 0 0 0
136244 124390 118878 98009.8 54628 54628 54146.2 39577.1 32753.3 18057.3 17146.8 7210.79 7210.79 4696.92 3910.14 2118.56 1719.6 894.343 695.047 416.93 253.961 147.866 107.772 49.408 28.0419 12.7034 4.7153 3.2971 2.23639 1.34651 0.80401 0.368637 0.15564 0.0945561 0.0466932 0.0260975 0.0131506 0.00733769 0.0035026 0.000314362 9.66746e-05 2.84533e-05 1.08006e-05 2.79252e-06 1.08741e-06 3.17638e-07 8.44473e-08 3.10739e-08 0 0 0 0 0 0 0 0 0 0 0 0 0 0 0 0 0 0 0 0 0 0 0 0 0 0 0 0 0 0 0 0 0 0 0 0 0 0 0 0 0 0 0 0 0 0 0
140300 115442 101691 100592 85455.4 80896.6 67130.7 45525.3 27893.7 27893.7 23061.7 13733.6 8717.73 6378.24 4679.8 3634.26 2064.92 880.681 751.263 470.269 273.818 169.27 85.4407 52.0488 27.7865 14.674 9.34865 6.2439 2.57242 1.95511 0.908299 0.438708 0.230345 0.105778 0.0599238 0.0280669 0.0150317 0.0073104 0.00392332 0.000316449 0.000133906 3.57048e-05 1.03452e-05 3.86335e-06 1.18109e-06 3.99355e-07 1.27092e-07 2.82625e-08 0 0 0 0 0 0 0 0 0 0 0 0 0 0 0 0 0 0 0 0 0 0 0 0 0 0 0 0 0 0 0 0 0 0 0 0 0 0 0 0 0 0 0 0 0 0 0
175374 119968 119762 119762 87130 79716 71347.6 51904.7 39520.8 29361 22304 13989.1 10613.7 7098.85 4312.37 3484.74 1968.91 1502.14 817.613 414.278 337.354 177.573 103.451 63.591 27.6253 17.0936 8.87049 4.49804 2.42377 1.40502 0.571818 0.362099 0.237709 0.0896969 0.0331064 0.0220546 0.0125357 0.00331076 0.00252141 0.000298039 0.000106875 4.21482e-05 1.25357e-05 4.6443e-06 1.66794e-06 5.73675e-07 1.62301e-07 5.37967e-08 1.57337e-08 0 0 0 0 0 0 0 0 0 0 0 0 0 0 0 0 0 0 0 0 0 0 0 0 0 0 0 0 0 0 0 0 0 0 0 0 0 0 0 0 0 0 0 0 0 0
153897 138177 69596.4 69596.4 69596.4 64336.5 62195.4 53340.7 37323.7 24309.7 22365.1 13957.2 10404.6 6376.74 5458.07 2758.75 1903.23 1275.08 693.555 424.516 317.584 177.151 103.74 48.5026 30.1224 14.0933 9.21494 5.04876 2.15912 1.65502 0.796336 0.412246 0.170571 0.119946 0.045549 0.0236456 0.0169955 0.00714072 0.00436288 0.000384107 0.000111122 3.16273e-05 1.13735e-05 3.69627e-06 9.73222e-07 3.77294e-07 1.46229e-07 3.74102e-08 1.20212e-08 0 0 0 0 0 0 0 0 0 0 0 0 0 0 0 0 0 0 0 0 0 0 0 0 0 0 0 0 0 0 0 0 0 0 0 0 0 0 0 0 0 0 0 0 0 0
155939 148982 121478 91770.4 91770.4 86585.7 63787.9 49192.2 39666.4 31086 23381 13970.1 12180.3 7586.96 4047.83 3140.55 1990.03 1279.58 1003.27 540.439 285.399 166.637 94.208 61.7272 20.7066 9.90023 8.72167 5.05162 2.25533 1.31114 0.609027 0.419468 0.136566 0.0835409 0.0424559 0.0211526 0.0122558 0.00583053 0.00369769 0.000275754 9.82e-05 3.52899e-05 1.06071e-05 3.68458e-06 9.83585e-07 4.12505e-07 1.02002e-07 2.53274e-08 0 0 0 0 0 0 0 0 0 0 0 0 0 0 0 0 0 0 0 0 0 0 0 0 0 0 0 0 0 0 0 0 0 0 0 0 0 0 0 0 0 0 0 0 0 0 0
125723 125723 125723 97557.6 82614.2 60051.5 60051.5 32932.3 32932.3 28551.4 17180.1 13677.4 8407.94 6049.96 4349.98 2211.28 1712.18 1241.05 838.449 499.755 296.948 129.547 85.8223 45.1388 31.8989 14.0001 9.12556 5.30292 2.47297 1.23035 0.432858 0.423944 0.180158 0.110608 0.0518636 0.0284216 0.0131551 0.00556316 0.0031031 0.000252606 9.25142e-05 3.09298e-05 1.1797e-05 4.37993e-06 1.48719e-06 4.31083e-07 1.67734e-07 5.46373e-08 1.89792e-08 0 0 0 0 0 0 0 0 0 0 0 0 0 0 0 0 0 0 0 0 0 0 0 0 0 0 0 0 0 0 0 0 0 0 0 0 0 0 0 0 0 0 0 0 0 0
115551 115551 115551 84291.1 54067 54067 43700.2 43700.2 32196 18410.8 15275.3 10359.6 8109.57 5131.07 3617.26 2679.44 1539.48 1215.34 789.066 578.469 269.93 163.35 73.0039 52.0032 26.4593 18.5197 6.31667 4.47677 2.66681 1.58763 1.00454 0.395369 0.242138 0.100033 0.0383619 0.0231131 0.0143279 0.00709173 0.00239358 0.000255981 8.56736e-05 3.01687e-05 9.32499e-06 4.37945e-06 1.68363e-06 7.37843e-07 2.6796e-07 1.00829e-07 2.43152e-08 0 0 0 0 0 0 0 0 0 0 0 0 0 0 0 0 0 0 0 0 0 0 0 0 0 0 0 0 0 0 0 0 0 0 0 0 0 0 0 0 0 0 0 0 0 0
154775 71240.4 71240.4 68636.1 68636.1 54960.2 49589.6 49376.5 31031.6 20049.1 18140.6 10537.2 7135.12 5756.69 3592.31 2487.85 1575.95 1043.77 642.397 391.612 267.455 112.98 63.932 35.3836 21.4209 11.0349 6.5587 3.04358 1.59611 0.919032 0.468786 0.247209 0.112181 0.0782312 0.031682 0.0132415 0.0086149 0.00517635 0.00188832 0.000243945 7.69113e-05 2.3319e-05 1.14343e-05 4.30228e-06 8.58684e-07 3.03394e-07 1.00165e-07 2.99681e-08 1.01267e-08 0 0 0 0 0 0 0 0 0 0 0 0 0 0 0 0 0 0 0 0 0 0 0 0 0 0 0 0 0 0 0 0 0 0 0 0 0 0 0 0 0 0 0 0 0 0
157123 157123 112421 107397 95041.5 61205.1 53712.4 44928.1 29734.5 25903.8 18297.1 13953.4 9108.03 6042.05 4362.47 3063.63 1311.33 1135.61 736.526 347.58 297.898 164.374 88.1704 48.5623 23.3452 11.5134 8.19431 3.93921 2.0464 1.05163 0.525041 0.42932 0.194024 0.0850758 0.0543703 0.0349992 0.0132496 0.00589688 0.00340127 0.000340756 0.000116973 4.18417e-05 1.41281e-05 5.10578e-06 1.92813e-06 6.41364e-07 2.55227e-07 6.47491e-08 2.21134e-08 0 0 0 0 0 0 0 0 0 0 0 0 0 0 0 0 0 0 0 0 0 0 0 0 0 0 0 0 0 0 0 0 0 0 0 0 0 0 0 0 0 0 0 0 0 0
151006 151006 128499 86389.5 86389.5 63450.2 59435.7 47836.7 42253.5 27983.8 18326 11928.8 6903.45 6903.45 3944.28 2583.16 1995.65 1050.38 749.974 483.696 261.87 141.538 73.9691 40.7342 28.3589 15.4725 7.03778 4.6675 2.96849 1.24351 0.813604 0.427667 0.244721 0.138999 0.053246 0.0307393 0.0167883 0.00714674 0.00257159 0.000352972 8.64796e-05 3.80576e-05 2.02685e-05 5.61362e-06 2.61995e-06 6.94461e-07 2.1613e-07 5.93113e-08 1.67602e-08 0 0 0 0 0 0 0 0 0 0 0 0 0 0 0 0 0 0 0 0 0 0 0 0 0 0 0 0 0 0 0 0 0 0 0 0 0 0 0 0 0 0 0 0 0 0
152281 121862 109269 91362.2 91362.2 73280.4 60313.1 38131.3 35419.3 24936.4 16861.2 13740.3 8632.02 5361.8 2798.4 2455.45 1359.58 1171.36 626.269 429.111 285.588 180.148 122.786 69.5708 34.0874 20.4472 8.85851 4.07271 2.53913 1.45157 0.804021 0.443205 0.212082 0.100809 0.0523558 0.0264185 0.0126625 0.00553188 0.00345612 0.000277084 8.11942e-05 2.78251e-05 8.77174e-06 2.59467e-06 9.68823e-07 3.77504e-07 1.25102e-07 4.08819e-08 1.0738e-08 0 0 0 0 0 0 0 0 0 0 0 0 0 0 0 0 0 0 0 0 0 0 0 0 0 0 0 0 0 0 0 0 0 0 0 0 0 0 0 0 0 0 0 0 0 0
188963 137948 90574.7 90574.7 82178.8 82178.8 77352.5 49623.4 45189.1 27310.2 18910.6 12951 8922.79 5625.93 4298.14 2574.28 1115.46 1113.63 729.72 371.086 247.689 134.256 75.819 39.3135 20.4227 16.0254 8.58579 4.39646 2.29089 1.59511 0.496072 0.353592 0.204698 0.0907068 0.0446843 0.0254898 0.0100716 0.00516207 0.00294744 0.000236826 7.40511e-05 2.94589e-05 9.34092e-06 2.54767e-06 7.68815e-07 1.97357e-07 6.70985e-08 2.39433e-08 0 0 0 0 0 0 0 0 0 0 0 0 0 0 0 0 0 0 0 0 0 0 0 0 0 0 0 0 0 0 0 0 0 0 0 0 0 0 0 0 0 0 0 0 0 0 0
136583 79973.6 79973.6 79973.6 79973.6 65770.1 61273 46500.1 36058.1 30733.9 21502.4 11992.7 8578.7 6719.43 3351.57 2846.8 1337.29 1096.1 738.187 394.207 312.081 178.407 97.5168 64.7571 39.5523 18.0037 7.78397 5.66638 3.1368 1.6167 0.74825 0.359942 0.194609 0.124393 0.0702145 0.0312069 0.0166058 0.00589058 0.00382039 0.000349876 8.78018e-05 4.32964e-05 1.37245e-05 4.36727e-06 1.10788e-06 4.08543e-07 1.53377e-07 4.73412e-08 1.5863e-08 0 0 0 0 0 0 0 0 0 0 0 0 0 0 0 0 0 0 0 0 0 0 0 0 0 0 0 0 0 0 0 0 0 0 0 0 0 0 0 0 0 0 0 0 0 0
173469 116555 116555 109786 95448.5 86193.5 72482.2 53975.7 45202.3 28795.2 17905.5 16216.2 10290.7 4785.45 4785.45 2358.47 2077.26 1162.16 972.204 495.98 362.115 152.39 55.6191 55.6191 28.4531 20.8792 8.80224 5.52664 2.66088 1.28229 0.742361 0.257101 0.23177 0.0991244 0.0552152 0.0225811 0.0135097 0.0064014 0.00293582 0.000300312 8.16301e-05 3.39009e-05 1.31938e-05 4.94628e-06 1.85147e-06 5.4091e-07 1.78204e-07 4.93461e-08 1.76979e-08 0 0 0 0 0 0 0 0 0 0 0 0 0 0 0 0 0 0 0 0 0 0 0 0 0 0 0 0 0 0 0 0 0 0 0 0 0 0 0 0 0 0 0 0 0 0
107462 80683.8 80683.8 79623.7 79623.7 66195.8 46366.8 39781.1 33761.5 28492.8 18800.4 11338.6 8704.57 4923.23 2632.15 2137.27 1908.2 1119.49 871.748 428.456 292.799 144.51 80.876 45.33 24.925 14.5554 10.333 5.73425 2.94371 1.6702 0.81272 0.45263 0.156521 0.0901367 0.0563319 0.0276144 0.0133134 0.00804031 0.00329969 0.000302203 0.000115428 3.70951e-05 1.05856e-05 4.11103e-06 1.35631e-06 4.51972e-07 7.52968e-08 2.88208e-08 0 0 0 0 0 0 0 0 0 0 0 0 0 0 0 0 0 0 0 0 0 0 0 0 0 0 0 0 0 0 0 0 0 0 0 0 0 0 0 0 0 0 0 0 0 0 0
167519 118012 109339 80801.1 80801.1 80801.1 49851.5 49851.5 38847.6 31486.8 27241.2 16411.8 12480.6 7292.44 5522.99 4280.85 2180.18 2051.06 1081.35 737.92 436.356 215.737 141.766 94.1325 41.5049 23.6682 13.2347 5.82147 3.51237 2.53524 1.14568 0.566688 0.232029 0.198134 0.0572734 0.0432979 0.0191779 0.0113197 0.00532394 0.000527033 0.00012641 7.06722e-05 1.73533e-05 6.91158e-06 2.34124e-06 9.60895e-07 2.28185e-07 8.35901e-08 2.9116e-08 1.11193e-08 0 0 0 0 0 0 0 0 0 0 0 0 0 0 0 0 0 0 0 0 0 0 0 0 0 0 0 0 0 0 0 0 0 0 0 0 0 0 0 0 0 0 0 0 0
146531 104332 104332 98387.8 83055.8 64800.1 47959.3 47959.3 34341.7 29028.3 18319.6 14123.1 6651.95 6022.26 4183.65 2998.86 1913.04 1004.09 566.373 394.328 260.226 139.038 82.0119 51.5701 29.6253 12.1608 8.3808 4.36682 1.58975 1.11433 0.664661 0.278868 0.173115 0.0869442 0.0389005 0.0204007 0.0112778 0.00494859 0.00242012 0.0002633 0.000118268 3.8967e-05 1.07644e-05 3.92497e-06 1.26027e-06 4.61319e-07 1.35182e-07 4.37557e-08 1.20606e-08 0 0 0 0 0 0 0 0 0 0 0 0 0 0 0 0 0 0 0 0 0 0 0 0 0 0 0 0 0 0 0 0 0 0 0 0 0 0 0 0 0 0 0 0 0 0
125170 117599 80398.5 80398.5 80398.5 73319.6 52919 50901.9 39857.6 23868.2 14210.8 13562.3 8658.02 5366.11 3478.36 2538.17 1562.73 1112.99 479.173 319.209 262.8 140.914 79.568 35.7824 23.9717 11.1478 5.63248 2.90196 1.90704 1.04264 0.423586 0.326143 0.150395 0.0857135 0.0347973 0.0196953 0.00853285 0.00349748 0.00229602 0.000221915 8.32517e-05 2.43056e-05 9.48515e-06 2.75886e-06 9.89041e-07 3.1515e-07 9.17848e-08 3.01219e-08 0 0 0 0 0 0 0 0 0 0 0 0 0 0 0 0 0 0 0 0 0 0 0 0 0 0 0 0 0 0 0 0 0 0 0 0 0 0 0 0 0 0 0 0 0 0 0
156274 156274 128985 119718 94215.6 79094 79094 61509 60094.2 48252.5 32472.4 21865 15506 10760 5572.76 4118.93 3015.69 1973.31 1131.63 619.05 416.367 160.8 137.258 86.9516 41.0148 19.8582 10.1827 6.25365 2.87319 2.00495 0.840566 0.573204 0.23461 0.125338 0.0812418 0.0320315 0.0139471 0.00510203 0.00320349 0.000287368 9.81964e-05 2.89639e-05 9.90705e-06 2.97333e-06 8.98622e-07 2.22616e-07 9.9667e-08 3.44435e-08 1.30718e-08 0 0 0 0 0 0 0 0 0 0 0 0 0 0 0 0 0 0 0 0 0 0 0 0 0 0 0 0 0 0 0 0 0 0 0 0 0 0 0 0 0 0 0 0 0 0
135383 104862 104862 91616.8 91616.8 80626.7 58312.5 48843.6 48843.6 35105.8 27238.5 19920.5 14965.2 8783.54 5612.77 4025.96 2596.04 2129.11 1017.11 766.166 343.119 248.741 149.213 57.9907 36.5902 23.8205 17.6468 8.35403 5.09338 1.7118 1.29552 0.509863 0.409468 0.176902 0.0991607 0.0472416 0.0234468 0.0102057 0.00440642 0.00055451 0.000147385 4.8873e-05 2.23936e-05 6.01703e-06 2.05933e-06 5.76715e-07 1.52115e-07 4.3072e-08 1.24111e-08 0 0 0 0 0 0 0 0 0 0 0 0 0 0 0 0 0 0 0 0 0 0 0 0 0 0 0 0 0 0 0 0 0 0 0 0 0 0 0 0 0 0 0 0 0 0
160787 118613 118613 103664 71309.8 57170.9 51777.7 37105.1 26161.7 16783.3 13982.4 10037.7 5801.56 5324.67 2802.06 2023.91 1235.02 683.984 572.84 258.439 245.801 89.3952 68.8 42.1092 25.5313 13.4337 6.05142 4.20322 2.16393 1.18533 0.674663 0.381573 0.191034 0.0864398 0.0352993 0.0224847 0.0113563 0.00490799 0.00271578 0.000408436 0.000145547 4.70655e-05 7.52959e-06 3.72106e-06 1.09292e-06 3.61374e-07 1.57853e-07 4.71009e-08 1.92545e-08 0 0 0 0 0 0 0 0 0 0 0 0 0 0 0 0 0 0 0 0 0 0 0 0 0 0 0 0 0 0 0 0 0 0 0 0 0 0 0 0 0 0 0 0 0 0
132583 123159 112537 101404 89527.8 74806.3 66480.3 53489.1 45205.4 40309 21184.2 17169.5 10932.3 8584.89 5964.93 4322.12 2976.24 1645.76 1116.1 707.202 551.425 196.27 138.403 87.56 49.1118 22.5275 14.8262 5.45796 3.90422 2.25851 1.35826 0.698875 0.289719 0.137176 0.0939341 0.031931 0.0185713 0.00689186 0.00481865 0.000451763 0.000192006 4.36031e-05 1.20173e-05 5.64429e-06 1.65442e-06 4.13988e-07 1.45472e-07 4.01491e-08 1.01039e-08 0 0 0 0 0 0 0 0 0 0 0 0 0 0 0 0 0 0 0 0 0 0 0 0 0 0 0 0 0 0 0 0 0 0 0 0 0 0 0 0 0 0 0 0 0 0
169538 135110 124878 73490.1 73490.1 66726 47812.5 35477.2 28719.6 18805 16154.6 11461.9 6609.24 4524.59 3344.97 2117.46 1521.41 926.526 686.307 404.797 237.462 123.286 88.708 56.2436 21.7736 11.7682 8.31107 2.93549 1.80098 1.37359 0.595641 0.417418 0.194142 0.101666 0.0411475 0.0216887 0.0121064 0.00485618 0.00255008 0.00032903 9.79329e-05 2.96054e-05 1.19668e-05 4.39592e-06 1.80408e-06 6.96036e-07 2.42565e-07 7.38257e-08 2.39019e-08 0 0 0 0 0 0 0 0 0 0 0 0 0 0 0 0 0 0 0 0 0 0 0 0 0 0 0 0 0 0 0 0 0 0 0 0 0 0 0 0 0 0 0 0 0 0
96255.7 96255.7 96255.7 96255.7 83061.8 81179 65799.8 43949.6 35221.3 24256.2 16511.1 12720.1 9573.59 5091.67 4824.28 2472.75 2012.15 946.361 867.141 385.708 211.236 130.697 63.054 41.3761 30.718 14.9152 8.36212 2.65268 2.26809 1.4008 0.788117 0.264762 0.135114 0.0971998 0.0409242 0.0263231 0.00918698 0.00445165 0.00294539 0.000217165 9.59866e-05 3.60946e-05 8.92677e-06 3.32433e-06 1.47171e-06 5.13813e-07 1.50141e-07 4.11915e-08 1.29975e-08 0 0 0 0 0 0 0 0 0 0 0 0 0 0 0 0 0 0 0 0 0 0 0 0 0 0 0 0 0 0 0 0 0 0 0 0 0 0 0 0 0 0 0 0 0 0
162865 123680 90054.7 90054.7 73188.7 73188.7 59395.4 51025.7 38927.6 32476.3 17168.6 13496.2 10133.1 5979.53 4085.96 2577.11 1609.16 1334.77 714.194 450.662 189.342 158.114 77.3959 61.4257 28.3693 11.37 8.56895 4.02231 2.35041 1.07315 0.636056 0.340405 0.138772 0.0772382 0.044131 0.0207382 0.00959499 0.00586784 0.00149368 0.000209935 7.8325e-05 2.11818e-05 7.67839e-06 2.14378e-06 9.5747e-07 3.5134e-07 8.02976e-08 2.37337e-08 0 0 0 0 0 0 0 0 0 0 0 0 0 0 0 0 0 0 0 0 0 0 0 0 0 0 0 0 0 0 0 0 0 0 0 0 0 0 0 0 0 0 0 0 0 0 0
192213 153138 132151 100773 83075.5 66958.6 39910.9 33353.1 30043.4 19490.8 15170.4 10449.1 8576.81 5261.88 3610.46 2729.63 1448.86 974.301 607.45 326.909 248.778 157.981 75.7663 46.2169 31.1469 15.5839 8.96506 4.71355 2.27916 1.56256 0.688142 0.341773 0.200896 0.0860783 0.0502253 0.020713 0.0127434 0.00524725 0.00298745 0.000246404 6.38294e-05 2.09135e-05 5.49956e-06 2.70075e-06 8.58468e-07 3.4479e-07 1.28016e-07 4.77793e-08 1.73467e-08 0 0 0 0 0 0 0 0 0 0 0 0 0 0 0 0 0 0 0 0 0 0 0 0 0 0 0 0 0 0 0 0 0 0 0 0 0 0 0 0 0 0 0 0 0 0
170906 107915 107915 81756.3 81756.3 56318.9 50648 50648 38607.5 29345.6 18100.4 17888 12370.3 9974.95 5962.73 4379.91 2380.2 1549.56 1253.23 758.425 432.825 286.835 160.676 84.7383 42.5993 24.545 13.5884 7.72159 4.02785 2.0847 1.11577 0.425129 0.28471 0.164704 0.0745866 0.0261439 0.0164579 0.00897611 0.00431186 0.000383918 0.000125267 3.84943e-05 1.81111e-05 5.83482e-06 2.22682e-06 7.48776e-07 1.67621e-07 6.35476e-08 1.95857e-08 0 0 0 0 0 0 0 0 0 0 0 0 0 0 0 0 0 0 0 0 0 0 0 0 0 0 0 0 0 0 0 0 0 0 0 0 0 0 0 0 0 0 0 0 0 0
182678 145704 126320 105673 92362.5 85000.4 58184.1 47294.4 24703.6 24703.6 14588 12905.3 9673 6927.25 3826.15 2102.97 1406.73 884.369 595.119 543.996 237.458 144.417 82.3389 50.4001 25.6777 15.1486 10.0062 4.04696 3.04143 1.56552 0.918409 0.435017 0.225675 0.130803 0.0559497 0.0221388 0.010673 0.00629103 0.00236429 0.000315822 9.18375e-05 2.72635e-05 9.6203e-06 2.63376e-06 7.46221e-07 2.1297e-07 6.98536e-08 2.18475e-08 0 0 0 0 0 0 0 0 0 0 0 0 0 0 0 0 0 0 0 0 0 0 0 0 0 0 0 0 0 0 0 0 0 0 0 0 0 0 0 0 0 0 0 0 0 0 0
133841 133841 122221 70000.9 66873.1 63591.7 63591.7 45098.1 34956.8 25410.3 23636.7 13462.6 8411.58 6035.7 3561.28 2299.72 1566.12 1193.11 1015.84 469.903 323.056 213.733 84.9426 76.1535 32.2859 14.6058 8.94246 6.2301 3.95845 1.91118 0.876168 0.557158 0.26277 0.132596 0.0764654 0.031895 0.0128523 0.00778263 0.0047185 0.000334232 0.000133229 4.07346e-05 1.67984e-05 6.45703e-06 2.18714e-06 5.17598e-07 2.75676e-07 8.19909e-08 2.85549e-08 0 0 0 0 0 0 0 0 0 0 0 0 0 0 0 0 0 0 0 0 0 0 0 0 0 0 0 0 0 0 0 0 0 0 0 0 0 0 0 0 0 0 0 0 0 0
158140 126599 116552 108450 81485.5 81485.5 56366.1 48025 42706.8 30856.7 19218.9 15463.4 6816.34 6148.17 4340.42 3088.38 2193.64 1318.02 909.092 308.172 308.172 153.884 78.4236 52.597 24.2339 15.8781 8.6354 5.1352 2.98353 1.78227 0.853263 0.536167 0.252082 0.113806 0.0772999 0.0376978 0.0208432 0.00818629 0.00460884 0.00047171 0.000119196 4.19815e-05 1.34099e-05 3.37909e-06 1.29329e-06 3.76833e-07 1.25025e-07 5.11699e-08 1.34921e-08 0 0 0 0 0 0 0 0 0 0 0 0 0 0 0 0 0 0 0 0 0 0 0 0 0 0 0 0 0 0 0 0 0 0 0 0 0 0 0 0 0 0 0 0 0 0
