644.269 317.918 229.284 128.607 124.432 113.603 113.439 112.178 111.314 109.989 109.859 108.27 103.975 103.975 103.975 103.975 103.975 103.975 103.663 103.627 103.627 103.501 103.428 103.428 102.128 102.03 101.866 101.866 101.866 101.345 101.345 101.345 101.345 101.039 100.852 100.852 100.85 100.61 100.61 100.552 100.552 100.552 100.252 100.197 100.067 100.032 100.006 100.003 100.001 100 100 100 100 100 100 100 100 100 100 100 100 100 100 100 100 100 100 100 100 100 100 100 100 100 100 100 100 100 100 100 100 100 100 100 100 100 100 100 100 100 100 100 100 100 100 100
579.228 274.972 186.781 136.461 120.199 117.027 113.79 112.646 110.876 109.325 108.145 108.145 106.83 105.924 105.924 104.757 104.757 104.757 104.757 104.757 104.757 104.757 104.757 103.687 103.633 103.633 103.339 101.94 101.851 100.782 100.782 100.782 100.782 100.782 100.782 100.646 100.646 100.501 100.241 100.181 100.076 100.037 100.014 100.004 100.001 100 100 100 100 100 100 100 100 100 100 100 100 100 100 100 100 100 100 100 100 100 100 100 100 100 100 100 100 100 100 100 100 100 100 100 100 100 100 100 100 100 100 100 100 100 100 100 100 100 100 100
496.741 254.184 145.839 137.838 125.147 121.968 112.719 112.719 111.417 109.572 109.572 109.46 108.604 107.608 105.801 105.801 105.801 105.772 105.772 103.846 103.55 103.55 103.341 103.341 103.341 103.116 103.116 102.843 102.007 102.007 101.643 101.376 101.294 101.294 100.98 100.98 100.654 100.654 100.576 100.576 100.576 100.576 100.132 100.132 100.132 100.089 100.055 100.023 100.006 100.002 100.001 100 100 100 100 100 100 100 100 100 100 100 100 100 100 100 100 100 100 100 100 100 100 100 100 100 100 100 100 100 100 100 100 100 100 100 100 100 100 100 100 100 100 100 100 100
644.042 242.405 177.132 137.492 117.905 116.678 113.875 112.064 110.801 109.97 107.752 107.752 105.654 105.654 105.654 105.654 105.654 105.654 105.654 105.654 104.427 104.313 104.313 104.313 104.268 104.092 103.331 102.425 102.425 102.425 101.522 101.522 101.522 101.522 101.263 101.263 101.263 101.263 101.263 101.263 101.219 100.647 100.647 100.647 100.56 100.349 100.116 100.045 100.013 100.004 100.001 100 100 100 100 100 100 100 100 100 100 100 100 100 100 100 100 100 100 100 100 100 100 100 100 100 100 100 100 100 100 100 100 100 100 100 100 100 100 100 100 100 100 100 100 100
491.678 383.578 215.573 140.557 122.277 116.594 114.107 111.903 110.675 110.017 109.222 106.867 106.867 106.867 105.402 105.37 105.37 103.984 103.984 103.57 103.57 102.44 102.44 102.44 102.282 102.282 102.282 101.581 101.341 101.341 101.341 101.341 101.195 101.195 100.833 100.46 100.46 100.34 100.285 100.117 100.064 100.025 100.009 100.003 100.001 100 100 100 100 100 100 100 100 100 100 100 100 100 100 100 100 100 100 100 100 100 100 100 100 100 100 100 100 100 100 100 100 100 100 100 100 100 100 100 100 100 100 100 100 100 100 100 100 100 100 100
778.488 203.363 203.363 123.34 121.002 117.987 115.28 113.337 109.607 109.607 109.226 109.226 107.811 106.496 106.167 104.965 104.965 104.965 104.965 104.965 104.965 104.965 103.932 103.932 103.932 103.767 103.767 101.22 101.22 101.22 101.22 101.22 101.22 101.22 101.22 101.22 101.152 101.152 101.14 101.14 101.012 101.012 101.012 100.618 100.503 100.503 100.365 100.154 100.128 100.023 100.014 100.004 100.001 100 100 100 100 100 100 100 100 100 100 100 100 100 100 100 100 100 100 100 100 100 100 100 100 100 100 100 100 100 100 100 100 100 100 100 100 100 100 100 100 100 100 100
568.181 293.628 216.804 132.463 122.192 113.303 113.303 111.483 110.493 110.027 107.691 107.691 106.751 106.751 106.751 106.751 106.143 106.143 106.122 105.723 105.03 104.233 103.343 103.088 103.088 101.845 101.681 101.681 101.536 101.205 101.064 100.891 100.891 100.798 100.635 100.635 100.635 100.635 100.635 100.496 100.462 100.373 100.201 100.09 100.018 100.006 100.002 100.001 100 100 100 100 100 100 100 100 100 100 100 100 100 100 100 100 100 100 100 100 100 100 100 100 100 100 100 100 100 100 100 100 100 100 100 100 100 100 100 100 100 100 100 100 100 100 100 100
710.363 362.935 202.361 126.633 126.633 117.346 113.835 112.988 110.526 108.751 108.751 108.59 108.59 108.246 108.246 105.912 105.912 105.912 103.367 103.367 103.367 103.367 103.367 103.367 103.367 102.728 102.728 102.728 102.208 101.866 101.771 101.771 101.771 101.12 100.968 100.968 100.683 100.601 100.551 100.229 100.165 100.07 100.024 100.006 100.004 100.001 100 100 100 100 100 100 100 100 100 100 100 100 100 100 100 100 100 100 100 100 100 100 100 100 100 100 100 100 100 100 100 100 100 100 100 100 100 100 100 100 100 100 100 100 100 100 100 100 100 100
512.514 321.185 172.332 131.237 122.421 116.482 112.159 112.159 110.91 109.641 106.945 106.122 106.122 105.226 105.226 105.226 105.226 103.562 103.562 103.562 103.562 103.562 103.496 103.496 103.237 102.128 102.128 102.128 102.128 102.119 102.119 101.974 101.69 101.69 101.551 101.193 100.939 100.908 100.908 100.777 100.546 100.534 100.435 100.096 100.096 100.096 100.096 100.096 100.096 100.044 100.011 100.004 100.001 100 100 100 100 100 100 100 100 100 100 100 100 100 100 100 100 100 100 100 100 100 100 100 100 100 100 100 100 100 100 100 100 100 100 100 100 100 100 100 100 100 100 100
802.646 385.759 190.36 140.727 131.707 115.388 114.059 113.508 111.504 109.836 109.102 107.53 106.864 106.864 106.637 106.637 106.637 106.112 104.986 104.986 104.895 104.655 104.655 103.499 103.499 103.499 103.499 102.489 102.166 102.166 102.166 101.509 101.509 101.343 101.343 100.947 100.947 100.834 100.834 100.834 100.711 100.328 100.328 100.183 100.08 100.031 100.01 100.003 100.001 100 100 100 100 100 100 100 100 100 100 100 100 100 100 100 100 100 100 100 100 100 100 100 100 100 100 100 100 100 100 100 100 100 100 100 100 100 100 100 100 100 100 100 100 100 100 100
502.568 340.777 212.644 142.137 128.407 118.772 114.694 111.806 111.295 110.385 109.682 108.701 107.998 107.325 107.325 107.325 106.911 104.998 104.998 104.153 104.153 104.153 104.153 104.153 103.722 103.722 103.722 103.297 102.864 102.864 102.349 102.259 101.39 100.962 100.962 100.962 100.962 100.905 100.309 100.309 100.309 100.215 100.111 100.031 100.009 100.003 100.001 100 100 100 100 100 100 100 100 100 100 100 100 100 100 100 100 100 100 100 100 100 100 100 100 100 100 100 100 100 100 100 100 100 100 100 100 100 100 100 100 100 100 100 100 100 100 100 100 100
590.606 306.249 212.746 128.55 124.22 116.068 112.682 111.081 111.081 110.226 107.509 107.509 107.509 107.324 107.324 105.943 105.823 105.215 104.635 104.635 104.635 104.635 103.776 103.776 103.776 103.776 102.196 102.196 101.801 101.801 101.801 101.801 100.7 100.7 100.7 100.7 100.7 100.7 100.7 100.7 100.7 100.7 100.69 100.621 100.547 100.547 100.435 100.177 100.132 100.082 100.042 100.012 100.003 100.001 100 100 100 100 100 100 100 100 100 100 100 100 100 100 100 100 100 100 100 100 100 100 100 100 100 100 100 100 100 100 100 100 100 100 100 100 100 100 100 100 100 100
543.448 297.642 178.811 132.332 123.901 116.142 113.598 111.605 110.814 109.092 109.092 107.078 106.939 106.611 106.611 102.395 102.395 102.395 102.395 102.395 102.395 102.395 102.395 102.395 102.395 102.395 102.395 102.395 101.965 101.965 101.096 101.096 101.096 101.03 101.03 101.03 101.03 100.984 100.903 100.903 100.877 100.835 100.64 100.64 100.489 100.184 100.12 100.054 100.02 100.007 100.002 100.001 100 100 100 100 100 100 100 100 100 100 100 100 100 100 100 100 100 100 100 100 100 100 100 100 100 100 100 100 100 100 100 100 100 100 100 100 100 100 100 100 100 100 100 100
609.697 281.233 216.57 140.208 116.881 116.038 114.464 113.041 111.658 109.853 105.142 105.142 105.142 105.142 105.142 105.142 105.142 104.552 104.552 104.552 104.552 104.552 104.314 104.314 103.627 103.627 103.379 102.645 102.645 102.523 102.056 101.467 100.927 100.927 100.927 100.927 100.927 100.927 100.927 100.927 100.927 100.927 100.694 100.694 100.447 100.447 100.447 100.447 100.447 100.447 100.154 100.088 100.066 100.033 100.002 100.001 100 100 100 100 100 100 100 100 100 100 100 100 100 100 100 100 100 100 100 100 100 100 100 100 100 100 100 100 100 100 100 100 100 100 100 100 100 100 100 100
520.839 270.127 207.883 142.7 131.475 115.882 113.167 112.584 111.262 108.951 107.654 104.607 104.607 104.607 104.607 104.607 104.607 104.607 104.607 104.607 102.733 102.733 102.733 102.733 102.733 101.886 101.886 101.254 101.254 101.254 101.254 101.249 101.249 100.983 100.943 100.943 100.943 100.691 100.278 100.278 100.259 100.127 100.108 100.027 100.004 100.003 100.001 100 100 100 100 100 100 100 100 100 100 100 100 100 100 100 100 100 100 100 100 100 100 100 100 100 100 100 100 100 100 100 100 100 100 100 100 100 100 100 100 100 100 100 100 100 100 100 100 100
632.402 334.483 218.517 134.966 127.986 121.862 113.784 111.48 111.278 109.77 106.477 106.477 106.477 105.865 105.865 105.824 105.201 105.201 105.201 104.485 104.485 103.901 102.752 102.646 102.424 102.424 102.424 101.313 101.313 101.313 101.186 100.858 100.686 100.686 100.66 100.181 100.181 100.181 100.161 100.161 100.126 100.126 100.043 100.013 100.004 100.001 100.001 100 100 100 100 100 100 100 100 100 100 100 100 100 100 100 100 100 100 100 100 100 100 100 100 100 100 100 100 100 100 100 100 100 100 100 100 100 100 100 100 100 100 100 100 100 100 100 100 100
561.44 324.153 257.92 135.142 125.632 117.164 113.857 113.152 111.089 110.793 109.635 108.19 106.579 106.178 106.178 106.178 106.111 106.111 106.111 105.139 105.139 102.248 102.248 102.248 102.248 102.248 102.248 102.248 102.248 102.248 102.248 102.01 101.688 101.688 101.688 101.303 101.087 100.78 100.78 100.714 100.664 100.612 100.568 100.482 100.299 100.247 100.181 100.055 100.055 100.027 100.011 100.005 100.001 100 100 100 100 100 100 100 100 100 100 100 100 100 100 100 100 100 100 100 100 100 100 100 100 100 100 100 100 100 100 100 100 100 100 100 100 100 100 100 100 100 100 100
875.219 325.817 209.885 137.865 126.518 117.316 114.708 113.069 108.304 108.304 108.304 106.786 106.786 106.786 106.786 106.583 106.583 105.773 103.448 103.448 103.448 102.058 102.058 102.058 102.058 102.058 102.058 101.868 101.2 101.2 101.124 100.849 100.823 100.823 100.669 100.634 100.492 100.366 100.23 100.12 100.064 100.037 100.008 100.003 100.001 100 100 100 100 100 100 100 100 100 100 100 100 100 100 100 100 100 100 100 100 100 100 100 100 100 100 100 100 100 100 100 100 100 100 100 100 100 100 100 100 100 100 100 100 100 100 100 100 100 100 100
758.707 392.219 206.936 138.836 123.875 116.998 115.27 112.394 111.595 108.931 108.671 107.628 107.019 107.019 107.019 106.027 106.027 106.027 106.027 105.088 105.088 105.088 105.088 104.993 104.993 104.993 104.545 103.375 102.976 102.059 102.059 102.059 102.059 101.639 101.639 101.602 101.529 101.529 101.142 100.85 100.85 100.85 100.85 100.709 100.709 100.577 100.243 100.243 100.243 100.232 100.145 100.04 100.016 100.012 100.001 100 100 100 100 100 100 100 100 100 100 100 100 100 100 100 100 100 100 100 100 100 100 100 100 100 100 100 100 100 100 100 100 100 100 100 100 100 100 100 100 100
629.627 302.576 213.833 133.211 119.593 115.178 113.043 112.011 110.277 110.277 107.85 107.85 107.85 107.551 107.494 107.172 104.968 104.968 104.968 104.556 104.556 104.556 104.556 103.234 103.234 103.234 102.805 102.516 102.516 102.516 102.412 102.155 102.155 101.915 101.819 101.819 101.429 101.429 101.417 101.255 101.06 100.928 100.787 100.787 100.556 100.417 100.274 100.162 100.057 100.012 100.005 100.001 100 100 100 100 100 100 100 100 100 100 100 100 100 100 100 100 100 100 100 100 100 100 100 100 100 100 100 100 100 100 100 100 100 100 100 100 100 100 100 100 100 100 100 100
571.37 300.101 219.474 119.197 119.197 116.787 112.631 111.56 110.946 109.766 108.856 107.461 107.461 105.963 105.963 105.963 105.963 105.646 105.512 105.341 104.683 104.683 102.057 102.057 102.057 102.057 101.348 101.348 100.707 100.707 100.707 100.707 100.707 100.707 100.707 100.707 100.59 100.59 100.59 100.512 100.256 100.256 100.157 100.12 100.042 100.02 100.006 100.002 100.001 100 100 100 100 100 100 100 100 100 100 100 100 100 100 100 100 100 100 100 100 100 100 100 100 100 100 100 100 100 100 100 100 100 100 100 100 100 100 100 100 100 100 100 100 100 100 100
550.566 246.242 152.445 138.472 126.665 118.846 115.121 113.094 112.035 111.063 110.078 108.393 108.393 108.393 107.942 106.832 106.832 103.637 103.637 103.273 103.273 103.273 103.273 103.273 103.273 103.273 103.273 102.498 101.7 101.7 101.7 101.7 101.531 101.005 100.67 100.67 100.67 100.507 100.507 100.27 100.152 100.056 100.012 100.005 100.001 100 100 100 100 100 100 100 100 100 100 100 100 100 100 100 100 100 100 100 100 100 100 100 100 100 100 100 100 100 100 100 100 100 100 100 100 100 100 100 100 100 100 100 100 100 100 100 100 100 100 100
135.57 135.57 135.57 128.403 114.896 114.896 111.435 111.435 107.693 107.693 107.693 107.693 106.686 106.686 105.842 105.842 105.702 104.802 104.584 104.584 104.584 104.584 104.24 103.449 103.449 103.449 103.03 102.065 102.048 101.671 101.614 100.951 100.951 100.951 100.951 100.951 100.779 100.779 100.779 100.779 100.779 100.684 100.377 100.377 100.314 100.092 100.027 100.025 100.007 100.002 100.001 100 100 100 100 100 100 100 100 100 100 100 100 100 100 100 100 100 100 100 100 100 100 100 100 100 100 100 100 100 100 100 100 100 100 100 100 100 100 100 100 100 100 100 100 100
322.139 242.989 211.663 134.989 122.533 118.107 113.917 112.243 111.116 109.747 106.839 106.839 106.839 105.724 105.274 105.274 105.274 105.274 104.644 103.967 103.967 103.967 103.967 103.967 102.305 101.764 101.764 101.324 101.324 100.953 100.878 100.878 100.878 100.878 100.878 100.878 100.375 100.375 100.375 100.375 100.375 100.298 100.252 100.156 100.059 100.028 100.01 100.003 100.001 100.001 100 100 100 100 100 100 100 100 100 100 100 100 100 100 100 100 100 100 100 100 100 100 100 100 100 100 100 100 100 100 100 100 100 100 100 100 100 100 100 100 100 100 100 100 100 100
604.542 380.83 175.721 142.41 126.862 113.209 112.542 111.628 110.091 110.091 109.091 108.674 105.957 105.957 105.957 105.957 105.375 105.375 105.375 105.375 104.921 104.539 104.194 104.194 103.532 103.532 103.532 102.5 102.051 101.529 101.529 101.529 101.156 101.013 101.013 101.013 101.013 101.013 100.912 100.912 100.912 100.912 100.902 100.902 100.424 100.269 100.199 100.199 100.07 100.023 100.006 100.001 100 100 100 100 100 100 100 100 100 100 100 100 100 100 100 100 100 100 100 100 100 100 100 100 100 100 100 100 100 100 100 100 100 100 100 100 100 100 100 100 100 100 100 100
415.485 284.705 205.987 128.066 126.873 117.255 113.808 112.095 110.839 110.839 109.621 108.62 104.631 104.631 104.631 104.631 104.631 104.631 104.631 104.631 104.478 104.478 104.478 103.319 103.188 103.188 102.002 101.877 101.877 101.554 101.554 101.381 101.293 100.943 100.943 100.943 100.943 100.942 100.942 100.942 100.942 100.942 100.498 100.498 100.498 100.296 100.245 100.095 100.061 100.03 100.017 100.005 100.002 100.001 100 100 100 100 100 100 100 100 100 100 100 100 100 100 100 100 100 100 100 100 100 100 100 100 100 100 100 100 100 100 100 100 100 100 100 100 100 100 100 100 100 100
524.994 274.918 202.782 130.522 124.952 118.367 113.878 111.606 111.225 109.254 109.254 108.815 108.815 108.361 106.933 106.933 106.933 106.268 103.944 103.944 103.944 103.944 103.944 103.944 103.315 102 102 100.966 100.966 100.887 100.887 100.887 100.887 100.852 100.852 100.852 100.85 100.85 100.85 100.514 100.514 100.514 100.412 100.288 100.188 100.058 100.027 100.009 100.002 100.001 100 100 100 100 100 100 100 100 100 100 100 100 100 100 100 100 100 100 100 100 100 100 100 100 100 100 100 100 100 100 100 100 100 100 100 100 100 100 100 100 100 100 100 100 100 100
315.441 287.152 233.724 137.307 125.748 115.698 112.525 111.449 111.037 110.2 107.218 107.218 106.807 106.807 106.807 106.807 104.351 104.351 103.907 103.907 103.907 103.907 103.907 102.34 102.34 102.34 101.901 100.965 100.965 100.965 100.654 100.49 100.49 100.49 100.288 100.243 100.243 100.133 100.066 100.044 100.012 100.003 100.002 100 100 100 100 100 100 100 100 100 100 100 100 100 100 100 100 100 100 100 100 100 100 100 100 100 100 100 100 100 100 100 100 100 100 100 100 100 100 100 100 100 100 100 100 100 100 100 100 100 100 100 100 100
341.237 341.237 166.307 130.345 122.382 114.715 113.497 111.499 110.814 110.091 109.234 107.642 107.642 107.469 106.839 106.751 106.095 106.095 104.998 104.626 104.626 104.626 102.639 102.639 102.639 102.639 102.639 102.639 102.414 102.081 101.086 101.034 101.034 101.034 101.034 100.983 100.983 100.812 100.684 100.404 100.262 100.217 100.133 100.026 100.023 100.009 100.002 100.001 100 100 100 100 100 100 100 100 100 100 100 100 100 100 100 100 100 100 100 100 100 100 100 100 100 100 100 100 100 100 100 100 100 100 100 100 100 100 100 100 100 100 100 100 100 100 100 100
285.835 177.998 175.31 128.777 124.941 115.562 114.633 112.037 111.689 109.797 108.889 107.695 107.587 107.587 106.363 106.363 106.074 106.074 105.829 105.55 105.55 105.55 104.235 104.235 104.235 103.934 103.178 103.053 103.053 101.538 101.538 101.369 101.253 101.101 101.026 101.026 101.026 101.026 100.924 100.639 100.446 100.446 100.233 100.233 100.233 100.187 100.082 100.029 100.008 100.003 100.001 100 100 100 100 100 100 100 100 100 100 100 100 100 100 100 100 100 100 100 100 100 100 100 100 100 100 100 100 100 100 100 100 100 100 100 100 100 100 100 100 100 100 100 100 100
498.576 372.588 198.071 136.123 123.118 115.818 114.482 112.322 111.286 110.18 109.771 108.894 108.64 106.252 106.252 106.252 106.252 106.252 106.252 106.252 105.215 105.215 104.666 103.621 103.621 103.621 103.621 102.976 102.872 102.309 101.758 101.51 101.429 100.594 100.594 100.586 100.586 100.586 100.586 100.586 100.48 100.48 100.48 100.365 100.118 100.045 100.02 100.005 100.001 100 100 100 100 100 100 100 100 100 100 100 100 100 100 100 100 100 100 100 100 100 100 100 100 100 100 100 100 100 100 100 100 100 100 100 100 100 100 100 100 100 100 100 100 100 100 100
489.876 330.54 229.341 136.007 122.218 116.953 115.662 112.906 111.651 110.148 109.165 108.869 107.867 106.688 106.281 105.931 105.931 105.476 105.476 105.476 105.476 105.476 105.476 104.034 104.034 104.034 104.034 103.322 103.246 102.931 102.332 102.291 102.002 101.788 101.788 101.788 101.306 101.306 101.179 100.499 100.499 100.499 100.499 100.499 100.499 100.231 100.116 100.116 100.052 100.011 100.003 100.001 100 100 100 100 100 100 100 100 100 100 100 100 100 100 100 100 100 100 100 100 100 100 100 100 100 100 100 100 100 100 100 100 100 100 100 100 100 100 100 100 100 100 100 100
539.185 218.514 218.514 140.125 123.538 116.324 114.243 111.686 110.758 110.758 109.737 107.877 107.877 107.877 106.362 106.362 106.362 105.446 103.928 103.928 103.928 103.928 103.576 103.576 103.576 103.576 103.576 102.266 101.96 101.96 101.925 101.598 101.036 101.036 101.036 100.822 100.739 100.481 100.481 100.337 100.337 100.337 100.337 100.297 100.116 100.054 100.044 100.013 100.006 100.002 100.001 100 100 100 100 100 100 100 100 100 100 100 100 100 100 100 100 100 100 100 100 100 100 100 100 100 100 100 100 100 100 100 100 100 100 100 100 100 100 100 100 100 100 100 100 100
691.897 324.221 167.004 125.378 118.48 113.996 112.982 112.576 111.371 109.97 109.315 108.358 108.358 107.408 107.238 106.512 106.512 105.425 105.425 104.356 104.356 104.356 104.221 104.221 102.823 102.823 102.823 101.978 101.978 101.978 101.828 101.828 101.453 101.417 101.417 101.245 101.169 100.972 100.972 100.88 100.828 100.828 100.828 100.828 100.573 100.265 100.265 100.253 100.209 100.071 100.025 100.006 100.002 100.001 100 100 100 100 100 100 100 100 100 100 100 100 100 100 100 100 100 100 100 100 100 100 100 100 100 100 100 100 100 100 100 100 100 100 100 100 100 100 100 100 100 100
544.444 248.908 201.268 135.098 117.103 117.103 114.651 112.864 111.14 108.951 108.804 107.918 107.821 107.821 106.819 106.819 106.64 104.172 104.172 104.172 104.172 104.069 104.069 104.069 104.069 104.069 104.069 103.098 102.696 101.343 101.343 101.343 101.067 101.067 100.221 100.221 100.221 100.221 100.221 100.221 100.221 100.221 100.185 100.139 100.139 100.065 100.014 100.006 100.001 100 100 100 100 100 100 100 100 100 100 100 100 100 100 100 100 100 100 100 100 100 100 100 100 100 100 100 100 100 100 100 100 100 100 100 100 100 100 100 100 100 100 100 100 100 100 100
511.634 312.494 185.893 149.821 127.94 116.915 115.85 113.409 111.604 110.263 106.536 106.536 106.536 106.536 104.933 104.933 104.893 104.893 104.893 104.458 104.458 104.129 104.129 103.953 102.832 102.832 102.832 102.832 101.486 101.486 101.458 101.252 101.25 100.811 100.811 100.811 100.811 100.499 100.32 100.208 100.179 100.065 100.011 100.004 100.001 100 100 100 100 100 100 100 100 100 100 100 100 100 100 100 100 100 100 100 100 100 100 100 100 100 100 100 100 100 100 100 100 100 100 100 100 100 100 100 100 100 100 100 100 100 100 100 100 100 100 100
769.84 366.617 210.182 130.965 122.729 116.165 112.381 111.905 111.653 110.405 108.639 107.771 106.611 106.611 106.611 106.079 103.772 103.772 102.822 102.678 102.678 101.947 101.947 101.947 101.947 101.947 101.947 101.815 101.815 101.815 101.028 101.028 100.932 100.913 100.847 100.468 100.189 100.189 100.129 100.1 100.028 100.028 100.011 100.002 100.001 100 100 100 100 100 100 100 100 100 100 100 100 100 100 100 100 100 100 100 100 100 100 100 100 100 100 100 100 100 100 100 100 100 100 100 100 100 100 100 100 100 100 100 100 100 100 100 100 100 100 100
650.461 285.156 205.582 134.832 126.48 120.521 114.983 112.951 111.427 108.207 108.207 108.207 105.918 105.918 105.918 105.662 105.662 105.662 105.662 105.662 105.533 105.481 104.729 104.643 104.643 101.314 101.314 101.172 101.172 101.172 101.172 101.172 101.172 101.172 100.695 100.695 100.695 100.695 100.59 100.414 100.414 100.38 100.162 100.142 100.049 100.018 100.008 100.003 100.001 100 100 100 100 100 100 100 100 100 100 100 100 100 100 100 100 100 100 100 100 100 100 100 100 100 100 100 100 100 100 100 100 100 100 100 100 100 100 100 100 100 100 100 100 100 100 100
566.668 297.73 229.038 143.253 122.59 115.809 114.365 112.438 109.988 109.722 108.78 108.78 105.787 105.787 105.787 104.548 104.548 104.483 104.483 104.483 104.483 103.925 103.925 103.925 103.625 101.714 101.714 101.714 101.714 100.973 100.973 100.761 100.751 100.751 100.751 100.751 100.751 100.687 100.514 100.354 100.295 100.241 100.106 100.042 100.011 100.003 100.001 100 100 100 100 100 100 100 100 100 100 100 100 100 100 100 100 100 100 100 100 100 100 100 100 100 100 100 100 100 100 100 100 100 100 100 100 100 100 100 100 100 100 100 100 100 100 100 100 100
830.728 342.214 179.943 137.94 124.541 117.503 112.939 111.131 110.414 109.603 108.424 107.583 106.897 104.997 104.997 104.689 104.689 104.689 104.586 104.586 104.586 104.586 104.586 102.685 102.659 102.659 102.659 102.659 102.659 101.894 100.934 100.934 100.934 100.42 100.42 100.42 100.42 100.42 100.42 100.42 100.42 100.37 100.306 100.232 100.129 100.065 100.029 100.007 100.003 100.001 100 100 100 100 100 100 100 100 100 100 100 100 100 100 100 100 100 100 100 100 100 100 100 100 100 100 100 100 100 100 100 100 100 100 100 100 100 100 100 100 100 100 100 100 100 100
271.431 271.431 236.198 127.883 125.644 118.961 112.611 112.611 109.398 109.398 109.096 109.096 108.667 107.071 106.832 106.288 106.288 105.638 105.587 105.587 105.025 104.561 104.05 104.05 103.642 101.538 101.538 101.538 101.376 101.376 101.376 101.376 101.376 101.376 101.368 101.161 101.131 101.131 100.828 100.828 100.537 100.495 100.282 100.192 100.103 100.021 100.009 100.002 100.001 100 100 100 100 100 100 100 100 100 100 100 100 100 100 100 100 100 100 100 100 100 100 100 100 100 100 100 100 100 100 100 100 100 100 100 100 100 100 100 100 100 100 100 100 100 100 100
548.862 416.429 175.979 135.733 120.642 118.027 114.327 112.121 110.428 108.756 108.756 108.756 108.417 106.35 106.35 106.35 105.578 105.578 105.578 104.635 104.635 104.635 104.635 104.635 104.627 103.366 103.366 103.366 103.366 102.802 102.802 102.802 102.394 101.593 101.593 101.593 101.571 101.469 101.23 100.899 100.545 100.545 100.287 100.055 100.027 100.005 100.002 100.001 100 100 100 100 100 100 100 100 100 100 100 100 100 100 100 100 100 100 100 100 100 100 100 100 100 100 100 100 100 100 100 100 100 100 100 100 100 100 100 100 100 100 100 100 100 100 100 100
897.69 404.919 221.028 129.057 124.238 114.525 112.732 112.549 111.274 110.517 109.96 109.024 108.886 107.045 104.259 104.259 104.167 104.167 104.167 104.167 104.167 104.167 104.167 104.167 104.167 104.167 103.73 102.621 102.621 102.621 101.981 101.981 101.945 101.79 101.79 101.29 101.29 101.136 101.136 101.09 101.03 101.03 101.006 100.977 100.817 100.817 100.42 100.42 100.42 100.42 100.277 100.277 100.207 100.086 100.002 100.001 100 100 100 100 100 100 100 100 100 100 100 100 100 100 100 100 100 100 100 100 100 100 100 100 100 100 100 100 100 100 100 100 100 100 100 100 100 100 100 100
478.725 322.116 215.988 130.951 122.193 117.16 112.062 111.337 111.337 109.876 109.876 108.127 106.913 106.913 106.913 106.913 106.832 104.979 104.979 104.979 104.979 104.881 104.881 104.881 104.181 104.181 103.606 102.896 102.896 102.688 102.497 102.488 102.046 102.046 102.046 101.458 101.027 101.027 100.923 100.877 100.721 100.721 100.671 100.671 100.526 100.526 100.298 100.146 100.066 100.055 100.012 100.007 100.003 100.001 100 100 100 100 100 100 100 100 100 100 100 100 100 100 100 100 100 100 100 100 100 100 100 100 100 100 100 100 100 100 100 100 100 100 100 100 100 100 100 100 100 100
401.643 284.036 170.627 141.137 123.386 116.626 114.547 112.463 111.151 109.862 109.236 109.148 109.148 106.098 106.098 106.098 106.098 106.098 106.098 106.098 105.237 105.237 104.765 102.531 102.531 102.531 102.531 101.682 101.682 101.508 101.508 100.606 100.606 100.606 100.606 100.606 100.606 100.417 100.417 100.417 100.417 100.27 100.27 100.27 100.27 100.192 100.182 100.089 100.027 100.01 100.002 100.001 100 100 100 100 100 100 100 100 100 100 100 100 100 100 100 100 100 100 100 100 100 100 100 100 100 100 100 100 100 100 100 100 100 100 100 100 100 100 100 100 100 100 100 100
452.867 235.233 210.795 135.359 121.287 120.129 114.556 108.81 108.81 108.81 108.81 108.234 107.764 106.497 105.235 105.235 105.235 105.063 105.063 105.063 104.264 103.334 103.334 102.015 102.015 102.015 101.515 100.88 100.751 100.751 100.46 100.46 100.432 100.366 100.366 100.359 100.225 100.117 100.117 100.062 100.025 100.01 100.004 100.001 100 100 100 100 100 100 100 100 100 100 100 100 100 100 100 100 100 100 100 100 100 100 100 100 100 100 100 100 100 100 100 100 100 100 100 100 100 100 100 100 100 100 100 100 100 100 100 100 100 100 100 100
544.691 315.475 199.404 148.468 123.756 115.119 115.119 113.203 111.424 109.963 109.342 109.342 109.2 108.957 107.134 107.134 107.134 106.988 106.365 106.278 105.502 105.502 105.092 104.17 104.17 104.17 103.202 103.202 103.202 102.538 102.001 102.001 101.415 101.415 101.415 101.415 101.404 101.404 100.917 100.917 100.917 100.855 100.697 100.405 100.256 100.066 100.034 100.007 100.003 100.001 100 100 100 100 100 100 100 100 100 100 100 100 100 100 100 100 100 100 100 100 100 100 100 100 100 100 100 100 100 100 100 100 100 100 100 100 100 100 100 100 100 100 100 100 100 100
906.444 401.575 302.652 125.52 125.52 120.84 115.191 113.597 112.047 109.334 109.334 109.334 107.575 106.111 105.426 104.102 104.102 104.102 104.102 104.102 104.102 103.936 103.936 103.936 103.936 102.809 102.809 101.928 101.623 101.385 101.308 100.567 100.567 100.567 100.567 100.26 100.26 100.217 100.143 100.134 100.027 100.01 100.002 100.001 100 100 100 100 100 100 100 100 100 100 100 100 100 100 100 100 100 100 100 100 100 100 100 100 100 100 100 100 100 100 100 100 100 100 100 100 100 100 100 100 100 100 100 100 100 100 100 100 100 100 100 100
587.006 271.82 154.799 128.882 126.968 117.572 114.264 111.477 110.761 108.028 107.358 107.358 107.358 104.54 104.54 104.54 104.54 104.54 104.54 104.54 104.54 104.54 104.54 104.54 102.585 102.299 102.299 102.265 102.255 102.255 101.622 101.622 101.622 101.122 101.122 101.122 100.625 100.506 100.506 100.506 100.506 100.203 100.079 100.03 100.011 100.003 100.001 100 100 100 100 100 100 100 100 100 100 100 100 100 100 100 100 100 100 100 100 100 100 100 100 100 100 100 100 100 100 100 100 100 100 100 100 100 100 100 100 100 100 100 100 100 100 100 100 100
687.456 353.185 239.403 128.941 120.135 119.063 114.411 112.427 111.23 110.485 109.466 108.642 107.638 106.474 104.562 104.562 104.562 104.562 104.562 104.562 104.562 103.592 103.361 103.162 102.285 102.285 102.285 101.908 101.587 101.587 101.305 101.305 101.305 101.305 101.305 100.759 100.759 100.726 100.619 100.477 100.147 100.045 100.02 100.004 100.002 100.001 100 100 100 100 100 100 100 100 100 100 100 100 100 100 100 100 100 100 100 100 100 100 100 100 100 100 100 100 100 100 100 100 100 100 100 100 100 100 100 100 100 100 100 100 100 100 100 100 100 100
686.654 217.011 211.745 129.59 119.663 114.756 112.334 110.556 110.556 109.202 105.774 105.774 105.774 105.774 105.774 105.774 105.774 105.401 105.401 105.401 105.401 105.202 104.833 104.148 104.148 104.148 103.876 102.9 102.638 101.685 101.685 101.685 101.446 101.325 101.306 100.785 100.785 100.785 100.555 100.555 100.555 100.456 100.219 100.1 100.04 100.014 100.004 100.001 100 100 100 100 100 100 100 100 100 100 100 100 100 100 100 100 100 100 100 100 100 100 100 100 100 100 100 100 100 100 100 100 100 100 100 100 100 100 100 100 100 100 100 100 100 100 100 100
