5.04687e+09 1.54616e+09 7.56312e+08 1.3857e+08 6.32905e+07 2.36803e+07 1.87596e+07 5.34795e+06 4.05958e+06 2.85593e+06 1.03632e+06 700846 416107 195034 104689 39873.6 22778.4 9620.5 4368.43 3315.77 756.296 385.782 187.787 97.5626 42.8177 14.1753 7.30741 1.10363 0.674306 0.260625 0.0644428 0.0334108 0.01762 0.00875683 0.00201509 0.000514573 0.000227071 5.56913e-05 2.43266e-05 8.40739e-06 1.59301e-06 3.42171e-07 5.61844e-08 2.36383e-08 0 0 0 0 0 0 0 0 0 0 0 0 0 0 0 0 0 0 0 0 0 0 0 0 0 0 0 0 0 0 0 0 0 0 0 0 0 0 0 0 0 0 0 0 0 0 0 0 0 0 0 0
2.90942e+09 6.81861e+08 6.62865e+08 7.00557e+07 3.92215e+07 3.70648e+07 1.23444e+07 9.08204e+06 1.92216e+06 1.92216e+06 1.26658e+06 378719 298614 132867 55628.7 36442.9 19013.9 10257.5 6848.7 2180.97 916.611 293.953 173.863 49.3353 37.5388 11.7572 2.66476 1.17477 0.492211 0.132204 0.0666841 0.0390857 0.00806796 0.00370842 0.00153211 0.000699184 0.000226254 2.77133e-05 2.77133e-05 3.6179e-06 1.57818e-06 3.03174e-07 5.91678e-08 1.45959e-08 0 0 0 0 0 0 0 0 0 0 0 0 0 0 0 0 0 0 0 0 0 0 0 0 0 0 0 0 0 0 0 0 0 0 0 0 0 0 0 0 0 0 0 0 0 0 0 0 0 0 0 0
3.18389e+09 1.9295e+09 6.16138e+08 1.55809e+08 6.68269e+07 5.32276e+07 1.14318e+07 6.60845e+06 6.60845e+06 3.42279e+06 1.7044e+06 904608 370768 212690 139938 62538.8 20947.9 10488.9 3851.04 3851.04 1028.16 513.664 311.432 108.561 48.3787 17.1897 12.7308 1.49196 0.955986 0.583521 0.12688 0.0455432 0.0301648 0.0120391 0.00376541 0.000491619 0.000472419 9.44035e-05 3.33327e-05 1.05359e-05 2.30913e-06 5.1453e-07 1.55398e-07 4.2995e-08 0 0 0 0 0 0 0 0 0 0 0 0 0 0 0 0 0 0 0 0 0 0 0 0 0 0 0 0 0 0 0 0 0 0 0 0 0 0 0 0 0 0 0 0 0 0 0 0 0 0 0 0
4.61237e+09 1.50062e+09 7.14694e+08 7.43809e+07 5.29668e+07 4.71166e+07 2.36167e+07 1.31476e+07 5.1888e+06 1.77609e+06 431627 431627 265492 177781 57423.3 47907.1 23374 5757.17 4193.92 1412.99 886.993 415.813 178.351 104.553 42.1846 11.8424 4.73002 1.50333 0.633082 0.208241 0.107392 0.0113368 0.00750919 0.00642671 0.000938535 0.000479082 0.000195208 4.90617e-05 1.5694e-05 5.35523e-06 1.38474e-06 4.38766e-07 1.07031e-07 2.482e-08 0 0 0 0 0 0 0 0 0 0 0 0 0 0 0 0 0 0 0 0 0 0 0 0 0 0 0 0 0 0 0 0 0 0 0 0 0 0 0 0 0 0 0 0 0 0 0 0 0 0 0 0
5.95204e+09 1.7769e+09 4.48836e+08 1.90996e+08 6.29328e+07 5.47637e+07 2.05498e+07 1.14006e+07 4.34417e+06 2.11534e+06 1.15592e+06 764192 379694 247556 94368.8 59501.7 24434.8 10018.6 7608.25 5549.52 1064.28 935.137 336.834 105.627 72.8896 26.0255 6.10816 1.89524 0.718897 0.16634 0.106973 0.0414135 0.022357 0.00413009 0.00248774 0.000747642 0.000281192 7.71699e-05 2.13724e-05 5.91193e-06 1.9765e-06 5.98712e-07 8.91448e-08 1.6363e-08 0 0 0 0 0 0 0 0 0 0 0 0 0 0 0 0 0 0 0 0 0 0 0 0 0 0 0 0 0 0 0 0 0 0 0 0 0 0 0 0 0 0 0 0 0 0 0 0 0 0 0 0
3.64186e+09 1.63365e+09 5.0288e+08 1.1114e+08 4.21593e+07 1.95403e+07 1.41367e+07 6.30625e+06 3.56078e+06 1.07844e+06 964428 677283 320359 175403 81658.5 41053.4 26476.6 10641.1 5026.16 1722.89 1230.2 540.809 186.978 47.2884 37.0858 13.2543 8.16298 0.995557 0.505792 0.163571 0.0457639 0.0146262 0.00458459 0.00327168 0.00106967 0.000424103 0.000238691 4.3835e-05 2.025e-05 2.65132e-06 1.16085e-06 2.35733e-07 4.69834e-08 0 0 0 0 0 0 0 0 0 0 0 0 0 0 0 0 0 0 0 0 0 0 0 0 0 0 0 0 0 0 0 0 0 0 0 0 0 0 0 0 0 0 0 0 0 0 0 0 0 0 0 0 0
5.739e+09 1.42231e+09 6.45384e+08 1.74399e+08 7.19603e+07 4.91677e+07 1.1974e+07 2.94166e+06 2.94166e+06 2.66012e+06 291311 291311 289548 135081 74052.3 26957.6 26957.6 7463.02 4575.13 2583.54 1052.65 453.037 204.389 82.462 44.2658 18.1466 5.43947 1.25893 0.431782 0.279149 0.0663338 0.0367013 0.0127705 0.00608184 0.00255117 0.00102602 0.000338788 9.1692e-05 2.15255e-05 6.91978e-06 1.7864e-06 4.54489e-07 1.16928e-07 2.31198e-08 0 0 0 0 0 0 0 0 0 0 0 0 0 0 0 0 0 0 0 0 0 0 0 0 0 0 0 0 0 0 0 0 0 0 0 0 0 0 0 0 0 0 0 0 0 0 0 0 0 0 0 0
3.33e+09 1.23759e+09 3.76653e+08 1.09107e+08 5.90436e+07 2.18655e+07 1.58791e+07 4.40226e+06 4.06439e+06 2.21286e+06 1.25099e+06 372418 163598 116218 76448.7 49089.3 8704.48 8704.48 4101.48 954.95 775.235 370.88 194.983 88.1237 45.8812 14.8402 4.07587 1.14465 0.570415 0.234429 0.049108 0.0373144 0.0082621 0.0053251 0.00107144 0.000813635 0.000329736 7.212e-05 2.17826e-05 7.17078e-06 1.3985e-06 3.44856e-07 7.81345e-08 1.42313e-08 0 0 0 0 0 0 0 0 0 0 0 0 0 0 0 0 0 0 0 0 0 0 0 0 0 0 0 0 0 0 0 0 0 0 0 0 0 0 0 0 0 0 0 0 0 0 0 0 0 0 0 0
3.46198e+09 1.37545e+09 4.99793e+08 6.78544e+07 6.78544e+07 4.71129e+07 1.58685e+07 9.91995e+06 7.27655e+06 2.46939e+06 1.97358e+06 1.03762e+06 430536 283296 98522.4 62668.1 17743.1 11957.5 6254 1682.96 465.546 465.546 252.546 89.4784 28.9222 5.75545 5.70195 1.2306 0.454321 0.078485 0.078485 0.0266282 0.0123533 0.00345382 0.00157195 0.00062635 0.000230145 9.97716e-05 2.63447e-05 6.39912e-06 1.69752e-06 1.96343e-07 5.74489e-08 1.99694e-08 0 0 0 0 0 0 0 0 0 0 0 0 0 0 0 0 0 0 0 0 0 0 0 0 0 0 0 0 0 0 0 0 0 0 0 0 0 0 0 0 0 0 0 0 0 0 0 0 0 0 0 0
7.58163e+09 1.55501e+09 5.41068e+08 8.69373e+07 4.2e+07 2.0708e+07 8.50314e+06 6.89182e+06 3.52866e+06 2.80086e+06 1.68001e+06 834261 400287 106172 87346.3 49947.1 29686.9 8559.81 6457.64 2352.44 1737.52 369.456 369.456 153.933 72.4997 17.6647 16.3557 2.77104 1.36841 0.442707 0.206894 0.0626185 0.0316869 0.0130767 0.00442198 0.00179745 0.000360939 0.000139035 4.94831e-05 1.35112e-05 3.63909e-06 1.17699e-06 2.33611e-07 3.49626e-08 1.25963e-08 0 0 0 0 0 0 0 0 0 0 0 0 0 0 0 0 0 0 0 0 0 0 0 0 0 0 0 0 0 0 0 0 0 0 0 0 0 0 0 0 0 0 0 0 0 0 0 0 0 0 0
5.88065e+09 7.23794e+08 3.50436e+08 9.3783e+07 6.5926e+07 2.51182e+07 1.61123e+07 6.59134e+06 2.174e+06 1.60981e+06 697007 462299 221036 213088 78128.3 40769.9 18307.6 15327 6691.37 2018.55 1398.12 845.433 171.403 143.469 45.0149 13.1261 5.48679 2.01465 0.627867 0.191808 0.128061 0.0797314 0.019048 0.00252693 0.00252693 0.000694794 0.000488906 0.000142253 6.49104e-05 6.12384e-06 3.75132e-06 1.16395e-06 2.68232e-07 3.80408e-08 1.60285e-08 0 0 0 0 0 0 0 0 0 0 0 0 0 0 0 0 0 0 0 0 0 0 0 0 0 0 0 0 0 0 0 0 0 0 0 0 0 0 0 0 0 0 0 0 0 0 0 0 0 0 0
3.72825e+09 2.11425e+09 7.92207e+08 1.06788e+08 9.0871e+07 3.67189e+07 1.45761e+07 8.6391e+06 4.89431e+06 2.84999e+06 1.41528e+06 863014 513995 179784 94801.9 61387.2 32823.7 13397 3813.24 2692.81 1138.63 811.677 312.214 86.4032 54.0533 14.7057 8.49303 1.25547 0.522702 0.162001 0.12505 0.0419338 0.0181381 0.00464541 0.00156121 0.00080211 0.000364565 0.000166769 3.89802e-05 1.03903e-05 1.82038e-06 3.61766e-07 1.12849e-07 2.16801e-08 0 0 0 0 0 0 0 0 0 0 0 0 0 0 0 0 0 0 0 0 0 0 0 0 0 0 0 0 0 0 0 0 0 0 0 0 0 0 0 0 0 0 0 0 0 0 0 0 0 0 0 0
3.8519e+09 1.64124e+09 8.58329e+08 1.75982e+08 3.03864e+07 2.77246e+07 1.27588e+07 9.93002e+06 7.65046e+06 3.32794e+06 1.31624e+06 996798 348919 163769 130042 55854.6 25702.3 13856.5 5039.8 3754.77 2455.5 978.081 369.098 154.214 55.1291 15.5604 10.4368 1.30876 0.780188 0.260931 0.0959455 0.0271136 0.0112779 0.0065747 0.00217813 0.00102957 0.000468732 0.000172397 2.07276e-05 7.60269e-06 2.94091e-06 7.6562e-07 1.12852e-07 1.47796e-08 0 0 0 0 0 0 0 0 0 0 0 0 0 0 0 0 0 0 0 0 0 0 0 0 0 0 0 0 0 0 0 0 0 0 0 0 0 0 0 0 0 0 0 0 0 0 0 0 0 0 0 0
3.89344e+09 1.71085e+09 6.84991e+08 1.06978e+08 3.41823e+07 3.41823e+07 2.00882e+07 1.20759e+07 5.37625e+06 1.86939e+06 1.74366e+06 989193 532519 164954 105860 47531.3 27794.4 18376.8 5071.5 1227.83 1227.83 746.575 162.944 94.6826 53.3373 7.94872 7.94872 1.67976 0.902786 0.357969 0.154314 0.0410072 0.0177186 0.00395698 0.0014128 0.000644661 0.000201463 8.24058e-05 3.52535e-05 7.15066e-06 2.04102e-06 2.68347e-07 1.19453e-07 0 0 0 0 0 0 0 0 0 0 0 0 0 0 0 0 0 0 0 0 0 0 0 0 0 0 0 0 0 0 0 0 0 0 0 0 0 0 0 0 0 0 0 0 0 0 0 0 0 0 0 0 0
3.28198e+09 1.71527e+09 7.8751e+08 1.09617e+08 4.98964e+07 3.51453e+07 1.90625e+07 9.74003e+06 5.86714e+06 2.10243e+06 1.39047e+06 637857 216468 208605 49195.3 42796.1 24885 11009.6 5795.57 2649.74 2065.23 369.334 246.025 154.119 51.777 18.0181 6.5829 1.5852 0.631883 0.164388 0.1256 0.0164325 0.0132478 0.00324806 0.00190972 0.000678972 0.000229399 5.21561e-05 2.60594e-05 5.65758e-06 9.01653e-07 2.88945e-07 9.19105e-08 1.119e-08 0 0 0 0 0 0 0 0 0 0 0 0 0 0 0 0 0 0 0 0 0 0 0 0 0 0 0 0 0 0 0 0 0 0 0 0 0 0 0 0 0 0 0 0 0 0 0 0 0 0 0 0
2.70626e+09 1.47688e+09 4.5819e+08 1.18026e+08 7.39803e+07 4.40585e+07 1.91708e+07 9.15249e+06 4.76668e+06 825852 825852 558527 216504 163346 55335.2 40280.4 28054.1 9234.07 5979 2270.16 1007.57 639.492 303.286 125.985 34.3132 8.81619 4.79656 0.540872 0.540872 0.160497 0.0895644 0.0343332 0.0146225 0.00460945 0.00119405 0.000296248 0.00024088 6.61685e-05 2.0213e-05 3.44448e-06 1.01392e-06 2.29203e-07 5.52749e-08 0 0 0 0 0 0 0 0 0 0 0 0 0 0 0 0 0 0 0 0 0 0 0 0 0 0 0 0 0 0 0 0 0 0 0 0 0 0 0 0 0 0 0 0 0 0 0 0 0 0 0 0 0
4.80658e+09 9.02719e+08 5.86353e+08 1.18723e+08 7.01143e+07 3.55447e+07 1.40143e+07 4.88923e+06 4.23128e+06 2.30656e+06 881358 179044 172398 114786 83075 50415.5 15327.1 5415.94 3657.48 1909.3 718.981 462.026 204.402 79.3091 27.6131 13.9509 5.07889 0.787499 0.462997 0.165813 0.0603085 0.0184485 0.00972551 0.0057479 0.00104148 0.000425939 0.000212568 6.80131e-05 1.96813e-05 3.9848e-06 8.76006e-07 9.18581e-08 4.3835e-08 1.00865e-08 0 0 0 0 0 0 0 0 0 0 0 0 0 0 0 0 0 0 0 0 0 0 0 0 0 0 0 0 0 0 0 0 0 0 0 0 0 0 0 0 0 0 0 0 0 0 0 0 0 0 0 0
2.48063e+09 1.1037e+09 6.04709e+08 1.37575e+08 3.52388e+07 2.35351e+07 1.21408e+07 8.20331e+06 4.80333e+06 1.69056e+06 1.5205e+06 454515 303032 132928 79808.6 29040.9 15315 7828.22 4529.47 1019.17 1019.17 278.658 124.138 75.705 42.1347 11.8357 4.83988 0.820537 0.598729 0.133595 0.0879555 0.0171309 0.00872511 0.00307506 0.00115865 0.000588445 0.000136687 5.11884e-05 1.70282e-05 5.46549e-06 1.44161e-06 1.79984e-07 6.59567e-08 1.1824e-08 0 0 0 0 0 0 0 0 0 0 0 0 0 0 0 0 0 0 0 0 0 0 0 0 0 0 0 0 0 0 0 0 0 0 0 0 0 0 0 0 0 0 0 0 0 0 0 0 0 0 0 0
5.2e+09 1.50741e+09 5.24326e+08 1.00207e+08 9.31854e+07 3.63291e+07 1.55283e+07 7.45091e+06 3.62974e+06 3.45635e+06 1.72851e+06 531057 526833 279414 136363 51655.2 29635 16907.9 7873.95 1595.14 1595.14 526.497 330.332 82.5357 38.7405 24.4545 9.28984 2.74217 0.457194 0.435244 0.113611 0.0509384 0.0144592 0.0086373 0.00277943 0.000892486 0.000442591 0.000139412 2.91194e-05 7.99043e-06 1.52284e-06 5.34563e-07 4.10242e-08 2.15587e-08 0 0 0 0 0 0 0 0 0 0 0 0 0 0 0 0 0 0 0 0 0 0 0 0 0 0 0 0 0 0 0 0 0 0 0 0 0 0 0 0 0 0 0 0 0 0 0 0 0 0 0 0
4.12826e+09 6.68016e+08 4.90092e+08 1.30961e+08 3.54554e+07 3.54554e+07 2.67322e+07 1.41386e+07 5.91888e+06 3.38989e+06 605784 605784 493342 253090 163734 61592.3 38646.9 15165 8568.49 4586.79 1394.61 667.793 378.332 130.477 52.2424 13.7615 12.3572 2.66651 0.674697 0.266938 0.0484393 0.0432119 0.0247283 0.00656234 0.00223359 0.0008661 0.000421815 9.28102e-05 2.11259e-05 5.14344e-06 1.31505e-06 1.54821e-07 7.57455e-08 3.14619e-08 0 0 0 0 0 0 0 0 0 0 0 0 0 0 0 0 0 0 0 0 0 0 0 0 0 0 0 0 0 0 0 0 0 0 0 0 0 0 0 0 0 0 0 0 0 0 0 0 0 0 0 0
3.13933e+09 1.08901e+09 6.2075e+08 9.0416e+07 6.26183e+07 1.87554e+07 9.19507e+06 4.80766e+06 3.12072e+06 2.02082e+06 1.40716e+06 407427 174569 143258 57285.9 39768.8 16580.4 4725.45 4344.5 1740.39 1339.63 314.129 185.717 63.066 10.443 8.35828 6.79478 1.01351 0.303746 0.105392 0.0550081 0.0253463 0.00892661 0.00453098 0.00106486 0.000567858 0.00012902 5.21912e-05 1.46148e-05 4.1831e-06 7.73802e-07 8.60432e-08 4.01057e-08 0 0 0 0 0 0 0 0 0 0 0 0 0 0 0 0 0 0 0 0 0 0 0 0 0 0 0 0 0 0 0 0 0 0 0 0 0 0 0 0 0 0 0 0 0 0 0 0 0 0 0 0 0
3.26429e+09 1.66296e+09 9.41165e+08 1.00627e+08 9.50418e+07 1.7577e+07 1.7577e+07 1.05086e+07 4.10465e+06 1.34332e+06 1.34332e+06 614741 447793 147241 80767.3 28921.6 15052.3 8648.7 5353.89 2273.63 964.844 430.867 298.166 90.8187 28.4329 13.2682 8.4478 1.34187 0.318344 0.133611 0.0636405 0.0318958 0.0153971 0.00486455 0.00123929 0.000826734 0.000141367 5.82384e-05 1.02949e-05 3.11243e-06 5.39426e-07 2.01967e-07 2.03341e-08 0 0 0 0 0 0 0 0 0 0 0 0 0 0 0 0 0 0 0 0 0 0 0 0 0 0 0 0 0 0 0 0 0 0 0 0 0 0 0 0 0 0 0 0 0 0 0 0 0 0 0 0 0
3.62254e+09 1.44758e+09 2.25484e+08 1.48213e+08 9.9304e+07 3.48277e+07 1.3967e+07 8.17599e+06 4.1248e+06 1.82888e+06 864419 146058 146058 51135.3 51135.3 28165.3 19306.4 9704.12 4014.69 2157.27 1526.91 476.754 220.484 48.009 24.4144 16.6127 2.90679 1.09893 0.317105 0.162668 0.0445752 0.0223045 0.00755781 0.00361849 0.000992645 0.000490659 0.000144477 8.04029e-05 1.59287e-05 4.12189e-06 6.03096e-07 1.91324e-07 7.67028e-08 1.12232e-08 0 0 0 0 0 0 0 0 0 0 0 0 0 0 0 0 0 0 0 0 0 0 0 0 0 0 0 0 0 0 0 0 0 0 0 0 0 0 0 0 0 0 0 0 0 0 0 0 0 0 0 0
5.45416e+09 5.28775e+08 5.28775e+08 1.49581e+08 8.57496e+07 4.71629e+07 1.38131e+07 1.27455e+07 4.98538e+06 2.80023e+06 1.12495e+06 1.08541e+06 611880 142001 57932.6 38341.6 29937 6304.86 6304.86 1362.54 1362.54 553.192 165.946 90.0301 32.9874 24.225 13.0546 2.15965 0.941446 0.363203 0.0896322 0.0367238 0.00512446 0.00512446 0.00346973 0.00127826 0.000505556 0.000156783 4.01223e-05 1.20236e-05 1.29186e-06 4.58472e-07 8.77567e-08 2.32584e-08 0 0 0 0 0 0 0 0 0 0 0 0 0 0 0 0 0 0 0 0 0 0 0 0 0 0 0 0 0 0 0 0 0 0 0 0 0 0 0 0 0 0 0 0 0 0 0 0 0 0 0 0
5.00974e+09 1.31878e+09 5.22238e+08 1.38983e+08 8.50348e+07 4.62224e+07 8.41959e+06 8.41959e+06 3.90701e+06 988351 988351 655950 212655 131848 63119.2 37321.1 21412.4 14007.4 5478.37 1870.67 1034.52 635.446 184.111 130.527 48.3803 7.07103 7.07103 1.50269 0.436027 0.313657 0.159988 0.0248002 0.0157288 0.0058577 0.00196263 0.00094567 0.00011979 9.71906e-05 1.5e-05 6.58405e-06 1.22407e-06 5.47609e-07 1.04969e-07 2.36319e-08 0 0 0 0 0 0 0 0 0 0 0 0 0 0 0 0 0 0 0 0 0 0 0 0 0 0 0 0 0 0 0 0 0 0 0 0 0 0 0 0 0 0 0 0 0 0 0 0 0 0 0 0
7.33766e+09 2.09826e+09 6.53094e+08 1.87358e+08 7.82988e+07 5.03571e+07 2.29814e+07 1.52675e+07 4.72038e+06 4.72038e+06 1.80709e+06 585480 338203 153951 62498.4 61521.5 30308 11678.6 7494.26 2038.13 891.116 430.519 233.214 91.1514 20.3877 15.3533 7.23871 1.30644 0.496361 0.186515 0.0670534 0.0271863 0.00984734 0.00416937 0.00123017 0.00062696 0.000178498 5.70148e-05 1.32141e-05 2.83854e-06 1.16989e-06 2.82217e-07 5.65105e-08 0 0 0 0 0 0 0 0 0 0 0 0 0 0 0 0 0 0 0 0 0 0 0 0 0 0 0 0 0 0 0 0 0 0 0 0 0 0 0 0 0 0 0 0 0 0 0 0 0 0 0 0 0
5.09553e+09 9.65971e+08 3.54239e+08 1.54669e+08 7.29092e+07 1.94068e+07 4.95977e+06 4.95977e+06 4.75744e+06 1.75299e+06 1.15793e+06 390229 301713 177362 92858.5 55936.5 19287.5 10764.4 4346.16 2764.81 1541.36 527.358 255.264 62.9152 49.2886 28.3545 5.63597 1.28012 0.919319 0.306886 0.120553 0.0580217 0.02493 0.00598821 0.0025745 0.00113416 0.000314267 7.65257e-05 2.15992e-05 5.49773e-06 1.59994e-06 2.19834e-07 7.38187e-08 2.40009e-08 0 0 0 0 0 0 0 0 0 0 0 0 0 0 0 0 0 0 0 0 0 0 0 0 0 0 0 0 0 0 0 0 0 0 0 0 0 0 0 0 0 0 0 0 0 0 0 0 0 0 0 0
1.63184e+09 8.93098e+08 6.50356e+08 1.14805e+08 2.54047e+07 2.54047e+07 2.11317e+07 1.06897e+07 4.2998e+06 3.85968e+06 1.15144e+06 611860 278395 158608 85005.5 35835.3 14820.7 12841.3 3997.46 2149.03 1038.22 618.303 126.178 64.3857 30.611 16.2175 7.66561 0.616505 0.480407 0.165682 0.0517625 0.0152967 0.00815167 0.00388109 0.00188016 0.000534009 0.000288846 7.05181e-05 2.11401e-05 5.40238e-06 1.47419e-06 2.34733e-07 6.50262e-08 0 0 0 0 0 0 0 0 0 0 0 0 0 0 0 0 0 0 0 0 0 0 0 0 0 0 0 0 0 0 0 0 0 0 0 0 0 0 0 0 0 0 0 0 0 0 0 0 0 0 0 0 0
4.00314e+09 1.50956e+09 5.62548e+08 7.82648e+07 7.82648e+07 3.69607e+07 1.58561e+07 5.56249e+06 3.84428e+06 1.88903e+06 687860 503075 146191 146191 69904 24774.7 18282.5 8574.1 5075.08 1678.52 972.53 233.56 233.56 88.8599 46.0224 19.3458 8.67014 1.11018 0.706624 0.22685 0.0386369 0.0197661 0.00939366 0.00397908 0.00181038 0.00083644 0.000213103 0.000101054 1.85591e-05 2.73931e-06 1.16231e-06 2.64897e-07 5.95315e-08 1.09821e-08 0 0 0 0 0 0 0 0 0 0 0 0 0 0 0 0 0 0 0 0 0 0 0 0 0 0 0 0 0 0 0 0 0 0 0 0 0 0 0 0 0 0 0 0 0 0 0 0 0 0 0 0
7.17574e+09 1.42873e+09 4.25436e+08 1.24353e+08 8.80454e+07 2.65285e+07 1.94389e+07 9.42253e+06 3.64648e+06 2.29851e+06 1.32419e+06 647255 313566 137906 96656.2 44213.2 18974.3 9247.31 4983.56 2203.78 1276.39 599.566 267.125 78.2864 34.2129 14.6388 4.77227 0.433865 0.316978 0.170783 0.0863041 0.0205477 0.0113253 0.0046693 0.0015479 0.000590557 0.000216686 3.77406e-05 1.97831e-05 2.71132e-06 1.46286e-06 2.91487e-07 4.58047e-08 2.28405e-08 0 0 0 0 0 0 0 0 0 0 0 0 0 0 0 0 0 0 0 0 0 0 0 0 0 0 0 0 0 0 0 0 0 0 0 0 0 0 0 0 0 0 0 0 0 0 0 0 0 0 0 0
3.60416e+09 1.65078e+09 4.08842e+08 8.20688e+07 5.34692e+07 4.75491e+07 2.70159e+07 7.05607e+06 5.47324e+06 1.34673e+06 597856 432936 432936 161613 75817.7 43842.2 30184.8 9534.88 4517.55 2492.12 2037.34 1099.47 296.458 152.329 62.0911 29.3561 5.61598 1.23776 0.750038 0.321813 0.0942448 0.0186106 0.0186106 0.00703203 0.00196719 0.000843289 0.000207935 7.8238e-05 2.1891e-05 4.90715e-06 1.04068e-06 2.62045e-07 6.70625e-08 0 0 0 0 0 0 0 0 0 0 0 0 0 0 0 0 0 0 0 0 0 0 0 0 0 0 0 0 0 0 0 0 0 0 0 0 0 0 0 0 0 0 0 0 0 0 0 0 0 0 0 0 0
4.43754e+09 7.30584e+08 6.80902e+08 7.34925e+07 4.35036e+07 3.35611e+07 8.57082e+06 8.57082e+06 4.74162e+06 2.51468e+06 874815 708121 281395 224876 114939 46633.8 29101.1 14749.5 6976.77 2221.42 1675.36 361.851 260.846 130.222 40.8456 17.9681 11.7089 1.26404 0.463031 0.277478 0.11757 0.0327237 0.0121081 0.00498915 0.00142736 0.000841955 0.00023056 0.000124636 4.49496e-05 9.18927e-06 2.60231e-06 4.41712e-07 1.59833e-07 1.68253e-08 0 0 0 0 0 0 0 0 0 0 0 0 0 0 0 0 0 0 0 0 0 0 0 0 0 0 0 0 0 0 0 0 0 0 0 0 0 0 0 0 0 0 0 0 0 0 0 0 0 0 0 0
5.10157e+09 1.19449e+09 4.78086e+08 4.96985e+07 4.96985e+07 2.57284e+07 2.24266e+07 1.22379e+07 5.30014e+06 2.71458e+06 1.26638e+06 343444 277125 159320 86296.1 33606.1 22089.7 8665.47 3890.96 1033.38 1033.38 347.001 205.812 123.848 43.6748 29.2462 13.1364 2.71784 0.985911 0.185714 0.177508 0.0563758 0.0291082 0.00908444 0.00455263 0.000763136 0.000528806 0.000222364 3.59786e-05 1.61874e-05 3.10674e-06 5.3186e-07 1.3612e-07 3.1962e-08 0 0 0 0 0 0 0 0 0 0 0 0 0 0 0 0 0 0 0 0 0 0 0 0 0 0 0 0 0 0 0 0 0 0 0 0 0 0 0 0 0 0 0 0 0 0 0 0 0 0 0 0
4.25735e+09 1.10958e+09 7.10346e+08 9.54362e+07 6.24441e+07 2.59734e+07 1.5037e+07 6.92228e+06 4.92077e+06 2.35247e+06 1.59989e+06 722830 352942 192970 70674.2 58543.3 27359.8 9767.47 4267.54 2418.38 1436.3 694.991 309.364 169.469 96.1222 14.8913 12.6763 1.73186 0.517476 0.326005 0.0747319 0.039078 0.016135 0.00321656 0.00196704 0.000775789 0.000200353 3.97179e-05 1.2835e-05 2.62107e-06 1.07773e-06 1.32494e-07 7.17146e-08 2.27832e-08 0 0 0 0 0 0 0 0 0 0 0 0 0 0 0 0 0 0 0 0 0 0 0 0 0 0 0 0 0 0 0 0 0 0 0 0 0 0 0 0 0 0 0 0 0 0 0 0 0 0 0 0
4.16617e+09 8.33905e+08 4.15212e+08 1.47863e+08 4.75871e+07 2.54665e+07 1.82484e+07 8.15776e+06 4.94497e+06 2.44833e+06 409703 409703 242972 172185 69777.7 56130 21946.1 12296 5825.39 1292.6 978.572 339.272 200.038 80.8506 32.3743 14.765 5.49542 0.976193 0.449176 0.218202 0.0727515 0.0206059 0.0118375 0.00578278 0.00131771 0.000536178 0.000222614 8.82954e-05 2.73618e-05 9.34983e-06 1.18859e-06 2.09704e-07 5.5944e-08 1.24182e-08 0 0 0 0 0 0 0 0 0 0 0 0 0 0 0 0 0 0 0 0 0 0 0 0 0 0 0 0 0 0 0 0 0 0 0 0 0 0 0 0 0 0 0 0 0 0 0 0 0 0 0 0
5.34131e+09 1.76364e+09 8.33444e+08 1.88114e+08 4.46979e+07 4.08061e+07 1.29295e+07 3.46005e+06 2.85788e+06 2.85788e+06 2.11043e+06 949128 224356 148003 99680.5 73287.5 13232.4 12034.3 4872.7 3530.6 1293.63 716.732 210.531 135.787 56.0792 19.9116 8.21268 1.3615 0.699905 0.187395 0.164745 0.0227179 0.0227179 0.0102405 0.00313638 0.000924976 0.000480935 0.000210222 4.46149e-05 8.64481e-06 2.38148e-06 6.14007e-07 1.43095e-07 2.62822e-08 0 0 0 0 0 0 0 0 0 0 0 0 0 0 0 0 0 0 0 0 0 0 0 0 0 0 0 0 0 0 0 0 0 0 0 0 0 0 0 0 0 0 0 0 0 0 0 0 0 0 0 0
7.08803e+09 1.61334e+09 6.90234e+08 1.10987e+08 4.61124e+07 3.45687e+07 1.45221e+07 8.36225e+06 6.2979e+06 3.75639e+06 1.64749e+06 528150 376311 179123 100562 26764.3 15818.1 10196.6 5502.62 4291.67 1358.44 622.864 222.889 166.042 60.0706 26.2167 16.1468 2.95291 0.909937 0.261433 0.127606 0.0711946 0.0249554 0.00426079 0.00288207 0.000325351 0.000325351 0.000198771 2.28292e-05 9.08245e-06 2.18179e-06 5.27886e-07 7.17742e-08 2.50068e-08 0 0 0 0 0 0 0 0 0 0 0 0 0 0 0 0 0 0 0 0 0 0 0 0 0 0 0 0 0 0 0 0 0 0 0 0 0 0 0 0 0 0 0 0 0 0 0 0 0 0 0 0
6.0362e+09 1.69962e+09 4.71722e+08 1.94779e+08 5.87243e+07 3.40433e+07 1.47905e+07 9.12371e+06 2.68897e+06 1.45037e+06 956241 599196 315117 163559 78854.9 31048.4 28924.2 6786.77 4444.15 2942.65 1129.18 538.123 170.769 131.989 51.2945 9.96161 8.74449 0.975874 0.660368 0.312038 0.0964048 0.0361076 0.0142179 0.00356419 0.00140066 0.000557959 0.000295977 8.646e-05 3.05044e-05 5.36026e-06 1.85509e-06 6.84134e-07 1.6967e-07 2.49075e-08 0 0 0 0 0 0 0 0 0 0 0 0 0 0 0 0 0 0 0 0 0 0 0 0 0 0 0 0 0 0 0 0 0 0 0 0 0 0 0 0 0 0 0 0 0 0 0 0 0 0 0 0
4.84242e+09 9.97852e+08 2.35803e+08 1.28578e+08 7.50537e+07 1.48801e+07 1.42799e+07 8.9846e+06 4.35901e+06 2.27433e+06 1.55323e+06 534601 366956 253253 50176.6 50176.6 26822.6 12500.8 8211.01 3189.9 1479.8 600.452 338.247 143.843 80.0162 32.3764 14.4635 1.5613 1.152 0.515484 0.167017 0.0592766 0.0251423 0.00586148 0.00440476 0.000569024 0.000396693 9.57866e-05 2.98342e-05 9.61641e-06 2.02509e-06 4.94095e-07 1.74619e-07 3.5903e-08 0 0 0 0 0 0 0 0 0 0 0 0 0 0 0 0 0 0 0 0 0 0 0 0 0 0 0 0 0 0 0 0 0 0 0 0 0 0 0 0 0 0 0 0 0 0 0 0 0 0 0 0
4.409e+09 1.51693e+09 6.64095e+08 1.6814e+08 7.77818e+07 3.17029e+07 1.08631e+07 7.33441e+06 6.27074e+06 2.26423e+06 937508 364433 364433 89021.7 46385.7 29689.4 22110.5 10029.2 3510.52 1955.24 883.351 544.277 122.068 106.671 28.2621 16.5747 7.42455 1.39764 0.480697 0.216147 0.0646794 0.0335127 0.0130077 0.00496874 0.00162831 0.000890743 0.00018867 9.15023e-05 2.56047e-05 3.39748e-06 9.09378e-07 1.33562e-07 7.6632e-08 1.60519e-08 0 0 0 0 0 0 0 0 0 0 0 0 0 0 0 0 0 0 0 0 0 0 0 0 0 0 0 0 0 0 0 0 0 0 0 0 0 0 0 0 0 0 0 0 0 0 0 0 0 0 0 0
4.26625e+09 7.28706e+08 3.44498e+08 8.13666e+07 4.35771e+07 2.53875e+07 1.89774e+07 6.85661e+06 3.43751e+06 1.96333e+06 1.32532e+06 707270 284071 216667 65816.4 34318.2 15368.6 9353.71 4336.36 1958.15 694.837 204.851 204.851 92.3365 45.7032 19.6765 7.15419 1.6942 0.692828 0.251864 0.104963 0.0316945 0.00817721 0.00534708 0.00297284 0.000582404 0.000334273 8.23303e-05 1.07754e-05 4.80694e-06 1.15739e-06 2.48518e-07 5.73501e-08 0 0 0 0 0 0 0 0 0 0 0 0 0 0 0 0 0 0 0 0 0 0 0 0 0 0 0 0 0 0 0 0 0 0 0 0 0 0 0 0 0 0 0 0 0 0 0 0 0 0 0 0 0
4.93638e+09 1.8987e+09 8.41636e+08 9.55512e+07 5.47749e+07 3.22227e+07 1.50882e+07 1.01233e+07 2.82786e+06 1.40405e+06 1.29313e+06 509250 343658 251631 86702.8 37831.7 25439.6 7258.71 7258.71 1870.12 1232.93 375.299 263.77 93.7536 29.5648 25.3832 11.2583 1.75294 0.579616 0.273917 0.119348 0.0550767 0.0146992 0.00665536 0.0017039 0.000734805 0.000254872 0.000108234 2.39073e-05 4.47459e-06 7.32898e-07 1.32721e-07 6.14219e-08 1.37885e-08 0 0 0 0 0 0 0 0 0 0 0 0 0 0 0 0 0 0 0 0 0 0 0 0 0 0 0 0 0 0 0 0 0 0 0 0 0 0 0 0 0 0 0 0 0 0 0 0 0 0 0 0
5.7732e+09 9.69061e+08 5.04037e+08 1.53903e+08 5.33301e+07 4.61176e+07 1.99132e+07 5.33231e+06 3.57955e+06 3.13087e+06 1.11041e+06 558127 247683 175313 86236.2 53374.8 20379.5 9224.36 4560.4 1401.8 1184.86 336.579 139.919 112.355 43.2465 9.28469 6.16737 1.37793 0.39124 0.279986 0.0789424 0.0243468 0.00957643 0.00561489 0.00122844 0.000673764 0.000122199 9.07928e-05 2.34614e-05 5.75182e-06 1.15067e-06 1.81302e-07 2.00648e-08 1.38939e-08 0 0 0 0 0 0 0 0 0 0 0 0 0 0 0 0 0 0 0 0 0 0 0 0 0 0 0 0 0 0 0 0 0 0 0 0 0 0 0 0 0 0 0 0 0 0 0 0 0 0 0 0
4.48636e+09 1.27085e+09 2.15384e+08 1.31049e+08 5.66562e+07 2.81468e+07 1.95381e+07 1.0142e+07 3.96698e+06 2.94489e+06 1.08445e+06 750776 287755 43283.9 43283.9 19462 19462 12370.3 8274.38 3815 1743.18 619.424 199.691 124.79 46.3483 24.4305 9.06693 1.35403 0.585869 0.278578 0.0726596 0.0631238 0.0181246 0.00464769 0.00321015 0.000629769 0.000302772 0.000123332 2.57643e-05 7.19245e-06 1.43701e-06 3.00057e-07 6.17471e-08 1.04173e-08 0 0 0 0 0 0 0 0 0 0 0 0 0 0 0 0 0 0 0 0 0 0 0 0 0 0 0 0 0 0 0 0 0 0 0 0 0 0 0 0 0 0 0 0 0 0 0 0 0 0 0 0
4.89923e+09 1.33675e+09 4.55025e+08 5.43262e+07 5.43262e+07 4.60481e+07 2.07402e+07 9.11991e+06 3.23402e+06 1.25074e+06 1.0187e+06 506397 243433 95218.2 59475.8 38064.9 15665.2 12375.4 3536.7 2183.36 751.017 461.561 136.738 32.216 27.6568 10.2007 5.79757 1.22874 0.711458 0.24589 0.0862449 0.0406122 0.0115875 0.00859002 0.0025177 0.000870781 0.000121522 9.61488e-05 2.13008e-05 4.54559e-06 1.15919e-06 3.30582e-07 4.76559e-08 1.70192e-08 0 0 0 0 0 0 0 0 0 0 0 0 0 0 0 0 0 0 0 0 0 0 0 0 0 0 0 0 0 0 0 0 0 0 0 0 0 0 0 0 0 0 0 0 0 0 0 0 0 0 0 0
4.17338e+09 8.41454e+08 4.3405e+08 8.16426e+07 7.76002e+07 2.81466e+07 6.27032e+06 6.27032e+06 5.49348e+06 2.7758e+06 1.50881e+06 466902 403063 168389 72797.7 47641.9 25505.2 8400.23 6294.63 4545.79 1397.73 477.588 216.788 91.432 46.0205 24.1837 8.70143 0.762374 0.239963 0.08794 0.073738 0.0266849 0.0119904 0.00423118 0.00123144 0.000423747 0.000110349 7.46292e-05 1.53041e-05 4.29038e-06 1.76489e-06 3.85399e-07 6.99628e-08 1.74711e-08 0 0 0 0 0 0 0 0 0 0 0 0 0 0 0 0 0 0 0 0 0 0 0 0 0 0 0 0 0 0 0 0 0 0 0 0 0 0 0 0 0 0 0 0 0 0 0 0 0 0 0 0
5.21995e+09 1.11045e+09 9.39546e+08 1.64969e+08 7.46717e+07 2.51295e+07 1.40605e+07 3.13399e+06 3.03572e+06 3.03572e+06 1.16217e+06 373417 219962 183607 116105 56215 19274.1 7818.26 4860.52 1645.6 854.079 537.444 168.702 85.5677 38.2674 14.7235 6.19764 1.35018 0.510977 0.281209 0.127527 0.0309643 0.0157836 0.00454356 0.00168695 0.000855864 0.000226168 0.000123219 2.70351e-05 2.92185e-06 1.13128e-06 3.01972e-07 6.81715e-08 1.28973e-08 0 0 0 0 0 0 0 0 0 0 0 0 0 0 0 0 0 0 0 0 0 0 0 0 0 0 0 0 0 0 0 0 0 0 0 0 0 0 0 0 0 0 0 0 0 0 0 0 0 0 0 0
6.04578e+09 1.04731e+09 4.00524e+08 1.39728e+08 6.2348e+07 2.35844e+07 9.90513e+06 7.42291e+06 3.22744e+06 2.34425e+06 1.3122e+06 774266 348267 128400 84754.8 44331.5 23116.9 8727.63 6349.81 2998.58 875.505 716.802 234.947 79.1206 46.5619 20.7133 8.35328 1.21471 0.656574 0.261219 0.0328531 0.0292192 0.0178142 0.00411347 0.00234752 0.000808373 0.000302827 9.76208e-05 1.8239e-05 4.87356e-06 1.31266e-06 3.13305e-07 6.76254e-08 1.37814e-08 0 0 0 0 0 0 0 0 0 0 0 0 0 0 0 0 0 0 0 0 0 0 0 0 0 0 0 0 0 0 0 0 0 0 0 0 0 0 0 0 0 0 0 0 0 0 0 0 0 0 0 0
4.84453e+09 1.52648e+09 5.75964e+08 6.40482e+07 6.40482e+07 2.97816e+07 1.79569e+07 6.77519e+06 4.97522e+06 2.07206e+06 1.56918e+06 672686 218859 99543.6 78275.6 36056.6 8223.85 8223.85 3898.72 1234.89 648.073 327.618 144.177 24.4587 24.4587 13.3877 2.47747 0.807082 0.254396 0.135145 0.0584287 0.0106686 0.00797978 0.00222635 0.0012264 0.000410894 0.000120449 5.0606e-05 1.00991e-05 2.76033e-06 5.11906e-07 5.95638e-08 2.38965e-08 0 0 0 0 0 0 0 0 0 0 0 0 0 0 0 0 0 0 0 0 0 0 0 0 0 0 0 0 0 0 0 0 0 0 0 0 0 0 0 0 0 0 0 0 0 0 0 0 0 0 0 0 0
2.73919e+09 1.68529e+09 4.52525e+08 1.57432e+08 6.53189e+07 3.03664e+07 2.03274e+07 4.91109e+06 3.81097e+06 2.15685e+06 714322 648004 361510 115643 57119.2 40200 19094 7014.92 3329.03 1873.24 760.212 518.937 189.688 113.008 34.0403 8.5345 6.7882 1.20706 0.24345 0.147584 0.0589174 0.00821851 0.00821851 0.00486284 0.00178395 0.000735179 0.000299457 6.83636e-05 2.37861e-05 3.41081e-06 1.1462e-06 1.88818e-07 4.58461e-08 0 0 0 0 0 0 0 0 0 0 0 0 0 0 0 0 0 0 0 0 0 0 0 0 0 0 0 0 0 0 0 0 0 0 0 0 0 0 0 0 0 0 0 0 0 0 0 0 0 0 0 0 0
4.4811e+09 1.30229e+09 4.31279e+08 1.31859e+08 3.20208e+07 2.31774e+07 9.30169e+06 7.15906e+06 2.80884e+06 2.27112e+06 1.48392e+06 650391 232965 146903 101000 41025 24086.1 12920.4 5765.51 2281.12 1188.29 787.981 267.388 107.832 44.8839 17.4815 10.5874 1.82069 0.477277 0.389118 0.104907 0.0481406 0.0110397 0.00766871 0.00218831 0.00138784 0.000399011 0.000172946 3.62633e-05 6.22962e-06 2.35577e-06 4.98655e-07 1.62573e-07 2.59936e-08 0 0 0 0 0 0 0 0 0 0 0 0 0 0 0 0 0 0 0 0 0 0 0 0 0 0 0 0 0 0 0 0 0 0 0 0 0 0 0 0 0 0 0 0 0 0 0 0 0 0 0 0
