4996.27 3845.4 2429.22 1306.64 849.783 568.405 421.48 338.315 296.957 217.819 185.861 159.418 150.038 136.176 129.41 123.85 120.948 117.797 115.06 114.097 109.645 107.155 103.546 102.548 101.462 100.796 100.418 100.272 100.176 100.101 100.063 100.045 100.023 100.016 100.011 100.006 100.004 100.002 100.001 100 100 100 100 100 100 100 100 100 100 100 100 100 100 100 100 100 100 100 100 100 100 100 100 100 100 100 100 100 100 100 100 100 100 100 100 100 100 100 100 100 100 100 100 100 100 100 100 100 100 100 100 100 100 100 100
6335.96 4724.88 2892.65 1329.98 1038.13 691.79 554.512 416.822 305.179 235.057 214.308 179.948 159.703 148.253 135.266 127.609 122.385 119.506 116.304 114.344 112.345 108.853 106.266 103.094 101.737 101.064 100.681 100.317 100.185 100.143 100.089 100.056 100.033 100.023 100.013 100.009 100.005 100.003 100.002 100 100 100 100 100 100 100 100 100 100 100 100 100 100 100 100 100 100 100 100 100 100 100 100 100 100 100 100 100 100 100 100 100 100 100 100 100 100 100 100 100 100 100 100 100 100 100 100 100 100 100 100 100 100 100 100
6055.54 5099.96 4029.05 1668.3 1143.65 770.292 552.399 448.467 340.072 276.685 226.807 197.644 158.885 148.549 140.793 131.264 123.321 120.469 117.857 114.792 112.37 109.397 106.32 103.945 102.789 101.016 100.873 100.457 100.278 100.125 100.092 100.055 100.035 100.017 100.011 100.008 100.005 100.003 100.002 100 100 100 100 100 100 100 100 100 100 100 100 100 100 100 100 100 100 100 100 100 100 100 100 100 100 100 100 100 100 100 100 100 100 100 100 100 100 100 100 100 100 100 100 100 100 100 100 100 100 100 100 100 100 100 100
6420.88 4436.2 2516.89 1351.78 989.169 727.48 508.776 436.338 319.923 239.068 211.435 164.324 155.72 147.112 135.083 128.352 124.273 118.558 116.475 114.805 113.047 107.386 106.108 102.648 101.869 101.043 100.637 100.266 100.183 100.118 100.083 100.045 100.031 100.019 100.014 100.007 100.005 100.003 100.002 100 100 100 100 100 100 100 100 100 100 100 100 100 100 100 100 100 100 100 100 100 100 100 100 100 100 100 100 100 100 100 100 100 100 100 100 100 100 100 100 100 100 100 100 100 100 100 100 100 100 100 100 100 100 100 100
5157.53 2757.97 2162.62 1124.93 837.471 567.495 447.038 340.724 238.918 229.182 193.4 157.48 150.203 138.326 129.33 123.805 120.655 116.875 114.96 113.361 109.554 107.535 104.036 102.165 101.089 100.758 100.389 100.228 100.142 100.091 100.055 100.033 100.025 100.013 100.009 100.006 100.004 100.002 100.001 100 100 100 100 100 100 100 100 100 100 100 100 100 100 100 100 100 100 100 100 100 100 100 100 100 100 100 100 100 100 100 100 100 100 100 100 100 100 100 100 100 100 100 100 100 100 100 100 100 100 100 100 100 100 100 100
7246.98 4652.96 3102.62 1390.99 1108.5 772.777 534.726 447.162 332.411 254.24 214.283 177.766 163.538 143.794 138.898 128.629 123.064 120.531 117.764 115.149 112.445 109.127 105.952 104.004 102.135 101.462 100.697 100.344 100.255 100.131 100.083 100.048 100.028 100.018 100.012 100.008 100.004 100.003 100.002 100 100 100 100 100 100 100 100 100 100 100 100 100 100 100 100 100 100 100 100 100 100 100 100 100 100 100 100 100 100 100 100 100 100 100 100 100 100 100 100 100 100 100 100 100 100 100 100 100 100 100 100 100 100 100 100
6313.81 4785.11 3087.17 1008.61 1008.61 634.767 527.134 438.954 315.065 238.504 206.02 183.508 147.898 137.681 137.162 130.314 123.943 119.095 116.268 114.805 111.64 108.438 104.89 102.449 101.608 100.802 100.437 100.264 100.161 100.11 100.06 100.038 100.023 100.015 100.01 100.005 100.003 100.002 100.001 100 100 100 100 100 100 100 100 100 100 100 100 100 100 100 100 100 100 100 100 100 100 100 100 100 100 100 100 100 100 100 100 100 100 100 100 100 100 100 100 100 100 100 100 100 100 100 100 100 100 100 100 100 100 100 100
6174.73 3440.8 3293.11 1302.77 984.742 589.918 446.043 444.445 312.615 253.255 204.347 182.931 158.115 143.998 137.29 128.803 121.093 119.954 116.629 114.668 111.915 106.895 105.438 103.257 102.133 101.26 100.627 100.356 100.198 100.138 100.082 100.056 100.032 100.02 100.012 100.008 100.005 100.003 100.002 100 100 100 100 100 100 100 100 100 100 100 100 100 100 100 100 100 100 100 100 100 100 100 100 100 100 100 100 100 100 100 100 100 100 100 100 100 100 100 100 100 100 100 100 100 100 100 100 100 100 100 100 100 100 100 100
7107.19 5174.57 3362.99 1514.56 1051.51 623.522 590.589 397.553 313.11 257.597 204.089 179.784 159.144 144.988 131.137 125.528 123.068 119.549 116.665 114.082 111.301 108.172 105.819 103.524 101.634 101.143 100.628 100.374 100.26 100.156 100.081 100.055 100.037 100.022 100.013 100.008 100.006 100.002 100.002 100 100 100 100 100 100 100 100 100 100 100 100 100 100 100 100 100 100 100 100 100 100 100 100 100 100 100 100 100 100 100 100 100 100 100 100 100 100 100 100 100 100 100 100 100 100 100 100 100 100 100 100 100 100 100 100
5409.59 5163.04 2755.04 1372.06 702.653 687.664 474.798 363.348 281.835 234.845 193.776 170.739 153.732 141.933 133.876 125.939 118.98 118.973 116.059 113.939 112.067 107.93 105.55 103.041 101.722 100.969 100.55 100.356 100.238 100.131 100.075 100.055 100.028 100.021 100.013 100.008 100.005 100.003 100.002 100 100 100 100 100 100 100 100 100 100 100 100 100 100 100 100 100 100 100 100 100 100 100 100 100 100 100 100 100 100 100 100 100 100 100 100 100 100 100 100 100 100 100 100 100 100 100 100 100 100 100 100 100 100 100 100
7865.39 4804.47 3167.88 1577.35 936.259 674.451 559.757 383.554 293.505 235.764 202.509 175.175 157.75 144.165 131.107 127.501 120.321 118.641 116.005 114.173 109.676 106.642 104.25 102.183 101.338 100.709 100.462 100.304 100.166 100.099 100.069 100.044 100.027 100.014 100.011 100.007 100.004 100.002 100.002 100 100 100 100 100 100 100 100 100 100 100 100 100 100 100 100 100 100 100 100 100 100 100 100 100 100 100 100 100 100 100 100 100 100 100 100 100 100 100 100 100 100 100 100 100 100 100 100 100 100 100 100 100 100 100 100
8596.98 5524.91 2323.32 1454.78 1051.92 825.389 542.192 362.375 324.724 260.766 217.06 170.893 163.56 148.693 137.31 128.918 122.683 120.041 117.228 115.16 113.171 108.438 107.055 103.216 102.162 101.227 100.718 100.382 100.236 100.139 100.088 100.059 100.031 100.021 100.011 100.007 100.004 100.003 100.002 100 100 100 100 100 100 100 100 100 100 100 100 100 100 100 100 100 100 100 100 100 100 100 100 100 100 100 100 100 100 100 100 100 100 100 100 100 100 100 100 100 100 100 100 100 100 100 100 100 100 100 100 100 100 100 100
5871.23 4641.08 2657.74 1647.68 1362.64 852.926 671.156 475.665 356.402 295.55 231.64 192.668 161.268 150.317 136.936 129.238 124.265 120.338 117.349 114.351 113.195 108.179 106.276 103.526 101.83 101.175 100.594 100.384 100.221 100.142 100.074 100.05 100.033 100.021 100.013 100.007 100.005 100.003 100.002 100 100 100 100 100 100 100 100 100 100 100 100 100 100 100 100 100 100 100 100 100 100 100 100 100 100 100 100 100 100 100 100 100 100 100 100 100 100 100 100 100 100 100 100 100 100 100 100 100 100 100 100 100 100 100 100
6896.04 5385.41 3860.55 1375.59 1131.33 776.681 504.818 448.264 360.852 284.202 228.395 192.868 166.521 147.899 135.986 130.896 125.376 120.757 117.861 114.847 112.5 109.195 105.512 103.691 102.003 101.094 100.655 100.339 100.243 100.122 100.093 100.045 100.032 100.02 100.013 100.008 100.005 100.003 100.002 100 100 100 100 100 100 100 100 100 100 100 100 100 100 100 100 100 100 100 100 100 100 100 100 100 100 100 100 100 100 100 100 100 100 100 100 100 100 100 100 100 100 100 100 100 100 100 100 100 100 100 100 100 100 100 100
7126.1 4637.91 2303.25 1245.88 921.078 600.69 535.203 398.402 309.239 246.004 202.691 176.114 149.591 140.614 130.236 126.007 122.357 119.313 116.741 114.235 112.109 108.83 106.222 102.462 101.911 100.946 100.645 100.352 100.186 100.142 100.081 100.051 100.031 100.016 100.009 100.007 100.005 100.003 100.002 100 100 100 100 100 100 100 100 100 100 100 100 100 100 100 100 100 100 100 100 100 100 100 100 100 100 100 100 100 100 100 100 100 100 100 100 100 100 100 100 100 100 100 100 100 100 100 100 100 100 100 100 100 100 100 100
6571.95 3828.99 3435.68 1442.7 1032.89 753.592 553.84 411.207 295.02 260.489 224.433 182.003 163.781 145.551 134.213 128.289 123.886 119.977 117.778 115.016 112.477 108.675 105.096 103.741 101.914 101.132 100.56 100.34 100.234 100.136 100.079 100.051 100.036 100.019 100.014 100.009 100.006 100.003 100.002 100 100 100 100 100 100 100 100 100 100 100 100 100 100 100 100 100 100 100 100 100 100 100 100 100 100 100 100 100 100 100 100 100 100 100 100 100 100 100 100 100 100 100 100 100 100 100 100 100 100 100 100 100 100 100 100
7611.55 4618.52 3617.38 1622.17 1226.18 885.367 553.53 478.162 361.058 218.818 218.818 184.569 176.054 149.408 139.263 130.162 125.756 120.948 117.69 115.163 113.46 109.529 105.779 103.386 102.126 101.133 100.633 100.387 100.207 100.163 100.083 100.057 100.037 100.023 100.015 100.01 100.006 100.004 100.002 100 100 100 100 100 100 100 100 100 100 100 100 100 100 100 100 100 100 100 100 100 100 100 100 100 100 100 100 100 100 100 100 100 100 100 100 100 100 100 100 100 100 100 100 100 100 100 100 100 100 100 100 100 100 100 100
7357.6 4912.41 3211.56 1512.19 1115.74 659.423 494.257 342.783 316.223 250.162 201.462 174.008 157.624 136.633 135.456 124.023 121.794 119.309 116.493 114.686 112.064 109.61 105.005 103.436 101.67 101.014 100.64 100.362 100.2 100.111 100.076 100.042 100.029 100.017 100.009 100.007 100.004 100.003 100.002 100 100 100 100 100 100 100 100 100 100 100 100 100 100 100 100 100 100 100 100 100 100 100 100 100 100 100 100 100 100 100 100 100 100 100 100 100 100 100 100 100 100 100 100 100 100 100 100 100 100 100 100 100 100 100 100
8177.96 5168.07 3210.15 1344.6 1022.02 718.054 576.792 372.094 325.517 284.247 218.19 165.848 160.894 144.825 133.243 127.85 122.894 120.191 116.954 114.632 111.243 107.629 104.673 102.801 101.662 101.02 100.49 100.251 100.195 100.114 100.077 100.047 100.026 100.016 100.01 100.007 100.004 100.002 100.001 100 100 100 100 100 100 100 100 100 100 100 100 100 100 100 100 100 100 100 100 100 100 100 100 100 100 100 100 100 100 100 100 100 100 100 100 100 100 100 100 100 100 100 100 100 100 100 100 100 100 100 100 100 100 100 100
6991.82 4850.48 3877.32 1733.63 1116.7 895.311 641.419 427.031 349.226 245 233.928 177.116 156.46 149.594 138.946 128.769 123.356 120.572 117.663 114.39 112.923 108.113 105.632 103.097 101.817 100.639 100.627 100.326 100.187 100.117 100.068 100.047 100.027 100.015 100.01 100.006 100.004 100.003 100.001 100 100 100 100 100 100 100 100 100 100 100 100 100 100 100 100 100 100 100 100 100 100 100 100 100 100 100 100 100 100 100 100 100 100 100 100 100 100 100 100 100 100 100 100 100 100 100 100 100 100 100 100 100 100 100 100
7314.07 5128.87 3018.3 1282.8 973.031 725.661 536.92 432.422 334.215 261.82 199.892 179.485 159.028 143.81 136.612 130.493 122.299 119.626 116.645 114.702 112.915 108.067 105.351 103.406 102.3 101.327 100.605 100.355 100.261 100.153 100.091 100.057 100.035 100.023 100.013 100.008 100.005 100.003 100.002 100 100 100 100 100 100 100 100 100 100 100 100 100 100 100 100 100 100 100 100 100 100 100 100 100 100 100 100 100 100 100 100 100 100 100 100 100 100 100 100 100 100 100 100 100 100 100 100 100 100 100 100 100 100 100 100
6442.75 4516.32 3246.51 1440.88 808.235 804.625 508.117 399.365 308.412 251.461 201.079 175.584 155.04 140.773 133.35 126.8 122.173 118.666 115.916 113.962 110.896 106.712 104.381 102.278 101.709 100.999 100.507 100.303 100.19 100.116 100.072 100.047 100.026 100.016 100.011 100.006 100.004 100.003 100.002 100 100 100 100 100 100 100 100 100 100 100 100 100 100 100 100 100 100 100 100 100 100 100 100 100 100 100 100 100 100 100 100 100 100 100 100 100 100 100 100 100 100 100 100 100 100 100 100 100 100 100 100 100 100 100 100
5836.65 3749 2208.36 1043.24 760.39 644.636 480.884 364.943 275.789 214.397 190.443 162.054 153.985 144.059 128.793 126.01 120.895 118.457 116.158 114.09 112.444 108.249 104.82 102.914 101.448 100.773 100.519 100.33 100.172 100.098 100.068 100.042 100.02 100.013 100.01 100.006 100.004 100.002 100.001 100 100 100 100 100 100 100 100 100 100 100 100 100 100 100 100 100 100 100 100 100 100 100 100 100 100 100 100 100 100 100 100 100 100 100 100 100 100 100 100 100 100 100 100 100 100 100 100 100 100 100 100 100 100 100 100
6866.63 5238.35 3505.51 1561.1 776.738 717.5 551.885 461.718 314.207 265.298 213.597 167.025 160.45 149.9 138.848 129.403 124.015 120.495 117.158 114.585 113.17 109.676 106.325 102.832 102.017 100.956 100.593 100.351 100.204 100.134 100.069 100.046 100.031 100.019 100.011 100.007 100.004 100.003 100.002 100 100 100 100 100 100 100 100 100 100 100 100 100 100 100 100 100 100 100 100 100 100 100 100 100 100 100 100 100 100 100 100 100 100 100 100 100 100 100 100 100 100 100 100 100 100 100 100 100 100 100 100 100 100 100 100
7325.39 5787.98 2855.24 1463.97 987.535 761.616 424.514 399.793 276.829 252.707 202.44 174.956 160.121 142.073 133.825 128.312 122.745 117.69 116.351 114.198 110.954 108.027 104.064 102.889 101.477 100.675 100.494 100.291 100.171 100.118 100.064 100.041 100.027 100.018 100.01 100.006 100.004 100.002 100.002 100 100 100 100 100 100 100 100 100 100 100 100 100 100 100 100 100 100 100 100 100 100 100 100 100 100 100 100 100 100 100 100 100 100 100 100 100 100 100 100 100 100 100 100 100 100 100 100 100 100 100 100 100 100 100 100
7293.93 4277.56 3241.14 1332.88 911.112 742.406 494.978 364.519 290.34 199.679 187.584 164.786 153.558 134.924 131.46 122.788 119.643 117.207 115.656 113.356 109.294 105.408 103.88 101.923 101.095 100.777 100.454 100.283 100.159 100.105 100.06 100.033 100.025 100.015 100.009 100.005 100.003 100.002 100.001 100 100 100 100 100 100 100 100 100 100 100 100 100 100 100 100 100 100 100 100 100 100 100 100 100 100 100 100 100 100 100 100 100 100 100 100 100 100 100 100 100 100 100 100 100 100 100 100 100 100 100 100 100 100 100 100
6990.4 3547.04 2856.92 1392.16 989.98 748.252 555.095 408.817 318.976 253.938 208.705 175.47 158.547 139.946 132.408 125.418 122.292 119.09 116.302 113.696 111.232 107.944 105.245 103.464 101.924 101.027 100.567 100.31 100.195 100.086 100.075 100.046 100.025 100.017 100.01 100.007 100.004 100.002 100.002 100 100 100 100 100 100 100 100 100 100 100 100 100 100 100 100 100 100 100 100 100 100 100 100 100 100 100 100 100 100 100 100 100 100 100 100 100 100 100 100 100 100 100 100 100 100 100 100 100 100 100 100 100 100 100 100
7999.71 4639.01 2181.35 1354.69 967.167 714.49 513.191 391.061 279.839 272.607 186.49 182.573 157.438 145.289 134.069 128.741 122.678 119.854 116.313 113.099 111.939 108.398 105.207 102.87 101.676 101.039 100.602 100.326 100.194 100.125 100.073 100.052 100.03 100.019 100.011 100.008 100.005 100.003 100.002 100 100 100 100 100 100 100 100 100 100 100 100 100 100 100 100 100 100 100 100 100 100 100 100 100 100 100 100 100 100 100 100 100 100 100 100 100 100 100 100 100 100 100 100 100 100 100 100 100 100 100 100 100 100 100 100
7445.18 4547.96 2614.59 1400.51 1303.34 738.303 590.801 454.445 329.924 256.431 204.461 181.538 159.785 148.294 134.574 130.164 122.448 120.046 116.902 114.567 112.718 107.828 104.989 103.115 101.804 100.848 100.594 100.32 100.214 100.102 100.07 100.039 100.027 100.015 100.009 100.006 100.004 100.003 100.002 100 100 100 100 100 100 100 100 100 100 100 100 100 100 100 100 100 100 100 100 100 100 100 100 100 100 100 100 100 100 100 100 100 100 100 100 100 100 100 100 100 100 100 100 100 100 100 100 100 100 100 100 100 100 100 100
5993.62 4561.77 3677.89 1365.2 974.163 652.352 378.918 378.918 258.607 253.061 214.318 176.503 155.234 143.598 132.245 127.304 120.724 119.301 117.058 113.543 112.614 108.398 104.795 102.851 101.771 100.98 100.537 100.326 100.191 100.128 100.082 100.043 100.028 100.018 100.011 100.007 100.004 100.002 100.002 100 100 100 100 100 100 100 100 100 100 100 100 100 100 100 100 100 100 100 100 100 100 100 100 100 100 100 100 100 100 100 100 100 100 100 100 100 100 100 100 100 100 100 100 100 100 100 100 100 100 100 100 100 100 100 100
7867.12 4164.22 3510.3 1472.33 1161.88 695.601 469.507 389.561 304.949 241.855 211.009 186.721 159.738 143.189 133.136 128.331 123.931 119.95 116.668 114.781 112.723 108.161 105.703 103.222 101.588 101.082 100.706 100.259 100.236 100.126 100.077 100.059 100.033 100.021 100.013 100.007 100.005 100.003 100.002 100 100 100 100 100 100 100 100 100 100 100 100 100 100 100 100 100 100 100 100 100 100 100 100 100 100 100 100 100 100 100 100 100 100 100 100 100 100 100 100 100 100 100 100 100 100 100 100 100 100 100 100 100 100 100 100
7104.99 4332.3 2969.14 1236.42 1018.08 669.425 526.778 415.53 300.183 216.858 203.523 175.984 156.704 139.186 132.291 126.868 123.269 118.57 117.185 114.476 112.248 107.097 104.658 102.918 101.764 100.882 100.598 100.345 100.198 100.135 100.08 100.052 100.029 100.02 100.01 100.008 100.004 100.003 100.002 100 100 100 100 100 100 100 100 100 100 100 100 100 100 100 100 100 100 100 100 100 100 100 100 100 100 100 100 100 100 100 100 100 100 100 100 100 100 100 100 100 100 100 100 100 100 100 100 100 100 100 100 100 100 100 100
7040.98 4077.38 2246.35 1160.11 649.198 566.606 480.883 367.556 298.631 209.918 192.798 171.356 154.169 138.316 131.59 126.969 121.646 118.724 116.906 113.839 111.367 107.757 104.965 102.926 101.462 100.77 100.462 100.275 100.196 100.109 100.067 100.045 100.027 100.017 100.011 100.007 100.004 100.003 100.002 100 100 100 100 100 100 100 100 100 100 100 100 100 100 100 100 100 100 100 100 100 100 100 100 100 100 100 100 100 100 100 100 100 100 100 100 100 100 100 100 100 100 100 100 100 100 100 100 100 100 100 100 100 100 100 100
5411.2 4357.54 2986.06 1526.81 935.144 734.825 478.596 328.899 318.343 266.009 216.324 182.876 155.45 142.441 138.146 129.567 125.082 120.707 116.167 115.189 112.46 110.351 105.757 103.897 102.356 101.327 100.658 100.42 100.24 100.152 100.104 100.057 100.032 100.024 100.015 100.009 100.005 100.003 100.002 100 100 100 100 100 100 100 100 100 100 100 100 100 100 100 100 100 100 100 100 100 100 100 100 100 100 100 100 100 100 100 100 100 100 100 100 100 100 100 100 100 100 100 100 100 100 100 100 100 100 100 100 100 100 100 100
5552.83 3958.05 3209.05 1396.74 1067.52 728.69 513.158 394.518 310.491 247.803 190.753 188.37 157.262 144.104 135.775 128.94 123.926 119.784 117.281 114.426 112.005 109.946 105.476 103.363 101.838 101.08 100.535 100.303 100.193 100.129 100.085 100.05 100.028 100.02 100.013 100.008 100.005 100.003 100.002 100 100 100 100 100 100 100 100 100 100 100 100 100 100 100 100 100 100 100 100 100 100 100 100 100 100 100 100 100 100 100 100 100 100 100 100 100 100 100 100 100 100 100 100 100 100 100 100 100 100 100 100 100 100 100 100
4721.42 4549.25 2577 1046.36 818.554 643.76 510.281 364.066 299.695 245.468 199.779 163.282 158.916 145.721 135.84 126.982 123.292 119.621 116.775 114.265 111.744 109.175 104.115 102.937 101.928 100.938 100.506 100.37 100.193 100.121 100.059 100.048 100.031 100.019 100.01 100.006 100.005 100.003 100.002 100 100 100 100 100 100 100 100 100 100 100 100 100 100 100 100 100 100 100 100 100 100 100 100 100 100 100 100 100 100 100 100 100 100 100 100 100 100 100 100 100 100 100 100 100 100 100 100 100 100 100 100 100 100 100 100
7815.53 4046.54 2688.23 1168.05 915.87 683.673 499.229 392.786 277.413 231.784 197.785 175.33 158.217 144.131 133.147 127.019 122.415 119.455 116.647 114.209 110.997 106.617 103.416 102.356 101.39 100.868 100.572 100.305 100.162 100.097 100.073 100.042 100.029 100.019 100.011 100.007 100.005 100.003 100.002 100 100 100 100 100 100 100 100 100 100 100 100 100 100 100 100 100 100 100 100 100 100 100 100 100 100 100 100 100 100 100 100 100 100 100 100 100 100 100 100 100 100 100 100 100 100 100 100 100 100 100 100 100 100 100 100
6162.98 4502.91 2811.57 1194.78 679.612 679.612 538.31 392.91 319.069 241.817 202.782 165.186 150.689 140.644 133.925 125.719 122.192 118.304 116.188 113.901 111.792 108.234 104.766 102.595 101.784 100.91 100.565 100.325 100.194 100.125 100.076 100.043 100.028 100.018 100.01 100.007 100.004 100.003 100.002 100 100 100 100 100 100 100 100 100 100 100 100 100 100 100 100 100 100 100 100 100 100 100 100 100 100 100 100 100 100 100 100 100 100 100 100 100 100 100 100 100 100 100 100 100 100 100 100 100 100 100 100 100 100 100 100
6347.82 3715.74 2136.14 1117.51 836.882 554.255 398.46 334.85 277.041 223.83 187.535 165.156 151.529 134.941 130.458 124.093 121.749 118.077 115.536 113.874 111.356 107.597 104.595 102.931 101.602 100.869 100.496 100.268 100.198 100.113 100.067 100.034 100.027 100.018 100.01 100.006 100.004 100.002 100.001 100 100 100 100 100 100 100 100 100 100 100 100 100 100 100 100 100 100 100 100 100 100 100 100 100 100 100 100 100 100 100 100 100 100 100 100 100 100 100 100 100 100 100 100 100 100 100 100 100 100 100 100 100 100 100 100
6626.72 4696.47 2451.15 1181.18 834.282 540.328 455.377 379.633 291.078 218.297 184.667 176.294 154.884 139.707 131.627 126.858 120.979 118.577 115.644 113.865 110.892 105.713 104.431 102.665 101.235 100.748 100.483 100.256 100.171 100.095 100.069 100.038 100.026 100.016 100.009 100.006 100.004 100.002 100.001 100 100 100 100 100 100 100 100 100 100 100 100 100 100 100 100 100 100 100 100 100 100 100 100 100 100 100 100 100 100 100 100 100 100 100 100 100 100 100 100 100 100 100 100 100 100 100 100 100 100 100 100 100 100 100 100
6674.23 4668.54 2603.72 1404.57 1050.62 595.372 528.271 376.937 316.389 248.298 189.079 184.64 164.194 148.285 132.497 128.675 122.701 120.119 117.423 114.799 112.719 109.697 106.44 103.388 101.611 100.839 100.601 100.373 100.21 100.124 100.077 100.052 100.031 100.019 100.013 100.007 100.004 100.003 100.002 100 100 100 100 100 100 100 100 100 100 100 100 100 100 100 100 100 100 100 100 100 100 100 100 100 100 100 100 100 100 100 100 100 100 100 100 100 100 100 100 100 100 100 100 100 100 100 100 100 100 100 100 100 100 100 100
6485.38 5349.03 2676.36 1442.81 973.38 695.262 530.725 370.118 325.586 196.327 196.327 180.686 164.23 140.357 131.18 128.06 121.92 118.026 116.668 114.436 112.413 108.361 104.399 103.13 101.55 101.026 100.609 100.34 100.155 100.132 100.075 100.045 100.031 100.019 100.012 100.007 100.004 100.003 100.001 100 100 100 100 100 100 100 100 100 100 100 100 100 100 100 100 100 100 100 100 100 100 100 100 100 100 100 100 100 100 100 100 100 100 100 100 100 100 100 100 100 100 100 100 100 100 100 100 100 100 100 100 100 100 100 100
7616.9 4571.99 3442.59 1356.29 975.437 670.108 584.768 422.154 287.533 245.634 209.467 185.53 152.818 144.849 134.613 128.046 122.968 120.147 115.842 114.014 112.648 108.8 105.53 103.02 101.937 101.043 100.593 100.366 100.207 100.12 100.085 100.047 100.027 100.017 100.012 100.007 100.004 100.002 100.002 100 100 100 100 100 100 100 100 100 100 100 100 100 100 100 100 100 100 100 100 100 100 100 100 100 100 100 100 100 100 100 100 100 100 100 100 100 100 100 100 100 100 100 100 100 100 100 100 100 100 100 100 100 100 100 100
7136.95 4666.36 3043.65 1125.43 818.39 694.594 466.439 364.222 301.018 244.715 183.845 169.317 153.662 142.028 130.794 125.61 123.053 118.971 116.424 114.231 108.939 108.296 105.006 102.701 101.623 100.811 100.518 100.282 100.187 100.116 100.072 100.041 100.028 100.016 100.011 100.006 100.004 100.002 100.002 100 100 100 100 100 100 100 100 100 100 100 100 100 100 100 100 100 100 100 100 100 100 100 100 100 100 100 100 100 100 100 100 100 100 100 100 100 100 100 100 100 100 100 100 100 100 100 100 100 100 100 100 100 100 100 100
6569.62 3399.54 2295.53 1075.44 876.711 533.702 446.008 317.27 257.015 231.34 187.004 170.869 153.74 140.974 129.339 125.898 121.773 118.212 116.352 114.274 111.389 108.587 104.479 103.072 101.531 100.887 100.526 100.318 100.147 100.099 100.07 100.046 100.031 100.018 100.01 100.007 100.004 100.002 100.002 100 100 100 100 100 100 100 100 100 100 100 100 100 100 100 100 100 100 100 100 100 100 100 100 100 100 100 100 100 100 100 100 100 100 100 100 100 100 100 100 100 100 100 100 100 100 100 100 100 100 100 100 100 100 100 100
7261.23 3908.99 2433.37 1563.6 1043.42 754.149 555.886 466.146 305.985 265.038 216.338 183.716 164.283 149.908 137.424 130.911 124.336 120.509 117.822 114.645 112.521 109.735 106.057 103.208 102.325 101.002 100.721 100.455 100.26 100.164 100.106 100.068 100.044 100.027 100.017 100.01 100.006 100.004 100.003 100 100 100 100 100 100 100 100 100 100 100 100 100 100 100 100 100 100 100 100 100 100 100 100 100 100 100 100 100 100 100 100 100 100 100 100 100 100 100 100 100 100 100 100 100 100 100 100 100 100 100 100 100 100 100 100
6533.31 5592.15 4862.45 1927.05 1212.93 863.015 704.121 447.051 336.722 275.391 204.725 189.922 165.69 151.142 138.693 131.487 125.98 121.242 117.546 114.904 114.076 107.906 106.705 103.974 102.501 101.343 100.653 100.403 100.23 100.157 100.087 100.055 100.034 100.019 100.012 100.008 100.005 100.003 100.002 100 100 100 100 100 100 100 100 100 100 100 100 100 100 100 100 100 100 100 100 100 100 100 100 100 100 100 100 100 100 100 100 100 100 100 100 100 100 100 100 100 100 100 100 100 100 100 100 100 100 100 100 100 100 100 100
5815.86 4703.31 2567.33 1374.34 861.044 758.092 531.362 356.3 307.855 248.156 200.807 177.874 156.043 143.43 133.835 128.115 121.193 118.034 116.623 114.546 112.141 109.044 104.602 102.395 101.69 100.918 100.484 100.292 100.176 100.085 100.065 100.038 100.031 100.018 100.011 100.006 100.004 100.002 100.002 100 100 100 100 100 100 100 100 100 100 100 100 100 100 100 100 100 100 100 100 100 100 100 100 100 100 100 100 100 100 100 100 100 100 100 100 100 100 100 100 100 100 100 100 100 100 100 100 100 100 100 100 100 100 100 100
5040.24 3310.72 2727.88 1369.68 986.565 597.127 473.271 351.447 296.905 241.471 186.55 171.263 150.33 137.544 131.914 124.505 121.494 117.344 115.19 114.23 111.564 107.829 104.561 102.362 101.873 100.864 100.424 100.286 100.177 100.097 100.068 100.039 100.026 100.016 100.009 100.006 100.003 100.003 100.002 100 100 100 100 100 100 100 100 100 100 100 100 100 100 100 100 100 100 100 100 100 100 100 100 100 100 100 100 100 100 100 100 100 100 100 100 100 100 100 100 100 100 100 100 100 100 100 100 100 100 100 100 100 100 100 100
6473.02 4252.81 3400.28 1451.19 1049.2 806.451 614.499 483.551 359.828 279.494 215.582 190.898 164.683 150.812 136.828 133.318 125.262 121.267 117.376 115.801 113.7 110.207 106.738 103.546 102.467 101.4 100.684 100.381 100.269 100.173 100.097 100.061 100.035 100.022 100.012 100.008 100.004 100.003 100.002 100 100 100 100 100 100 100 100 100 100 100 100 100 100 100 100 100 100 100 100 100 100 100 100 100 100 100 100 100 100 100 100 100 100 100 100 100 100 100 100 100 100 100 100 100 100 100 100 100 100 100 100 100 100 100 100
7279.68 6563.12 3698.48 1542 1292.46 690.126 601.907 458.969 339.496 260.92 213.944 192.436 162.827 153.276 138.017 130.012 123.565 119.96 116.491 114.922 112.73 109.6 106.634 103.756 102.07 100.92 100.512 100.398 100.224 100.151 100.078 100.055 100.035 100.019 100.01 100.009 100.005 100.003 100.002 100 100 100 100 100 100 100 100 100 100 100 100 100 100 100 100 100 100 100 100 100 100 100 100 100 100 100 100 100 100 100 100 100 100 100 100 100 100 100 100 100 100 100 100 100 100 100 100 100 100 100 100 100 100 100 100
