23557.3 9185.55 9070.58 3005.3 3005.3 2633.7 1228.09 489.888 252.075 234.102 118.463 31.7804 26.3468 22.7155 11.9328 3.98069 1.56099 1.099 0.776818 0.501796 0.0814852 0.0814852 0.0215951 0.0112582 0.00419701 0.0024165 0.00110767 0.000160741 7.23483e-05 1.60946e-05 1.1732e-05 4.9628e-06 1.59091e-06 6.52433e-07 2.91506e-07 1.07285e-07 3.35395e-08 1.11835e-08 0 0 0 0 0 0 0 0 0 0 0 0 0 0 0 0 0 0 0 0 0 0 0 0 0 0 0 0 0 0 0 0 0 0 0 0 0 0 0 0 0 0 0 0 0 0 0 0 0 0 0 0 0 0 0 0 0 0
18862.4 18291.2 9111.85 3595.68 3066.29 2145.48 773.362 615.34 492.45 191.594 137.669 72.0784 42.4782 22.5351 11.305 5.12799 1.59129 1.03633 0.595835 0.295189 0.0786666 0.0295372 0.0291537 0.010224 0.00316573 0.00131181 0.000864519 0.000116239 6.208e-05 1.12827e-05 8.99014e-06 2.41105e-06 8.38712e-07 3.85788e-07 1.36007e-07 4.42526e-08 1.58448e-08 0 0 0 0 0 0 0 0 0 0 0 0 0 0 0 0 0 0 0 0 0 0 0 0 0 0 0 0 0 0 0 0 0 0 0 0 0 0 0 0 0 0 0 0 0 0 0 0 0 0 0 0 0 0 0 0 0 0 0
38291 17851.2 13827.3 4291.83 4197.98 1779.17 1647.61 957.944 740.5 411.173 113.013 100.252 59.8889 33.9084 8.34208 6.77338 3.3323 2.28776 0.59704 0.436182 0.166587 0.0635409 0.038107 0.0147768 0.00811165 0.00356678 0.000977523 0.0001963 9.00132e-05 2.56774e-05 5.31488e-06 3.528e-06 1.47056e-06 4.923e-07 1.58443e-07 4.92902e-08 3.65044e-08 1.18631e-08 0 0 0 0 0 0 0 0 0 0 0 0 0 0 0 0 0 0 0 0 0 0 0 0 0 0 0 0 0 0 0 0 0 0 0 0 0 0 0 0 0 0 0 0 0 0 0 0 0 0 0 0 0 0 0 0 0 0
25898.9 25898.9 12762.3 4931.38 4931.38 3148.04 1725.23 357.147 357.147 221.311 185.495 96.9798 56.6001 19.1709 13.0649 5.72317 3.44659 1.68647 1.11299 0.325688 0.151149 0.0748334 0.0228976 0.0210741 0.00680424 0.00237756 0.00164795 0.000191608 0.000100927 3.78689e-05 8.76708e-06 6.21141e-06 1.67323e-06 4.68606e-07 1.14392e-07 5.92059e-08 2.38195e-08 0 0 0 0 0 0 0 0 0 0 0 0 0 0 0 0 0 0 0 0 0 0 0 0 0 0 0 0 0 0 0 0 0 0 0 0 0 0 0 0 0 0 0 0 0 0 0 0 0 0 0 0 0 0 0 0 0 0 0
26607 23948.5 17059 5069.6 2815.13 2031.54 1291.38 474.364 474.364 261.32 142.34 32.5561 32.5561 14.6996 12.1046 5.03104 2.09533 1.39301 0.511334 0.229671 0.155873 0.032671 0.0261806 0.0136908 0.00561339 0.00254214 0.000710621 0.000194307 9.97842e-05 2.09375e-05 1.20698e-05 4.28956e-06 1.21016e-06 4.393e-07 1.69623e-07 5.9096e-08 2.74604e-08 1.15081e-08 0 0 0 0 0 0 0 0 0 0 0 0 0 0 0 0 0 0 0 0 0 0 0 0 0 0 0 0 0 0 0 0 0 0 0 0 0 0 0 0 0 0 0 0 0 0 0 0 0 0 0 0 0 0 0 0 0 0
27029.6 16252.7 14451.1 5830.48 1583.4 1583.4 563.902 563.902 358.384 149.724 93.162 87.5644 62.7598 20.9619 12.5588 4.95745 3.47394 1.89242 0.890039 0.331109 0.125512 0.0479732 0.0479732 0.00906976 0.0029689 0.00274545 0.00101531 0.000112538 6.36587e-05 2.0053e-05 7.96494e-06 3.8121e-06 1.06236e-06 3.87737e-07 1.26725e-07 4.12934e-08 1.27978e-08 0 0 0 0 0 0 0 0 0 0 0 0 0 0 0 0 0 0 0 0 0 0 0 0 0 0 0 0 0 0 0 0 0 0 0 0 0 0 0 0 0 0 0 0 0 0 0 0 0 0 0 0 0 0 0 0 0 0 0
11981.8 11981.8 8845.75 5773.35 1918.36 1865.55 1152.29 723.252 295.024 197.375 106.727 66.6295 31.7158 16.9288 16.9288 6.82886 4.77094 2.93042 0.969608 0.436968 0.202 0.051097 0.0421861 0.0156394 0.00558414 0.00291312 0.00107273 0.000201649 9.82578e-05 2.10099e-05 1.85122e-05 4.80852e-06 1.33332e-06 9.80643e-07 2.51825e-07 9.70464e-08 3.65637e-08 1.99079e-08 0 0 0 0 0 0 0 0 0 0 0 0 0 0 0 0 0 0 0 0 0 0 0 0 0 0 0 0 0 0 0 0 0 0 0 0 0 0 0 0 0 0 0 0 0 0 0 0 0 0 0 0 0 0 0 0 0 0
20378.9 14685.7 9030.96 4625.67 2956.92 2001.87 1813.22 795.473 363.468 113.301 113.301 66.2395 26.197 19.5385 10.9922 5.14164 1.40639 1.1872 0.618089 0.18549 0.0604886 0.0604886 0.0332317 0.00727679 0.00727679 0.00319355 0.00102661 0.000288843 0.000116662 4.78156e-05 1.45565e-05 5.04531e-06 1.35786e-06 8.25843e-07 3.74361e-07 9.95735e-08 3.30028e-08 1.37855e-08 0 0 0 0 0 0 0 0 0 0 0 0 0 0 0 0 0 0 0 0 0 0 0 0 0 0 0 0 0 0 0 0 0 0 0 0 0 0 0 0 0 0 0 0 0 0 0 0 0 0 0 0 0 0 0 0 0 0
24752.2 16138.4 14378.7 5292.63 5292.63 2968.61 2268.5 1322 429.314 419.176 180.986 113.899 20.943 20.943 13.6021 6.67698 3.56895 2.54454 1.26791 0.576578 0.249091 0.125489 0.0262265 0.0172692 0.0065181 0.00246876 0.000910535 0.000231564 0.000101617 4.8663e-05 1.43828e-05 7.14469e-06 2.54677e-06 9.50126e-07 3.6344e-07 1.00114e-07 1.1504e-08 0 0 0 0 0 0 0 0 0 0 0 0 0 0 0 0 0 0 0 0 0 0 0 0 0 0 0 0 0 0 0 0 0 0 0 0 0 0 0 0 0 0 0 0 0 0 0 0 0 0 0 0 0 0 0 0 0 0 0
23536.7 13526.1 12019.9 3843.61 3559.1 2053.39 1518.26 803.439 280.771 164.091 121.352 51.8775 38.8683 14.7107 12.2094 5.1463 3.69418 2.14407 0.986565 0.458523 0.154906 0.066753 0.0346627 0.0282622 0.00666216 0.00296786 0.000973893 0.000121533 2.67888e-05 2.35291e-05 1.12158e-05 3.58479e-06 9.14329e-07 4.85185e-07 1.42223e-07 6.20021e-08 1.95552e-08 0 0 0 0 0 0 0 0 0 0 0 0 0 0 0 0 0 0 0 0 0 0 0 0 0 0 0 0 0 0 0 0 0 0 0 0 0 0 0 0 0 0 0 0 0 0 0 0 0 0 0 0 0 0 0 0 0 0 0
18950.5 15525.5 13190.5 6130.68 1884.26 1884.26 1394.31 707.416 365.683 237.632 161.224 53.4289 31.3883 31.3883 11.798 7.62886 5.84556 0.957512 0.957512 0.551971 0.129168 0.0950954 0.0192183 0.0141656 0.00631683 0.00377611 0.00119706 0.000154975 8.00706e-05 2.00181e-05 9.49115e-06 4.56715e-06 1.53295e-06 6.16528e-07 2.1071e-07 7.91518e-08 2.19324e-08 0 0 0 0 0 0 0 0 0 0 0 0 0 0 0 0 0 0 0 0 0 0 0 0 0 0 0 0 0 0 0 0 0 0 0 0 0 0 0 0 0 0 0 0 0 0 0 0 0 0 0 0 0 0 0 0 0 0 0
29815.3 6134.51 6134.51 2738.31 2127.29 1221.31 303.259 303.259 287.54 68.1523 68.1523 68.1523 27.5627 7.67746 7.67746 4.41041 2.84196 1.73249 0.915089 0.306802 0.124903 0.0523862 0.0144192 0.00485467 0.001751 0.000559462 0.000489194 8.4598e-05 1.8837e-05 1.11846e-05 3.8426e-06 1.85711e-06 7.63189e-07 3.01028e-07 1.13135e-07 3.04788e-08 1.72615e-08 0 0 0 0 0 0 0 0 0 0 0 0 0 0 0 0 0 0 0 0 0 0 0 0 0 0 0 0 0 0 0 0 0 0 0 0 0 0 0 0 0 0 0 0 0 0 0 0 0 0 0 0 0 0 0 0 0 0 0
22714.7 11279.4 9568.82 5418.96 4971.28 2052.46 1621.76 791.711 408.804 226.301 91.7648 57.3656 36.6712 17.135 12.658 5.8113 2.23604 1.34397 0.950988 0.301804 0.189757 0.0774351 0.0305364 0.0108908 0.00355482 0.00321753 0.0013465 0.000175826 4.6341e-05 2.86371e-05 1.34188e-05 6.06839e-06 1.42137e-06 5.05555e-07 7.35557e-08 7.35557e-08 4.38049e-08 1.10051e-08 0 0 0 0 0 0 0 0 0 0 0 0 0 0 0 0 0 0 0 0 0 0 0 0 0 0 0 0 0 0 0 0 0 0 0 0 0 0 0 0 0 0 0 0 0 0 0 0 0 0 0 0 0 0 0 0 0 0
20953.3 16659.9 11875.8 5614.8 4922.81 1232.46 1215.78 773.65 417.447 185.314 126.431 81.7761 33.7306 25.6876 15.0511 3.54046 2.67782 1.64409 1.02069 0.456923 0.177658 0.0794977 0.0359783 0.0195473 0.00873305 0.00353221 0.000999066 7.61536e-05 7.61536e-05 2.61412e-05 1.64846e-05 3.44269e-06 1.24695e-06 7.16678e-07 2.62948e-07 1.13661e-07 5.02147e-08 1.42999e-08 0 0 0 0 0 0 0 0 0 0 0 0 0 0 0 0 0 0 0 0 0 0 0 0 0 0 0 0 0 0 0 0 0 0 0 0 0 0 0 0 0 0 0 0 0 0 0 0 0 0 0 0 0 0 0 0 0 0
34343 8955.77 8955.77 3112.56 941.842 941.842 734.055 293.795 293.795 231.648 115.345 46.622 28.0189 15.7074 7.5207 6.0566 2.62698 1.4132 0.528973 0.189913 0.0450822 0.0450822 0.0336808 0.0139471 0.0069471 0.00166838 0.000575663 0.000138598 6.39003e-05 1.88987e-05 1.25592e-05 3.29988e-06 1.81531e-06 5.88717e-07 1.6636e-07 5.58964e-08 1.95882e-08 0 0 0 0 0 0 0 0 0 0 0 0 0 0 0 0 0 0 0 0 0 0 0 0 0 0 0 0 0 0 0 0 0 0 0 0 0 0 0 0 0 0 0 0 0 0 0 0 0 0 0 0 0 0 0 0 0 0 0
26334.9 16028 13594.2 4078.9 2370.53 1792.86 801.66 785.359 261.629 212.789 127.226 74.824 30.7284 10.4735 8.26512 2.92218 2.57793 1.25818 0.537475 0.284814 0.105578 0.0775164 0.0234769 0.0042551 0.0042551 0.0010367 0.000754735 0.000141614 5.81234e-05 1.73008e-05 8.33095e-06 3.62844e-06 9.65229e-07 4.44119e-07 8.80093e-08 7.18278e-08 2.82952e-08 0 0 0 0 0 0 0 0 0 0 0 0 0 0 0 0 0 0 0 0 0 0 0 0 0 0 0 0 0 0 0 0 0 0 0 0 0 0 0 0 0 0 0 0 0 0 0 0 0 0 0 0 0 0 0 0 0 0 0
28502.8 10491.5 10491.5 4765.91 3413.36 1122.82 718.086 501.316 196.119 196.119 84.7916 58.4178 22.9532 16.2619 3.14308 3.14308 1.84161 0.514519 0.402989 0.191422 0.0943258 0.0324482 0.0155215 0.00623764 0.00309469 0.00128495 0.000420968 7.5191e-05 2.2339e-05 1.64747e-05 4.73092e-06 2.30911e-06 4.70087e-07 3.1108e-07 7.084e-08 4.51268e-08 1.46391e-08 0 0 0 0 0 0 0 0 0 0 0 0 0 0 0 0 0 0 0 0 0 0 0 0 0 0 0 0 0 0 0 0 0 0 0 0 0 0 0 0 0 0 0 0 0 0 0 0 0 0 0 0 0 0 0 0 0 0 0
19228.3 17538.2 13624 5740.65 3499.24 764.184 764.184 640.658 640.658 460.953 261.685 110.097 44.5647 27.6638 10.8155 7.29747 3.49395 1.56339 0.741619 0.331281 0.262828 0.0922879 0.0371447 0.0169135 0.00828183 0.0026545 0.00136054 0.000244463 7.24521e-05 1.36038e-05 1.13562e-05 4.46276e-06 1.52452e-06 7.40962e-07 1.45947e-07 7.19415e-08 2.72611e-08 0 0 0 0 0 0 0 0 0 0 0 0 0 0 0 0 0 0 0 0 0 0 0 0 0 0 0 0 0 0 0 0 0 0 0 0 0 0 0 0 0 0 0 0 0 0 0 0 0 0 0 0 0 0 0 0 0 0 0
28755.9 11775 11775 5068.91 2088.54 1670.35 1568.03 347.139 347.139 171.889 45.3854 45.3854 45.3854 20.3713 8.25975 4.89983 2.17385 1.26369 0.594268 0.364827 0.130075 0.0757893 0.0233334 0.00661505 0.00479727 0.00103752 0.000670755 0.000115412 4.21791e-05 1.47756e-05 3.76186e-06 1.93196e-06 6.85207e-07 2.92865e-07 3.48124e-08 3.48124e-08 1.0405e-08 0 0 0 0 0 0 0 0 0 0 0 0 0 0 0 0 0 0 0 0 0 0 0 0 0 0 0 0 0 0 0 0 0 0 0 0 0 0 0 0 0 0 0 0 0 0 0 0 0 0 0 0 0 0 0 0 0 0 0
31821.1 11587.2 7453.5 3969.62 3406.5 1143.2 879.582 647.995 274.235 196.75 114.954 56.9863 27.2079 17.4115 6.9439 4.61642 2.81352 0.880344 0.643238 0.305546 0.1031 0.0508689 0.0184814 0.00908489 0.00204216 0.00080355 0.000573947 5.35564e-05 5.09529e-05 1.42124e-05 6.8969e-06 2.64431e-06 8.02465e-07 2.12391e-07 1.20433e-07 2.57864e-08 1.41617e-08 0 0 0 0 0 0 0 0 0 0 0 0 0 0 0 0 0 0 0 0 0 0 0 0 0 0 0 0 0 0 0 0 0 0 0 0 0 0 0 0 0 0 0 0 0 0 0 0 0 0 0 0 0 0 0 0 0 0 0
14880.6 6193.05 6193.05 2461.84 2423.68 1535.6 1126.02 438.218 297.557 179.24 73.1698 31.7202 31.7202 13.0129 7.49125 2.54702 1.19555 0.846419 0.260634 0.166671 0.105273 0.0390116 0.0102618 0.00836259 0.00267743 0.00178319 0.00049655 0.000123081 2.54243e-05 1.33031e-05 3.90656e-06 1.93582e-06 1.02317e-06 3.16031e-07 1.01253e-07 1.22056e-08 1.22056e-08 0 0 0 0 0 0 0 0 0 0 0 0 0 0 0 0 0 0 0 0 0 0 0 0 0 0 0 0 0 0 0 0 0 0 0 0 0 0 0 0 0 0 0 0 0 0 0 0 0 0 0 0 0 0 0 0 0 0 0
25798.5 11333.2 6941.14 6340.77 2525.95 1327.32 1322.64 317.221 317.221 226.619 96.7042 57.5745 46.0105 15.311 10.9696 2.87512 2.8283 1.008 0.315344 0.315344 0.11505 0.04714 0.0258328 0.00757032 0.00457903 0.00137376 0.000796707 0.00015632 7.48721e-05 3.40046e-05 9.61355e-06 3.63034e-06 1.05942e-06 6.41564e-07 1.60336e-07 1.21914e-07 2.82918e-08 0 0 0 0 0 0 0 0 0 0 0 0 0 0 0 0 0 0 0 0 0 0 0 0 0 0 0 0 0 0 0 0 0 0 0 0 0 0 0 0 0 0 0 0 0 0 0 0 0 0 0 0 0 0 0 0 0 0 0
27700 23277.8 14096.6 4598.4 4433.43 2661.36 1296.44 573.948 224.459 221.896 86.5897 53.9463 42.929 18.8961 11.0204 5.78878 3.30449 1.29637 1.0378 0.284767 0.235211 0.059515 0.0483301 0.0218435 0.00733918 0.00273926 0.000872001 0.000242472 5.50493e-05 4.5075e-05 1.26771e-05 5.12461e-06 1.5681e-06 9.92589e-07 4.77788e-07 9.53962e-08 4.93593e-08 1.76577e-08 0 0 0 0 0 0 0 0 0 0 0 0 0 0 0 0 0 0 0 0 0 0 0 0 0 0 0 0 0 0 0 0 0 0 0 0 0 0 0 0 0 0 0 0 0 0 0 0 0 0 0 0 0 0 0 0 0 0
11667.9 10854.3 8403.76 7096.34 3184.63 2513.13 1489.13 489.014 388.889 185.846 153.083 68.8455 45.3492 21.413 13.1726 5.6702 3.22422 0.84677 0.500705 0.326096 0.0846003 0.0549983 0.0239456 0.00518684 0.00399262 0.00114184 0.000538644 0.000122547 5.0649e-05 1.0885e-05 6.80463e-06 4.60567e-06 8.29043e-07 6.43002e-07 1.56181e-07 6.03122e-08 1.57091e-08 0 0 0 0 0 0 0 0 0 0 0 0 0 0 0 0 0 0 0 0 0 0 0 0 0 0 0 0 0 0 0 0 0 0 0 0 0 0 0 0 0 0 0 0 0 0 0 0 0 0 0 0 0 0 0 0 0 0 0
24116.3 7926.53 7926.53 4750.87 3742.52 2947.93 1021.05 290.266 290.266 128.474 100.509 64.9481 42.3827 16.7144 8.51618 3.38466 2.42766 1.56483 0.769507 0.429261 0.253679 0.116373 0.0343758 0.0191749 0.00857749 0.00387728 0.00159138 0.000226858 9.97938e-05 4.69211e-05 1.69575e-05 7.82492e-06 1.69515e-06 4.01084e-07 4.01084e-07 1.35619e-07 5.59552e-08 2.31e-08 0 0 0 0 0 0 0 0 0 0 0 0 0 0 0 0 0 0 0 0 0 0 0 0 0 0 0 0 0 0 0 0 0 0 0 0 0 0 0 0 0 0 0 0 0 0 0 0 0 0 0 0 0 0 0 0 0 0
15990.7 13895 13895 3368.46 3368.46 1660.22 861.483 861.483 500.699 220.171 195.833 39.3401 39.3401 30.8541 24.3634 9.93094 3.63999 1.53454 0.724076 0.22983 0.188948 0.0796073 0.0460633 0.0138985 0.00711329 0.00174824 0.000913368 0.000182388 7.71386e-05 3.424e-05 1.16948e-05 4.55424e-06 1.51949e-06 5.77845e-07 2.02985e-07 6.47894e-08 3.81836e-08 0 0 0 0 0 0 0 0 0 0 0 0 0 0 0 0 0 0 0 0 0 0 0 0 0 0 0 0 0 0 0 0 0 0 0 0 0 0 0 0 0 0 0 0 0 0 0 0 0 0 0 0 0 0 0 0 0 0 0
17050.2 15302.3 12828.9 3166.96 3000.26 1136.69 1136.69 656.31 251.363 84.7593 84.7593 57.4304 29.2803 9.06195 6.40791 3.94025 2.27171 1.32373 0.499726 0.113798 0.113798 0.0797404 0.0282027 0.0128248 0.00529578 0.0020067 0.00104135 0.000164091 5.76909e-05 2.70912e-05 1.15602e-05 3.61455e-06 1.82091e-06 3.64842e-07 1.10429e-07 7.43327e-08 2.7764e-08 0 0 0 0 0 0 0 0 0 0 0 0 0 0 0 0 0 0 0 0 0 0 0 0 0 0 0 0 0 0 0 0 0 0 0 0 0 0 0 0 0 0 0 0 0 0 0 0 0 0 0 0 0 0 0 0 0 0 0
35865.3 13097.3 13097.3 4433.97 4072.2 1657.78 730.242 730.242 348.832 299.815 276.054 108.522 53.5591 33.0561 20.6244 9.19022 4.2946 2.33288 0.750653 0.387532 0.13328 0.0876269 0.0179641 0.0129108 0.00517471 0.00240583 0.000970319 0.000131128 7.4714e-05 2.3323e-05 1.36855e-05 3.51271e-06 1.59226e-06 4.53582e-07 2.66177e-07 4.20026e-08 1.55307e-08 0 0 0 0 0 0 0 0 0 0 0 0 0 0 0 0 0 0 0 0 0 0 0 0 0 0 0 0 0 0 0 0 0 0 0 0 0 0 0 0 0 0 0 0 0 0 0 0 0 0 0 0 0 0 0 0 0 0 0
19238 16469.2 13553.6 6785.67 3127.76 1417.27 1230.51 581.653 187.583 187.583 69.7702 62.0445 27.6624 15.0345 11.0585 6.50987 2.14278 1.09971 0.423624 0.258021 0.194502 0.0580685 0.0181373 0.00743706 0.00604859 0.00163845 0.00122092 0.00017277 3.93569e-05 2.09232e-05 8.77267e-06 3.97436e-06 1.38352e-06 6.28545e-07 1.94478e-07 9.05068e-08 2.47881e-08 1.06227e-08 0 0 0 0 0 0 0 0 0 0 0 0 0 0 0 0 0 0 0 0 0 0 0 0 0 0 0 0 0 0 0 0 0 0 0 0 0 0 0 0 0 0 0 0 0 0 0 0 0 0 0 0 0 0 0 0 0 0
24403.6 16930.3 13285 5314.74 4594.64 1195.43 1195.43 845.213 262.104 144.224 85.7663 57.0464 26.0933 26.0393 7.36645 4.88141 2.54564 1.0261 0.501249 0.289689 0.178765 0.0515648 0.030289 0.00511349 0.00340834 0.00190625 0.000872826 0.00013629 4.04672e-05 2.09598e-05 4.89201e-06 2.88099e-06 7.1495e-07 4.09209e-07 1.4579e-07 6.0092e-08 2.50708e-08 0 0 0 0 0 0 0 0 0 0 0 0 0 0 0 0 0 0 0 0 0 0 0 0 0 0 0 0 0 0 0 0 0 0 0 0 0 0 0 0 0 0 0 0 0 0 0 0 0 0 0 0 0 0 0 0 0 0 0
32268 11935.2 11935.2 6392.74 2036.21 1739.58 1599.73 643.376 366.169 296.521 177.069 74.7217 55.0307 16.8726 13.8029 4.84289 3.58638 0.612275 0.612275 0.40769 0.176531 0.0844962 0.0281444 0.0114737 0.00595126 0.000680046 0.000680046 0.000217458 3.71794e-05 2.48118e-05 6.66228e-06 3.99211e-06 1.3548e-06 4.32701e-07 1.65599e-07 4.74625e-08 1.44703e-08 1.02415e-08 0 0 0 0 0 0 0 0 0 0 0 0 0 0 0 0 0 0 0 0 0 0 0 0 0 0 0 0 0 0 0 0 0 0 0 0 0 0 0 0 0 0 0 0 0 0 0 0 0 0 0 0 0 0 0 0 0 0
6687.39 6687.39 6687.39 3417.18 2557.44 1830.51 1424.84 812.275 560.589 238.102 196.533 131.55 72.8492 28.0303 21.6862 7.96701 4.59442 2.27116 0.914447 0.567371 0.379333 0.149131 0.080154 0.0264262 0.00659198 0.00318914 0.0028008 0.000256572 0.000106994 6.16168e-05 2.6515e-05 7.16578e-06 3.78972e-06 6.89619e-07 3.06873e-07 1.76181e-07 6.89388e-08 1.74657e-08 0 0 0 0 0 0 0 0 0 0 0 0 0 0 0 0 0 0 0 0 0 0 0 0 0 0 0 0 0 0 0 0 0 0 0 0 0 0 0 0 0 0 0 0 0 0 0 0 0 0 0 0 0 0 0 0 0 0
15667 15667 11835.7 4936.58 4428.27 1636.48 871.715 576.97 400.797 237.261 159.142 67.7147 45.4924 24.1727 18.787 6.28878 3.01714 2.38472 1.01871 0.332286 0.196379 0.0551022 0.0365278 0.00984265 0.00644093 0.00426364 0.00121062 0.00013013 8.10468e-05 2.17266e-05 1.46778e-05 2.7465e-06 1.33377e-06 5.52358e-07 1.67177e-07 7.66133e-08 2.57255e-08 0 0 0 0 0 0 0 0 0 0 0 0 0 0 0 0 0 0 0 0 0 0 0 0 0 0 0 0 0 0 0 0 0 0 0 0 0 0 0 0 0 0 0 0 0 0 0 0 0 0 0 0 0 0 0 0 0 0 0
36590.2 15200.3 11580.4 6587.88 2742.53 946.38 946.38 517.222 368.99 186.738 69.9074 36.306 32.8137 19.0254 10.5713 2.21213 1.70286 1.17075 0.365083 0.351318 0.13574 0.0367761 0.0135028 0.00860925 0.00273884 0.00122235 0.000420479 0.000100647 4.28816e-05 1.02923e-05 4.60061e-06 1.07513e-06 5.66981e-07 2.24511e-07 9.58313e-08 2.84024e-08 0 0 0 0 0 0 0 0 0 0 0 0 0 0 0 0 0 0 0 0 0 0 0 0 0 0 0 0 0 0 0 0 0 0 0 0 0 0 0 0 0 0 0 0 0 0 0 0 0 0 0 0 0 0 0 0 0 0 0 0
17178.4 17178.4 13106.4 5678.52 4847.25 1951.42 985.454 586.327 446.278 277.984 183.269 101.739 64.3009 15.6746 6.25929 6.07773 4.51217 1.27509 0.49724 0.472139 0.158236 0.0439902 0.0194759 0.00857713 0.0021195 0.0021195 0.000929977 0.000151977 3.07909e-05 1.57702e-05 6.28982e-06 2.01889e-06 5.48493e-07 7.58449e-08 7.58449e-08 4.03968e-08 0 0 0 0 0 0 0 0 0 0 0 0 0 0 0 0 0 0 0 0 0 0 0 0 0 0 0 0 0 0 0 0 0 0 0 0 0 0 0 0 0 0 0 0 0 0 0 0 0 0 0 0 0 0 0 0 0 0 0 0
22588.5 15137.4 15137.4 8005.55 3302.44 1108.55 1106.07 937.199 474.41 114 93.835 73.7537 37.1886 21.5756 13.5604 3.84471 3.55976 1.33385 0.900675 0.278682 0.12652 0.0607731 0.023657 0.0129127 0.0038584 0.00232912 0.000641095 0.000172254 5.33372e-05 1.11895e-05 7.16932e-06 1.48766e-06 1.17326e-06 3.39859e-07 1.45184e-07 3.48041e-08 1.65617e-08 0 0 0 0 0 0 0 0 0 0 0 0 0 0 0 0 0 0 0 0 0 0 0 0 0 0 0 0 0 0 0 0 0 0 0 0 0 0 0 0 0 0 0 0 0 0 0 0 0 0 0 0 0 0 0 0 0 0 0
22620.7 11408.8 11040.7 4915.97 2237.66 1013.24 510.649 407.55 330.869 112.193 82.2687 61.0327 29.8524 9.0912 8.14491 3.81089 1.91487 0.865721 0.697265 0.222287 0.145031 0.0398825 0.0185633 0.0125156 0.00371302 0.00171674 0.000628237 0.00010783 5.76219e-05 2.29986e-05 1.04559e-05 3.15872e-06 1.23686e-06 4.63795e-07 1.07307e-07 4.50598e-08 1.93655e-08 0 0 0 0 0 0 0 0 0 0 0 0 0 0 0 0 0 0 0 0 0 0 0 0 0 0 0 0 0 0 0 0 0 0 0 0 0 0 0 0 0 0 0 0 0 0 0 0 0 0 0 0 0 0 0 0 0 0 0
17182.6 16742.7 11059.7 3610.25 2800.48 1521.85 987.347 455.492 207.143 207.143 74.9302 47.3815 25.1272 17.1596 9.89386 6.39862 1.2444 0.603581 0.569796 0.14631 0.13033 0.023723 0.023723 0.00968905 0.00304271 0.00138386 0.000740332 8.7438e-05 4.70318e-05 2.74683e-05 1.12953e-05 4.03115e-06 7.55855e-07 4.59402e-07 2.34389e-07 6.80992e-08 2.88518e-08 0 0 0 0 0 0 0 0 0 0 0 0 0 0 0 0 0 0 0 0 0 0 0 0 0 0 0 0 0 0 0 0 0 0 0 0 0 0 0 0 0 0 0 0 0 0 0 0 0 0 0 0 0 0 0 0 0 0 0
17085.2 16312 11940.9 5064.1 1923.41 1453.58 1296.34 604.793 354.779 227.583 103.161 28.1243 28.1243 15.3453 7.42052 3.49896 3.06304 0.708945 0.628043 0.257346 0.106742 0.0335532 0.0126507 0.00522287 0.00355712 0.00163149 0.000344386 0.000106303 2.31275e-05 1.3796e-05 2.85048e-06 1.66095e-06 6.07683e-07 3.29294e-07 1.42339e-07 3.49307e-08 1.18956e-08 0 0 0 0 0 0 0 0 0 0 0 0 0 0 0 0 0 0 0 0 0 0 0 0 0 0 0 0 0 0 0 0 0 0 0 0 0 0 0 0 0 0 0 0 0 0 0 0 0 0 0 0 0 0 0 0 0 0 0
22847.7 19604.3 12024.9 1993.94 1993.94 1954.68 1138.35 647.101 320.557 157.637 84.4621 69.4163 33.5042 4.16619 4.16619 4.16619 2.05413 0.984859 0.774829 0.488426 0.0993115 0.0668165 0.0198066 0.00788892 0.004025 0.00237478 0.000829224 0.000180853 3.68248e-05 3.43114e-05 9.77634e-06 2.84927e-06 1.9356e-06 6.5117e-07 1.82893e-07 4.89138e-08 3.86997e-08 0 0 0 0 0 0 0 0 0 0 0 0 0 0 0 0 0 0 0 0 0 0 0 0 0 0 0 0 0 0 0 0 0 0 0 0 0 0 0 0 0 0 0 0 0 0 0 0 0 0 0 0 0 0 0 0 0 0 0
27802.9 11786 11786 9237.14 5756.49 2629.86 1251.59 1115.65 722.003 405.725 176.796 176.796 58.7779 39.4017 12.0358 12.0358 7.09151 3.34982 1.6051 0.729508 0.327122 0.110074 0.0668185 0.0202968 0.0141836 0.00554028 0.00146139 0.000496714 0.000163388 4.12659e-05 2.93544e-05 6.46795e-06 5.03972e-06 1.68447e-06 8.81863e-07 4.52833e-07 9.10364e-08 4.32822e-08 0 0 0 0 0 0 0 0 0 0 0 0 0 0 0 0 0 0 0 0 0 0 0 0 0 0 0 0 0 0 0 0 0 0 0 0 0 0 0 0 0 0 0 0 0 0 0 0 0 0 0 0 0 0 0 0 0 0
13621.6 12976.5 10204 6227.25 3127.74 2981.77 1554.11 944.873 536.756 210.899 117.754 60.6728 36.1904 16.9946 10.2668 7.44456 2.70778 1.98576 0.665565 0.12776 0.12776 0.0388338 0.0388338 0.0113245 0.00467548 0.00312098 0.00072015 7.60798e-05 6.45017e-05 2.37311e-05 1.05066e-05 4.51018e-06 2.71239e-06 6.9956e-07 2.95964e-07 5.82934e-08 2.91483e-08 1.39751e-08 0 0 0 0 0 0 0 0 0 0 0 0 0 0 0 0 0 0 0 0 0 0 0 0 0 0 0 0 0 0 0 0 0 0 0 0 0 0 0 0 0 0 0 0 0 0 0 0 0 0 0 0 0 0 0 0 0 0
19573.4 16521.4 10316.1 4075.02 2541.16 1633.39 1153.54 574.376 320.452 176.543 118.837 62.7428 45.7045 6.19373 6.19373 3.46864 1.04728 0.967163 0.462233 0.269925 0.0924085 0.0525014 0.020651 0.0115622 0.00433848 0.0019045 0.000905112 0.000141859 4.96731e-05 2.28324e-05 6.77172e-06 2.40885e-06 8.49196e-07 2.70172e-07 1.36783e-07 5.42205e-08 1.72399e-08 0 0 0 0 0 0 0 0 0 0 0 0 0 0 0 0 0 0 0 0 0 0 0 0 0 0 0 0 0 0 0 0 0 0 0 0 0 0 0 0 0 0 0 0 0 0 0 0 0 0 0 0 0 0 0 0 0 0 0
26749.9 12952.4 10031.8 4611.84 2997.98 1778 940.207 509.199 320.251 188.313 100.833 55.3615 28.04 15.3743 4.31512 4.31512 2.22014 1.01866 0.436763 0.129673 0.0870117 0.0353482 0.0130328 0.00504437 0.00260973 0.00105194 0.000473076 8.55918e-05 4.93687e-05 1.62821e-05 9.10562e-06 2.82794e-06 1.00241e-06 3.40805e-07 1.53335e-07 3.25766e-08 2.11006e-08 0 0 0 0 0 0 0 0 0 0 0 0 0 0 0 0 0 0 0 0 0 0 0 0 0 0 0 0 0 0 0 0 0 0 0 0 0 0 0 0 0 0 0 0 0 0 0 0 0 0 0 0 0 0 0 0 0 0 0
31219.9 21003.9 7696.6 5175.95 1815.24 1815.24 738.025 738.025 444.459 271.768 163.855 38.2709 38.2709 22.6445 9.93614 4.54174 3.53614 1.79299 0.972132 0.20634 0.187856 0.0732024 0.0455992 0.00699149 0.00366415 0.0024238 0.000976992 0.00017128 8.7264e-05 4.56737e-05 1.29626e-05 6.51857e-06 1.51207e-06 6.49332e-07 2.35548e-07 8.76344e-08 1.71119e-08 1.01432e-08 0 0 0 0 0 0 0 0 0 0 0 0 0 0 0 0 0 0 0 0 0 0 0 0 0 0 0 0 0 0 0 0 0 0 0 0 0 0 0 0 0 0 0 0 0 0 0 0 0 0 0 0 0 0 0 0 0 0
22313.8 14506.6 14506.6 8617.78 5652.11 2791.63 1364.75 942.019 607.049 437.584 158.869 84.1234 34.0858 29.3679 14.3044 3.30117 2.48874 1.08774 0.281906 0.281906 0.1246 0.0554979 0.026378 0.0187851 0.00472542 0.00226603 0.000865065 0.000200185 6.03711e-05 3.17583e-05 1.06088e-05 4.09326e-06 1.27574e-06 3.25907e-07 8.78018e-08 7.28713e-08 1.17526e-08 0 0 0 0 0 0 0 0 0 0 0 0 0 0 0 0 0 0 0 0 0 0 0 0 0 0 0 0 0 0 0 0 0 0 0 0 0 0 0 0 0 0 0 0 0 0 0 0 0 0 0 0 0 0 0 0 0 0 0
32503 14109.4 12421.3 5653.49 2454.84 2359.23 1485.59 1013.97 766.053 433.6 351.212 85.2525 80.5697 39.2406 25.4113 12.8949 3.35043 2.76196 1.46547 0.523214 0.403013 0.13668 0.0458579 0.0201528 0.00840374 0.00523168 0.00228286 0.00023294 0.000167494 5.92494e-05 1.77026e-05 4.95321e-06 2.99386e-06 1.38621e-06 5.4171e-07 1.60707e-07 6.31561e-08 0 0 0 0 0 0 0 0 0 0 0 0 0 0 0 0 0 0 0 0 0 0 0 0 0 0 0 0 0 0 0 0 0 0 0 0 0 0 0 0 0 0 0 0 0 0 0 0 0 0 0 0 0 0 0 0 0 0 0
23296.4 21503.3 8436.57 5580.86 3036.34 2201.48 1520.46 450.905 275.013 194.559 107.004 64.098 32.3789 25.1156 4.96063 3.63042 2.89929 0.684685 0.291509 0.121568 0.111478 0.0620232 0.0147845 0.00848403 0.00412702 0.0016679 0.000733326 8.28202e-05 3.13614e-05 1.25534e-05 6.55848e-06 1.81378e-06 9.42171e-07 1.62385e-07 1.46462e-07 5.58404e-08 1.78917e-08 0 0 0 0 0 0 0 0 0 0 0 0 0 0 0 0 0 0 0 0 0 0 0 0 0 0 0 0 0 0 0 0 0 0 0 0 0 0 0 0 0 0 0 0 0 0 0 0 0 0 0 0 0 0 0 0 0 0 0
25352.9 20750.9 9595.5 7975.55 5519.98 3469.46 1852.01 1026.98 258.56 258.56 125.777 102.912 59.578 56.3645 30.117 13.8019 3.41416 3.11269 1.24406 0.53388 0.242597 0.146764 0.0199813 0.0152712 0.0115676 0.00554867 0.00156053 0.000238405 0.00012996 2.91786e-05 1.51958e-05 4.736e-06 1.82884e-06 7.70423e-07 2.88069e-07 9.69075e-08 4.45852e-08 1.04354e-08 0 0 0 0 0 0 0 0 0 0 0 0 0 0 0 0 0 0 0 0 0 0 0 0 0 0 0 0 0 0 0 0 0 0 0 0 0 0 0 0 0 0 0 0 0 0 0 0 0 0 0 0 0 0 0 0 0 0
20309.6 8722.04 8722.04 6499.84 3878.53 1610.62 1610.62 1211.73 919.035 354.712 224.215 143.819 52.0755 52.0755 23.1527 13.9263 5.87068 0.88372 0.88372 0.392497 0.20953 0.142537 0.0689764 0.024664 0.0109364 0.00199477 0.00199477 0.000155937 0.000155937 6.11784e-05 1.14657e-05 6.71413e-06 5.25096e-06 8.02498e-07 3.01195e-07 1.75969e-07 7.03081e-08 2.1543e-08 0 0 0 0 0 0 0 0 0 0 0 0 0 0 0 0 0 0 0 0 0 0 0 0 0 0 0 0 0 0 0 0 0 0 0 0 0 0 0 0 0 0 0 0 0 0 0 0 0 0 0 0 0 0 0 0 0 0
29016 18891.3 8077.94 4821.96 2209.57 2209.57 1247.76 651.727 324.787 324.787 203.361 131.631 75.964 18.3032 12.7802 8.67108 4.50419 2.09959 1.42476 0.502714 0.259755 0.107882 0.0189811 0.0164128 0.00730106 0.00224902 0.00159662 0.000254549 0.00014038 4.63427e-05 1.41392e-05 5.03375e-06 1.5347e-06 6.63339e-07 2.90218e-07 1.30414e-07 3.83216e-08 1.4812e-08 0 0 0 0 0 0 0 0 0 0 0 0 0 0 0 0 0 0 0 0 0 0 0 0 0 0 0 0 0 0 0 0 0 0 0 0 0 0 0 0 0 0 0 0 0 0 0 0 0 0 0 0 0 0 0 0 0 0
