8665.39 6753.42 6462.09 5097.93 4565.35 2347.13 2347.13 2347.13 2147.14 2147.14 1453.04 1313.03 1098.07 838.747 520.756 402.092 325.811 246.936 216.119 169.149 156.607 136.773 128.89 121.258 117.155 114.904 112.912 109.343 105.775 102.971 101.466 100.962 100.548 100.299 100.185 100.081 100.05 100.029 100.016 100.004 100.002 100.001 100 100 100 100 100 100 100 100 100 100 100 100 100 100 100 100 100 100 100 100 100 100 100 100 100 100 100 100 100 100 100 100 100 100 100 100 100 100 100 100 100 100 100 100 100 100 100 100 100 100 100 100 100
8602.84 6999.28 5428.96 5428.96 3948.26 3948.26 3579.62 3382.47 2556.25 1657.01 1518.66 1247.04 1064.8 808.907 543.155 443.435 330.696 217.745 197.903 154.294 147.27 134.625 127.884 121.413 117.713 115.17 111.827 108.867 104.384 102.918 101.637 100.939 100.49 100.298 100.171 100.096 100.057 100.035 100.023 100.005 100.002 100.001 100 100 100 100 100 100 100 100 100 100 100 100 100 100 100 100 100 100 100 100 100 100 100 100 100 100 100 100 100 100 100 100 100 100 100 100 100 100 100 100 100 100 100 100 100 100 100 100 100 100 100 100 100
7277.87 6141.14 5957.5 3184.07 3184.07 3184.07 2890.19 2391.32 1799.21 1608.07 1147.09 981.567 691.461 483.617 373.545 307.689 232.596 198.92 167.453 143.531 132.716 124.924 119.318 117.105 115.058 113.043 107.644 105.833 102.779 101.406 100.737 100.534 100.245 100.153 100.092 100.054 100.03 100.02 100.011 100.002 100.001 100 100 100 100 100 100 100 100 100 100 100 100 100 100 100 100 100 100 100 100 100 100 100 100 100 100 100 100 100 100 100 100 100 100 100 100 100 100 100 100 100 100 100 100 100 100 100 100 100 100 100 100 100 100
7126.83 5847.01 5210.26 4347.74 4347.74 3665.77 2925.58 2538 1481.97 1481.97 1481.97 1390.53 1042.44 707.96 662.241 526.257 335.404 268.179 223.176 182.703 146.51 141.239 131.067 123.769 119.012 115.354 112.85 108.879 107.182 104.007 102 101.127 100.662 100.375 100.195 100.128 100.074 100.042 100.027 100.007 100.003 100.001 100 100 100 100 100 100 100 100 100 100 100 100 100 100 100 100 100 100 100 100 100 100 100 100 100 100 100 100 100 100 100 100 100 100 100 100 100 100 100 100 100 100 100 100 100 100 100 100 100 100 100 100 100
7638.8 6262.59 4122.81 4078.35 3382.98 2926.58 2035.37 1474.99 1474.99 1221.88 1014.31 772.448 592.919 411.809 346.856 239.825 189.596 162.498 152.267 134.867 130.769 120.603 118.905 116.17 114.023 109.651 106.002 103.871 102.159 101.159 100.623 100.397 100.221 100.137 100.082 100.046 100.03 100.015 100.01 100.002 100.001 100 100 100 100 100 100 100 100 100 100 100 100 100 100 100 100 100 100 100 100 100 100 100 100 100 100 100 100 100 100 100 100 100 100 100 100 100 100 100 100 100 100 100 100 100 100 100 100 100 100 100 100 100 100
7979.21 6262.26 3276.5 3276.5 3276.5 2757.81 2524.16 2318.14 1967.45 1967.45 1484.05 1228.77 1090.54 636.059 524.504 433.486 302.977 278.652 228.59 166.116 148.712 136.359 127.967 121.146 117.416 114.577 112.153 108.919 105.417 103.148 101.737 100.808 100.469 100.269 100.155 100.078 100.055 100.035 100.021 100.004 100.002 100.001 100 100 100 100 100 100 100 100 100 100 100 100 100 100 100 100 100 100 100 100 100 100 100 100 100 100 100 100 100 100 100 100 100 100 100 100 100 100 100 100 100 100 100 100 100 100 100 100 100 100 100 100 100
7457.17 6334.55 6334.55 4746.41 4229.36 3595.64 3595.64 2936.95 2361.48 2242.17 1822.09 1183.51 1183.51 969.039 525.531 352.403 352.403 288.864 215.395 176.576 155.604 139.663 126.825 122.28 116.844 114.592 113.472 110.1 106.379 103.975 101.514 100.79 100.579 100.364 100.185 100.096 100.057 100.034 100.022 100.005 100.002 100.001 100 100 100 100 100 100 100 100 100 100 100 100 100 100 100 100 100 100 100 100 100 100 100 100 100 100 100 100 100 100 100 100 100 100 100 100 100 100 100 100 100 100 100 100 100 100 100 100 100 100 100 100 100
6524.51 5255.38 5255.38 3868.87 3868.87 3692.54 2777.42 1824.17 1824.17 1349.57 1099.18 894.019 730.42 654.638 489.737 369.392 314.797 221.054 181.358 163.45 147.831 132.642 124.925 120.72 117.732 114.749 110.928 108.238 104.443 102.61 101.543 100.689 100.382 100.252 100.135 100.093 100.044 100.029 100.019 100.004 100.002 100.001 100 100 100 100 100 100 100 100 100 100 100 100 100 100 100 100 100 100 100 100 100 100 100 100 100 100 100 100 100 100 100 100 100 100 100 100 100 100 100 100 100 100 100 100 100 100 100 100 100 100 100 100 100
8141.57 6654.36 6547.96 4194.23 4194.23 3598.05 3598.05 2945.17 2690.39 2500.09 2124.63 1619.71 1410.93 1050.3 959.094 710.965 601.014 399.949 314.666 239.155 193.4 170.702 145.908 134.751 127.043 119.057 116.858 113.85 111.809 106.8 104.292 102.294 101.08 100.464 100.333 100.154 100.108 100.065 100.032 100.007 100.003 100.001 100.001 100 100 100 100 100 100 100 100 100 100 100 100 100 100 100 100 100 100 100 100 100 100 100 100 100 100 100 100 100 100 100 100 100 100 100 100 100 100 100 100 100 100 100 100 100 100 100 100 100 100 100 100
8259.67 8138.23 4520.94 4158.81 3077.74 3077.74 3077.74 3077.74 2516.29 2379.92 1628.59 1613.81 1256.98 1085.37 755.377 577.584 393.967 315.942 256.575 198.234 170.013 146.451 131.437 125.927 119.472 116.931 113.662 111.936 107.254 104.055 101.949 101.163 100.63 100.314 100.183 100.124 100.07 100.037 100.026 100.005 100.002 100.001 100 100 100 100 100 100 100 100 100 100 100 100 100 100 100 100 100 100 100 100 100 100 100 100 100 100 100 100 100 100 100 100 100 100 100 100 100 100 100 100 100 100 100 100 100 100 100 100 100 100 100 100 100
8223.21 6326.38 4905.36 4257.85 3884.03 3104.59 1707.56 1707.56 1707.56 1577.2 1261.22 894.468 808.885 531.877 498.937 348.071 269.013 222.311 180.98 156.865 142.855 130.641 123.665 117.922 115.71 113.411 110.729 106.257 103.387 101.939 100.969 100.59 100.311 100.202 100.108 100.062 100.046 100.024 100.014 100.003 100.001 100.001 100 100 100 100 100 100 100 100 100 100 100 100 100 100 100 100 100 100 100 100 100 100 100 100 100 100 100 100 100 100 100 100 100 100 100 100 100 100 100 100 100 100 100 100 100 100 100 100 100 100 100 100 100
7435.84 6643.53 4394.08 4330.32 4219.02 2990.34 2152.09 2152.09 2069.09 1633.86 1123.01 926.911 926.911 601.497 484.478 375.794 276.732 241.309 193.684 159.807 141.43 134.551 125.672 118.811 116.62 114.225 111.278 106.986 104.047 101.852 101.101 100.665 100.359 100.229 100.129 100.072 100.04 100.024 100.016 100.004 100.001 100.001 100 100 100 100 100 100 100 100 100 100 100 100 100 100 100 100 100 100 100 100 100 100 100 100 100 100 100 100 100 100 100 100 100 100 100 100 100 100 100 100 100 100 100 100 100 100 100 100 100 100 100 100 100
8430.53 7022.02 5725.29 3026.28 3026.28 3026.28 3026.28 2146.23 2131.8 1838.12 1394.7 1358.21 1197.89 793.359 702.139 463.438 416.913 268.019 209.438 185.843 155.103 144.054 132.22 123.914 119.757 116.166 113.589 108.537 107.061 103.605 102.132 101.113 100.65 100.372 100.226 100.131 100.064 100.047 100.024 100.005 100.003 100.001 100 100 100 100 100 100 100 100 100 100 100 100 100 100 100 100 100 100 100 100 100 100 100 100 100 100 100 100 100 100 100 100 100 100 100 100 100 100 100 100 100 100 100 100 100 100 100 100 100 100 100 100 100
7103.87 7103.87 6490.24 4359.99 4359.99 3418.47 3418.47 2654.83 1743.75 1743.75 1520.7 1102.07 1026.13 941.399 734.979 543.181 399.192 316.693 255.55 200.358 159.514 141.229 130.981 123.241 117.691 114.991 112.659 109.278 105.215 103.262 101.328 100.984 100.535 100.261 100.173 100.097 100.064 100.034 100.02 100.004 100.002 100.001 100 100 100 100 100 100 100 100 100 100 100 100 100 100 100 100 100 100 100 100 100 100 100 100 100 100 100 100 100 100 100 100 100 100 100 100 100 100 100 100 100 100 100 100 100 100 100 100 100 100 100 100 100
7325.65 6779.54 3700.48 3700.48 3598.79 2912.68 2670.8 2163.54 1663.87 1243.76 1007.83 759.105 560.112 319.226 319.226 238.221 200.536 173.945 149.026 138.461 125.242 121.751 117.826 115.367 112.466 110.691 105.719 103.143 101.547 101.299 100.554 100.36 100.211 100.111 100.08 100.044 100.031 100.017 100.011 100.003 100.001 100 100 100 100 100 100 100 100 100 100 100 100 100 100 100 100 100 100 100 100 100 100 100 100 100 100 100 100 100 100 100 100 100 100 100 100 100 100 100 100 100 100 100 100 100 100 100 100 100 100 100 100 100 100
7522.35 6766.8 6766.8 4837.7 3873.65 3873.65 2732.3 2732.3 2732.3 1777.16 1777.16 1689.44 1130.59 828.142 697.902 539.464 348.053 290.85 221.962 189.463 161.176 136.108 127.106 124.503 118.735 116.3 113.59 110.583 104.545 103.239 101.568 101.076 100.577 100.313 100.178 100.111 100.057 100.041 100.022 100.004 100.002 100.001 100 100 100 100 100 100 100 100 100 100 100 100 100 100 100 100 100 100 100 100 100 100 100 100 100 100 100 100 100 100 100 100 100 100 100 100 100 100 100 100 100 100 100 100 100 100 100 100 100 100 100 100 100
7931.01 4877.38 4877.38 3840.34 3320.37 2769.67 2108.88 1467.66 1467.66 1072.9 941.384 734.464 517.956 411.044 319.511 245.946 210.221 167.383 154.816 137.109 130.191 121.792 117.753 115.064 112.452 109.419 105.806 103.465 101.738 100.995 100.5 100.284 100.178 100.095 100.068 100.04 100.024 100.016 100.009 100.002 100.001 100 100 100 100 100 100 100 100 100 100 100 100 100 100 100 100 100 100 100 100 100 100 100 100 100 100 100 100 100 100 100 100 100 100 100 100 100 100 100 100 100 100 100 100 100 100 100 100 100 100 100 100 100 100
7761.37 4851.22 4851.22 2757.31 2757.31 2757.31 2363.83 1787.59 1787.59 1418.95 922.798 655.477 616.333 411.624 314.739 278.487 218.082 182.002 159.416 143.177 133.059 125.347 118.921 116.185 113.807 110.955 107.46 103.729 102.235 101.022 100.627 100.378 100.217 100.123 100.064 100.038 100.028 100.014 100.009 100.002 100.001 100 100 100 100 100 100 100 100 100 100 100 100 100 100 100 100 100 100 100 100 100 100 100 100 100 100 100 100 100 100 100 100 100 100 100 100 100 100 100 100 100 100 100 100 100 100 100 100 100 100 100 100 100 100
8199.82 8159.94 5521.95 4110.62 4110.62 3422.26 2457.24 2096.69 2096.69 1566.92 1232.12 1071.07 914.853 656.661 536.348 425.819 301.333 244.146 186.757 160.429 143.381 131.208 125.501 121.002 116.879 114.608 112.363 108.408 104.925 102.423 101.17 100.897 100.409 100.259 100.148 100.088 100.057 100.03 100.019 100.004 100.002 100.001 100 100 100 100 100 100 100 100 100 100 100 100 100 100 100 100 100 100 100 100 100 100 100 100 100 100 100 100 100 100 100 100 100 100 100 100 100 100 100 100 100 100 100 100 100 100 100 100 100 100 100 100 100
5972.55 5972.55 4650.1 4174.51 3460.83 3123.48 2849.68 2113.54 1995.83 1733.42 1054.73 959.781 650.859 460.152 383.169 249.12 223.858 194.504 164.222 143.649 132.171 126.863 120.071 115.85 114.99 112.588 106.693 104.312 102.412 101.564 100.826 100.523 100.274 100.148 100.088 100.051 100.031 100.021 100.013 100.002 100.001 100 100 100 100 100 100 100 100 100 100 100 100 100 100 100 100 100 100 100 100 100 100 100 100 100 100 100 100 100 100 100 100 100 100 100 100 100 100 100 100 100 100 100 100 100 100 100 100 100 100 100 100 100 100
7588.38 7227.57 6353.84 4195.44 3719.85 3562.32 3329.13 3056.39 2819.31 2168.51 2044.91 1461.64 1214.59 936.979 639.797 547.631 433.443 324.122 235.043 205.325 170.217 152.785 134.039 126.256 120.394 117.157 114.564 111.874 108.404 103.567 102.234 101.286 100.541 100.411 100.209 100.134 100.075 100.044 100.025 100.005 100.002 100.001 100 100 100 100 100 100 100 100 100 100 100 100 100 100 100 100 100 100 100 100 100 100 100 100 100 100 100 100 100 100 100 100 100 100 100 100 100 100 100 100 100 100 100 100 100 100 100 100 100 100 100 100 100
7437.42 6839.29 6160 3739.83 3516.17 2490.64 2490.64 2272.43 1974.39 1550.95 1142.31 903.648 761.029 598.717 456.413 357.735 263.057 204.131 172.249 154.541 140.56 130.455 122.341 118.248 115.729 111.689 109.74 105.206 102.945 101.808 101.057 100.581 100.297 100.19 100.108 100.059 100.035 100.024 100.016 100.003 100.002 100.001 100 100 100 100 100 100 100 100 100 100 100 100 100 100 100 100 100 100 100 100 100 100 100 100 100 100 100 100 100 100 100 100 100 100 100 100 100 100 100 100 100 100 100 100 100 100 100 100 100 100 100 100 100
7368.89 6688.21 6126.07 4258.11 4258.11 3831.66 3042.74 2527.65 2320.36 1828.38 1525.1 1148.53 953.789 796.128 577.356 435.685 327.145 244.985 202.684 169.448 149.247 136.173 125.261 121.484 117.193 114.756 113.283 108.578 103.531 102.973 101.774 100.845 100.421 100.316 100.17 100.114 100.066 100.04 100.02 100.004 100.002 100.001 100 100 100 100 100 100 100 100 100 100 100 100 100 100 100 100 100 100 100 100 100 100 100 100 100 100 100 100 100 100 100 100 100 100 100 100 100 100 100 100 100 100 100 100 100 100 100 100 100 100 100 100 100
6824.14 6439.23 6123.22 5073.26 4472.26 3651.2 2990.11 2411.43 1311.23 1311.23 1309.74 1154.63 948.527 673.77 503.826 375.606 287.589 219.641 192.655 158.621 139.061 131.179 124.159 119.068 116.092 114.006 109.856 106.97 103.252 101.839 100.935 100.548 100.262 100.175 100.098 100.058 100.036 100.022 100.015 100.003 100.001 100.001 100 100 100 100 100 100 100 100 100 100 100 100 100 100 100 100 100 100 100 100 100 100 100 100 100 100 100 100 100 100 100 100 100 100 100 100 100 100 100 100 100 100 100 100 100 100 100 100 100 100 100 100 100
8847.4 7829.7 6633.95 5147.64 4383.47 4383.47 2707.67 2707.67 2082.44 2082.44 1634.03 1295.34 1170.55 710.893 612.735 521.976 400.15 301.358 236.491 190.252 158.074 143.276 129.785 124.986 119.976 116.363 114.26 111.627 106.704 103.837 102.068 101.15 100.612 100.345 100.199 100.114 100.073 100.04 100.024 100.005 100.002 100.001 100 100 100 100 100 100 100 100 100 100 100 100 100 100 100 100 100 100 100 100 100 100 100 100 100 100 100 100 100 100 100 100 100 100 100 100 100 100 100 100 100 100 100 100 100 100 100 100 100 100 100 100 100
6866.19 6515.04 6225.76 3805.29 3805.29 3204.73 2298.79 2298.79 1950.98 1339.48 1215.19 822.837 684.498 473.749 362.166 293.386 249.662 187.62 164.583 145.008 132.776 126.501 119.21 117.021 115.108 112.142 108.322 104.579 102.502 101.241 100.794 100.474 100.23 100.156 100.079 100.056 100.033 100.018 100.013 100.003 100.001 100.001 100 100 100 100 100 100 100 100 100 100 100 100 100 100 100 100 100 100 100 100 100 100 100 100 100 100 100 100 100 100 100 100 100 100 100 100 100 100 100 100 100 100 100 100 100 100 100 100 100 100 100 100 100
8142.71 6207.44 6207.44 2889.37 2889.37 2889.37 2517.13 1607.78 1450.92 1450.92 1043.71 802.911 551.303 420.994 341.592 270.906 226.13 189.25 160.218 138.093 130.93 125.55 119.129 115.175 114.146 111.042 106.957 104.484 102.409 101.279 100.716 100.456 100.25 100.135 100.086 100.051 100.034 100.021 100.014 100.003 100.001 100 100 100 100 100 100 100 100 100 100 100 100 100 100 100 100 100 100 100 100 100 100 100 100 100 100 100 100 100 100 100 100 100 100 100 100 100 100 100 100 100 100 100 100 100 100 100 100 100 100 100 100 100 100
5092.01 5092.01 5092.01 3952.74 3695.64 2725.19 2725.19 2296.82 2083.95 1296.47 1115.96 777.214 647.521 537.019 370.461 288.216 221.035 174.9 155.621 141.694 132.954 127.291 120.872 117.244 114.804 112.285 108.972 104.705 102.764 101.514 100.808 100.503 100.26 100.152 100.104 100.057 100.037 100.02 100.013 100.003 100.001 100.001 100 100 100 100 100 100 100 100 100 100 100 100 100 100 100 100 100 100 100 100 100 100 100 100 100 100 100 100 100 100 100 100 100 100 100 100 100 100 100 100 100 100 100 100 100 100 100 100 100 100 100 100 100
7955.99 6153.05 6153.05 4040.41 4040.41 3417.58 3417.58 2782.11 2522.5 1700.48 1666.1 1594.34 1264.64 1102.16 783.683 662.219 438.393 360.22 298.462 226.618 180.161 152.081 136.761 129.099 120.022 118.074 114.874 110.609 108.043 104.573 102.906 101.412 100.79 100.464 100.205 100.138 100.091 100.048 100.029 100.006 100.002 100.001 100 100 100 100 100 100 100 100 100 100 100 100 100 100 100 100 100 100 100 100 100 100 100 100 100 100 100 100 100 100 100 100 100 100 100 100 100 100 100 100 100 100 100 100 100 100 100 100 100 100 100 100 100
7411.85 5814.03 5183.61 4630 3548.58 3548.58 2698.27 2073.45 1665.13 1274.37 1089.41 812.628 647.776 411.836 388.051 284.965 218.326 183.094 169.512 142.166 132.731 125.636 120.083 116.538 114.293 112.374 108.311 104.877 102.642 101.558 100.665 100.463 100.264 100.138 100.091 100.051 100.031 100.016 100.012 100.002 100.001 100.001 100 100 100 100 100 100 100 100 100 100 100 100 100 100 100 100 100 100 100 100 100 100 100 100 100 100 100 100 100 100 100 100 100 100 100 100 100 100 100 100 100 100 100 100 100 100 100 100 100 100 100 100 100
8064.82 5267.74 5267.74 4040.78 3683.89 3683.89 2895.06 1863.11 1534.28 1153.37 1153.37 1153.37 774.952 694.646 487.647 315.914 301.915 258.494 206.402 166.228 144.806 132.403 124.363 119.749 116.802 114.249 111.34 107.38 104.612 102.156 101.213 100.673 100.371 100.196 100.133 100.075 100.044 100.023 100.016 100.003 100.002 100.001 100 100 100 100 100 100 100 100 100 100 100 100 100 100 100 100 100 100 100 100 100 100 100 100 100 100 100 100 100 100 100 100 100 100 100 100 100 100 100 100 100 100 100 100 100 100 100 100 100 100 100 100 100
7414.69 6812.89 5131.56 4573.98 4443.17 3169.62 2763.28 2353.47 1739.09 1537.37 1288.81 934.302 772.771 628.666 501.732 400.381 286.487 237.539 181.322 164.498 143.251 129.419 122.982 120.274 116.468 114.602 111.031 108.176 103.247 102.607 100.858 100.721 100.461 100.238 100.117 100.092 100.046 100.033 100.018 100.004 100.002 100.001 100 100 100 100 100 100 100 100 100 100 100 100 100 100 100 100 100 100 100 100 100 100 100 100 100 100 100 100 100 100 100 100 100 100 100 100 100 100 100 100 100 100 100 100 100 100 100 100 100 100 100 100 100
8707.05 5221.79 4829.71 3718.42 3427.08 2959.68 2602.68 2242.98 1938.58 1331.09 1322.47 892.363 778.038 563.207 514.118 301.902 267.45 221.674 185.099 154.113 145.826 132.068 123.874 117.904 115.166 113.301 110.717 106.221 103.178 101.963 101.073 100.575 100.347 100.223 100.124 100.075 100.038 100.024 100.015 100.003 100.002 100.001 100 100 100 100 100 100 100 100 100 100 100 100 100 100 100 100 100 100 100 100 100 100 100 100 100 100 100 100 100 100 100 100 100 100 100 100 100 100 100 100 100 100 100 100 100 100 100 100 100 100 100 100 100
8818.86 5339.26 4808.7 3818.09 3181.35 2777.09 2544.85 2485.93 2138.1 2017.16 1380.5 1250.67 1058.25 820.95 550.983 442.463 358.208 270.549 242.146 180.108 147.2 137.306 127.282 123.176 118.084 115.253 113.528 109.908 105.957 103.178 101.625 100.762 100.55 100.318 100.184 100.104 100.064 100.034 100.024 100.005 100.002 100.001 100 100 100 100 100 100 100 100 100 100 100 100 100 100 100 100 100 100 100 100 100 100 100 100 100 100 100 100 100 100 100 100 100 100 100 100 100 100 100 100 100 100 100 100 100 100 100 100 100 100 100 100 100
9045.38 8330.9 6773.39 5629.06 3864.13 3314.17 2904.85 2904.85 2317.4 1879.05 1525.7 1330 1101.98 660.264 612.094 435.052 346.179 252.332 197.404 170.45 148.677 135.556 127.132 121.56 116.563 113.326 110.24 107.69 104.02 102.617 101.342 100.78 100.429 100.272 100.157 100.078 100.053 100.028 100.018 100.004 100.002 100.001 100 100 100 100 100 100 100 100 100 100 100 100 100 100 100 100 100 100 100 100 100 100 100 100 100 100 100 100 100 100 100 100 100 100 100 100 100 100 100 100 100 100 100 100 100 100 100 100 100 100 100 100 100
8254.6 4136.31 4136.31 4129.56 4129.56 3792.17 3686.23 2275.99 2275.99 1600.52 1600.52 1436.07 986.735 743.499 587.089 534.912 376.532 333.243 238.235 180.151 157.891 140.571 127.078 121.518 118.857 114.521 113.104 109.73 105.495 103.807 102.046 101.014 100.619 100.275 100.194 100.098 100.061 100.036 100.024 100.005 100.002 100.001 100 100 100 100 100 100 100 100 100 100 100 100 100 100 100 100 100 100 100 100 100 100 100 100 100 100 100 100 100 100 100 100 100 100 100 100 100 100 100 100 100 100 100 100 100 100 100 100 100 100 100 100 100
6319.55 6319.55 6319.55 5471.74 4747.52 3987.95 3852.37 3044.07 2844.61 1935.04 1851.07 1677.93 1426.32 939.769 860.762 635.183 504.094 389.049 275.526 218.671 172.11 153.868 136.95 127.923 121.614 116.391 114.703 112.428 109.42 104.67 102.271 101.366 100.876 100.403 100.232 100.148 100.086 100.048 100.027 100.006 100.003 100.001 100.001 100 100 100 100 100 100 100 100 100 100 100 100 100 100 100 100 100 100 100 100 100 100 100 100 100 100 100 100 100 100 100 100 100 100 100 100 100 100 100 100 100 100 100 100 100 100 100 100 100 100 100 100
6942.95 6746.92 6319.41 4392.91 3272.07 3229.31 2819.96 2545.1 2277.69 1771.01 1457.9 1112.93 868.809 667.685 554.069 411.148 285.532 221.828 187.837 164.739 147.167 133.573 124.044 119.076 115.979 113.896 111.595 106.911 104.55 102.284 101.272 100.676 100.356 100.196 100.118 100.068 100.044 100.026 100.014 100.003 100.001 100.001 100 100 100 100 100 100 100 100 100 100 100 100 100 100 100 100 100 100 100 100 100 100 100 100 100 100 100 100 100 100 100 100 100 100 100 100 100 100 100 100 100 100 100 100 100 100 100 100 100 100 100 100 100
5601.37 5601.37 5601.37 5241.26 5217.75 4520.74 4520.74 2383.88 2383.88 1738.72 1738.72 1618.46 1618.46 1245.78 1103.34 895.44 601.803 458.548 326.799 241.207 198.668 166.902 143.036 131.872 123.423 118.928 115.788 113.172 109.088 105.908 102.829 101.785 101.088 100.438 100.286 100.189 100.094 100.062 100.039 100.008 100.002 100.002 100.001 100 100 100 100 100 100 100 100 100 100 100 100 100 100 100 100 100 100 100 100 100 100 100 100 100 100 100 100 100 100 100 100 100 100 100 100 100 100 100 100 100 100 100 100 100 100 100 100 100 100 100 100
7846.93 7351.23 5648.82 5240.87 4676.81 4270.29 3473.89 2540.4 2436.85 1766.01 1467.24 1010.83 778.849 598.06 426.451 350.069 244.228 212.883 178.952 151.989 135.798 129.001 121.711 118.967 115.689 113.464 110.012 106.138 103.97 102.131 101.019 100.655 100.361 100.181 100.098 100.057 100.042 100.018 100.014 100.003 100.002 100.001 100 100 100 100 100 100 100 100 100 100 100 100 100 100 100 100 100 100 100 100 100 100 100 100 100 100 100 100 100 100 100 100 100 100 100 100 100 100 100 100 100 100 100 100 100 100 100 100 100 100 100 100 100
8337.18 5902.33 5902.33 5620.48 4233.06 4233.06 3439.29 2549.51 2293.9 1926.66 1479.97 990.29 990.29 662.406 659.449 457.845 331.609 281.843 226.592 188.395 162.115 136.931 128.308 123.488 118.466 114.627 112.987 109.522 106.242 103.283 101.336 100.8 100.477 100.301 100.165 100.109 100.069 100.04 100.023 100.006 100.002 100.001 100 100 100 100 100 100 100 100 100 100 100 100 100 100 100 100 100 100 100 100 100 100 100 100 100 100 100 100 100 100 100 100 100 100 100 100 100 100 100 100 100 100 100 100 100 100 100 100 100 100 100 100 100
6489.28 5608.41 4160.69 4024.69 3799.47 2538.76 1989.86 1989.86 1980.34 1377.62 1348.83 996.183 842.39 571.701 419.371 328.654 277.652 226.518 189.326 151.164 137.708 131.123 122.26 117.28 115.324 112.917 109.203 106.027 103.278 101.396 100.77 100.487 100.312 100.157 100.09 100.063 100.036 100.021 100.013 100.003 100.001 100.001 100 100 100 100 100 100 100 100 100 100 100 100 100 100 100 100 100 100 100 100 100 100 100 100 100 100 100 100 100 100 100 100 100 100 100 100 100 100 100 100 100 100 100 100 100 100 100 100 100 100 100 100 100
7420.04 7420.04 5985.28 4965.47 3852.25 3852.25 3290.08 2483.13 2039.85 1878.01 1272.72 1272.72 775.45 775.45 535.654 465.221 345.629 312.212 228.672 186.46 153.572 137.424 128.509 122.801 117.92 115.509 112.056 110.554 106.449 103.999 102.237 100.906 100.518 100.265 100.204 100.12 100.074 100.047 100.027 100.006 100.003 100.001 100.001 100 100 100 100 100 100 100 100 100 100 100 100 100 100 100 100 100 100 100 100 100 100 100 100 100 100 100 100 100 100 100 100 100 100 100 100 100 100 100 100 100 100 100 100 100 100 100 100 100 100 100 100
7346.28 6806.28 6806.28 4888.48 3464.78 3464.78 3282.51 3179.77 1836.79 1836.79 1344.51 1211.1 1105.1 833.073 660.876 507.73 405.061 297.807 232.68 199.621 158.561 144.43 131.539 122.029 118.421 114.733 113.035 111.264 105.631 103.109 101.924 101.174 100.672 100.352 100.21 100.11 100.074 100.038 100.021 100.004 100.002 100.001 100 100 100 100 100 100 100 100 100 100 100 100 100 100 100 100 100 100 100 100 100 100 100 100 100 100 100 100 100 100 100 100 100 100 100 100 100 100 100 100 100 100 100 100 100 100 100 100 100 100 100 100 100
6791.58 6791.58 5304.19 5212.55 4075.52 3688.22 2396.74 2396.74 1824.01 1824.01 1824.01 1312.09 1312.09 1021.48 786.279 594.811 459.907 359.377 285.225 213.964 171.617 153.761 137.588 126.281 120.107 116.305 114.157 110.713 107.419 105.119 102.626 101.373 100.741 100.465 100.252 100.132 100.089 100.053 100.031 100.006 100.002 100.001 100.001 100 100 100 100 100 100 100 100 100 100 100 100 100 100 100 100 100 100 100 100 100 100 100 100 100 100 100 100 100 100 100 100 100 100 100 100 100 100 100 100 100 100 100 100 100 100 100 100 100 100 100 100
8118.69 6795.29 6729.56 3294.79 3018.61 3018.61 2555.27 1542.56 1542.56 1429.4 1084.51 1033.25 830.19 581.668 439.434 306.267 271.602 197.901 175.469 150.418 140.085 127.247 123.375 118.534 115.165 113.69 110.862 106.442 103.689 101.949 101.086 100.534 100.297 100.174 100.098 100.059 100.032 100.023 100.014 100.003 100.001 100.001 100 100 100 100 100 100 100 100 100 100 100 100 100 100 100 100 100 100 100 100 100 100 100 100 100 100 100 100 100 100 100 100 100 100 100 100 100 100 100 100 100 100 100 100 100 100 100 100 100 100 100 100 100
7009.79 6713.62 5102.42 5102.42 3209.21 3209.21 3073.13 2535.62 1946.1 1834.84 1567.22 1094.55 1016.44 676.586 473.925 363.277 323.434 224.091 189.543 166.813 145.43 128.238 125.253 120.489 116.703 114.332 111.572 108.365 105.133 102.609 101.287 100.719 100.344 100.223 100.125 100.058 100.046 100.03 100.018 100.004 100.002 100.001 100 100 100 100 100 100 100 100 100 100 100 100 100 100 100 100 100 100 100 100 100 100 100 100 100 100 100 100 100 100 100 100 100 100 100 100 100 100 100 100 100 100 100 100 100 100 100 100 100 100 100 100 100
8625.46 5868.59 5868.59 4858.6 4858.6 3642.14 3642.14 2454.32 1859.21 1859.21 1225.08 1225.08 1196.06 1020.41 678.419 449.727 402.379 292.474 226.99 196.786 156.224 146.089 130.25 124.376 118.631 116.068 113.431 110.111 107.007 103.12 102.01 101.275 100.586 100.389 100.249 100.121 100.092 100.045 100.031 100.006 100.003 100.001 100.001 100 100 100 100 100 100 100 100 100 100 100 100 100 100 100 100 100 100 100 100 100 100 100 100 100 100 100 100 100 100 100 100 100 100 100 100 100 100 100 100 100 100 100 100 100 100 100 100 100 100 100 100
6101.82 4541.5 4541.5 4541.5 4541.5 3876.66 2591.31 2591.31 2591.31 1940.18 1817.52 1253.3 1100.18 767.03 431.352 413.852 343.444 265.665 202.756 175.498 149.114 134.729 127.613 121.003 116.367 113.972 113.067 107.173 105.029 102.484 101.165 100.708 100.328 100.262 100.14 100.075 100.049 100.033 100.018 100.004 100.002 100.001 100 100 100 100 100 100 100 100 100 100 100 100 100 100 100 100 100 100 100 100 100 100 100 100 100 100 100 100 100 100 100 100 100 100 100 100 100 100 100 100 100 100 100 100 100 100 100 100 100 100 100 100 100
6612.52 5027.98 4047.76 4005.5 3231.33 2833.73 1948.31 1711.46 1522.34 992.722 915.691 711.419 511.959 444.743 314.441 263.002 212.757 177.471 154.006 139.642 130.058 120.892 118.003 114.985 112.205 109.089 105.67 103.52 101.895 100.887 100.614 100.382 100.181 100.111 100.081 100.048 100.029 100.017 100.01 100.002 100.001 100.001 100 100 100 100 100 100 100 100 100 100 100 100 100 100 100 100 100 100 100 100 100 100 100 100 100 100 100 100 100 100 100 100 100 100 100 100 100 100 100 100 100 100 100 100 100 100 100 100 100 100 100 100 100
7798.15 5420.13 5420.13 4278.52 4055.9 2878.22 2192.68 2192.68 1998.95 1204.22 909.444 745.53 561.872 395.955 312.121 261.841 205.906 177.89 153.417 139.695 131.573 126.394 119.676 116.254 114.44 110.875 108.637 104.433 101.96 101.336 100.719 100.437 100.191 100.123 100.08 100.053 100.032 100.019 100.008 100.003 100.001 100 100 100 100 100 100 100 100 100 100 100 100 100 100 100 100 100 100 100 100 100 100 100 100 100 100 100 100 100 100 100 100 100 100 100 100 100 100 100 100 100 100 100 100 100 100 100 100 100 100 100 100 100 100
