261.388 144.619 48.3496 25.1881 18.9479 14.4663 10.483 8.28589 7.10387 6.20257 5.31484 4.50138 4.22325 3.82885 3.21661 2.87809 2.39203 1.75717 1.49873 1.22647 0.861284 0.685498 0.470203 0.277451 0.146499 0.0617617 0.0264521 0.0053663 0.00168253 0.000664476 0.000292404 0.000188825 6.10775e-05 1.46221e-05 5.58937e-06 5.37344e-06 1.20359e-06 6.53755e-07 2.30796e-07 6.3289e-08 1.22245e-08 0 0 0 0 0 0 0 0 0 0 0 0 0 0 0 0 0 0 0 0 0 0 0 0 0 0 0 0 0 0 0 0 0 0 0 0 0 0 0 0 0 0 0 0 0 0 0 0 0 0 0 0 0 0 0
307.805 181.801 115.563 30.1265 18.2041 10.4972 8.97497 8.08054 5.86752 5.41398 5.41398 5.0083 4.61326 4.30019 3.91728 3.58548 3.05579 2.58909 2.12494 1.65937 1.31309 1.01702 0.568654 0.378254 0.212784 0.133425 0.0803073 0.00700294 0.00401482 0.00174042 0.000964929 0.000300215 0.000159435 6.18323e-05 2.68668e-05 1.38247e-05 2.47512e-06 1.57623e-06 4.76257e-07 1.07271e-07 1.43406e-08 0 0 0 0 0 0 0 0 0 0 0 0 0 0 0 0 0 0 0 0 0 0 0 0 0 0 0 0 0 0 0 0 0 0 0 0 0 0 0 0 0 0 0 0 0 0 0 0 0 0 0 0 0 0 0
824.083 208.883 102.65 17.9416 17.9416 15.8443 9.91817 9.54218 6.94512 6.25417 5.43632 5.30161 4.4385 4.09965 3.80919 3.31638 2.97455 2.6347 2.18028 1.81394 1.42236 1.02774 0.686789 0.507232 0.327918 0.170533 0.108241 0.0213175 0.00740757 0.00164543 0.00151134 0.000278854 0.000231135 0.00014571 3.53766e-05 1.17923e-05 5.64075e-06 1.68823e-06 5.96815e-07 1.05225e-07 3.15952e-08 0 0 0 0 0 0 0 0 0 0 0 0 0 0 0 0 0 0 0 0 0 0 0 0 0 0 0 0 0 0 0 0 0 0 0 0 0 0 0 0 0 0 0 0 0 0 0 0 0 0 0 0 0 0 0
282.276 176.008 91.7548 39.4188 12.5296 12.5296 10.9417 7.06738 6.42421 5.5569 5.16213 4.65509 3.94498 3.70454 3.34179 2.87759 2.48833 1.98843 1.74906 1.27366 0.973471 0.628041 0.482978 0.325037 0.15107 0.0759299 0.0388506 0.00563304 0.00121487 0.000814691 0.000376495 9.20588e-05 7.44944e-05 3.14856e-05 9.17141e-06 3.10542e-06 1.11903e-06 4.54013e-07 1.52242e-07 3.99393e-08 0 0 0 0 0 0 0 0 0 0 0 0 0 0 0 0 0 0 0 0 0 0 0 0 0 0 0 0 0 0 0 0 0 0 0 0 0 0 0 0 0 0 0 0 0 0 0 0 0 0 0 0 0 0 0 0
280.721 177.071 70.8096 39.0212 24.1243 11.3133 11.3133 7.39689 7.39689 6.19108 5.25418 5.25418 4.88562 4.25981 4.0644 3.56875 3.1379 2.64959 2.23369 1.70889 1.28217 0.97027 0.691123 0.407002 0.225983 0.127081 0.0621047 0.00852229 0.00389491 0.0017842 0.000804519 9.71247e-05 9.71247e-05 6.29304e-05 2.04399e-05 8.46877e-06 2.87073e-06 1.06877e-06 2.78671e-07 6.86082e-08 3.63816e-08 0 0 0 0 0 0 0 0 0 0 0 0 0 0 0 0 0 0 0 0 0 0 0 0 0 0 0 0 0 0 0 0 0 0 0 0 0 0 0 0 0 0 0 0 0 0 0 0 0 0 0 0 0 0 0
316.29 277.668 116.024 24.4651 21.2415 19.5619 10.064 9.26804 7.3667 7.28853 5.9673 5.44209 4.99842 4.67677 4.17878 3.87149 3.63058 3.16007 2.67177 2.09305 1.63365 1.24643 0.837724 0.59054 0.349643 0.242696 0.1035 0.0185242 0.00731511 0.00135754 0.000609585 0.000508102 0.000161077 8.75604e-05 1.66892e-05 1.47048e-05 6.87659e-06 1.71239e-06 6.57701e-07 2.83451e-07 5.91845e-08 1.46983e-08 0 0 0 0 0 0 0 0 0 0 0 0 0 0 0 0 0 0 0 0 0 0 0 0 0 0 0 0 0 0 0 0 0 0 0 0 0 0 0 0 0 0 0 0 0 0 0 0 0 0 0 0 0 0
455.878 249.732 65.378 29.5719 21.357 11.8778 8.60148 8.0412 5.5832 4.65807 4.65807 4.4263 3.9736 3.77908 3.3028 2.96392 2.44284 1.92338 1.55219 1.1871 0.851388 0.566026 0.384749 0.190505 0.101919 0.0646122 0.0271514 0.00555077 0.00134536 0.00130064 0.000362791 7.54463e-05 4.90609e-05 2.29548e-05 9.67294e-06 6.02431e-06 1.08883e-06 3.32172e-07 1.80512e-07 3.12617e-08 1.1235e-08 0 0 0 0 0 0 0 0 0 0 0 0 0 0 0 0 0 0 0 0 0 0 0 0 0 0 0 0 0 0 0 0 0 0 0 0 0 0 0 0 0 0 0 0 0 0 0 0 0 0 0 0 0 0 0
348.259 110.025 90.9975 32.1092 18.9102 12.1765 10.8605 7.80251 7.71401 6.69278 6.30822 5.66683 5.15531 4.71401 3.99855 3.55689 3.26025 2.81833 2.20711 1.85145 1.34309 0.958152 0.651522 0.399561 0.261533 0.149984 0.0864301 0.0275594 0.00485803 0.00269138 0.00135716 0.000331232 0.00017364 7.66222e-05 1.16596e-05 1.16596e-05 5.90847e-06 1.27158e-06 4.73143e-07 1.88648e-07 6.35005e-08 1.21165e-08 0 0 0 0 0 0 0 0 0 0 0 0 0 0 0 0 0 0 0 0 0 0 0 0 0 0 0 0 0 0 0 0 0 0 0 0 0 0 0 0 0 0 0 0 0 0 0 0 0 0 0 0 0 0
538.352 187.353 82.2365 30.6739 16.3624 13.1323 11.0414 9.32023 8.0783 6.55056 5.61896 5.25453 4.85177 4.35285 4.04133 3.60092 3.14269 2.74777 2.38608 1.91988 1.49929 1.01715 0.73558 0.538276 0.333533 0.166152 0.101533 0.0264664 0.00659648 0.00302994 0.000809026 0.000373639 0.000228605 7.4815e-05 4.1658e-05 1.45564e-05 3.39779e-06 1.5183e-06 7.0622e-07 2.60015e-07 5.43043e-08 1.1845e-08 0 0 0 0 0 0 0 0 0 0 0 0 0 0 0 0 0 0 0 0 0 0 0 0 0 0 0 0 0 0 0 0 0 0 0 0 0 0 0 0 0 0 0 0 0 0 0 0 0 0 0 0 0 0
631.359 261.435 80.0081 50.1716 22.1066 14.1364 12.4898 9.70353 8.47319 6.5834 6.49561 5.80569 5.49101 5.24765 4.57639 4.2379 3.7701 3.32519 2.85804 2.37714 1.92533 1.5 0.909086 0.72441 0.405145 0.236274 0.13953 0.0418973 0.0162915 0.00614158 0.00162944 0.000890945 0.00038301 0.00019795 7.73864e-05 2.22019e-05 1.19572e-05 4.9044e-06 1.26804e-06 5.33502e-07 1.2327e-07 1.98835e-08 0 0 0 0 0 0 0 0 0 0 0 0 0 0 0 0 0 0 0 0 0 0 0 0 0 0 0 0 0 0 0 0 0 0 0 0 0 0 0 0 0 0 0 0 0 0 0 0 0 0 0 0 0 0
168.886 168.886 65.5469 29.332 16.271 11.9626 9.48707 8.46549 6.75649 5.91046 5.60974 5.39858 4.744 4.34437 3.79026 3.49129 2.95288 2.41715 1.84049 1.71168 1.35351 0.93633 0.694489 0.431387 0.264214 0.12969 0.0678996 0.00831704 0.00481211 0.00124814 0.000541723 0.000206255 6.30478e-05 3.40419e-05 2.36582e-05 6.91609e-06 1.88781e-06 1.24621e-06 3.45686e-07 7.25611e-08 2.05396e-08 0 0 0 0 0 0 0 0 0 0 0 0 0 0 0 0 0 0 0 0 0 0 0 0 0 0 0 0 0 0 0 0 0 0 0 0 0 0 0 0 0 0 0 0 0 0 0 0 0 0 0 0 0 0 0
460.205 208.878 92.3796 26.8335 22.9092 12.1356 10.6436 8.42509 7.37271 6.40692 6.08246 5.50175 5.30513 4.67776 4.37253 3.8712 3.39355 3.06269 2.56942 2.19031 1.76789 1.39425 0.999312 0.641955 0.412938 0.24343 0.114418 0.0171835 0.00636636 0.00314841 0.00149134 0.00065694 0.000190292 0.000114749 3.69348e-05 1.00462e-05 5.00316e-06 1.76723e-06 5.70694e-07 1.74395e-07 6.13906e-08 1.19442e-08 0 0 0 0 0 0 0 0 0 0 0 0 0 0 0 0 0 0 0 0 0 0 0 0 0 0 0 0 0 0 0 0 0 0 0 0 0 0 0 0 0 0 0 0 0 0 0 0 0 0 0 0 0 0
267.835 155.194 82.8818 27.1528 17.3329 13.3373 10.5091 8.41424 6.4963 6.35327 5.76964 5.3272 4.97055 4.53206 4.22392 3.74611 3.3807 2.89755 2.52634 2.08748 1.46193 1.21459 0.805019 0.545034 0.374983 0.231174 0.113091 0.0170828 0.00537645 0.00254774 0.00125699 0.000523484 0.000178777 6.27065e-05 6.08772e-05 1.39145e-05 6.3155e-06 2.85042e-06 9.31544e-07 9.02066e-08 4.27477e-08 1.00473e-08 0 0 0 0 0 0 0 0 0 0 0 0 0 0 0 0 0 0 0 0 0 0 0 0 0 0 0 0 0 0 0 0 0 0 0 0 0 0 0 0 0 0 0 0 0 0 0 0 0 0 0 0 0 0
323.386 196.729 78.2638 35.9166 19.5339 11.8046 11.2395 8.38797 7.03348 6.15107 4.7601 4.63088 4.20594 3.72699 3.15349 2.84895 2.45998 1.99286 1.61824 1.16776 0.896159 0.595507 0.411494 0.190832 0.130607 0.0631821 0.0300946 0.00455364 0.00143609 0.000791193 0.000318678 7.66321e-05 2.78906e-05 2.70384e-05 6.04925e-06 3.1318e-06 8.57315e-07 6.80823e-07 1.36472e-07 5.08769e-08 1.28634e-08 0 0 0 0 0 0 0 0 0 0 0 0 0 0 0 0 0 0 0 0 0 0 0 0 0 0 0 0 0 0 0 0 0 0 0 0 0 0 0 0 0 0 0 0 0 0 0 0 0 0 0 0 0 0 0
632.345 245.724 101.05 16.9286 14.1892 10.4066 9.84114 7.67724 7.29113 5.21625 5.21625 4.66518 4.4912 3.96061 3.84749 3.39593 2.92881 2.41891 2.00475 1.53818 1.26786 0.894628 0.668287 0.415776 0.289489 0.13631 0.0831209 0.0173272 0.00581599 0.0016804 0.00099381 0.00032722 0.000195379 7.03836e-05 2.4652e-05 4.4105e-06 4.4105e-06 1.61949e-06 5.49746e-07 2.07829e-07 4.95828e-08 1.19987e-08 0 0 0 0 0 0 0 0 0 0 0 0 0 0 0 0 0 0 0 0 0 0 0 0 0 0 0 0 0 0 0 0 0 0 0 0 0 0 0 0 0 0 0 0 0 0 0 0 0 0 0 0 0 0
433.488 153.441 59.4844 26.9501 18.6865 13.4434 10.3125 7.97776 6.58867 6.05278 5.72455 4.98318 4.37205 4.2438 3.87654 3.34438 2.90023 2.52141 2.16235 1.57129 1.21244 0.790382 0.653224 0.401539 0.221228 0.13087 0.0739395 0.0162286 0.00518077 0.00167753 0.000405975 0.000277292 0.00014914 7.42563e-05 3.21819e-05 9.30505e-06 2.87071e-06 1.40839e-06 6.55301e-07 2.13886e-07 4.90756e-08 0 0 0 0 0 0 0 0 0 0 0 0 0 0 0 0 0 0 0 0 0 0 0 0 0 0 0 0 0 0 0 0 0 0 0 0 0 0 0 0 0 0 0 0 0 0 0 0 0 0 0 0 0 0 0
321.367 191.151 84.6046 18.8094 18.8094 17.8858 12.2721 9.65165 7.859 7.4461 6.15811 5.86056 5.32694 4.75439 4.40227 4.1726 3.72486 3.32709 2.75698 2.29929 1.98589 1.57946 1.27255 0.882327 0.499767 0.335151 0.187682 0.0426933 0.0162683 0.00617049 0.00176425 0.000762097 0.00033642 8.78736e-05 3.24668e-05 1.71093e-05 7.63984e-06 1.23084e-06 8.49431e-07 1.52608e-07 6.5394e-08 1.8122e-08 0 0 0 0 0 0 0 0 0 0 0 0 0 0 0 0 0 0 0 0 0 0 0 0 0 0 0 0 0 0 0 0 0 0 0 0 0 0 0 0 0 0 0 0 0 0 0 0 0 0 0 0 0 0
497.905 141.359 101.922 35.4295 26.1678 7.53032 7.53032 6.88408 6.88408 6.03441 5.29588 4.74186 4.65179 3.78266 3.53222 3.12916 2.45867 2.06982 1.60028 1.24317 0.878821 0.509199 0.372131 0.228465 0.135365 0.0847008 0.0233992 0.00345081 0.0015536 0.000431724 0.000197224 0.000168881 5.36935e-05 1.49194e-05 3.46216e-06 2.69366e-06 1.03673e-06 4.54531e-07 1.51787e-07 4.6781e-08 1.36317e-08 0 0 0 0 0 0 0 0 0 0 0 0 0 0 0 0 0 0 0 0 0 0 0 0 0 0 0 0 0 0 0 0 0 0 0 0 0 0 0 0 0 0 0 0 0 0 0 0 0 0 0 0 0 0 0
291.538 177.905 75.4469 27.416 21.3023 9.92977 9.92977 6.90217 6.03464 5.93899 5.59366 5.19484 4.81518 4.49835 4.17013 3.71289 3.32504 2.81927 2.43563 1.84564 1.5101 1.04666 0.714664 0.437778 0.314323 0.208312 0.129566 0.0179309 0.00955717 0.00360353 0.000887983 0.000454661 0.000176483 5.7146e-05 3.09432e-05 1.25688e-05 5.04526e-06 2.24398e-06 6.146e-07 1.29066e-07 2.66352e-08 1.55734e-08 0 0 0 0 0 0 0 0 0 0 0 0 0 0 0 0 0 0 0 0 0 0 0 0 0 0 0 0 0 0 0 0 0 0 0 0 0 0 0 0 0 0 0 0 0 0 0 0 0 0 0 0 0 0
360.736 255.897 116.38 39.5529 24.5044 13.2321 8.38512 7.88577 6.8029 6.67662 5.60007 5.10499 4.96531 4.47571 3.98074 3.65171 3.20617 2.74317 2.485 2.05839 1.50081 0.942334 0.714497 0.507019 0.347235 0.16892 0.102367 0.0157899 0.00513165 0.00278465 0.000506779 0.000297559 0.000155416 4.1947e-05 2.23802e-05 7.27233e-06 2.67137e-06 4.97131e-07 3.22399e-07 1.0707e-07 2.99877e-08 0 0 0 0 0 0 0 0 0 0 0 0 0 0 0 0 0 0 0 0 0 0 0 0 0 0 0 0 0 0 0 0 0 0 0 0 0 0 0 0 0 0 0 0 0 0 0 0 0 0 0 0 0 0 0
498.017 216.452 120.574 27.13 21.6487 12.8461 8.23926 8.23926 6.96313 6.38876 5.51945 5.07819 4.51859 4.08819 3.77966 3.35574 2.80409 2.30342 1.82194 1.55386 1.10047 0.926412 0.576983 0.425981 0.235102 0.150391 0.074415 0.010973 0.00358614 0.0012353 0.00069063 0.000283371 6.32352e-05 4.08278e-05 1.52493e-05 4.86606e-06 1.67353e-06 5.94532e-07 2.27793e-07 4.77605e-08 1.39348e-08 0 0 0 0 0 0 0 0 0 0 0 0 0 0 0 0 0 0 0 0 0 0 0 0 0 0 0 0 0 0 0 0 0 0 0 0 0 0 0 0 0 0 0 0 0 0 0 0 0 0 0 0 0 0 0
526.117 138.526 67.1839 26.9157 15.6955 10.0822 8.92456 7.63001 6.87833 4.82508 4.82508 4.79033 4.57309 4.0217 3.34029 3.19326 2.70872 2.30884 1.92553 1.6129 1.23819 0.861582 0.57925 0.399627 0.284256 0.137333 0.0628933 0.0127522 0.00564831 0.0016949 0.00082028 0.000231611 7.34629e-05 3.03956e-05 1.3349e-05 7.92128e-06 2.30487e-06 6.24968e-07 3.39524e-07 7.04887e-08 2.48956e-08 0 0 0 0 0 0 0 0 0 0 0 0 0 0 0 0 0 0 0 0 0 0 0 0 0 0 0 0 0 0 0 0 0 0 0 0 0 0 0 0 0 0 0 0 0 0 0 0 0 0 0 0 0 0 0
337.062 258.167 96.4356 43.2632 15.456 11.5046 11.5046 8.58481 8.20176 5.691 5.57574 5.36939 4.71167 4.45677 4.05233 3.67325 3.3602 2.93038 2.37325 1.75621 1.46371 1.11302 0.666295 0.534137 0.323359 0.204463 0.112434 0.0239433 0.0138015 0.00255771 0.00108989 0.000577654 0.000189308 7.63312e-05 4.00585e-05 1.32719e-05 3.69089e-06 1.94172e-06 4.9067e-07 1.22857e-07 4.12633e-08 1.05316e-08 0 0 0 0 0 0 0 0 0 0 0 0 0 0 0 0 0 0 0 0 0 0 0 0 0 0 0 0 0 0 0 0 0 0 0 0 0 0 0 0 0 0 0 0 0 0 0 0 0 0 0 0 0 0
362.824 89.9435 89.9435 31.2261 19.7632 13.2577 10.9048 8.43626 7.84419 5.52201 5.52201 5.05451 4.41079 4.225 3.68998 3.2429 2.83345 2.40295 2.21132 1.70532 1.26591 0.928549 0.691295 0.419098 0.287508 0.151105 0.0877091 0.0176507 0.00635645 0.00209386 0.000734518 0.000435776 0.000165853 9.33505e-05 3.46059e-05 9.85762e-06 4.82399e-06 1.83145e-06 4.76635e-07 1.15652e-07 2.30137e-08 1.08788e-08 0 0 0 0 0 0 0 0 0 0 0 0 0 0 0 0 0 0 0 0 0 0 0 0 0 0 0 0 0 0 0 0 0 0 0 0 0 0 0 0 0 0 0 0 0 0 0 0 0 0 0 0 0 0
532.58 201.993 73.2676 33.8636 24.4788 15.3852 11.0155 7.65282 6.26786 5.62462 5.0128 4.53562 4.04431 3.56919 3.31484 2.84856 2.43432 2.05157 1.61095 1.11732 0.888591 0.579488 0.376913 0.248983 0.124106 0.0779887 0.0135759 0.00236349 0.00172981 0.000782688 0.000229619 0.000177202 2.22322e-05 2.22322e-05 9.03362e-06 3.35656e-06 1.52677e-06 5.02314e-07 8.57419e-08 2.44653e-08 0 0 0 0 0 0 0 0 0 0 0 0 0 0 0 0 0 0 0 0 0 0 0 0 0 0 0 0 0 0 0 0 0 0 0 0 0 0 0 0 0 0 0 0 0 0 0 0 0 0 0 0 0 0 0 0
299.861 127.12 87.4092 22.7661 19.8375 10.2147 9.53189 8.26446 6.38989 6.26903 5.40458 4.85734 4.39138 4.25222 3.62192 3.03179 2.66507 2.19699 1.96179 1.60455 1.07446 0.812869 0.519013 0.291072 0.188455 0.120714 0.0541848 0.00951921 0.00416258 0.000802816 0.00059554 0.000111429 8.58872e-05 3.03592e-05 9.84316e-06 5.3691e-06 2.33137e-06 5.72834e-07 1.47349e-07 2.53629e-08 0 0 0 0 0 0 0 0 0 0 0 0 0 0 0 0 0 0 0 0 0 0 0 0 0 0 0 0 0 0 0 0 0 0 0 0 0 0 0 0 0 0 0 0 0 0 0 0 0 0 0 0 0 0 0 0
404.528 229.577 85.4259 20.2298 20.2298 10.5565 10.5565 8.11536 6.35867 5.72698 5.46688 5.04065 4.63894 4.20824 3.9731 3.69359 3.22315 2.73302 2.31761 1.78646 1.36629 1.03213 0.638815 0.381845 0.299672 0.166228 0.0941424 0.0188508 0.00763238 0.00168221 0.000724315 0.00030066 0.000132258 5.81121e-05 3.36192e-05 1.14143e-05 5.26039e-06 1.81777e-06 6.27312e-07 9.90195e-08 2.9936e-08 1.18821e-08 0 0 0 0 0 0 0 0 0 0 0 0 0 0 0 0 0 0 0 0 0 0 0 0 0 0 0 0 0 0 0 0 0 0 0 0 0 0 0 0 0 0 0 0 0 0 0 0 0 0 0 0 0 0
485.745 281.318 109.92 15.9687 15.9687 15.2495 10.9214 9.05104 7.17558 6.13985 5.58219 5.55455 5.16508 4.60938 3.95572 3.67561 3.30716 2.77022 2.50824 2.03512 1.64572 1.36388 0.936765 0.651459 0.414611 0.265547 0.135069 0.0360534 0.00898102 0.00244779 0.000890906 0.000153734 0.000153734 9.46168e-05 3.36075e-05 1.55338e-05 5.96109e-06 1.51818e-06 4.69078e-07 1.58584e-07 5.4516e-08 1.88625e-08 0 0 0 0 0 0 0 0 0 0 0 0 0 0 0 0 0 0 0 0 0 0 0 0 0 0 0 0 0 0 0 0 0 0 0 0 0 0 0 0 0 0 0 0 0 0 0 0 0 0 0 0 0 0
370.19 134.427 118.934 16.7575 16.7575 12.5509 10.9445 8.27394 7.27992 5.59884 5.58924 5.20318 4.6312 4.28385 3.69085 3.22024 2.60598 2.1442 1.84136 1.43769 0.963244 0.614141 0.441746 0.248599 0.122105 0.0796354 0.0333944 0.00614566 0.000925944 0.000707923 0.000487478 0.000121902 4.42178e-05 1.93601e-05 1.13969e-05 4.16541e-06 1.33209e-06 8.38793e-07 1.40365e-07 2.80202e-08 0 0 0 0 0 0 0 0 0 0 0 0 0 0 0 0 0 0 0 0 0 0 0 0 0 0 0 0 0 0 0 0 0 0 0 0 0 0 0 0 0 0 0 0 0 0 0 0 0 0 0 0 0 0 0 0
196.386 150.593 91.9991 29.972 15.6636 13.8844 10.2721 8.42346 8.3271 7.12456 6.50962 5.74397 5.29647 4.73131 4.61078 4.2044 3.61054 3.34555 2.92778 2.52926 2.03122 1.76037 1.27079 0.817841 0.595172 0.412315 0.237132 0.0682388 0.0334228 0.00788873 0.00169044 0.0010632 0.000729517 0.000259835 7.19583e-05 6.25081e-05 2.07933e-05 6.19899e-06 9.57726e-07 6.57612e-07 2.12362e-07 2.82479e-08 1.18328e-08 0 0 0 0 0 0 0 0 0 0 0 0 0 0 0 0 0 0 0 0 0 0 0 0 0 0 0 0 0 0 0 0 0 0 0 0 0 0 0 0 0 0 0 0 0 0 0 0 0 0 0 0 0
356.902 171.259 67.6777 28.6638 22.6876 9.04174 9.04174 8.93971 6.71077 5.64436 5.36072 5.34063 4.4784 4.19333 3.68756 3.29953 2.90542 2.57871 2.12921 1.68771 1.34693 1.1021 0.725442 0.55198 0.34604 0.212715 0.0984456 0.0288066 0.00611172 0.00108373 0.000967494 0.000282988 0.000127496 5.55834e-05 1.71797e-05 1.12487e-05 5.44338e-06 2.24237e-06 5.82826e-07 1.42976e-07 3.40603e-08 0 0 0 0 0 0 0 0 0 0 0 0 0 0 0 0 0 0 0 0 0 0 0 0 0 0 0 0 0 0 0 0 0 0 0 0 0 0 0 0 0 0 0 0 0 0 0 0 0 0 0 0 0 0 0
737.15 269.26 122.431 38.4007 23.0049 12.4661 9.2678 7.84324 7.55986 6.13738 5.39617 5.00503 4.75217 4.28955 3.83124 3.5172 2.79758 2.50635 2.01599 1.60333 1.28585 0.808867 0.583245 0.381973 0.212046 0.123849 0.0640029 0.00976272 0.00476749 0.00116033 0.000644623 0.000266051 0.000131884 4.06113e-05 1.61843e-05 5.66694e-06 2.99196e-06 1.17592e-06 5.09381e-07 5.21134e-08 4.1317e-08 0 0 0 0 0 0 0 0 0 0 0 0 0 0 0 0 0 0 0 0 0 0 0 0 0 0 0 0 0 0 0 0 0 0 0 0 0 0 0 0 0 0 0 0 0 0 0 0 0 0 0 0 0 0 0
914.426 287.083 101.604 35.3976 16.5015 14.4422 10.7759 7.91689 6.89087 6.62054 6.11809 5.34318 5.07855 4.66465 4.25347 3.91297 3.46211 2.9507 2.54194 2.01466 1.61421 1.20142 0.812755 0.635875 0.421164 0.258385 0.168066 0.0420408 0.0182029 0.00347296 0.00157938 0.000950404 0.000205293 0.000205293 6.24874e-05 1.87796e-05 6.58266e-06 3.29258e-06 1.3083e-06 2.78922e-07 1.07357e-07 1.64176e-08 0 0 0 0 0 0 0 0 0 0 0 0 0 0 0 0 0 0 0 0 0 0 0 0 0 0 0 0 0 0 0 0 0 0 0 0 0 0 0 0 0 0 0 0 0 0 0 0 0 0 0 0 0 0
461.063 218.008 117.013 33.393 22.597 9.8653 9.8653 9.08308 6.25812 6.25812 5.80064 4.89232 4.81255 4.58899 4.08195 3.62126 3.24494 2.7003 2.24859 1.95518 1.60144 1.08527 0.832781 0.543344 0.347271 0.222263 0.134272 0.0227827 0.00673311 0.0022779 0.00102893 0.000517899 7.87797e-05 4.75476e-05 3.60577e-05 1.41471e-05 6.44457e-06 2.38093e-06 7.08849e-07 2.69997e-08 2.25345e-08 0 0 0 0 0 0 0 0 0 0 0 0 0 0 0 0 0 0 0 0 0 0 0 0 0 0 0 0 0 0 0 0 0 0 0 0 0 0 0 0 0 0 0 0 0 0 0 0 0 0 0 0 0 0 0
320.934 168.653 118.186 32.147 17.8562 13.4577 9.21779 8.26296 7.47933 6.06269 5.68612 5.131 4.8242 4.53747 3.9523 3.6715 3.07162 2.57146 2.17798 1.83483 1.40276 0.946645 0.647606 0.528242 0.309178 0.201409 0.102228 0.0205279 0.00471681 0.00190532 0.00109303 0.000247688 0.000226616 7.51484e-05 3.82857e-05 1.20452e-05 3.41596e-06 1.339e-06 5.19172e-07 1.51186e-07 4.09447e-08 1.20749e-08 0 0 0 0 0 0 0 0 0 0 0 0 0 0 0 0 0 0 0 0 0 0 0 0 0 0 0 0 0 0 0 0 0 0 0 0 0 0 0 0 0 0 0 0 0 0 0 0 0 0 0 0 0 0
461.076 145.598 57.8293 44.9561 16.2108 14.8885 9.63528 8.88563 8.06278 6.59514 6.12028 5.45688 5.02287 4.59686 4.15047 3.8091 3.28301 2.84009 2.29022 1.62403 1.26381 0.824522 0.626026 0.396901 0.237235 0.118316 0.0632518 0.0113971 0.00532521 0.00225555 0.000545713 0.000301311 0.000133981 4.77653e-05 2.03504e-05 8.17317e-06 3.94217e-06 1.04194e-06 4.84197e-07 9.86365e-08 1.57857e-08 0 0 0 0 0 0 0 0 0 0 0 0 0 0 0 0 0 0 0 0 0 0 0 0 0 0 0 0 0 0 0 0 0 0 0 0 0 0 0 0 0 0 0 0 0 0 0 0 0 0 0 0 0 0 0
392.594 188.315 98.8701 19.5337 15.8082 14.0632 10.6624 8.77244 6.40206 5.87609 4.85055 4.85055 4.58377 4.29117 3.89223 3.425 3.06425 2.57242 2.0226 1.60318 1.32443 0.909542 0.578041 0.438981 0.24291 0.13521 0.0747332 0.0118218 0.00391557 0.00142454 0.00113112 0.000215602 0.000112609 5.98475e-05 1.74452e-05 1.45584e-05 4.44342e-06 1.07809e-06 3.92862e-07 1.43249e-07 2.49254e-08 0 0 0 0 0 0 0 0 0 0 0 0 0 0 0 0 0 0 0 0 0 0 0 0 0 0 0 0 0 0 0 0 0 0 0 0 0 0 0 0 0 0 0 0 0 0 0 0 0 0 0 0 0 0 0
656.429 192.899 59.7542 27.9939 19.2879 15.0467 9.2316 6.67612 5.87973 5.82909 5.13004 4.74286 3.91595 3.91595 3.27938 2.76574 2.25073 1.88401 1.42786 1.05663 0.803849 0.573913 0.314781 0.205429 0.136474 0.0499363 0.01943 0.0041965 0.00157316 0.000625351 0.000281684 0.000136501 3.97816e-05 1.30323e-05 7.46667e-06 2.64766e-06 8.10501e-07 6.16827e-07 1.10717e-07 1.79465e-08 0 0 0 0 0 0 0 0 0 0 0 0 0 0 0 0 0 0 0 0 0 0 0 0 0 0 0 0 0 0 0 0 0 0 0 0 0 0 0 0 0 0 0 0 0 0 0 0 0 0 0 0 0 0 0 0
723.394 146.598 107.432 24.5029 17.5256 11.9418 9.40265 7.52471 6.41754 5.07875 4.67868 4.36687 3.888 3.54179 3.18367 2.72074 2.39322 2.04351 1.49543 1.31399 0.836022 0.575919 0.333513 0.238421 0.126773 0.0719066 0.022178 0.0026037 0.000673571 0.00058874 0.000111408 7.2009e-05 4.04046e-05 1.59505e-05 7.52162e-06 4.00475e-06 8.97125e-07 4.38842e-07 5.49092e-08 2.99716e-08 0 0 0 0 0 0 0 0 0 0 0 0 0 0 0 0 0 0 0 0 0 0 0 0 0 0 0 0 0 0 0 0 0 0 0 0 0 0 0 0 0 0 0 0 0 0 0 0 0 0 0 0 0 0 0 0
333.691 168.932 104.363 24.227 17.0298 9.8478 8.93287 6.42128 6.11136 6.04625 5.52185 5.00855 4.6224 4.19295 3.8354 3.48847 2.96514 2.57046 2.19005 1.63452 1.40444 0.935131 0.630176 0.407986 0.232587 0.154543 0.0708597 0.0128497 0.00554385 0.00126184 0.000578925 0.000224532 9.38517e-05 5.17426e-05 1.32236e-05 4.92028e-06 2.0725e-06 5.91072e-07 3.81468e-07 5.32885e-08 2.13868e-08 0 0 0 0 0 0 0 0 0 0 0 0 0 0 0 0 0 0 0 0 0 0 0 0 0 0 0 0 0 0 0 0 0 0 0 0 0 0 0 0 0 0 0 0 0 0 0 0 0 0 0 0 0 0 0
537.395 104.357 63.5646 24.3161 18.7974 11.7386 9.50296 7.95852 7.18094 6.31703 6.16621 5.84705 5.24285 4.76088 4.3591 4.04925 3.55841 3.03325 2.65136 2.14456 1.67801 1.19913 0.933627 0.718874 0.524279 0.331963 0.184845 0.0343847 0.0181202 0.0110168 0.00382465 0.00157197 0.000311505 0.000237691 8.78381e-05 3.4292e-05 9.94589e-06 7.0467e-06 1.5505e-06 6.28698e-07 7.94059e-08 2.65062e-08 0 0 0 0 0 0 0 0 0 0 0 0 0 0 0 0 0 0 0 0 0 0 0 0 0 0 0 0 0 0 0 0 0 0 0 0 0 0 0 0 0 0 0 0 0 0 0 0 0 0 0 0 0 0
594.285 153.743 55.0913 25.3535 15.8286 14.8756 10.2612 7.66571 6.76523 6.31599 5.54435 4.76193 4.22629 4.05729 3.61578 3.27453 2.95331 2.40086 1.97791 1.69003 1.30215 0.959129 0.625204 0.400593 0.281821 0.14267 0.0795346 0.0096982 0.00404027 0.00169305 0.000671217 0.000172788 0.000112405 3.39098e-05 1.62829e-05 9.2315e-06 2.46708e-06 8.81248e-07 3.61596e-07 1.17229e-07 2.45543e-08 0 0 0 0 0 0 0 0 0 0 0 0 0 0 0 0 0 0 0 0 0 0 0 0 0 0 0 0 0 0 0 0 0 0 0 0 0 0 0 0 0 0 0 0 0 0 0 0 0 0 0 0 0 0 0
365.051 210.813 82.8234 20.4854 18.0194 12.4235 10.6706 7.36013 7.1272 6.28876 5.73725 5.30821 4.75375 4.44387 3.91624 3.63331 3.20727 2.69619 2.25118 1.64021 1.38058 1.04852 0.698638 0.421573 0.286509 0.159664 0.0970623 0.0106951 0.00392524 0.00255777 0.000721313 0.000236416 0.000139891 5.68029e-05 1.46059e-05 1.0295e-05 3.61984e-06 9.86307e-07 2.60135e-07 1.21379e-07 3.18418e-08 0 0 0 0 0 0 0 0 0 0 0 0 0 0 0 0 0 0 0 0 0 0 0 0 0 0 0 0 0 0 0 0 0 0 0 0 0 0 0 0 0 0 0 0 0 0 0 0 0 0 0 0 0 0 0
460.308 264.429 112.774 28.7601 22.3816 9.57769 9.57769 8.37145 7.44446 6.21513 5.4331 5.05843 4.48655 3.89505 3.70311 3.19863 2.78844 2.29962 1.91544 1.70722 1.31183 0.938295 0.689587 0.442609 0.27072 0.183942 0.10584 0.0111322 0.00732358 0.00606453 0.00134294 0.000733925 0.000314596 0.000117249 3.20833e-05 1.45086e-05 5.00031e-06 2.33592e-06 4.5516e-07 2.08516e-07 6.3633e-08 2.50334e-08 0 0 0 0 0 0 0 0 0 0 0 0 0 0 0 0 0 0 0 0 0 0 0 0 0 0 0 0 0 0 0 0 0 0 0 0 0 0 0 0 0 0 0 0 0 0 0 0 0 0 0 0 0 0
608.978 44.733 44.733 29.8614 13.9329 12.3221 7.7181 6.97519 6.32457 5.5461 4.97347 4.46794 4.08459 3.77174 3.43633 3.00958 2.61457 2.15917 1.85756 1.38458 0.962145 0.612298 0.407255 0.250049 0.120419 0.0752927 0.0321416 0.00377056 0.000551479 0.000551479 0.000372047 0.000144686 3.71878e-05 2.60972e-05 8.94364e-06 4.33743e-06 1.39373e-06 4.4999e-07 2.49873e-07 6.09905e-08 1.6529e-08 0 0 0 0 0 0 0 0 0 0 0 0 0 0 0 0 0 0 0 0 0 0 0 0 0 0 0 0 0 0 0 0 0 0 0 0 0 0 0 0 0 0 0 0 0 0 0 0 0 0 0 0 0 0 0
436.799 155.633 101.158 35.7339 21.7027 12.086 9.62374 7.94007 7.25748 5.04962 4.87726 4.20617 3.91844 3.37907 3.05259 2.62696 2.0575 1.76104 1.5473 1.14677 0.800464 0.541987 0.33844 0.211463 0.131167 0.0504224 0.0303834 0.00337827 0.00146277 0.000721605 0.000237491 9.3669e-05 4.98832e-05 2.16456e-05 7.50962e-06 3.02281e-06 6.82643e-07 4.83851e-07 7.21899e-08 2.35213e-08 0 0 0 0 0 0 0 0 0 0 0 0 0 0 0 0 0 0 0 0 0 0 0 0 0 0 0 0 0 0 0 0 0 0 0 0 0 0 0 0 0 0 0 0 0 0 0 0 0 0 0 0 0 0 0 0
260.539 150.654 73.9995 31.6685 15.1789 13.5357 9.28417 7.86301 6.85025 5.37762 5.19482 4.56241 4.23314 3.70323 3.30721 2.78114 2.49357 1.83991 1.49849 1.21555 0.834389 0.517125 0.346744 0.242568 0.138352 0.0748198 0.038481 0.00392108 0.00125295 0.000329112 0.000253818 0.000106207 4.99045e-05 2.50092e-05 1.04496e-05 3.70464e-06 1.05119e-06 5.80268e-07 2.16024e-07 4.34744e-08 0 0 0 0 0 0 0 0 0 0 0 0 0 0 0 0 0 0 0 0 0 0 0 0 0 0 0 0 0 0 0 0 0 0 0 0 0 0 0 0 0 0 0 0 0 0 0 0 0 0 0 0 0 0 0 0
444.335 113.256 113.256 43.6765 18.5772 13.0326 8.51525 7.27481 6.76816 6.17288 5.42488 4.97073 4.4522 4.13406 3.65003 3.12546 2.56331 2.2414 1.76121 1.49879 1.11807 0.730729 0.424077 0.277313 0.187901 0.0993159 0.045723 0.00752016 0.00156121 0.0011902 0.000423591 0.000149897 0.000112306 3.41621e-05 1.6737e-05 3.22265e-06 1.84307e-06 8.39141e-07 1.46517e-07 9.24448e-08 1.4425e-08 0 0 0 0 0 0 0 0 0 0 0 0 0 0 0 0 0 0 0 0 0 0 0 0 0 0 0 0 0 0 0 0 0 0 0 0 0 0 0 0 0 0 0 0 0 0 0 0 0 0 0 0 0 0 0
529.209 95.1695 57.3763 43.0516 19.9792 12.0536 10.6161 8.96503 6.1664 6.1664 6.082 5.33035 5.06717 4.82429 4.34997 3.91956 3.53506 2.99516 2.67943 2.22751 1.78439 1.38959 1.15556 0.852937 0.614829 0.397587 0.24855 0.0729237 0.0356541 0.00983711 0.00338579 0.00143635 0.000456539 0.00021471 0.000119879 3.2361e-05 1.02582e-05 4.83083e-06 2.42633e-06 5.707e-07 1.75849e-07 2.32811e-08 0 0 0 0 0 0 0 0 0 0 0 0 0 0 0 0 0 0 0 0 0 0 0 0 0 0 0 0 0 0 0 0 0 0 0 0 0 0 0 0 0 0 0 0 0 0 0 0 0 0 0 0 0 0
764.028 169.479 90.9778 24.1882 19.075 11.7685 9.72584 8.32716 7.36973 6.33935 5.77076 5.36323 5.00774 4.6198 4.08758 3.74608 3.47635 2.9741 2.43267 1.98739 1.57154 1.25936 0.905978 0.614345 0.343639 0.230752 0.118375 0.024783 0.0152716 0.00304939 0.00136944 0.000589431 0.00031379 0.000130087 6.33409e-05 1.76838e-05 4.91031e-06 2.09473e-06 6.53047e-07 1.38836e-07 4.39832e-08 1.3033e-08 0 0 0 0 0 0 0 0 0 0 0 0 0 0 0 0 0 0 0 0 0 0 0 0 0 0 0 0 0 0 0 0 0 0 0 0 0 0 0 0 0 0 0 0 0 0 0 0 0 0 0 0 0 0
425.208 151.977 105.615 38.6759 17.145 12.1381 8.5685 7.38773 6.44365 5.51574 5.14348 4.57414 4.34078 3.9181 3.46103 2.70825 2.52502 1.93998 1.65751 1.31064 0.960257 0.626739 0.433114 0.289953 0.165512 0.10326 0.0469741 0.0103738 0.00392108 0.000717009 0.000717009 0.000372732 0.000140925 6.40164e-05 1.92684e-05 1.03859e-05 3.89904e-06 7.38219e-07 3.53333e-07 1.2446e-07 2.35258e-08 0 0 0 0 0 0 0 0 0 0 0 0 0 0 0 0 0 0 0 0 0 0 0 0 0 0 0 0 0 0 0 0 0 0 0 0 0 0 0 0 0 0 0 0 0 0 0 0 0 0 0 0 0 0 0
