1.55569e+42 3.00049e+35 3.00049e+35 3.0801e+32 6.10685e+31 1.70417e+31 3.03527e+30 2.31489e+29 2.24114e+26 2.24114e+26 1.14252e+24 1.04488e+23 3.01761e+22 7.67417e+21 5.95628e+19 1.51153e+19 7.4214e+18 2.0009e+16 2.0009e+16 1.17617e+16 3.48083e+14 6.04526e+13 1.61148e+12 8.77095e+11 6.18001e+10 1.3294e+10 3.88779e+08 1.30282e+08 8.5724e+06 7.33492e+06 1.55666e+06 47699 4847 919 57 37 10 5 0 0 0 0 0 0 0 0 0 0 0 0 0 0 0 0 0 0 0 0 0 0 0 0 0 0 0 0 0 0 0 0 0 0 0 0 0 0 0 0 0 0 0 0 0 0 0 0 0 0 0 0 0 0 0 0 0
5.43703e+43 2.61855e+40 3.6655e+38 5.23374e+33 2.98586e+33 7.20781e+32 1.0373e+30 1.0373e+30 1.18005e+28 4.53838e+26 4.53838e+26 3.1324e+23 3.1324e+23 1.02002e+23 4.5426e+21 2.68523e+20 1.19221e+19 8.38528e+18 2.6701e+17 1.30312e+17 6.25396e+15 3.463e+14 4.31678e+13 7.88436e+12 4.80011e+11 9.24596e+10 1.03333e+09 4.43139e+07 4.38612e+06 943386 65280 2293 455 240 59 19 4 2 0 0 0 0 0 0 0 0 0 0 0 0 0 0 0 0 0 0 0 0 0 0 0 0 0 0 0 0 0 0 0 0 0 0 0 0 0 0 0 0 0 0 0 0 0 0 0 0 0 0 0 0 0 0 0 0 0
2.63479e+42 1.23338e+37 3.27474e+36 5.46355e+30 2.10896e+30 6.87485e+28 1.12066e+28 3.8692e+26 2.19519e+24 9.09439e+21 9.09439e+21 2.9241e+21 3.85695e+19 3.85695e+19 5.79382e+17 5.79382e+17 5.60063e+16 5.45223e+16 3.12019e+15 1.44986e+15 7.81759e+12 4.79192e+12 3.19855e+12 1.59561e+11 9.39836e+09 9.70061e+08 4.68573e+07 5.42224e+06 53498 25462 8376 3778 1784 833 41 10 4 1 0 0 0 0 0 0 0 0 0 0 0 0 0 0 0 0 0 0 0 0 0 0 0 0 0 0 0 0 0 0 0 0 0 0 0 0 0 0 0 0 0 0 0 0 0 0 0 0 0 0 0 0 0 0 0 0 0
5.01141e+42 3.1931e+37 3.1931e+37 3.13001e+33 3.18358e+31 5.16059e+29 5.16059e+29 3.79333e+27 5.07726e+24 6.6099e+22 6.40943e+22 6.40943e+22 1.21058e+20 3.32251e+19 3.36288e+18 6.28071e+16 6.28071e+16 5.52043e+15 6.25232e+14 5.20023e+14 5.36322e+13 2.71039e+12 7.39304e+11 4.71403e+10 1.77255e+10 4.04762e+08 7.93035e+07 2.75799e+06 1.95691e+06 77848 5829 1837 16 16 11 3 1 0 0 0 0 0 0 0 0 0 0 0 0 0 0 0 0 0 0 0 0 0 0 0 0 0 0 0 0 0 0 0 0 0 0 0 0 0 0 0 0 0 0 0 0 0 0 0 0 0 0 0 0 0 0 0 0 0 0
8.25891e+37 8.25891e+37 2.43004e+36 6.04552e+33 3.52449e+31 5.58549e+30 8.66912e+27 5.54038e+25 1.983e+25 6.86158e+23 1.46867e+21 1.46867e+21 2.22024e+20 5.15074e+19 1.13242e+18 2.51135e+17 6.85908e+16 3.332e+16 8.84833e+14 1.20988e+14 9.87085e+12 9.87085e+12 2.44721e+12 1.26308e+11 2.37919e+09 1.38873e+09 4.2149e+07 6.31554e+06 448338 8950 5447 1395 596 93 15 9 5 1 0 0 0 0 0 0 0 0 0 0 0 0 0 0 0 0 0 0 0 0 0 0 0 0 0 0 0 0 0 0 0 0 0 0 0 0 0 0 0 0 0 0 0 0 0 0 0 0 0 0 0 0 0 0 0 0 0
3.03622e+43 2.60026e+37 2.00522e+34 1.28453e+33 7.96577e+30 7.96577e+30 1.19793e+29 4.67799e+28 1.49674e+27 8.76309e+23 8.76309e+23 5.82224e+22 2.47274e+20 2.2686e+19 2.2686e+19 6.79468e+18 3.35769e+18 6.76683e+17 5.48713e+16 1.03852e+16 1.47773e+15 9.38082e+13 2.02446e+12 3.48866e+11 1.19338e+11 8.92346e+09 2.94903e+08 2.59167e+08 4.04708e+07 6.51407e+06 1.30254e+06 303279 44392 3123 122 28 10 5 2 0 0 0 0 0 0 0 0 0 0 0 0 0 0 0 0 0 0 0 0 0 0 0 0 0 0 0 0 0 0 0 0 0 0 0 0 0 0 0 0 0 0 0 0 0 0 0 0 0 0 0 0 0 0 0 0
1.11285e+40 4.45436e+36 4.45436e+36 1.8338e+33 1.01568e+32 1.10052e+31 8.82004e+28 9.75742e+27 1.46966e+26 4.34808e+23 4.34808e+23 4.88594e+22 4.35549e+20 3.29734e+20 1.6803e+19 2.87479e+18 1.80661e+17 1.21027e+17 1.15642e+16 1.15642e+16 1.25237e+13 2.46842e+11 2.46842e+11 6.88869e+09 1.00446e+09 1.84912e+08 4.05231e+07 2.93122e+07 4.01357e+06 1.15118e+06 53660 17190 7599 2665 407 70 6 4 3 0 0 0 0 0 0 0 0 0 0 0 0 0 0 0 0 0 0 0 0 0 0 0 0 0 0 0 0 0 0 0 0 0 0 0 0 0 0 0 0 0 0 0 0 0 0 0 0 0 0 0 0 0 0 0 0
6.38168e+43 2.79386e+39 1.24182e+37 6.77276e+31 4.47692e+30 2.70423e+29 2.70423e+29 1.14044e+27 6.57831e+25 7.35694e+24 8.72823e+23 2.4383e+23 4.89802e+22 2.48965e+21 1.35516e+20 1.69058e+18 5.54609e+16 5.54609e+16 5.54609e+16 3.6965e+15 3.6965e+15 1.45521e+13 9.05224e+12 2.75701e+12 3.79971e+11 1.32496e+10 6.64098e+07 1.94547e+07 3.60443e+06 1.40498e+06 206832 31266 9425 5257 2340 222 8 8 4 0 0 0 0 0 0 0 0 0 0 0 0 0 0 0 0 0 0 0 0 0 0 0 0 0 0 0 0 0 0 0 0 0 0 0 0 0 0 0 0 0 0 0 0 0 0 0 0 0 0 0 0 0 0 0 0
6.30078e+40 4.47527e+38 4.47527e+38 2.4004e+36 1.3228e+35 3.83677e+33 2.51918e+31 1.16538e+31 3.90767e+29 3.38798e+27 1.94388e+26 4.81264e+25 1.70221e+22 1.70221e+22 4.111e+21 9.40284e+19 8.41138e+18 3.90805e+17 2.68262e+16 2.2789e+15 7.99821e+14 1.73334e+14 4.55666e+12 1.57843e+12 2.58702e+11 3.89159e+10 3.55218e+09 1.08249e+08 1.78463e+07 882889 301677 33199 3036 169 24 12 5 2 0 0 0 0 0 0 0 0 0 0 0 0 0 0 0 0 0 0 0 0 0 0 0 0 0 0 0 0 0 0 0 0 0 0 0 0 0 0 0 0 0 0 0 0 0 0 0 0 0 0 0 0 0 0 0 0 0
5.60679e+43 1.85585e+40 1.24192e+37 3.91797e+32 4.42958e+31 8.79939e+30 3.76626e+27 3.60884e+24 3.60884e+24 1.73258e+24 8.88599e+23 8.99767e+21 2.72704e+19 2.72704e+19 1.59341e+18 1.08602e+18 1.73679e+17 6.67601e+16 6.23897e+15 7.22865e+14 3.59654e+13 7.20255e+12 6.93193e+12 1.01574e+12 4.3995e+11 1.81046e+10 8.26652e+08 2.42142e+07 2.92388e+06 355799 87069 6189 2970 307 22 7 6 2 0 0 0 0 0 0 0 0 0 0 0 0 0 0 0 0 0 0 0 0 0 0 0 0 0 0 0 0 0 0 0 0 0 0 0 0 0 0 0 0 0 0 0 0 0 0 0 0 0 0 0 0 0 0 0 0 0
7.72694e+43 2.00509e+38 3.22027e+34 8.49023e+32 1.59161e+32 7.93127e+29 1.82629e+29 3.63837e+27 9.65505e+25 6.51366e+24 6.51366e+24 7.97903e+21 3.83631e+20 3.62244e+19 3.62244e+19 1.22473e+17 3.45556e+16 1.64753e+16 3.89422e+15 1.57532e+14 9.52123e+13 3.73759e+12 2.53566e+12 2.80395e+10 1.69983e+09 1.86202e+08 8.0962e+06 3.72538e+06 63725 63725 38080 3386 2268 334 45 6 6 2 1 0 0 0 0 0 0 0 0 0 0 0 0 0 0 0 0 0 0 0 0 0 0 0 0 0 0 0 0 0 0 0 0 0 0 0 0 0 0 0 0 0 0 0 0 0 0 0 0 0 0 0 0 0 0 0 0
5.15306e+42 9.63104e+39 2.02717e+37 2.27675e+33 7.78018e+32 2.13996e+32 7.03054e+31 2.69436e+29 1.45345e+27 1.31077e+26 4.47105e+25 3.72293e+23 2.28526e+22 5.45959e+21 4.69916e+20 5.27808e+18 1.68234e+18 1.68234e+18 2.14769e+16 5.03601e+15 2.4529e+14 9.68812e+13 1.11649e+13 2.54159e+12 3.20519e+11 4.18555e+10 5.58943e+09 7.95913e+08 6.69124e+07 7.22019e+06 384029 20827 3283 3283 364 23 9 4 2 0 0 0 0 0 0 0 0 0 0 0 0 0 0 0 0 0 0 0 0 0 0 0 0 0 0 0 0 0 0 0 0 0 0 0 0 0 0 0 0 0 0 0 0 0 0 0 0 0 0 0 0 0 0 0 0
1.04943e+42 4.25155e+41 4.31637e+36 3.39656e+32 1.80199e+32 6.21721e+31 8.78363e+29 3.4675e+26 1.18461e+26 1.21218e+24 3.69907e+23 2.33235e+22 5.10331e+21 4.07381e+20 8.56362e+18 1.84625e+18 4.18016e+17 3.34022e+16 1.16538e+16 1.22952e+15 7.07639e+12 2.86596e+12 3.32044e+11 1.73225e+10 1.05846e+10 9.37074e+08 1.39778e+08 2.04524e+07 10575 10575 1927 1234 530 20 12 6 2 0 0 0 0 0 0 0 0 0 0 0 0 0 0 0 0 0 0 0 0 0 0 0 0 0 0 0 0 0 0 0 0 0 0 0 0 0 0 0 0 0 0 0 0 0 0 0 0 0 0 0 0 0 0 0 0 0 0
5.9919e+41 2.98412e+36 2.98412e+36 4.95267e+33 1.39482e+32 2.98758e+29 2.98758e+29 8.07521e+28 4.91144e+27 1.42621e+27 3.85738e+26 4.0345e+24 1.14109e+23 9.44378e+20 4.98355e+20 1.41885e+20 4.0203e+17 3.50562e+17 7.40529e+16 3.38945e+16 4.65074e+15 1.24852e+14 1.30441e+13 3.54195e+12 6.40465e+11 5.26057e+10 7.61535e+09 1.71841e+09 4.90557e+08 3.41618e+07 185506 14138 4619 719 179 16 10 4 0 0 0 0 0 0 0 0 0 0 0 0 0 0 0 0 0 0 0 0 0 0 0 0 0 0 0 0 0 0 0 0 0 0 0 0 0 0 0 0 0 0 0 0 0 0 0 0 0 0 0 0 0 0 0 0 0
3.63736e+41 1.02916e+41 4.49097e+37 7.43099e+34 4.39157e+33 1.25039e+33 8.38337e+29 4.67935e+27 2.05053e+27 1.28075e+24 1.28075e+24 5.82856e+23 4.39744e+22 1.28082e+22 7.84303e+20 3.34648e+19 1.23647e+18 2.2029e+17 3.8547e+16 4.72199e+15 3.92429e+13 3.92429e+13 9.6185e+11 9.42438e+11 3.0394e+10 6.81446e+08 6.81446e+08 6.12013e+07 3.7078e+06 136426 15008 12636 3618 167 65 13 6 2 0 0 0 0 0 0 0 0 0 0 0 0 0 0 0 0 0 0 0 0 0 0 0 0 0 0 0 0 0 0 0 0 0 0 0 0 0 0 0 0 0 0 0 0 0 0 0 0 0 0 0 0 0 0 0 0 0
2.28865e+41 2.18805e+36 2.18805e+36 6.98293e+31 6.98293e+31 5.73074e+29 3.30334e+27 3.30334e+27 2.87672e+24 1.26573e+24 6.9918e+23 8.93041e+22 3.27825e+21 9.21659e+20 1.52675e+19 5.32301e+17 1.86413e+17 1.86413e+17 8.11504e+16 1.47455e+16 2.82215e+15 3.14079e+13 1.93881e+12 5.25621e+11 2.17132e+11 3.7359e+10 5.1275e+09 1.19818e+08 1.73359e+07 3.59996e+06 191819 19064 3923 302 160 28 6 4 0 0 0 0 0 0 0 0 0 0 0 0 0 0 0 0 0 0 0 0 0 0 0 0 0 0 0 0 0 0 0 0 0 0 0 0 0 0 0 0 0 0 0 0 0 0 0 0 0 0 0 0 0 0 0 0 0
2.06251e+42 3.01399e+39 2.69732e+36 3.63849e+33 2.56787e+32 1.18671e+30 1.18671e+30 6.638e+28 1.04009e+27 2.99982e+24 2.99982e+24 7.57167e+21 6.77612e+21 1.24214e+20 5.91065e+19 1.19694e+19 7.21488e+17 2.29434e+17 2.9798e+16 2.08698e+16 5.70998e+14 9.30426e+12 1.17748e+12 4.51196e+11 3.31648e+10 9.02046e+09 1.39722e+09 1.42194e+08 3.21541e+06 982923 78300 12540 5652 1717 478 47 25 18 4 0 0 0 0 0 0 0 0 0 0 0 0 0 0 0 0 0 0 0 0 0 0 0 0 0 0 0 0 0 0 0 0 0 0 0 0 0 0 0 0 0 0 0 0 0 0 0 0 0 0 0 0 0 0 0 0
8.74717e+42 8.51182e+37 3.37996e+36 2.5807e+31 2.5807e+31 2.21491e+30 2.14484e+29 5.80997e+26 4.79782e+26 2.47176e+24 1.15096e+23 9.88691e+20 9.88691e+20 2.10042e+20 4.04996e+19 1.903e+18 1.903e+18 8.3354e+15 4.37603e+15 4.37603e+15 2.43007e+14 1.7098e+13 4.76316e+12 5.33331e+11 7.30285e+10 9.49455e+09 9.17816e+08 1.43e+08 5.45103e+06 610501 39777 18915 8016 3368 1813 194 12 5 0 0 0 0 0 0 0 0 0 0 0 0 0 0 0 0 0 0 0 0 0 0 0 0 0 0 0 0 0 0 0 0 0 0 0 0 0 0 0 0 0 0 0 0 0 0 0 0 0 0 0 0 0 0 0 0 0
3.2366e+43 2.0672e+39 9.68103e+36 1.52268e+35 4.31375e+34 1.54543e+32 2.50878e+31 1.37963e+28 1.40527e+27 1.40527e+27 5.70229e+24 1.52861e+24 8.84314e+22 1.75966e+22 5.35027e+20 1.19104e+20 4.55047e+18 1.86626e+17 4.12463e+16 2.22624e+16 2.43473e+15 3.96975e+14 9.30472e+12 2.89461e+12 4.515e+11 8.08049e+10 2.49598e+09 1.71114e+08 3.16091e+07 3.20976e+06 1.62244e+06 101650 9964 2055 292 28 11 6 1 0 0 0 0 0 0 0 0 0 0 0 0 0 0 0 0 0 0 0 0 0 0 0 0 0 0 0 0 0 0 0 0 0 0 0 0 0 0 0 0 0 0 0 0 0 0 0 0 0 0 0 0 0 0 0 0
2.28462e+43 1.00953e+38 1.00953e+38 1.23846e+34 1.23846e+34 1.10517e+32 3.84863e+31 1.18124e+30 5.8385e+28 5.70806e+27 1.04089e+26 2.2892e+24 2.95136e+19 2.95136e+19 2.95136e+19 1.65462e+19 5.84083e+18 8.85125e+17 8.45072e+16 1.62528e+16 1.42096e+16 8.58605e+14 3.54879e+14 1.02875e+13 7.25088e+11 1.63224e+11 2.59402e+09 9.19008e+07 2.07387e+07 1.47574e+06 815869 169301 17423 1982 152 45 10 4 3 0 0 0 0 0 0 0 0 0 0 0 0 0 0 0 0 0 0 0 0 0 0 0 0 0 0 0 0 0 0 0 0 0 0 0 0 0 0 0 0 0 0 0 0 0 0 0 0 0 0 0 0 0 0 0 0
2.27962e+42 2.61592e+39 6.816e+36 7.65843e+33 2.34777e+33 2.89134e+31 4.23367e+29 1.1709e+29 1.92703e+26 6.79625e+24 8.99833e+22 2.38849e+22 6.32248e+20 1.43229e+20 9.68621e+18 5.05654e+17 8.37734e+16 2.93334e+16 8.34946e+15 9.55399e+14 6.49623e+12 6.49623e+12 7.64687e+11 2.83699e+11 1.62827e+10 3.5286e+09 6.04718e+08 2.79823e+08 1.78017e+07 2.84149e+06 909761 367885 111284 23911 857 11 11 7 4 0 0 0 0 0 0 0 0 0 0 0 0 0 0 0 0 0 0 0 0 0 0 0 0 0 0 0 0 0 0 0 0 0 0 0 0 0 0 0 0 0 0 0 0 0 0 0 0 0 0 0 0 0 0 0 0
9.73538e+40 9.62274e+38 4.72836e+35 2.0653e+33 3.73876e+31 1.14677e+31 3.85379e+28 2.25962e+28 3.99151e+27 3.11179e+24 8.72719e+22 4.45058e+21 4.45058e+21 2.77239e+20 2.67171e+18 2.62264e+18 1.33251e+18 1.31046e+17 8.5789e+16 6.96884e+15 6.55322e+14 7.03386e+13 8.29203e+12 1.51472e+12 2.13052e+11 8.35483e+09 2.29046e+09 4.58941e+07 7.79639e+06 204483 8167 2987 1810 635 59 7 1 1 0 0 0 0 0 0 0 0 0 0 0 0 0 0 0 0 0 0 0 0 0 0 0 0 0 0 0 0 0 0 0 0 0 0 0 0 0 0 0 0 0 0 0 0 0 0 0 0 0 0 0 0 0 0 0 0 0
2.57608e+40 4.09512e+39 1.72688e+36 2.39872e+31 1.44691e+30 1.44691e+30 1.44691e+30 1.90129e+29 2.15673e+28 5.65655e+25 2.02473e+24 1.45319e+24 1.66495e+22 2.65631e+21 7.83697e+20 2.24749e+19 1.97893e+18 7.43472e+17 1.85223e+17 3.06265e+16 1.26205e+16 9.19559e+14 6.89858e+13 1.31643e+13 9.06721e+11 7.52174e+10 1.43112e+10 3.28753e+09 9.02202e+08 9.74224e+07 579940 414887 29442 2580 1923 872 317 19 5 0 0 0 0 0 0 0 0 0 0 0 0 0 0 0 0 0 0 0 0 0 0 0 0 0 0 0 0 0 0 0 0 0 0 0 0 0 0 0 0 0 0 0 0 0 0 0 0 0 0 0 0 0 0 0 0
2.18656e+43 1.52002e+40 2.69551e+35 2.34515e+33 1.23638e+32 5.97868e+30 4.34919e+29 2.0495e+28 1.75101e+26 2.47525e+25 9.89361e+23 1.31635e+22 3.24813e+21 1.16656e+20 1.04591e+20 7.16204e+18 1.6271e+17 8.66056e+16 8.14489e+15 9.17101e+14 3.76262e+14 9.02056e+12 4.90871e+11 5.25537e+10 6.23168e+09 7.06166e+07 1.02299e+07 226473 118526 8003 5129 135 110 43 13 5 2 0 0 0 0 0 0 0 0 0 0 0 0 0 0 0 0 0 0 0 0 0 0 0 0 0 0 0 0 0 0 0 0 0 0 0 0 0 0 0 0 0 0 0 0 0 0 0 0 0 0 0 0 0 0 0 0 0 0
1.26571e+40 1.62054e+35 4.26515e+34 2.07687e+31 2.07687e+31 2.07687e+31 2.5702e+28 1.02171e+28 3.15474e+26 3.07181e+23 2.40921e+23 8.86681e+22 3.59499e+20 3.59499e+20 3.18161e+19 5.2273e+17 4.03259e+17 1.42599e+17 8.41155e+16 8.39389e+15 2.19009e+15 1.49844e+14 1.86513e+13 9.44219e+11 1.52533e+11 3.81412e+10 7.86192e+08 2.28963e+07 2.92698e+06 942834 115398 68383 17280 4024 201 42 21 7 3 0 0 0 0 0 0 0 0 0 0 0 0 0 0 0 0 0 0 0 0 0 0 0 0 0 0 0 0 0 0 0 0 0 0 0 0 0 0 0 0 0 0 0 0 0 0 0 0 0 0 0 0 0 0 0 0
1.91433e+43 4.53813e+40 6.2473e+38 4.95795e+33 4.95795e+33 9.66277e+31 1.58757e+30 1.58757e+30 1.57235e+27 1.12606e+27 1.03462e+24 5.09239e+22 3.36217e+22 1.27343e+21 1.28429e+20 1.11674e+20 5.37289e+18 2.0679e+17 1.12002e+17 2.31004e+16 6.84971e+15 2.00835e+14 6.5239e+13 1.63899e+12 5.27859e+10 2.58938e+09 3.09196e+08 8.11176e+07 6.25243e+06 627494 239979 7858 2170 62 40 22 9 1 0 0 0 0 0 0 0 0 0 0 0 0 0 0 0 0 0 0 0 0 0 0 0 0 0 0 0 0 0 0 0 0 0 0 0 0 0 0 0 0 0 0 0 0 0 0 0 0 0 0 0 0 0 0 0 0 0
6.91318e+40 1.0675e+40 1.63531e+36 2.9957e+33 2.9957e+33 2.9957e+33 7.90196e+29 1.32237e+28 1.32237e+28 7.81757e+23 7.81757e+23 7.81757e+23 3.47052e+23 1.3117e+21 1.01431e+21 2.25602e+17 2.25602e+17 2.25602e+17 7.23672e+16 7.23672e+16 7.72505e+15 2.95865e+14 3.66461e+12 1.62476e+12 3.02918e+11 3.60255e+09 3.17511e+09 6.00693e+07 1.27781e+06 1.27781e+06 27670 27670 27670 2962 155 61 12 4 1 0 0 0 0 0 0 0 0 0 0 0 0 0 0 0 0 0 0 0 0 0 0 0 0 0 0 0 0 0 0 0 0 0 0 0 0 0 0 0 0 0 0 0 0 0 0 0 0 0 0 0 0 0 0 0 0
1.80268e+43 4.97386e+40 1.34233e+35 9.57123e+33 2.68301e+32 9.38196e+30 1.19474e+29 4.42105e+27 4.42105e+27 3.21824e+26 1.12058e+25 6.72556e+22 2.69689e+21 2.69689e+21 2.69689e+21 9.2952e+20 2.43778e+19 1.01066e+19 1.60973e+18 1.42028e+17 1.90642e+15 5.73067e+14 3.9595e+13 1.12588e+13 7.83866e+11 9.35994e+10 1.59173e+10 3.18115e+08 1.06478e+08 3.46949e+06 1.74961e+06 3168 2353 550 143 11 5 1 0 0 0 0 0 0 0 0 0 0 0 0 0 0 0 0 0 0 0 0 0 0 0 0 0 0 0 0 0 0 0 0 0 0 0 0 0 0 0 0 0 0 0 0 0 0 0 0 0 0 0 0 0 0 0 0 0
2.70328e+43 2.31588e+40 6.76435e+36 6.89319e+33 1.89772e+33 1.01554e+32 6.57377e+30 5.35267e+28 1.89869e+26 5.87958e+24 4.75449e+23 1.09987e+20 1.09987e+20 1.09987e+20 4.68615e+18 1.34903e+18 5.39622e+17 1.16808e+17 1.83882e+16 1.96833e+15 4.38617e+14 1.13672e+14 9.62788e+12 7.2274e+11 6.43423e+10 4.00989e+09 1.92871e+08 1.53218e+07 2.04499e+06 372533 45534 1764 650 130 6 6 3 1 0 0 0 0 0 0 0 0 0 0 0 0 0 0 0 0 0 0 0 0 0 0 0 0 0 0 0 0 0 0 0 0 0 0 0 0 0 0 0 0 0 0 0 0 0 0 0 0 0 0 0 0 0 0 0 0 0
7.3466e+40 1.43514e+40 1.00273e+34 4.75138e+32 2.6714e+32 9.22455e+29 9.22455e+29 2.94749e+28 2.94749e+28 2.07514e+27 1.53992e+26 1.55658e+24 3.71021e+23 8.98103e+21 7.27137e+21 9.78271e+19 7.43569e+18 1.98658e+17 7.59949e+16 4.53244e+15 4.15338e+15 3.23579e+15 1.23071e+14 5.79948e+12 1.37636e+12 1.16594e+11 2.16416e+10 1.16898e+08 1.36598e+07 5.74913e+06 841583 71777 3120 913 131 56 25 10 3 0 0 0 0 0 0 0 0 0 0 0 0 0 0 0 0 0 0 0 0 0 0 0 0 0 0 0 0 0 0 0 0 0 0 0 0 0 0 0 0 0 0 0 0 0 0 0 0 0 0 0 0 0 0 0 0
7.80691e+41 1.57407e+39 5.06579e+37 2.75488e+34 1.15744e+34 5.1976e+32 1.09811e+32 1.41881e+30 3.42412e+27 7.2632e+26 4.73387e+26 3.04307e+25 4.45878e+22 6.43762e+21 3.20419e+20 3.20419e+20 1.97376e+18 6.92331e+17 2.88659e+16 8.94717e+15 2.35079e+15 2.00794e+14 1.90903e+12 1.0108e+12 2.60057e+10 7.09986e+09 7.40455e+08 1.72434e+08 2.24101e+07 1.19477e+07 1.07654e+06 57009 8904 456 355 40 9 3 2 0 0 0 0 0 0 0 0 0 0 0 0 0 0 0 0 0 0 0 0 0 0 0 0 0 0 0 0 0 0 0 0 0 0 0 0 0 0 0 0 0 0 0 0 0 0 0 0 0 0 0 0 0 0 0 0
2.08556e+42 1.39929e+39 5.95213e+38 3.6088e+32 3.6088e+32 3.6088e+32 1.27126e+30 1.27126e+30 1.41727e+27 1.19296e+27 6.27364e+25 2.08051e+24 1.89077e+22 1.89077e+22 1.631e+19 1.631e+19 4.09807e+18 3.76893e+18 1.75583e+17 1.47522e+17 1.46279e+16 1.16943e+15 2.42417e+14 2.39579e+13 3.85743e+12 2.71891e+11 7.83093e+10 6.47813e+08 4.48979e+07 2.97978e+06 205549 42951 285 285 63 37 10 5 1 0 0 0 0 0 0 0 0 0 0 0 0 0 0 0 0 0 0 0 0 0 0 0 0 0 0 0 0 0 0 0 0 0 0 0 0 0 0 0 0 0 0 0 0 0 0 0 0 0 0 0 0 0 0 0 0
1.11286e+42 3.48641e+38 2.47415e+36 1.10346e+34 3.42842e+32 1.72495e+31 1.06089e+30 2.16867e+27 1.06912e+26 1.49241e+22 1.49241e+22 5.34477e+21 8.07667e+19 1.72116e+18 6.20491e+17 6.20491e+17 1.52233e+17 2.2834e+16 8.42368e+15 3.58639e+14 4.79158e+12 6.30616e+11 4.413e+10 1.24547e+09 1.3849e+08 8.52067e+07 7.97005e+06 2.9038e+06 2.0037e+06 389223 32157 6243 935 267 58 8 5 2 0 0 0 0 0 0 0 0 0 0 0 0 0 0 0 0 0 0 0 0 0 0 0 0 0 0 0 0 0 0 0 0 0 0 0 0 0 0 0 0 0 0 0 0 0 0 0 0 0 0 0 0 0 0 0 0 0
2.82791e+43 1.94325e+38 4.63999e+36 1.41676e+33 5.79137e+31 3.50873e+28 3.50873e+28 2.22164e+28 3.05412e+26 1.3016e+25 1.1649e+23 1.32324e+22 5.4047e+21 6.13266e+19 3.11302e+19 3.63181e+18 2.2563e+18 5.09972e+17 4.93835e+16 8.68708e+15 3.81353e+14 3.81353e+14 8.41301e+12 4.92654e+11 2.92092e+11 2.80234e+10 4.06936e+09 1.94124e+08 1.61227e+07 57379 11839 2789 1763 50 24 8 2 2 0 0 0 0 0 0 0 0 0 0 0 0 0 0 0 0 0 0 0 0 0 0 0 0 0 0 0 0 0 0 0 0 0 0 0 0 0 0 0 0 0 0 0 0 0 0 0 0 0 0 0 0 0 0 0 0 0
5.19229e+41 4.39278e+35 4.39278e+35 1.11532e+34 7.96554e+32 2.27311e+30 2.27311e+30 4.26422e+29 1.09344e+28 1.05069e+27 2.93094e+25 7.85852e+21 2.25843e+21 4.78292e+19 8.2034e+18 2.12754e+18 7.03407e+17 5.41193e+16 1.21959e+16 2.37092e+15 1.76837e+14 1.24069e+13 6.8155e+12 1.16235e+12 2.90089e+11 4.73681e+09 3.60273e+08 9.47883e+07 1.90446e+07 1.35345e+07 1.67242e+06 48829 3720 134 43 33 6 3 1 0 0 0 0 0 0 0 0 0 0 0 0 0 0 0 0 0 0 0 0 0 0 0 0 0 0 0 0 0 0 0 0 0 0 0 0 0 0 0 0 0 0 0 0 0 0 0 0 0 0 0 0 0 0 0 0
3.30637e+42 5.64777e+38 3.56699e+33 1.44819e+33 1.26177e+33 2.82418e+32 7.90862e+29 4.55711e+28 1.95288e+27 2.33194e+24 9.01033e+23 3.22773e+22 1.17236e+22 1.07232e+22 1.93156e+20 1.58285e+19 8.72887e+17 2.09209e+17 2.44224e+16 3.4829e+15 2.51985e+15 1.51028e+13 5.57385e+12 8.00775e+11 7.68666e+10 6.25627e+09 8.59681e+07 1.11309e+07 5.93596e+06 709663 57312 28648 587 46 14 12 6 2 1 0 0 0 0 0 0 0 0 0 0 0 0 0 0 0 0 0 0 0 0 0 0 0 0 0 0 0 0 0 0 0 0 0 0 0 0 0 0 0 0 0 0 0 0 0 0 0 0 0 0 0 0 0 0 0 0
3.36711e+41 4.13075e+38 3.85102e+36 2.42928e+34 9.39769e+30 3.65183e+29 1.62035e+29 4.85722e+26 4.85722e+26 8.55434e+23 2.51677e+22 1.26576e+22 1.31499e+18 1.31499e+18 1.83065e+17 6.24316e+16 2.50148e+16 5.00966e+15 4.26621e+14 3.34698e+14 2.98815e+13 6.84525e+12 1.48847e+12 1.50487e+10 1.50487e+10 1.09643e+09 3.05163e+08 1.73923e+07 3.15197e+06 364677 177054 8763 2878 1122 105 16 7 3 1 0 0 0 0 0 0 0 0 0 0 0 0 0 0 0 0 0 0 0 0 0 0 0 0 0 0 0 0 0 0 0 0 0 0 0 0 0 0 0 0 0 0 0 0 0 0 0 0 0 0 0 0 0 0 0 0
4.5263e+42 8.09888e+36 2.05359e+35 2.48513e+34 3.40125e+33 5.48466e+31 8.76622e+29 2.16467e+29 7.62856e+26 2.88278e+26 4.23577e+25 2.43675e+24 4.02981e+20 4.02981e+20 2.29328e+20 1.13593e+19 2.2674e+17 5.14239e+16 3.89596e+16 8.94347e+15 5.54831e+15 5.1566e+14 7.35967e+12 8.01623e+11 8.97604e+09 4.85285e+09 4.83168e+08 1.21493e+07 1.21493e+07 173597 136248 10811 2817 671 556 31 5 5 2 0 0 0 0 0 0 0 0 0 0 0 0 0 0 0 0 0 0 0 0 0 0 0 0 0 0 0 0 0 0 0 0 0 0 0 0 0 0 0 0 0 0 0 0 0 0 0 0 0 0 0 0 0 0 0 0
4.65281e+43 7.82445e+37 2.41887e+36 2.06239e+35 1.33835e+33 4.75678e+32 1.68121e+32 1.30565e+30 2.27998e+28 1.42549e+27 1.42549e+27 7.78301e+25 4.73253e+24 8.00765e+22 1.78571e+22 1.53898e+21 2.73595e+20 1.20257e+19 9.11411e+17 2.79919e+17 1.39904e+17 6.09863e+15 4.74426e+14 4.55883e+14 2.26648e+13 3.98432e+12 6.51495e+11 2.6864e+10 1.32214e+09 1.6891e+08 2.808e+06 930475 40980 10413 1584 1042 160 9 4 0 0 0 0 0 0 0 0 0 0 0 0 0 0 0 0 0 0 0 0 0 0 0 0 0 0 0 0 0 0 0 0 0 0 0 0 0 0 0 0 0 0 0 0 0 0 0 0 0 0 0 0 0 0 0 0
9.16742e+42 2.0321e+38 2.88388e+37 9.44683e+33 1.78842e+33 4.35799e+31 4.35799e+31 4.02432e+29 1.84879e+28 4.96191e+24 1.16906e+24 2.69786e+23 2.21152e+23 2.09924e+20 2.09924e+20 2.09924e+20 8.30314e+19 8.32281e+16 8.32281e+16 2.79139e+16 4.03528e+15 7.12393e+14 6.99423e+13 1.06773e+13 1.25316e+12 2.12833e+11 9.55717e+08 2.36354e+08 2.36354e+08 1.26474e+07 286533 5739 4655 494 424 34 21 5 2 0 0 0 0 0 0 0 0 0 0 0 0 0 0 0 0 0 0 0 0 0 0 0 0 0 0 0 0 0 0 0 0 0 0 0 0 0 0 0 0 0 0 0 0 0 0 0 0 0 0 0 0 0 0 0 0
1.13218e+43 2.16177e+40 2.87025e+34 2.7735e+31 2.7735e+31 9.71672e+28 6.63836e+27 1.03395e+25 1.03395e+25 1.01341e+24 1.95847e+22 2.97349e+21 7.25961e+20 1.20958e+20 4.90755e+18 1.10153e+18 6.02693e+17 6.36257e+16 5.5043e+15 2.72157e+14 9.57124e+12 2.76127e+11 2.76127e+11 2.11375e+10 9.86871e+08 2.79563e+07 1.36883e+07 2.34018e+06 321457 21408 2130 1019 397 48 6 4 1 0 0 0 0 0 0 0 0 0 0 0 0 0 0 0 0 0 0 0 0 0 0 0 0 0 0 0 0 0 0 0 0 0 0 0 0 0 0 0 0 0 0 0 0 0 0 0 0 0 0 0 0 0 0 0 0 0 0
9.5065e+42 3.34802e+41 1.51601e+37 2.51703e+34 1.15822e+33 2.04652e+31 5.14692e+28 5.14692e+28 1.2629e+26 4.049e+24 4.049e+24 7.33031e+23 2.34386e+20 2.34386e+20 2.10988e+16 2.10988e+16 2.10988e+16 2.10988e+16 2.10988e+16 7.62815e+15 9.40581e+14 1.07589e+14 5.57096e+12 4.07909e+11 1.96134e+10 1.27243e+09 2.31694e+08 1.64784e+07 1.1499e+06 527273 42062 12364 2429 908 422 27 7 2 1 0 0 0 0 0 0 0 0 0 0 0 0 0 0 0 0 0 0 0 0 0 0 0 0 0 0 0 0 0 0 0 0 0 0 0 0 0 0 0 0 0 0 0 0 0 0 0 0 0 0 0 0 0 0 0 0
1.43675e+41 2.41273e+39 1.34695e+38 4.4952e+32 3.73864e+32 1.9448e+30 1.24505e+28 1.24505e+28 1.24505e+28 6.77591e+25 6.74165e+24 1.06331e+22 3.38911e+21 1.19054e+20 6.05308e+19 1.09285e+18 1.16646e+17 3.44839e+16 2.89767e+16 7.15715e+15 1.76931e+15 2.58751e+13 2.60359e+12 1.49915e+12 7.1691e+10 2.16542e+09 4.33125e+08 4.16292e+06 1.42578e+06 179373 7634 5007 813 208 12 2 2 1 0 0 0 0 0 0 0 0 0 0 0 0 0 0 0 0 0 0 0 0 0 0 0 0 0 0 0 0 0 0 0 0 0 0 0 0 0 0 0 0 0 0 0 0 0 0 0 0 0 0 0 0 0 0 0 0 0
3.37313e+43 6.30537e+39 1.77672e+36 6.96835e+32 2.48896e+31 2.48896e+31 1.69552e+31 2.22377e+29 6.58314e+27 1.17314e+27 2.23569e+25 2.4284e+24 6.44035e+21 5.07736e+19 5.07736e+19 5.07736e+19 1.65287e+18 5.21762e+17 1.3376e+17 1.28769e+16 2.62561e+14 9.54585e+13 7.94783e+12 4.44716e+11 7.63832e+10 1.46756e+10 1.75667e+09 1.41834e+07 1.41834e+07 5.49011e+06 286554 21901 1117 311 20 20 9 3 1 0 0 0 0 0 0 0 0 0 0 0 0 0 0 0 0 0 0 0 0 0 0 0 0 0 0 0 0 0 0 0 0 0 0 0 0 0 0 0 0 0 0 0 0 0 0 0 0 0 0 0 0 0 0 0 0
1.46318e+42 4.3048e+36 2.50485e+36 2.92228e+33 2.05584e+31 2.05584e+31 8.02196e+30 9.86582e+29 2.11877e+27 3.95633e+25 3.24009e+24 9.41137e+22 5.44333e+21 3.07292e+21 4.93766e+20 9.22777e+19 1.48843e+18 5.20813e+16 5.20813e+16 4.03669e+15 3.70604e+14 1.24721e+14 1.57904e+12 7.3454e+11 3.84615e+10 1.21622e+10 8.1007e+08 9.76063e+07 2.28463e+07 3.69742e+06 399509 8299 897 58 16 14 7 2 0 0 0 0 0 0 0 0 0 0 0 0 0 0 0 0 0 0 0 0 0 0 0 0 0 0 0 0 0 0 0 0 0 0 0 0 0 0 0 0 0 0 0 0 0 0 0 0 0 0 0 0 0 0 0 0 0
6.28838e+42 2.71912e+36 2.01743e+36 5.89224e+33 7.78527e+31 8.00082e+30 1.10081e+28 1.10081e+28 1.15144e+25 1.51762e+23 8.35053e+21 8.35053e+21 4.01812e+20 1.34547e+20 4.48724e+19 6.94352e+18 4.24554e+17 2.34161e+17 2.63153e+16 2.52512e+15 1.28737e+14 6.95909e+13 1.47891e+12 2.44255e+11 4.45959e+10 2.05989e+09 7.06598e+07 3.01176e+07 7.48843e+06 748857 182968 4148 2427 107 45 27 11 4 1 0 0 0 0 0 0 0 0 0 0 0 0 0 0 0 0 0 0 0 0 0 0 0 0 0 0 0 0 0 0 0 0 0 0 0 0 0 0 0 0 0 0 0 0 0 0 0 0 0 0 0 0 0 0 0 0
1.30992e+40 1.30992e+40 2.33632e+38 5.19698e+33 4.35966e+31 1.89525e+30 7.65852e+28 3.80816e+26 7.08476e+25 5.24275e+23 6.18051e+22 5.37313e+21 2.05997e+21 9.89811e+19 1.27663e+19 1.55415e+17 1.55415e+17 3.45922e+16 4.59847e+15 2.91025e+15 6.51979e+13 2.71895e+12 1.29955e+12 1.31537e+10 2.60858e+08 2.17386e+08 9.46686e+06 5.17745e+06 318363 3235 3235 1080 43 16 7 4 2 0 0 0 0 0 0 0 0 0 0 0 0 0 0 0 0 0 0 0 0 0 0 0 0 0 0 0 0 0 0 0 0 0 0 0 0 0 0 0 0 0 0 0 0 0 0 0 0 0 0 0 0 0 0 0 0 0 0
2.0632e+44 1.94778e+39 9.78324e+36 6.72406e+35 1.04047e+35 3.99201e+32 5.38749e+29 5.38749e+29 1.34152e+27 2.94242e+26 2.94242e+26 1.22629e+26 5.72281e+24 6.32958e+20 6.32958e+20 1.51588e+20 5.83805e+17 9.1623e+16 3.4426e+16 3.73872e+15 1.0348e+15 9.36262e+12 8.06594e+12 1.3934e+12 1.44792e+11 1.37679e+10 7.05492e+08 4.04694e+08 1.49827e+07 593078 12563 12043 2172 154 29 14 4 1 0 0 0 0 0 0 0 0 0 0 0 0 0 0 0 0 0 0 0 0 0 0 0 0 0 0 0 0 0 0 0 0 0 0 0 0 0 0 0 0 0 0 0 0 0 0 0 0 0 0 0 0 0 0 0 0 0
7.45047e+39 4.34444e+36 4.34444e+36 4.01894e+32 4.01894e+32 4.45458e+30 3.84647e+30 4.19542e+28 1.35732e+28 5.11349e+25 5.75916e+23 6.30039e+22 2.78234e+22 1.13379e+21 2.88851e+19 4.41266e+18 2.23604e+18 8.62154e+16 1.88112e+16 9.54499e+15 1.64837e+15 8.48193e+13 7.64502e+11 2.07497e+11 3.21296e+10 7.18199e+08 9.79694e+07 1.09483e+07 6.90071e+06 1.20258e+06 113676 11610 3871 368 26 12 5 3 0 0 0 0 0 0 0 0 0 0 0 0 0 0 0 0 0 0 0 0 0 0 0 0 0 0 0 0 0 0 0 0 0 0 0 0 0 0 0 0 0 0 0 0 0 0 0 0 0 0 0 0 0 0 0 0 0
1.61962e+42 1.51102e+38 8.03653e+35 7.3671e+32 2.34759e+31 1.0013e+29 1.0013e+29 1.17699e+27 2.47729e+24 3.68617e+23 9.05733e+22 4.8326e+20 4.28143e+19 5.41723e+18 2.82863e+18 1.2262e+17 7.64686e+16 2.05274e+16 1.02274e+16 9.00636e+14 1.07654e+13 2.60021e+12 4.04225e+11 2.34711e+10 2.28732e+09 1.74819e+08 3.72728e+07 2.00018e+06 32796 16933 784 426 155 37 9 4 1 0 0 0 0 0 0 0 0 0 0 0 0 0 0 0 0 0 0 0 0 0 0 0 0 0 0 0 0 0 0 0 0 0 0 0 0 0 0 0 0 0 0 0 0 0 0 0 0 0 0 0 0 0 0 0 0 0 0
6.5942e+42 1.49227e+39 2.31007e+34 1.77103e+33 3.99934e+32 5.3245e+31 9.28176e+30 9.21354e+27 1.44606e+27 1.50751e+24 3.41639e+23 5.48798e+21 5.48798e+21 2.36055e+20 1.4014e+18 1.4014e+18 2.29044e+17 2.29044e+17 8.11863e+16 4.42809e+15 4.49605e+14 1.18788e+14 1.94579e+13 1.67187e+12 1.72891e+11 3.82722e+09 1.18955e+09 3.41527e+07 1.22435e+07 2.26404e+06 233338 128866 10130 3434 1810 145 22 12 1 0 0 0 0 0 0 0 0 0 0 0 0 0 0 0 0 0 0 0 0 0 0 0 0 0 0 0 0 0 0 0 0 0 0 0 0 0 0 0 0 0 0 0 0 0 0 0 0 0 0 0 0 0 0 0 0
