4.9662e+09 1.5296e+09 1.13069e+09 1.95905e+08 9.50495e+07 7.88799e+07 2.08582e+07 1.28976e+07 7.84453e+06 3.84619e+06 1.69458e+06 930064 162774 162774 93553.1 52692.1 26598.9 19244.9 8797.84 3742.24 1362.26 491.165 271.859 102.538 56.7438 16.9727 10.0119 1.18276 0.414239 0.233474 0.0332141 0.0332141 0.0188841 0.00242049 0.00131515 0.000601076 0.000203195 7.21238e-05 9.46259e-06 2.5508e-06 9.83048e-07 2.07441e-07 4.20144e-08 0 0 0 0 0 0 0 0 0 0 0 0 0 0 0 0 0 0 0 0 0 0 0 0 0 0 0 0 0 0 0 0 0 0 0 0 0 0 0 0 0 0 0 0 0 0 0 0 0 0 0 0 0
4.87478e+09 2.34598e+09 1.0079e+09 2.11918e+08 1.3626e+08 6.04911e+07 3.28763e+07 1.30383e+07 4.2727e+06 2.60454e+06 1.61475e+06 766100 332128 202703 113119 91262.2 34799.6 20862.5 12038.4 4646.74 1557.46 915.604 479.283 182.174 77.703 19.1574 13.8525 1.65612 0.793739 0.251177 0.106743 0.0294018 0.017045 0.00376796 0.00302887 0.000552816 0.000311416 4.65523e-05 2.51924e-05 5.37121e-06 2.67143e-06 7.95672e-07 1.27271e-07 3.22835e-08 0 0 0 0 0 0 0 0 0 0 0 0 0 0 0 0 0 0 0 0 0 0 0 0 0 0 0 0 0 0 0 0 0 0 0 0 0 0 0 0 0 0 0 0 0 0 0 0 0 0 0 0
5.27114e+09 2.03202e+09 9.97461e+08 2.5761e+08 1.17571e+08 3.97563e+07 2.65128e+07 1.3288e+07 5.80118e+06 3.11987e+06 1.16324e+06 884896 278634 221632 91419.6 53080.3 34517.9 11990.3 6417.38 3013.96 1528.53 651.014 198.631 91.1291 58.4092 28.9144 8.14863 1.71187 0.861639 0.209573 0.0686639 0.0244055 0.0183843 0.00720672 0.00213444 0.000887182 0.000261085 0.000127354 2.56839e-05 1.1469e-05 2.15755e-06 6.4823e-07 1.0814e-07 1.17519e-08 0 0 0 0 0 0 0 0 0 0 0 0 0 0 0 0 0 0 0 0 0 0 0 0 0 0 0 0 0 0 0 0 0 0 0 0 0 0 0 0 0 0 0 0 0 0 0 0 0 0 0 0
9.14723e+09 2.43709e+09 9.52157e+08 2.41796e+08 8.36639e+07 4.94523e+07 1.29048e+07 1.29048e+07 8.93234e+06 5.33342e+06 1.82731e+06 917681 436994 382718 113845 92887.3 32851.8 15378.1 6239.16 5248.25 1961.67 940.639 462.964 111.149 56.8659 23.901 15.943 2.12987 1.33776 0.38098 0.130894 0.0465258 0.0108567 0.0097978 0.00280927 0.000816408 0.000341358 0.000158919 3.24205e-05 9.93045e-06 1.65291e-06 5.34015e-07 8.73065e-08 2.59394e-08 0 0 0 0 0 0 0 0 0 0 0 0 0 0 0 0 0 0 0 0 0 0 0 0 0 0 0 0 0 0 0 0 0 0 0 0 0 0 0 0 0 0 0 0 0 0 0 0 0 0 0 0
5.82137e+09 3.24475e+09 6.51274e+08 2.29684e+08 9.1742e+07 4.58569e+07 1.8294e+07 1.57871e+07 3.93662e+06 3.23737e+06 1.63247e+06 683651 343358 60644.1 60644.1 53575.5 17698.4 9601.55 6424.84 2552.69 1222.42 555.899 292.205 166.678 63.1653 35.0098 9.76107 2.34411 0.552915 0.376075 0.138127 0.0594565 0.0118123 0.0118123 0.00286181 0.00155044 0.000439046 0.000138407 6.53461e-05 6.95551e-06 1.67144e-06 7.30927e-07 1.46632e-07 4.31653e-08 1.24969e-08 0 0 0 0 0 0 0 0 0 0 0 0 0 0 0 0 0 0 0 0 0 0 0 0 0 0 0 0 0 0 0 0 0 0 0 0 0 0 0 0 0 0 0 0 0 0 0 0 0 0 0
4.78265e+09 2.3593e+09 1.48327e+09 3.29253e+08 1.48687e+08 5.1311e+07 1.01026e+07 7.44235e+06 7.44235e+06 2.80579e+06 1.4067e+06 650132 449728 133307 110946 42345 42345 13462.6 8002.94 2350.48 1118.55 433.589 196.078 103.981 48.5565 22.5579 10.7249 2.1706 0.611962 0.422627 0.0741991 0.0249598 0.0154045 0.00630756 0.00222351 0.000438209 0.000136031 0.000103977 2.42832e-05 3.5476e-06 1.3565e-06 1.9433e-07 3.87937e-08 1.37151e-08 0 0 0 0 0 0 0 0 0 0 0 0 0 0 0 0 0 0 0 0 0 0 0 0 0 0 0 0 0 0 0 0 0 0 0 0 0 0 0 0 0 0 0 0 0 0 0 0 0 0 0 0
9.41849e+09 2.51144e+09 1.2374e+09 4.49234e+08 9.88158e+07 4.47255e+07 2.84348e+07 8.36043e+06 2.49184e+06 2.37133e+06 1.055e+06 435000 402997 134792 99458.1 54685.5 25895.1 5850.26 4899.49 2362.02 694.67 502.559 228.539 99.1926 19.1663 15.6841 5.63226 1.33304 0.357898 0.230028 0.044946 0.042283 0.0105379 0.00584814 0.00231394 0.00057692 0.000346811 6.9529e-05 1.5315e-05 5.28906e-06 1.39269e-06 4.22816e-07 8.7591e-08 2.9994e-08 0 0 0 0 0 0 0 0 0 0 0 0 0 0 0 0 0 0 0 0 0 0 0 0 0 0 0 0 0 0 0 0 0 0 0 0 0 0 0 0 0 0 0 0 0 0 0 0 0 0 0 0
6.65747e+09 3.09923e+09 5.0966e+08 1.98053e+08 7.17306e+07 4.46303e+07 2.68478e+07 1.49254e+07 5.82435e+06 2.69335e+06 1.98444e+06 974435 457708 96727.3 96727.3 24610.5 24610.5 8918.75 5303.61 3745.54 1058.08 774.569 283.202 107.365 56.4522 25.385 7.12954 1.69247 0.561911 0.369042 0.0716172 0.0314432 0.00824013 0.0046232 0.00112175 0.000430421 0.000189234 5.99701e-05 1.22038e-05 4.59623e-06 1.22591e-06 2.09873e-07 6.29302e-08 1.63846e-08 0 0 0 0 0 0 0 0 0 0 0 0 0 0 0 0 0 0 0 0 0 0 0 0 0 0 0 0 0 0 0 0 0 0 0 0 0 0 0 0 0 0 0 0 0 0 0 0 0 0 0 0
7.75223e+09 2.45453e+09 7.26088e+08 2.81157e+08 7.81969e+07 6.57118e+07 3.55905e+07 1.82749e+07 4.07254e+06 4.07254e+06 1.92991e+06 1.04774e+06 606858 215632 127824 76691.6 24795.4 24795.4 12632.6 4293.97 1131.77 915.568 322.339 157.474 65.5479 29.4378 6.3964 1.6825 0.443609 0.228372 0.148587 0.016107 0.016107 0.00643046 0.00228764 0.000855356 0.000262588 0.000169363 2.81727e-05 2.0604e-05 2.3416e-06 3.80311e-07 1.2751e-07 3.11447e-08 0 0 0 0 0 0 0 0 0 0 0 0 0 0 0 0 0 0 0 0 0 0 0 0 0 0 0 0 0 0 0 0 0 0 0 0 0 0 0 0 0 0 0 0 0 0 0 0 0 0 0 0
2.95345e+09 2.88073e+09 1.37678e+09 2.06459e+08 9.49168e+07 5.36098e+07 3.21844e+07 1.41142e+07 3.32443e+06 2.34522e+06 1.85715e+06 887017 542474 194584 151361 43528.8 32369.4 10197.7 6631.55 2697.74 878.482 414.937 235.027 95.9035 39.3917 24.3159 6.86826 2.73529 1.48927 0.38435 0.139956 0.0274514 0.0255401 0.0116074 0.00289408 0.00176829 0.000266269 0.000144034 2.17416e-05 1.13642e-05 2.78903e-06 1.08449e-06 2.08766e-07 4.6637e-08 0 0 0 0 0 0 0 0 0 0 0 0 0 0 0 0 0 0 0 0 0 0 0 0 0 0 0 0 0 0 0 0 0 0 0 0 0 0 0 0 0 0 0 0 0 0 0 0 0 0 0 0
7.57942e+09 2.60108e+09 6.83168e+08 4.33349e+07 4.33349e+07 4.29755e+07 3.19266e+07 1.12853e+07 8.90412e+06 2.91429e+06 1.11417e+06 835542 423230 221088 96801.7 37561 17619.4 17619.4 8127.32 3784.61 1347.91 623.183 270.96 156.487 50.5967 34.3744 9.88774 2.61902 1.17418 0.407842 0.0983002 0.0691849 0.0231801 0.00636984 0.00306653 0.00124129 0.000427895 0.000101976 2.70434e-05 6.76355e-06 1.09918e-06 5.0656e-07 1.20307e-07 2.15496e-08 0 0 0 0 0 0 0 0 0 0 0 0 0 0 0 0 0 0 0 0 0 0 0 0 0 0 0 0 0 0 0 0 0 0 0 0 0 0 0 0 0 0 0 0 0 0 0 0 0 0 0 0
7.15913e+09 3.20851e+09 6.94598e+08 1.52116e+08 1.32213e+08 7.04685e+07 2.81271e+07 1.96791e+07 7.2539e+06 5.26799e+06 3.38049e+06 1.39221e+06 732414 365116 250203 118488 72783.5 37110.7 15937.2 7536.2 2582.8 2232.78 800.6 262.024 98.1018 52.2463 16.8898 3.97857 1.2427 0.817407 0.194285 0.0703928 0.0355986 0.00895127 0.00402267 0.00175463 0.000719894 0.00019738 2.23555e-05 1.85803e-05 4.68199e-06 1.01381e-06 2.33973e-07 5.89411e-08 1.29531e-08 0 0 0 0 0 0 0 0 0 0 0 0 0 0 0 0 0 0 0 0 0 0 0 0 0 0 0 0 0 0 0 0 0 0 0 0 0 0 0 0 0 0 0 0 0 0 0 0 0 0 0
6.01799e+09 8.9414e+08 7.11233e+08 1.54983e+08 8.53126e+07 4.70427e+07 2.36946e+07 1.38889e+07 5.28676e+06 3.23226e+06 902799 820623 232284 218437 60343.1 38178 19848.7 9493.53 9464.94 3334.27 1946.87 639.532 291.723 183.998 52.9997 22.8328 14.1339 1.75059 0.699763 0.262828 0.126333 0.0650442 0.0260851 0.0105869 0.00248535 0.000556058 0.000464559 7.56068e-05 2.3855e-05 3.14885e-06 9.31139e-07 1.67745e-07 6.13104e-08 1.54429e-08 0 0 0 0 0 0 0 0 0 0 0 0 0 0 0 0 0 0 0 0 0 0 0 0 0 0 0 0 0 0 0 0 0 0 0 0 0 0 0 0 0 0 0 0 0 0 0 0 0 0 0 0
7.25776e+09 2.6573e+09 1.59274e+09 1.72056e+08 1.2451e+08 7.52439e+07 4.87492e+07 1.63118e+07 1.18918e+07 4.92412e+06 3.4616e+06 2.1152e+06 666418 362949 224811 129488 71206.6 6036.96 6036.96 6036.96 4097.98 1609.1 635.853 159.374 127.037 26.8865 26.224 2.30138 1.67978 0.450805 0.300548 0.0629428 0.0367308 0.0201747 0.00433323 0.00206602 0.000614388 0.000251512 7.23727e-05 1.13752e-05 4.56892e-06 8.56099e-07 1.81861e-07 3.0531e-08 0 0 0 0 0 0 0 0 0 0 0 0 0 0 0 0 0 0 0 0 0 0 0 0 0 0 0 0 0 0 0 0 0 0 0 0 0 0 0 0 0 0 0 0 0 0 0 0 0 0 0 0
8.70584e+09 1.90722e+09 1.19825e+09 2.89208e+08 8.40409e+07 5.28786e+07 2.61515e+07 1.63568e+07 7.68963e+06 3.21255e+06 1.00846e+06 871311 497120 316227 66925.6 63230 21271.8 15155.7 7408.4 4219.74 2224.52 711.36 268.229 130.871 68.4693 23.2785 8.93482 1.09588 0.769487 0.358502 0.135767 0.0406599 0.0266753 0.0107662 0.00258456 0.000359414 0.00026324 0.00018224 6.72516e-05 8.14055e-06 1.10842e-06 4.9208e-07 1.47592e-07 1.8366e-08 0 0 0 0 0 0 0 0 0 0 0 0 0 0 0 0 0 0 0 0 0 0 0 0 0 0 0 0 0 0 0 0 0 0 0 0 0 0 0 0 0 0 0 0 0 0 0 0 0 0 0 0
2.23551e+09 2.23551e+09 8.59309e+08 1.85113e+08 1.24988e+08 5.69005e+07 1.46942e+07 1.16545e+07 5.57235e+06 5.57235e+06 2.27467e+06 1.23266e+06 776230 419239 113317 98175.2 34753.2 26332.3 13683.8 4034.6 2254.25 879.382 576.871 148.199 125.571 24.8214 8.98996 2.45111 1.44524 0.486135 0.102467 0.0365159 0.0227162 0.00859207 0.00315663 0.000844933 0.000488413 0.00013919 4.91355e-05 8.75097e-06 1.71011e-06 4.11621e-07 1.43226e-07 1.97501e-08 0 0 0 0 0 0 0 0 0 0 0 0 0 0 0 0 0 0 0 0 0 0 0 0 0 0 0 0 0 0 0 0 0 0 0 0 0 0 0 0 0 0 0 0 0 0 0 0 0 0 0 0
7.72932e+09 2.92217e+09 6.79526e+08 2.94721e+08 1.09385e+08 6.43291e+07 2.92323e+07 1.357e+07 7.2542e+06 4.92288e+06 2.34137e+06 711911 669217 497361 108924 74316.5 61603.3 24602.4 13610.9 5704.36 2631.47 1137.19 440.813 235.352 105.91 24.9929 15.6891 2.24327 0.639503 0.432603 0.180991 0.0573928 0.0297699 0.0102071 0.00416148 0.00168608 0.000689775 0.000230355 5.24184e-05 6.75896e-06 3.81774e-06 6.36979e-07 1.08118e-07 2.62179e-08 0 0 0 0 0 0 0 0 0 0 0 0 0 0 0 0 0 0 0 0 0 0 0 0 0 0 0 0 0 0 0 0 0 0 0 0 0 0 0 0 0 0 0 0 0 0 0 0 0 0 0 0
6.29683e+09 2.0462e+09 1.06861e+09 2.65774e+08 1.59196e+08 5.1605e+07 2.80375e+07 1.42363e+07 4.75014e+06 4.01147e+06 1.62328e+06 720057 560419 242729 164691 72035.2 44234.3 7357.01 7357.01 3719.78 1995.97 1206.87 265.663 111.523 111.523 35.4622 16.4086 2.14226 0.873595 0.418531 0.122356 0.0839661 0.0278859 0.0113195 0.00315088 0.000859935 0.000706952 0.000233699 7.71622e-05 1.19505e-05 2.13711e-06 5.95218e-07 1.69332e-07 2.16914e-08 0 0 0 0 0 0 0 0 0 0 0 0 0 0 0 0 0 0 0 0 0 0 0 0 0 0 0 0 0 0 0 0 0 0 0 0 0 0 0 0 0 0 0 0 0 0 0 0 0 0 0 0
9.15303e+09 2.04424e+09 6.3706e+08 2.11459e+08 1.51642e+08 5.13196e+07 3.646e+07 1.3701e+07 5.52475e+06 3.89342e+06 1.18203e+06 1.18203e+06 371011 161643 104843 61826.1 39307.1 11639.6 8758.77 4468.57 1770.11 826.998 479.118 129.954 58.7548 22.6048 6.11923 2.23595 0.952612 0.30571 0.0872642 0.0495955 0.0136868 0.0042749 0.00321316 0.00100761 0.000330644 0.000120257 2.6453e-05 9.72687e-06 1.91828e-06 3.99904e-07 1.08128e-07 3.02057e-08 0 0 0 0 0 0 0 0 0 0 0 0 0 0 0 0 0 0 0 0 0 0 0 0 0 0 0 0 0 0 0 0 0 0 0 0 0 0 0 0 0 0 0 0 0 0 0 0 0 0 0 0
2.51432e+09 1.57393e+09 1.14996e+09 1.99551e+08 1.27019e+08 5.71516e+07 4.34308e+07 1.71965e+07 1.05008e+07 2.78794e+06 937773 937773 841419 306903 180800 145583 28019.6 17557.2 11147.9 6085.81 2065.53 900.366 378.968 176.44 71.5868 50.5444 17.2618 2.6899 1.13099 0.401734 0.23609 0.116032 0.0432488 0.015548 0.00540403 0.0025889 0.000638719 0.000277132 3.38542e-05 1.37516e-05 1.31055e-06 3.52978e-07 1.56235e-07 2.39216e-08 0 0 0 0 0 0 0 0 0 0 0 0 0 0 0 0 0 0 0 0 0 0 0 0 0 0 0 0 0 0 0 0 0 0 0 0 0 0 0 0 0 0 0 0 0 0 0 0 0 0 0 0
6.86401e+09 2.43643e+09 3.83093e+08 1.31788e+08 9.23023e+07 4.9884e+07 1.57042e+07 1.31516e+07 3.36641e+06 1.46896e+06 1.46896e+06 624725 269196 225061 86774.8 69514.8 23197.9 12343 6764.7 2477.09 1345.09 226.554 226.554 47.0778 47.0778 20.811 12.8316 1.37453 0.762761 0.378972 0.138126 0.0333308 0.017406 0.00554 0.00214563 0.000715604 0.000345368 9.4403e-05 3.07566e-05 3.89877e-06 9.84331e-07 4.08168e-07 6.97828e-08 1.37136e-08 0 0 0 0 0 0 0 0 0 0 0 0 0 0 0 0 0 0 0 0 0 0 0 0 0 0 0 0 0 0 0 0 0 0 0 0 0 0 0 0 0 0 0 0 0 0 0 0 0 0 0 0
4.24398e+09 1.26202e+09 9.24332e+08 2.79221e+08 1.21962e+08 3.48319e+07 3.48319e+07 1.408e+07 4.4975e+06 3.78494e+06 2.18645e+06 803850 557520 200333 155520 94005.1 29120.8 18956.8 12129.5 5393.73 1939.57 1369.79 533.45 108.99 87.5572 33.8121 17.5695 4.65906 1.53046 0.601951 0.085547 0.085547 0.0292631 0.0156082 0.00614142 0.00183168 0.000606577 0.000105332 4.04277e-05 1.42153e-05 2.93716e-06 8.7557e-07 1.63725e-07 4.37671e-08 1.0863e-08 0 0 0 0 0 0 0 0 0 0 0 0 0 0 0 0 0 0 0 0 0 0 0 0 0 0 0 0 0 0 0 0 0 0 0 0 0 0 0 0 0 0 0 0 0 0 0 0 0 0 0
4.19653e+09 3.18493e+09 1.3455e+09 3.345e+08 7.41874e+07 7.41874e+07 3.90098e+07 1.18994e+07 8.82239e+06 5.20697e+06 2.52196e+06 544252 452921 358027 203830 92368.5 35488.4 13534.6 9379.34 5979.51 1331.71 1211.75 502.138 326.147 91.2432 40.8259 21.9603 2.67961 1.19614 0.882421 0.340388 0.0810502 0.0357503 0.0226326 0.00794988 0.00235167 0.000835793 0.000247328 9.19566e-05 2.26833e-05 3.82471e-06 6.37667e-07 1.79835e-07 4.7642e-08 1.16071e-08 0 0 0 0 0 0 0 0 0 0 0 0 0 0 0 0 0 0 0 0 0 0 0 0 0 0 0 0 0 0 0 0 0 0 0 0 0 0 0 0 0 0 0 0 0 0 0 0 0 0 0
4.94752e+09 1.49019e+09 9.29295e+08 2.72599e+08 6.60966e+07 3.56016e+07 1.52903e+07 1.52903e+07 4.65624e+06 4.08122e+06 1.57756e+06 1.11499e+06 575887 316622 133266 81671.4 37694.9 9697.77 5492.74 1399.63 980.717 879.577 274.616 128.902 59.823 16.4837 6.81253 1.06732 0.675907 0.263774 0.133633 0.0489303 0.0197025 0.00734156 0.00278205 0.000658555 0.000194717 0.000106638 1.94815e-05 4.99099e-06 1.42054e-06 2.36334e-07 4.44414e-08 1.41713e-08 0 0 0 0 0 0 0 0 0 0 0 0 0 0 0 0 0 0 0 0 0 0 0 0 0 0 0 0 0 0 0 0 0 0 0 0 0 0 0 0 0 0 0 0 0 0 0 0 0 0 0 0
4.41171e+09 2.41553e+09 1.4513e+09 3.20003e+08 9.61496e+07 4.72056e+07 2.73808e+07 1.57778e+07 1.00174e+07 6.89391e+06 3.60877e+06 1.85459e+06 1.09278e+06 400085 156000 55972.4 36040.1 22646.8 8097.49 5264.99 2853.1 959.943 541.049 146.27 146.27 50.7011 12.1193 4.12692 1.11449 0.358637 0.0919487 0.0810073 0.0258559 0.00606073 0.00370805 0.00164442 0.000387054 0.000216076 5.64e-05 1.25902e-05 2.50316e-06 4.96528e-07 1.64506e-07 4.31057e-08 0 0 0 0 0 0 0 0 0 0 0 0 0 0 0 0 0 0 0 0 0 0 0 0 0 0 0 0 0 0 0 0 0 0 0 0 0 0 0 0 0 0 0 0 0 0 0 0 0 0 0 0
5.8695e+09 2.63061e+09 1.14899e+09 3.46409e+08 1.68514e+08 5.41789e+07 1.85109e+07 1.22662e+07 3.47005e+06 3.47005e+06 1.36475e+06 1.35091e+06 428819 309344 79345.9 62611.8 40060 22787.4 8689.87 2499.32 1910.72 502.216 277.205 164.714 58.6023 14.1046 14.1046 3.09866 0.954892 0.497046 0.130345 0.0819778 0.026624 0.0101672 0.00397078 0.00068524 0.000417023 4.44889e-05 3.72437e-05 8.97259e-06 6.77931e-07 2.72231e-07 9.7357e-08 1.23164e-08 0 0 0 0 0 0 0 0 0 0 0 0 0 0 0 0 0 0 0 0 0 0 0 0 0 0 0 0 0 0 0 0 0 0 0 0 0 0 0 0 0 0 0 0 0 0 0 0 0 0 0 0
4.12321e+09 2.36411e+09 9.8821e+08 1.76183e+08 1.23443e+08 7.45055e+07 3.68468e+07 1.89375e+07 7.93696e+06 4.56117e+06 2.27842e+06 769540 594831 208441 99261.4 56449.5 23065.4 13971.5 7992 4002.17 1191.56 749.877 298.639 165.29 48.9224 20.2303 11.2408 1.88417 0.395311 0.393481 0.0545704 0.013076 0.013076 0.00899582 0.00285449 0.00155423 0.00031459 0.000201558 3.60915e-05 1.05702e-05 2.2523e-06 4.41779e-07 1.56917e-07 1.96025e-08 0 0 0 0 0 0 0 0 0 0 0 0 0 0 0 0 0 0 0 0 0 0 0 0 0 0 0 0 0 0 0 0 0 0 0 0 0 0 0 0 0 0 0 0 0 0 0 0 0 0 0 0
6.29341e+09 2.63796e+09 1.10544e+09 3.47326e+08 2.0655e+08 6.99921e+07 3.66486e+07 2.69005e+07 7.17355e+06 4.2096e+06 2.60308e+06 1.77473e+06 433926 367203 114160 109365 53088.9 29319.9 9427 6472.91 2838.63 1287.42 563.878 209.444 100.459 24.1719 20.5192 2.97554 0.878604 0.628797 0.226538 0.0579476 0.0146106 0.00762735 0.00364838 0.00184936 0.000756071 0.000239003 3.1006e-05 7.2003e-06 1.85806e-06 3.27865e-07 7.0873e-08 2.84699e-08 0 0 0 0 0 0 0 0 0 0 0 0 0 0 0 0 0 0 0 0 0 0 0 0 0 0 0 0 0 0 0 0 0 0 0 0 0 0 0 0 0 0 0 0 0 0 0 0 0 0 0 0
6.89567e+09 2.39351e+09 8.8053e+08 1.04928e+08 6.81146e+07 5.93699e+07 2.3688e+07 1.62506e+07 9.31499e+06 3.5608e+06 349519 349519 349519 291780 114778 77478.3 26886.7 19387.4 5059.87 3239.43 1673.43 693.41 318.822 108.202 32.4238 24.8123 5.18046 1.66742 0.475682 0.229249 0.162116 0.0547876 0.0156622 0.00760809 0.00228285 0.000551288 0.000378647 0.000121837 2.16166e-05 8.84293e-06 2.53575e-06 5.13712e-07 9.91063e-08 2.61434e-08 0 0 0 0 0 0 0 0 0 0 0 0 0 0 0 0 0 0 0 0 0 0 0 0 0 0 0 0 0 0 0 0 0 0 0 0 0 0 0 0 0 0 0 0 0 0 0 0 0 0 0 0
6.16705e+09 2.96424e+09 1.07641e+09 2.41418e+08 1.07041e+08 5.44538e+07 2.61605e+07 1.87713e+07 9.51918e+06 4.15286e+06 1.86305e+06 569667 368301 211322 134576 62774.3 27460.6 17173.9 9870.59 5851.86 1187.95 323.061 320.604 103.83 62.7765 18.319 15.5634 1.04104 0.370952 0.154996 0.101149 0.0188592 0.0111292 0.00451135 0.00211481 0.000925209 0.000326119 0.000115405 2.78195e-05 4.7105e-06 1.46561e-06 4.03768e-07 5.73875e-08 1.062e-08 0 0 0 0 0 0 0 0 0 0 0 0 0 0 0 0 0 0 0 0 0 0 0 0 0 0 0 0 0 0 0 0 0 0 0 0 0 0 0 0 0 0 0 0 0 0 0 0 0 0 0 0
7.30177e+09 2.13417e+09 8.81924e+08 1.4724e+08 1.10564e+08 4.31761e+07 2.02672e+07 1.51994e+07 8.57018e+06 4.14201e+06 1.41437e+06 454898 75781.8 75781.8 75781.8 39198.7 30255.6 19272.8 9163.79 3193.2 1992.73 810.599 246.108 132.007 65.9913 38.4489 5.63198 2.89797 1.02271 0.265022 0.211678 0.0357023 0.0254309 0.0102498 0.00303055 0.00117122 0.00013683 0.00013683 2.66137e-05 1.35306e-05 2.18508e-06 4.11972e-07 1.2586e-07 5.20369e-08 0 0 0 0 0 0 0 0 0 0 0 0 0 0 0 0 0 0 0 0 0 0 0 0 0 0 0 0 0 0 0 0 0 0 0 0 0 0 0 0 0 0 0 0 0 0 0 0 0 0 0 0
4.173e+09 2.66106e+09 1.0378e+09 2.18557e+08 8.78814e+07 5.97099e+07 2.59674e+07 1.13482e+07 6.31651e+06 2.97299e+06 1.71226e+06 894113 287059 147409 124756 58720.7 15792.1 6243.47 6102.7 3694.71 1750.84 303.331 275.891 162.634 97.5339 35.9282 11.1875 2.66297 1.05116 0.495139 0.20605 0.0452698 0.0156706 0.0073868 0.00209056 0.0010223 0.000250044 0.000115495 2.95044e-05 1.70792e-05 2.77231e-06 5.3938e-07 9.20445e-08 1.27534e-08 0 0 0 0 0 0 0 0 0 0 0 0 0 0 0 0 0 0 0 0 0 0 0 0 0 0 0 0 0 0 0 0 0 0 0 0 0 0 0 0 0 0 0 0 0 0 0 0 0 0 0 0
5.61899e+09 2.36485e+09 1.39142e+09 2.73576e+08 1.4484e+08 6.92328e+07 2.80562e+07 7.08249e+06 6.74311e+06 4.51426e+06 1.71054e+06 856445 569509 196167 107833 63074.2 36379.3 13223.5 7558.34 3805.36 947.943 732.886 290.281 101.959 18.6689 18.6689 12.866 2.33696 1.08534 0.424424 0.114357 0.069635 0.0202897 0.00780678 0.00263791 0.000776037 0.000251022 0.000165083 2.36032e-05 6.11957e-06 1.1744e-06 7.57671e-07 1.39159e-07 2.45622e-08 0 0 0 0 0 0 0 0 0 0 0 0 0 0 0 0 0 0 0 0 0 0 0 0 0 0 0 0 0 0 0 0 0 0 0 0 0 0 0 0 0 0 0 0 0 0 0 0 0 0 0 0
4.94382e+09 2.67175e+09 1.47102e+09 1.61296e+08 1.19627e+08 5.78192e+07 2.01386e+07 9.28979e+06 8.34011e+06 1.62518e+06 1.62518e+06 768950 520883 319941 95686.8 68695.2 23635.8 13261.5 10464.2 3396.8 1586.28 1040 445.274 198.037 86.1994 45.8042 14.3234 3.32816 1.46576 0.530433 0.134124 0.0508413 0.0139934 0.00609359 0.00194308 0.000850374 0.000594331 9.34064e-05 4.50408e-05 1.30477e-05 2.91377e-06 5.79227e-07 1.07938e-07 2.42093e-08 0 0 0 0 0 0 0 0 0 0 0 0 0 0 0 0 0 0 0 0 0 0 0 0 0 0 0 0 0 0 0 0 0 0 0 0 0 0 0 0 0 0 0 0 0 0 0 0 0 0 0 0
5.9689e+09 2.46405e+09 1.45667e+09 1.71902e+08 1.71902e+08 3.37609e+07 2.61864e+07 2.06759e+07 1.19084e+07 5.31984e+06 2.99962e+06 1.64918e+06 483300 166703 166703 157191 33519.8 20729.7 14088.2 5518.41 2434.24 694.58 660.459 100.748 86.8827 43.2406 10.5353 3.30215 1.69817 0.538347 0.0942407 0.0692261 0.0381414 0.01228 0.0032785 0.00105577 0.000616287 0.000243098 4.53703e-05 7.30138e-06 4.66752e-06 1.09709e-06 2.10914e-07 4.48596e-08 0 0 0 0 0 0 0 0 0 0 0 0 0 0 0 0 0 0 0 0 0 0 0 0 0 0 0 0 0 0 0 0 0 0 0 0 0 0 0 0 0 0 0 0 0 0 0 0 0 0 0 0
9.17893e+09 3.17728e+09 9.91891e+08 1.7438e+08 6.38529e+07 3.07732e+07 2.63334e+07 1.6276e+07 9.67634e+06 3.0917e+06 2.68084e+06 702795 422220 165488 145551 45543.3 39705.9 22766.7 5458.78 2274.34 2058.5 969.585 451.061 157.8 75.2447 35.7009 12.7839 2.1134 0.903558 0.340284 0.10835 0.0296434 0.0167411 0.00538006 0.00329029 0.000678372 0.0003834 4.90387e-05 2.76312e-05 6.39801e-06 1.35073e-06 3.83349e-07 9.56675e-08 1.60021e-08 0 0 0 0 0 0 0 0 0 0 0 0 0 0 0 0 0 0 0 0 0 0 0 0 0 0 0 0 0 0 0 0 0 0 0 0 0 0 0 0 0 0 0 0 0 0 0 0 0 0 0 0
6.59552e+09 2.85436e+09 1.26226e+09 1.91709e+08 1.87684e+08 7.41584e+07 3.19276e+07 2.06668e+07 3.27096e+06 2.94e+06 2.49248e+06 1.58059e+06 985362 278066 122713 68379.8 68379.8 12996.2 12996.2 5400.06 2471.84 878.007 357.302 171.996 123.964 36.7861 15.8276 2.55104 1.36644 0.458678 0.129178 0.108206 0.0471824 0.014264 0.00392712 0.00162508 0.000891878 0.000206008 3.18282e-05 2.45866e-05 3.28617e-06 8.56461e-07 1.59876e-07 3.52464e-08 0 0 0 0 0 0 0 0 0 0 0 0 0 0 0 0 0 0 0 0 0 0 0 0 0 0 0 0 0 0 0 0 0 0 0 0 0 0 0 0 0 0 0 0 0 0 0 0 0 0 0 0
7.84515e+09 3.69673e+09 8.82652e+08 2.36181e+08 1.09098e+08 6.99561e+07 2.77623e+07 7.93813e+06 6.9748e+06 3.01164e+06 872770 852935 503653 285977 167404 65139.2 32399.4 12298.9 8531.88 3278.05 689.806 689.806 223.805 85.5636 45.7505 24.3997 9.22755 1.18212 0.616024 0.239815 0.0852885 0.0278596 0.00770258 0.00474896 0.000825698 0.00034391 0.000221193 6.35078e-05 1.24383e-05 2.37323e-06 3.8096e-07 2.0363e-07 2.65355e-08 1.2469e-08 0 0 0 0 0 0 0 0 0 0 0 0 0 0 0 0 0 0 0 0 0 0 0 0 0 0 0 0 0 0 0 0 0 0 0 0 0 0 0 0 0 0 0 0 0 0 0 0 0 0 0 0
7.59511e+09 2.63965e+09 7.85119e+08 2.21237e+08 1.35091e+08 5.32784e+07 2.42362e+07 8.45674e+06 8.45674e+06 4.43611e+06 2.41104e+06 908813 244519 244519 128007 49560 37261.4 16390.5 10416.2 4825.68 2475 619.505 321.657 121.132 81.7369 32.361 7.05248 2.60916 0.766725 0.37577 0.163063 0.0494208 0.0130919 0.00824112 0.00409572 0.00157658 0.000516869 0.000228026 3.96878e-05 1.01338e-05 1.99937e-06 5.52278e-07 2.64792e-07 2.86041e-08 1.07021e-08 0 0 0 0 0 0 0 0 0 0 0 0 0 0 0 0 0 0 0 0 0 0 0 0 0 0 0 0 0 0 0 0 0 0 0 0 0 0 0 0 0 0 0 0 0 0 0 0 0 0 0
5.24982e+09 2.25719e+09 8.79404e+08 1.57752e+08 9.30086e+07 7.39204e+07 2.17233e+07 1.69399e+07 1.06277e+07 4.30562e+06 1.953e+06 760652 273384 163325 74971.6 40315.4 17711.4 3700.97 3700.97 3493.54 1131.67 273.777 252.142 142.645 45.7656 14.8282 6.36947 1.21722 0.628259 0.203538 0.101827 0.0410689 0.0141746 0.00446905 0.00169547 0.00058772 0.000318294 8.70265e-05 2.376e-05 6.92085e-06 1.69737e-06 2.30592e-07 1.19703e-07 1.78733e-08 0 0 0 0 0 0 0 0 0 0 0 0 0 0 0 0 0 0 0 0 0 0 0 0 0 0 0 0 0 0 0 0 0 0 0 0 0 0 0 0 0 0 0 0 0 0 0 0 0 0 0 0
7.9295e+09 1.81734e+09 7.89048e+08 1.77858e+08 8.75201e+07 6.23669e+07 3.7754e+07 1.21366e+07 8.03891e+06 3.95647e+06 2.07978e+06 1.00217e+06 779279 300296 158090 73288.2 37816.2 18376.2 5320.94 4641.03 1585.28 1167.3 399.322 157.715 86.6753 30.2089 10.2541 2.67612 0.971592 0.380702 0.140242 0.0617543 0.0261354 0.0106895 0.0035401 0.00140344 0.000446435 0.000159666 4.14258e-05 1.88616e-05 2.69573e-06 6.64579e-07 1.12715e-07 1.77998e-08 0 0 0 0 0 0 0 0 0 0 0 0 0 0 0 0 0 0 0 0 0 0 0 0 0 0 0 0 0 0 0 0 0 0 0 0 0 0 0 0 0 0 0 0 0 0 0 0 0 0 0 0
5.77299e+09 3.33561e+09 9.13962e+08 2.60609e+08 1.3335e+08 5.0772e+07 1.01847e+07 1.01847e+07 1.01847e+07 4.19233e+06 1.25983e+06 364481 364481 191998 95216.9 52708.4 30229.9 17571.8 6268.67 5210.4 2694.46 1034.63 305.167 163.122 61.4544 25.4384 10.7644 1.80944 0.620729 0.240239 0.140002 0.0487024 0.015944 0.00318799 0.00151426 0.000470825 0.000282085 7.40875e-05 2.29785e-05 3.92631e-06 7.27537e-07 2.06933e-07 2.39419e-08 1.05757e-08 0 0 0 0 0 0 0 0 0 0 0 0 0 0 0 0 0 0 0 0 0 0 0 0 0 0 0 0 0 0 0 0 0 0 0 0 0 0 0 0 0 0 0 0 0 0 0 0 0 0 0 0
6.21001e+09 1.50406e+09 1.00125e+09 1.84321e+08 1.36016e+08 5.76993e+07 2.01495e+07 8.50479e+06 6.44762e+06 4.41409e+06 1.98207e+06 725396 367513 147415 126634 75518 15124 14615.3 4040.01 1448.05 1448.05 415.797 285.753 137.991 62.3261 20.425 4.74459 1.30855 0.477975 0.179788 0.042494 0.0228932 0.0187568 0.0046466 0.00237032 0.000762955 0.000344045 0.000104073 2.45883e-05 8.94639e-06 1.0661e-06 2.10527e-07 4.64838e-08 2.55712e-08 0 0 0 0 0 0 0 0 0 0 0 0 0 0 0 0 0 0 0 0 0 0 0 0 0 0 0 0 0 0 0 0 0 0 0 0 0 0 0 0 0 0 0 0 0 0 0 0 0 0 0 0
5.34937e+09 1.94531e+09 1.38673e+09 2.50476e+08 1.45737e+08 5.23149e+07 2.67997e+07 1.13463e+07 7.86109e+06 1.65747e+06 1.103e+06 762734 585030 97439.5 97439.5 45253.1 43291.7 16358.3 11675.9 3720.75 2309.38 877.529 473.953 166.33 80.9927 36.5413 8.53319 3.6003 1.51533 0.636372 0.158848 0.0681131 0.0228427 0.00759545 0.00278645 0.000594845 0.000266466 0.000183169 1.72917e-05 1.01089e-05 2.33995e-06 2.68323e-07 1.09105e-07 2.15449e-08 0 0 0 0 0 0 0 0 0 0 0 0 0 0 0 0 0 0 0 0 0 0 0 0 0 0 0 0 0 0 0 0 0 0 0 0 0 0 0 0 0 0 0 0 0 0 0 0 0 0 0 0
2.64928e+09 1.44829e+09 6.76061e+08 7.11695e+07 4.73867e+07 4.73867e+07 3.87578e+07 1.12049e+07 4.49183e+06 2.76802e+06 1.77701e+06 521721 390804 208284 74921.9 45037.8 40468.1 13503.1 9978.3 4598.14 3902.75 1413.19 536.353 319.154 63.0776 24.5096 23.169 1.76197 1.47097 0.812197 0.248467 0.0956401 0.0281613 0.0139395 0.00584153 0.00166137 0.000840116 0.000266567 4.10914e-05 9.57393e-06 4.99562e-06 5.46933e-07 2.74763e-07 2.12851e-08 0 0 0 0 0 0 0 0 0 0 0 0 0 0 0 0 0 0 0 0 0 0 0 0 0 0 0 0 0 0 0 0 0 0 0 0 0 0 0 0 0 0 0 0 0 0 0 0 0 0 0 0
5.26226e+09 2.82799e+09 1.44152e+09 1.17453e+08 1.17453e+08 6.76493e+07 4.44242e+07 1.40127e+07 1.08208e+07 1.85252e+06 1.78839e+06 1.46342e+06 806392 226754 226754 107263 44206.5 12421.8 8464.44 3705.59 2126.29 1325.12 464.546 116.371 47.4075 34.788 10.1416 1.99496 0.726737 0.46224 0.162442 0.076439 0.0169297 0.00799396 0.003063 0.00146761 0.000218078 0.000120034 2.56174e-05 8.07529e-06 1.62448e-06 1.98709e-07 6.92147e-08 2.12656e-08 0 0 0 0 0 0 0 0 0 0 0 0 0 0 0 0 0 0 0 0 0 0 0 0 0 0 0 0 0 0 0 0 0 0 0 0 0 0 0 0 0 0 0 0 0 0 0 0 0 0 0 0
2.95961e+09 2.02259e+09 1.44839e+09 1.52568e+08 1.34623e+08 4.82162e+07 3.21789e+07 9.12118e+06 3.97588e+06 3.00538e+06 1.95523e+06 1.40531e+06 494670 360926 107420 80539.3 35568.2 19108.8 7792.32 5666.08 1423.97 633.298 331.105 86.1914 73.3097 28.0141 13.2829 2.8297 1.39343 0.440233 0.256587 0.0547793 0.0465177 0.0131161 0.00468237 0.00175976 0.000619708 0.000236407 5.10378e-05 1.45753e-05 3.27541e-06 5.40905e-07 2.3701e-07 5.60533e-08 0 0 0 0 0 0 0 0 0 0 0 0 0 0 0 0 0 0 0 0 0 0 0 0 0 0 0 0 0 0 0 0 0 0 0 0 0 0 0 0 0 0 0 0 0 0 0 0 0 0 0 0
6.34228e+09 2.02171e+09 8.74896e+08 2.85546e+08 1.20982e+08 6.28509e+07 3.58606e+07 1.46154e+07 5.64288e+06 1.66746e+06 1.66746e+06 472895 316978 279192 81781.6 35740.6 29666 13883.1 7813.47 2232.47 1261.32 587.419 290.871 53.5375 53.5375 18.436 7.11776 1.22006 0.709774 0.20464 0.0925689 0.0241433 0.0208778 0.00994969 0.00301416 0.00151796 0.000223328 7.64727e-05 3.72664e-05 4.02631e-06 3.07467e-06 5.97915e-07 1.29962e-07 2.69083e-08 1.01169e-08 0 0 0 0 0 0 0 0 0 0 0 0 0 0 0 0 0 0 0 0 0 0 0 0 0 0 0 0 0 0 0 0 0 0 0 0 0 0 0 0 0 0 0 0 0 0 0 0 0 0 0
7.51747e+09 2.50336e+09 1.84192e+09 2.34722e+08 1.3416e+08 8.19807e+07 4.52398e+07 2.30733e+07 1.1838e+07 5.31484e+06 2.43192e+06 1.28255e+06 633352 73101.9 73101.9 28084.3 21909.3 17209.3 4408.69 2769.63 1099.8 275.431 165.144 105.822 41.3703 11.4306 5.6538 0.700452 0.700452 0.137855 0.0619869 0.0358325 0.0106238 0.00194286 0.00156434 0.000822066 0.000274991 3.92265e-05 2.27109e-05 4.97987e-06 7.28693e-07 1.7524e-07 5.0615e-08 1.40286e-08 0 0 0 0 0 0 0 0 0 0 0 0 0 0 0 0 0 0 0 0 0 0 0 0 0 0 0 0 0 0 0 0 0 0 0 0 0 0 0 0 0 0 0 0 0 0 0 0 0 0 0 0
9.54902e+09 6.67346e+08 6.67346e+08 2.14205e+08 1.41574e+08 7.50267e+07 2.02866e+07 1.79724e+07 7.9318e+06 2.45645e+06 1.40928e+06 1.2744e+06 274740 274740 171008 37772.6 37772.6 14755.5 10089.8 4355.63 2085.25 564.198 246.386 128.258 56.0512 31.2773 11.5174 1.70389 1.07366 0.253659 0.122953 0.0409392 0.0221685 0.00656867 0.00323162 0.000852065 0.000343092 0.000128162 4.41663e-05 8.55064e-06 2.29247e-06 4.45553e-07 1.24843e-07 2.97161e-08 0 0 0 0 0 0 0 0 0 0 0 0 0 0 0 0 0 0 0 0 0 0 0 0 0 0 0 0 0 0 0 0 0 0 0 0 0 0 0 0 0 0 0 0 0 0 0 0 0 0 0 0
4.85139e+09 1.99783e+09 1.34641e+09 2.13908e+08 7.32674e+07 4.18161e+07 2.66875e+07 1.36357e+07 5.94755e+06 4.29669e+06 2.08801e+06 1.01252e+06 352989 233877 158202 56325 34510.5 13335.4 11022.9 4743.17 2618.29 544.061 202.023 115.183 52.0937 27.5635 16.037 2.01541 0.575111 0.125027 0.125027 0.053086 0.01246 0.00753273 0.00207761 0.00151765 0.000387355 0.000107496 3.35054e-05 8.53703e-06 8.46618e-07 4.9451e-07 6.99179e-08 1.55131e-08 0 0 0 0 0 0 0 0 0 0 0 0 0 0 0 0 0 0 0 0 0 0 0 0 0 0 0 0 0 0 0 0 0 0 0 0 0 0 0 0 0 0 0 0 0 0 0 0 0 0 0 0
