272.507 226.483 226.483 195.076 195.076 195.076 195.076 195.076 195.076 195.076 195.076 195.076 162.2 162.2 147.036 132.605 132.605 132.605 132.605 132.605 119.669 119.669 111.862 111.521 110.472 104.086 103.132 102.065 101.628 101.207 100.636 100.506 100.322 100.264 100.165 100.111 100.054 100.033 100.016 100.008 100.002 100.001 100.001 100 100 100 100 100 100 100 100 100 100 100 100 100 100 100 100 100 100 100 100 100 100 100 100 100 100 100 100 100 100 100 100 100 100 100 100 100 100 100 100 100 100 100 100 100 100 100 100 100 100 100 100 100
306.14 272.083 270.907 257.166 245.744 245.744 239.935 239.935 239.935 239.935 239.935 239.935 239.935 239.935 239.935 236.793 226.94 226.94 226.94 226.94 226.94 224.645 224.298 224.298 224.298 221.685 221.685 219.958 219.958 219.958 215.4 215.4 215.4 209.725 209.725 208.646 208.646 208.466 207.266 206.071 206.071 206.071 206.071 205.897 205.897 205.897 205.633 205.622 205.622 205.501 205.501 205.501 204.449 204.438 204.277 204.277 204.277 204.277 204.277 204.277 203.965 203.891 203.89 203.89 203.89 203.884 203.884 203.866 203.862 203.791 203.791 203.791 203.488 203.192 203.164 203.154 203.154 203.154 203.154 203.055 203.055 203.055 202.989 202.988 202.966 202.952 202.95 202.947 202.947 202.947 202.947 202.947 202.947 202.947 202.947 202.947
206.305 206.305 206.305 206.305 206.305 206.305 205.355 192.362 192.362 175.416 175.416 151.903 146.143 140.466 117.285 117.285 117.285 111.502 104.5 104.5 103.723 103.521 102.97 102.207 101.296 101.263 100.705 100.282 100.24 100.147 100.068 100.037 100.033 100.017 100.01 100.004 100.003 100.002 100.001 100 100 100 100 100 100 100 100 100 100 100 100 100 100 100 100 100 100 100 100 100 100 100 100 100 100 100 100 100 100 100 100 100 100 100 100 100 100 100 100 100 100 100 100 100 100 100 100 100 100 100 100 100 100 100 100 100
278.344 262.123 262.123 207.687 207.687 207.687 207.687 207.687 207.687 207.687 144.855 144.855 144.855 144.855 143.925 143.925 122.888 122.888 122.888 122.888 122.888 120.338 108.586 108.586 107.598 107.246 104.612 102.714 102.585 102.211 101.46 100.968 100.698 100.467 100.275 100.102 100.076 100.061 100.026 100.009 100.004 100.002 100.001 100 100 100 100 100 100 100 100 100 100 100 100 100 100 100 100 100 100 100 100 100 100 100 100 100 100 100 100 100 100 100 100 100 100 100 100 100 100 100 100 100 100 100 100 100 100 100 100 100 100 100 100 100
209.069 209.069 209.069 209.069 209.069 209.069 209.069 209.069 209.069 209.069 188.627 188.627 188.627 179.408 157.4 157.4 157.4 157.4 157.4 157.4 157.251 157.251 157.02 151.911 135.689 135.689 135.689 122.531 122.531 121.533 121.533 121.533 121.533 121.533 120.505 119.637 115.013 115.013 115.013 112.795 106.945 106.455 102.864 101.945 100.885 100.377 100.199 100.065 100.031 100.01 100.004 100.001 100 100 100 100 100 100 100 100 100 100 100 100 100 100 100 100 100 100 100 100 100 100 100 100 100 100 100 100 100 100 100 100 100 100 100 100 100 100 100 100 100 100 100 100
209.463 209.463 209.463 192.48 192.48 192.48 165.613 165.613 153.836 153.836 153.836 141.796 141.796 141.796 117.68 117.68 117.68 113.375 113.375 108.715 108.715 108.715 104.392 104.392 103.44 102.654 102.411 100.862 100.679 100.468 100.291 100.147 100.099 100.056 100.033 100.019 100.01 100.006 100.003 100.001 100 100 100 100 100 100 100 100 100 100 100 100 100 100 100 100 100 100 100 100 100 100 100 100 100 100 100 100 100 100 100 100 100 100 100 100 100 100 100 100 100 100 100 100 100 100 100 100 100 100 100 100 100 100 100 100
219.416 219.416 219.416 219.416 177.587 177.587 164.734 145.899 145.899 145.899 145.899 145.899 145.899 145.899 145.899 134.18 127.204 118.185 110.284 108.365 107.346 103.269 103.269 103.269 102.761 101.944 101.53 100.686 100.686 100.383 100.291 100.141 100.108 100.057 100.033 100.018 100.012 100.006 100.002 100.001 100 100 100 100 100 100 100 100 100 100 100 100 100 100 100 100 100 100 100 100 100 100 100 100 100 100 100 100 100 100 100 100 100 100 100 100 100 100 100 100 100 100 100 100 100 100 100 100 100 100 100 100 100 100 100 100
292.875 264.985 264.985 264.985 256.279 256.279 234.484 234.484 234.484 234.484 234.276 234.276 234.276 234.276 234.276 232.869 232.869 232.869 232.869 232.869 232.869 232.869 232.869 228.751 228.751 228.751 225.75 225.75 225.75 225.75 224.639 224.15 224.15 224.15 223.962 221.22 218.519 218.519 217.81 217.81 217.424 217.424 213.262 213.262 213.207 212.976 212.976 212.976 212.976 212.976 211.38 211.296 209.61 207.839 206.526 206.526 206.526 206.479 206.479 206.479 206.292 206.292 206.292 205.961 205.961 205.961 205.593 205.553 205.26 205.26 205.26 205.013 205.013 205.013 203.317 203.317 203.311 203.072 203.067 203.067 203.056 203.056 203.056 203.056 203.018 202.98 202.951 202.919 202.869 202.853 202.848 202.848 202.848 202.848 202.848 202.848
274.169 224.699 224.699 224.699 224.699 200.134 152.861 152.861 143.472 136.782 129.178 129.178 129.178 125.159 115.608 115.608 115.608 111.492 106.778 106.708 106.708 104.21 103.728 102.44 102.44 101.86 101.308 100.785 100.414 100.244 100.202 100.095 100.071 100.047 100.023 100.011 100.006 100.004 100.002 100.001 100 100 100 100 100 100 100 100 100 100 100 100 100 100 100 100 100 100 100 100 100 100 100 100 100 100 100 100 100 100 100 100 100 100 100 100 100 100 100 100 100 100 100 100 100 100 100 100 100 100 100 100 100 100 100 100
290.558 219.796 219.796 219.796 219.796 219.796 219.796 176.278 176.278 176.278 168.239 168.239 168.239 168.239 168.239 168.239 168.239 168.239 168.239 168.239 168.239 168.239 165.307 165.307 165.307 163.767 163.767 148.621 148.621 148.621 148.621 148.621 148.621 148.062 148.062 133.535 133.535 133.535 133.535 133.535 133.535 133.535 133.535 126.794 119.222 110.509 105.073 102.489 101.46 100.645 100.272 100.105 100.034 100.014 100 100 100 100 100 100 100 100 100 100 100 100 100 100 100 100 100 100 100 100 100 100 100 100 100 100 100 100 100 100 100 100 100 100 100 100 100 100 100 100 100 100
305.052 257.08 257.08 257.08 257.08 246.045 244.789 244.789 244.789 244.789 244.789 244.789 242.177 240.038 240.038 240.038 234.536 233.106 233.106 233.106 233.106 233.106 232.418 232.418 232.418 228.376 228.376 224.814 222.956 221.458 221.458 221.458 221.458 219.127 219.127 219.127 219.127 217.838 217.838 216.278 216.278 216.278 212.895 212.895 212.895 212.264 212.264 211.055 211.055 210.702 210.506 210.362 209.41 207.522 207.522 207.125 207.125 207.005 207.005 207.005 207.005 206.992 205.758 205.758 205.758 204.119 203.911 203.78 203.776 203.438 203.438 203.438 203.438 203.331 203.331 203.331 202.982 202.982 202.982 202.95 202.943 202.943 202.867 202.867 202.861 202.853 202.848 202.844 202.843 202.836 202.835 202.835 202.835 202.835 202.835 202.835
213.021 174.411 174.411 174.411 168.136 168.136 166.41 124.218 124.218 119.925 119.925 119.925 119.925 117.318 117.318 116.305 105.929 105.929 105.129 103.366 103.366 102.674 102.674 101.799 101.133 101.133 100.716 100.268 100.209 100.15 100.092 100.047 100.036 100.02 100.01 100.005 100.003 100.001 100.001 100 100 100 100 100 100 100 100 100 100 100 100 100 100 100 100 100 100 100 100 100 100 100 100 100 100 100 100 100 100 100 100 100 100 100 100 100 100 100 100 100 100 100 100 100 100 100 100 100 100 100 100 100 100 100 100 100
263.942 172.328 172.328 172.328 172.328 172.328 172.328 171.835 171.835 171.835 171.835 171.835 171.835 171.835 171.835 166.36 166.36 166.36 166.36 153.232 145.238 142.85 142.85 142.85 141.212 141.212 133.487 123.119 123.119 122.152 118.078 113.543 111.174 104.181 104.017 103.964 102.972 101.936 101.194 100.588 100.392 100.174 100.045 100.026 100.011 100.005 100.001 100.001 100 100 100 100 100 100 100 100 100 100 100 100 100 100 100 100 100 100 100 100 100 100 100 100 100 100 100 100 100 100 100 100 100 100 100 100 100 100 100 100 100 100 100 100 100 100 100 100
247.033 247.033 204.843 204.49 204.49 204.49 188.966 138.492 138.492 138.492 138.492 138.492 138.492 138.492 134.155 134.155 131.862 117.913 107.33 107.097 106.107 105.339 102.924 102.827 102.075 101.621 101.375 100.775 100.395 100.241 100.183 100.139 100.072 100.027 100.025 100.014 100.007 100.003 100.001 100.001 100 100 100 100 100 100 100 100 100 100 100 100 100 100 100 100 100 100 100 100 100 100 100 100 100 100 100 100 100 100 100 100 100 100 100 100 100 100 100 100 100 100 100 100 100 100 100 100 100 100 100 100 100 100 100 100
247.633 247.633 247.633 222.766 222.766 222.766 222.766 222.766 222.766 222.766 222.766 222.766 202.277 202.277 173.689 173.689 170.357 170.357 170.357 170.357 150.883 150.883 150.67 130.569 130.569 130.569 130.569 130.484 130.484 130.484 130.484 130.484 129.593 129.593 118.946 118.724 105.119 105.119 104.367 102.417 101.308 100.76 100.341 100.078 100.056 100.021 100.007 100.002 100.001 100 100 100 100 100 100 100 100 100 100 100 100 100 100 100 100 100 100 100 100 100 100 100 100 100 100 100 100 100 100 100 100 100 100 100 100 100 100 100 100 100 100 100 100 100 100 100
252.95 252.95 189.018 189.018 189.018 189.018 189.018 188.981 176.981 144.307 144.307 144.307 135.949 135.949 135.949 134.548 119.711 119.711 115.651 112.066 104.738 104.738 104.738 104.195 102.372 102.372 101.484 100.958 100.464 100.362 100.338 100.201 100.082 100.082 100.058 100.026 100.016 100.009 100.004 100.002 100.001 100 100 100 100 100 100 100 100 100 100 100 100 100 100 100 100 100 100 100 100 100 100 100 100 100 100 100 100 100 100 100 100 100 100 100 100 100 100 100 100 100 100 100 100 100 100 100 100 100 100 100 100 100 100 100
232.562 232.562 232.562 232.562 232.562 232.562 232.562 232.562 232.562 232.562 232.562 232.562 232.562 232.562 232.562 218.994 218.994 218.994 218.994 218.994 218.994 218.994 218.994 218.994 218.994 218.994 218.994 218.962 218.962 218.962 218.962 218.962 214.936 214.936 214.936 214.936 214.936 214.936 213.422 212.801 210.614 210.614 209.503 209.503 209.503 208.169 208.169 208.169 208.169 169.653 169.653 158.341 158.341 155.274 141.465 139.965 138.509 105.785 105.785 104.199 101.673 100.677 100.135 100.039 100.009 100.002 100 100 100 100 100 100 100 100 100 100 100 100 100 100 100 100 100 100 100 100 100 100 100 100 100 100 100 100 100 100
273.58 259.164 259.164 249.252 249.252 248.431 248.431 217.639 217.639 217.639 189.261 189.261 189.261 178.62 178.62 155.365 155.365 155.365 155.365 155.365 155.365 155.365 155.365 151.712 143.887 130.842 130.842 119.958 118.606 109.551 104.957 103.916 103.75 103.02 102.332 101.508 100.758 100.727 100.332 100.135 100.068 100.043 100.016 100.008 100.002 100.001 100 100 100 100 100 100 100 100 100 100 100 100 100 100 100 100 100 100 100 100 100 100 100 100 100 100 100 100 100 100 100 100 100 100 100 100 100 100 100 100 100 100 100 100 100 100 100 100 100 100
162.482 162.482 162.482 139.1 139.1 139.1 139.1 139.1 139.1 139.1 139.1 139.1 139.1 138.782 138.782 138.782 125.639 125.639 122.372 118.231 117.512 109.131 106.614 106.614 105.995 103.822 103.18 102.211 101.25 101.164 100.833 100.488 100.387 100.188 100.158 100.073 100.04 100.027 100.014 100.007 100.002 100.001 100 100 100 100 100 100 100 100 100 100 100 100 100 100 100 100 100 100 100 100 100 100 100 100 100 100 100 100 100 100 100 100 100 100 100 100 100 100 100 100 100 100 100 100 100 100 100 100 100 100 100 100 100 100
217.794 217.794 217.794 217.794 217.794 215.117 215.117 215.117 215.117 215.117 215.117 215.117 215.117 215.117 215.117 215.117 168.413 168.413 168.413 168.413 168.413 168.413 168.413 166.781 166.781 166.781 166.781 166.781 166.781 166.781 166.781 166.781 166.781 166.781 166.781 166.781 166.781 166.781 166.781 166.781 157.371 143.81 125.399 120.279 114.502 106.98 103.942 102.581 100.683 100.677 100.162 100.052 100.023 100.009 100 100 100 100 100 100 100 100 100 100 100 100 100 100 100 100 100 100 100 100 100 100 100 100 100 100 100 100 100 100 100 100 100 100 100 100 100 100 100 100 100 100
301.682 239.821 239.821 239.821 239.821 221.842 221.842 221.842 221.842 186.908 186.908 186.908 186.908 171.217 144.278 144.278 144.278 144.278 137.936 137.936 129.149 129.149 129.149 125.466 114.843 112.443 107.166 103.186 103.186 102.632 102.499 101.623 100.873 100.829 100.514 100.239 100.179 100.075 100.053 100.026 100.011 100.005 100.001 100.001 100 100 100 100 100 100 100 100 100 100 100 100 100 100 100 100 100 100 100 100 100 100 100 100 100 100 100 100 100 100 100 100 100 100 100 100 100 100 100 100 100 100 100 100 100 100 100 100 100 100 100 100
222.56 222.56 207.824 195.256 195.256 195.256 156.575 156.575 156.575 156.575 156.575 156.575 148.463 139.176 127.618 121.092 110.553 110.164 106.634 103.293 103.293 102.64 101.909 101.495 101.075 100.788 100.508 100.225 100.145 100.091 100.062 100.034 100.019 100.009 100.006 100.003 100.002 100.001 100 100 100 100 100 100 100 100 100 100 100 100 100 100 100 100 100 100 100 100 100 100 100 100 100 100 100 100 100 100 100 100 100 100 100 100 100 100 100 100 100 100 100 100 100 100 100 100 100 100 100 100 100 100 100 100 100 100
298.998 214.292 214.292 214.292 214.292 214.292 214.292 214.292 210.268 210.268 210.268 210.268 201.696 201.696 200.954 200.954 188.661 179.624 179.624 179.624 156.233 156.233 155.623 140.65 135.836 135.836 130.668 123.827 123.827 123.827 117.087 116.404 110.662 105.649 104.571 103.254 102.713 102.468 101.741 101.124 100.666 100.245 100.146 100.049 100.022 100.009 100.003 100.001 100.001 100 100 100 100 100 100 100 100 100 100 100 100 100 100 100 100 100 100 100 100 100 100 100 100 100 100 100 100 100 100 100 100 100 100 100 100 100 100 100 100 100 100 100 100 100 100 100
292.288 289.7 190.923 190.923 190.923 190.923 190.923 190.923 190.923 190.923 190.923 190.923 190.923 190.923 190.923 190.923 190.923 190.923 190.923 190.923 190.687 190.687 190.687 190.687 190.687 190.687 190.687 190.687 190.687 190.687 190.687 190.687 180.704 180.704 180.704 180.704 180.704 180.704 179.275 162.453 151.497 151.497 139.11 139.11 135.788 135.788 135.788 132.899 121.51 111.973 103.944 102.356 100.667 100.34 100.015 100.003 100.001 100.001 100 100 100 100 100 100 100 100 100 100 100 100 100 100 100 100 100 100 100 100 100 100 100 100 100 100 100 100 100 100 100 100 100 100 100 100 100 100
281.987 281.987 269.87 248.245 248.245 248.245 248.245 248.245 227.76 227.76 227.76 227.76 227.76 227.76 203.455 203.455 203.455 203.455 203.455 203.455 203.455 203.455 203.455 203.245 198.301 187.299 179.245 179.245 179.245 169.68 162.736 162.736 162.736 162.736 162.736 162.736 162.736 162.736 162.736 162.736 161.317 136.918 136.918 122.712 116.84 108.383 107.594 105.524 102.805 101.126 100.532 100.161 100.058 100.02 100.001 100 100 100 100 100 100 100 100 100 100 100 100 100 100 100 100 100 100 100 100 100 100 100 100 100 100 100 100 100 100 100 100 100 100 100 100 100 100 100 100 100
284.705 185.52 185.52 185.52 185.52 185.52 185.52 165.819 165.819 165.819 165.819 157.669 157.669 157.669 139.355 139.355 125.893 125.893 123.573 119.787 119.74 115.654 114.687 108.988 105.982 105.914 104.48 101.562 101.225 100.988 100.67 100.305 100.243 100.111 100.111 100.044 100.038 100.019 100.009 100.003 100.002 100.001 100 100 100 100 100 100 100 100 100 100 100 100 100 100 100 100 100 100 100 100 100 100 100 100 100 100 100 100 100 100 100 100 100 100 100 100 100 100 100 100 100 100 100 100 100 100 100 100 100 100 100 100 100 100
254.629 254.629 254.629 243.116 242.076 242.076 242.076 242.076 242.076 242.076 242.076 242.076 242.076 238.749 238.749 238.749 238.749 229.79 229.79 229.79 229.79 223.7 223.7 220.587 218.988 218.988 218.988 218.988 218.988 217.44 216.997 216.997 216.997 215.336 215.336 215.336 214.351 214.351 214.06 209.969 209.969 209.969 209.969 209.969 209.969 209.969 209.969 209.969 209.908 209.908 209.906 209.906 209.906 209.906 208.018 208.018 208.018 206.88 206.88 206.88 206.88 206.82 206.82 206.556 205.412 205.398 205.398 205.398 205.074 204.563 204.357 204.343 204.343 204.343 204.116 204.116 203.959 203.851 203.792 203.791 203.775 203.723 203.583 203.382 203.382 203.312 203.309 203.306 203.305 203.288 203.284 203.284 203.284 203.284 203.284 203.284
273.003 233.564 190.399 148.482 148.482 148.482 148.482 148.482 148.482 148.482 148.482 148.482 148.482 148.482 148.482 144.887 144.887 134.027 126.27 126.27 123.496 118.394 115.902 112.94 106.003 105.429 103.11 101.801 101.712 101.066 100.805 100.661 100.415 100.304 100.167 100.115 100.078 100.04 100.019 100.007 100.004 100.001 100.001 100 100 100 100 100 100 100 100 100 100 100 100 100 100 100 100 100 100 100 100 100 100 100 100 100 100 100 100 100 100 100 100 100 100 100 100 100 100 100 100 100 100 100 100 100 100 100 100 100 100 100 100 100
293.328 266.342 217.95 184.669 137.021 137.021 137.021 137.021 137.021 137.021 137.021 137.021 137.021 137.021 137.021 137.021 121.714 121.714 119.699 114.455 106.335 105.981 105.321 102.938 102.938 102.403 101.909 100.893 100.867 100.581 100.411 100.103 100.103 100.085 100.051 100.03 100.013 100.007 100.004 100.002 100.001 100 100 100 100 100 100 100 100 100 100 100 100 100 100 100 100 100 100 100 100 100 100 100 100 100 100 100 100 100 100 100 100 100 100 100 100 100 100 100 100 100 100 100 100 100 100 100 100 100 100 100 100 100 100 100
224.402 224.402 224.402 224.402 224.402 224.402 215.498 215.498 215.498 215.498 192.979 183.76 183.76 127.735 127.735 127.735 127.735 122.138 116.38 110.903 110.903 105.339 102.308 102.308 102.06 102.06 101.984 101.097 100.559 100.505 100.255 100.221 100.136 100.082 100.048 100.03 100.009 100.009 100.004 100.002 100.001 100 100 100 100 100 100 100 100 100 100 100 100 100 100 100 100 100 100 100 100 100 100 100 100 100 100 100 100 100 100 100 100 100 100 100 100 100 100 100 100 100 100 100 100 100 100 100 100 100 100 100 100 100 100 100
182.515 182.515 182.515 182.515 182.515 158.274 158.274 158.274 158.274 158.274 158.274 158.274 158.274 158.274 152.654 151.936 151.936 151.936 136.287 129.96 129.96 129.96 124.206 116.336 115.805 115.805 114.096 108.891 106.863 104.451 103.506 102.611 101.959 101.033 100.725 100.653 100.381 100.277 100.148 100.049 100.034 100.011 100.006 100.002 100.001 100 100 100 100 100 100 100 100 100 100 100 100 100 100 100 100 100 100 100 100 100 100 100 100 100 100 100 100 100 100 100 100 100 100 100 100 100 100 100 100 100 100 100 100 100 100 100 100 100 100 100
172.11 172.11 172.11 172.11 172.11 172.11 172.11 172.11 172.11 172.11 172.11 172.11 154.223 139.583 135.179 113.357 113.357 113.357 113.357 113.357 113.357 110.548 107.204 105.92 104.728 103.063 102.983 102.068 101.262 100.831 100.476 100.406 100.186 100.137 100.099 100.046 100.031 100.014 100.005 100.003 100.001 100.001 100 100 100 100 100 100 100 100 100 100 100 100 100 100 100 100 100 100 100 100 100 100 100 100 100 100 100 100 100 100 100 100 100 100 100 100 100 100 100 100 100 100 100 100 100 100 100 100 100 100 100 100 100 100
270.96 270.856 257.967 157.91 157.91 150.57 150.57 150.57 145.492 145.492 136.11 136.11 136.11 112.007 112.007 112.007 112.007 112.007 110.069 108.193 105.38 104.818 102.997 102.997 102.673 101.789 101.48 100.957 100.708 100.474 100.239 100.16 100.071 100.047 100.029 100.018 100.009 100.005 100.002 100.001 100 100 100 100 100 100 100 100 100 100 100 100 100 100 100 100 100 100 100 100 100 100 100 100 100 100 100 100 100 100 100 100 100 100 100 100 100 100 100 100 100 100 100 100 100 100 100 100 100 100 100 100 100 100 100 100
268.381 248.863 248.863 230.104 211.2 191.513 191.513 191.513 191.513 147.652 120.909 120.909 120.909 120.909 108.257 108.257 108.257 108.257 108.257 104.511 104.177 104.177 103.395 102.855 102.046 101.282 101.282 100.611 100.458 100.235 100.235 100.134 100.043 100.032 100.019 100.009 100.004 100.002 100.001 100 100 100 100 100 100 100 100 100 100 100 100 100 100 100 100 100 100 100 100 100 100 100 100 100 100 100 100 100 100 100 100 100 100 100 100 100 100 100 100 100 100 100 100 100 100 100 100 100 100 100 100 100 100 100 100 100
256.854 256.854 208.323 197.016 197.016 197.016 197.016 197.016 197.016 150.697 150.697 150.697 150.697 150.697 150.697 150.697 150.697 150.697 150.697 150.697 150.697 150.697 150.697 150.697 150.697 150.697 150.697 150.697 150.538 150.538 150.538 149.323 149.323 149.323 149.323 149.323 149.126 148.333 148.333 145.704 145.704 140.478 140.478 140.478 140.478 140.478 125.269 119.927 108.788 103.095 101.346 100.492 100.205 100.06 100.002 100 100 100 100 100 100 100 100 100 100 100 100 100 100 100 100 100 100 100 100 100 100 100 100 100 100 100 100 100 100 100 100 100 100 100 100 100 100 100 100 100
286.755 271.497 266.08 225.649 225.649 225.649 225.649 225.649 225.649 225.649 225.649 225.649 225.649 225.649 225.649 225.649 214.147 179.95 174.135 174.135 174.135 174.135 174.135 174.135 174.135 174.135 174.135 170.485 170.485 157.978 153.534 153.534 135.959 135.959 135.959 135.959 134.598 134.335 131.845 129.207 120.688 120.688 120.688 117.505 108.167 103.091 102.323 101.135 100.378 100.153 100.064 100.025 100.008 100.002 100 100 100 100 100 100 100 100 100 100 100 100 100 100 100 100 100 100 100 100 100 100 100 100 100 100 100 100 100 100 100 100 100 100 100 100 100 100 100 100 100 100
286.095 266.668 263.946 249.023 249.023 246.368 237.066 237.066 230.254 230.254 195.07 195.07 195.07 195.07 195.07 195.07 195.07 188.375 188.375 188.375 188.375 170.094 170.094 170.094 170.094 170.094 170.094 143.412 137.124 129.301 122.609 120.045 120.045 120.045 120.045 119.782 119.782 119.782 119.602 119.602 118.064 108.771 104.676 102.023 101.238 100.596 100.417 100.128 100.065 100.019 100.01 100.002 100.001 100 100 100 100 100 100 100 100 100 100 100 100 100 100 100 100 100 100 100 100 100 100 100 100 100 100 100 100 100 100 100 100 100 100 100 100 100 100 100 100 100 100 100
284.411 263.751 258.643 225.634 225.634 225.634 225.634 225.634 225.634 199.601 199.601 199.601 199.601 195.691 195.691 191.555 177.247 165.289 165.289 165.289 165.289 140.457 140.457 140.005 134.866 134.866 132.668 110.295 110.295 110.013 105.713 103.692 103.692 103.244 102.479 101.678 100.616 100.616 100.386 100.198 100.077 100.037 100.014 100.005 100.003 100.001 100 100 100 100 100 100 100 100 100 100 100 100 100 100 100 100 100 100 100 100 100 100 100 100 100 100 100 100 100 100 100 100 100 100 100 100 100 100 100 100 100 100 100 100 100 100 100 100 100 100
157.246 157.246 157.246 157.246 157.246 157.246 157.246 157.246 157.246 146.993 146.993 146.993 146.993 146.349 146.349 137.307 121.833 121.833 120.534 120.534 119.984 116.263 113.144 113.144 110.527 106.423 106.047 103.428 102.955 102.04 101.544 100.659 100.659 100.413 100.381 100.158 100.051 100.051 100.041 100.014 100.009 100.003 100.002 100.001 100 100 100 100 100 100 100 100 100 100 100 100 100 100 100 100 100 100 100 100 100 100 100 100 100 100 100 100 100 100 100 100 100 100 100 100 100 100 100 100 100 100 100 100 100 100 100 100 100 100 100 100
249.79 210.208 210.208 210.208 210.208 209.66 209.66 209.66 209.66 148.621 148.621 116.916 116.916 116.916 116.916 114.672 114.672 114.672 114.672 113.341 108.544 104.786 104.786 104.786 104.741 104.363 103.321 102.218 101.573 101.059 100.84 100.672 100.422 100.187 100.18 100.083 100.055 100.027 100.014 100.006 100.003 100.001 100.001 100 100 100 100 100 100 100 100 100 100 100 100 100 100 100 100 100 100 100 100 100 100 100 100 100 100 100 100 100 100 100 100 100 100 100 100 100 100 100 100 100 100 100 100 100 100 100 100 100 100 100 100 100
231.768 155.915 155.915 155.915 155.915 155.915 155.915 155.915 143.556 143.556 113.172 113.172 113.172 113.172 113.172 113.172 113.172 105.592 105.393 105.089 103.515 102.691 102.647 101.305 101.154 100.696 100.506 100.325 100.151 100.119 100.059 100.033 100.025 100.013 100.006 100.004 100.002 100.001 100 100 100 100 100 100 100 100 100 100 100 100 100 100 100 100 100 100 100 100 100 100 100 100 100 100 100 100 100 100 100 100 100 100 100 100 100 100 100 100 100 100 100 100 100 100 100 100 100 100 100 100 100 100 100 100 100 100
301.142 268.255 268.255 259.341 259.341 259.076 259.076 249.763 249.763 249.763 249.129 247.611 247.611 231.167 231.167 231.167 231.167 231.167 231.167 231.167 231.167 231.167 231.167 231.167 231.167 231.167 231.167 231.167 223.186 223.186 220.357 219.142 219.142 219.142 218.155 218.155 218.155 213.457 213.457 213.457 213.457 213.457 213.457 213.457 213.457 211.863 211.863 210.832 210.828 210.828 210.828 210.828 210.828 210.828 210.828 210.27 208.024 208.024 208.024 208.024 208.024 206.946 206.946 206.946 206.946 205.589 205.589 205.452 205.452 205.452 205.387 205.058 205.058 204.975 204.975 204.975 204.971 204.919 204.03 204.027 204.011 203.999 203.906 203.854 203.806 203.805 203.804 203.778 203.775 203.754 203.744 203.743 203.743 203.743 203.743 203.743
276.731 275.068 250.222 250.222 250.222 245.077 245.077 245.077 243.426 243.426 243.426 243.426 204.808 204.808 180.663 176.205 162.769 162.769 158.318 158.318 158.318 125.482 125.482 125.283 118.928 118.928 116.424 106.014 105.597 103.164 102.414 101.931 101.075 100.98 100.639 100.445 100.231 100.165 100.072 100.051 100.02 100.007 100.003 100.001 100 100 100 100 100 100 100 100 100 100 100 100 100 100 100 100 100 100 100 100 100 100 100 100 100 100 100 100 100 100 100 100 100 100 100 100 100 100 100 100 100 100 100 100 100 100 100 100 100 100 100 100
258.944 258.944 257.839 246.847 246.847 224.036 224.036 224.036 224.036 224.036 224.036 215.468 215.468 215.468 199.653 199.653 199.653 199.653 199.653 199.653 175.126 175.126 175.126 175.126 170.109 146.518 140.004 132.642 128.08 128.08 118.032 118.032 118.032 118.032 115.199 115.199 113.107 109.867 105.544 103.414 102.482 101.358 100.826 100.289 100.107 100.034 100.018 100.006 100.002 100.001 100 100 100 100 100 100 100 100 100 100 100 100 100 100 100 100 100 100 100 100 100 100 100 100 100 100 100 100 100 100 100 100 100 100 100 100 100 100 100 100 100 100 100 100 100 100
277.677 266.98 256.773 218.858 218.858 204.333 204.333 178.131 178.131 176.698 155.336 155.336 152.021 135.279 125.015 125.015 125.015 125.015 125.015 120.981 120.905 114.655 112.113 105.826 104.948 103.139 102.561 101.748 101.394 101.036 100.781 100.507 100.265 100.182 100.129 100.081 100.037 100.021 100.009 100.004 100.001 100 100 100 100 100 100 100 100 100 100 100 100 100 100 100 100 100 100 100 100 100 100 100 100 100 100 100 100 100 100 100 100 100 100 100 100 100 100 100 100 100 100 100 100 100 100 100 100 100 100 100 100 100 100 100
160.489 160.489 160.489 160.489 160.489 160.489 160.489 160.489 160.489 160.489 160.489 160.489 160.489 160.489 119.075 119.075 119.075 119.075 119.075 119.075 119.075 119.075 119.075 111.379 111.379 107.053 104.029 103.082 102.223 102.223 101.505 100.959 100.839 100.635 100.471 100.309 100.189 100.101 100.054 100.036 100.015 100.006 100.003 100.001 100 100 100 100 100 100 100 100 100 100 100 100 100 100 100 100 100 100 100 100 100 100 100 100 100 100 100 100 100 100 100 100 100 100 100 100 100 100 100 100 100 100 100 100 100 100 100 100 100 100 100 100
174.808 174.808 174.808 153.371 153.371 153.371 153.371 153.371 145.077 132.266 132.266 132.266 132.266 122.311 116.792 116.792 115.89 110.705 105.557 103.277 103.277 103.277 102.843 100.818 100.818 100.818 100.818 100.34 100.243 100.172 100.087 100.032 100.02 100.017 100.009 100.005 100.003 100.001 100.001 100 100 100 100 100 100 100 100 100 100 100 100 100 100 100 100 100 100 100 100 100 100 100 100 100 100 100 100 100 100 100 100 100 100 100 100 100 100 100 100 100 100 100 100 100 100 100 100 100 100 100 100 100 100 100 100 100
306.338 258.587 255.678 216.583 216.583 216.583 216.583 216.583 216.583 216.583 216.583 216.583 191.553 191.553 191.553 191.553 191.553 172.361 172.361 172.361 172.361 172.361 172.361 165.527 157.215 150.356 150.356 137.829 137.349 137.349 137.349 137.349 119.18 119.18 119.18 119.18 119.18 114.178 107.946 104.006 102.906 102.26 101.018 100.416 100.205 100.097 100.035 100.011 100.003 100.002 100.001 100 100 100 100 100 100 100 100 100 100 100 100 100 100 100 100 100 100 100 100 100 100 100 100 100 100 100 100 100 100 100 100 100 100 100 100 100 100 100 100 100 100 100 100 100
225.511 225.511 225.511 223.165 223.165 223.165 168.138 137.266 137.266 137.266 137.266 136.607 136.607 136.607 136.607 129.615 129.615 123.742 119.117 119.117 114.634 110.384 109.105 103.818 103.818 103.086 101.011 101.011 100.894 100.589 100.475 100.372 100.262 100.137 100.092 100.038 100.033 100.017 100.007 100.003 100.001 100.001 100 100 100 100 100 100 100 100 100 100 100 100 100 100 100 100 100 100 100 100 100 100 100 100 100 100 100 100 100 100 100 100 100 100 100 100 100 100 100 100 100 100 100 100 100 100 100 100 100 100 100 100 100 100
206.48 206.48 206.48 206.48 206.48 206.48 206.48 206.48 206.48 206.48 206.48 206.48 206.48 206.48 206.48 206.48 206.48 199.592 194.96 194.96 194.96 194.96 194.96 194.96 194.96 194.96 194.96 194.96 194.96 194.96 187.534 187.534 187.534 158.7 146.36 145.682 144.82 144.82 144.108 144.108 139.989 139.989 135.974 123.616 116.122 104.109 102.103 101.182 100.548 100.187 100.062 100.019 100.005 100.003 100 100 100 100 100 100 100 100 100 100 100 100 100 100 100 100 100 100 100 100 100 100 100 100 100 100 100 100 100 100 100 100 100 100 100 100 100 100 100 100 100 100
230.136 230.136 177.365 166.197 166.197 166.197 166.197 142.159 142.159 142.159 140.545 118.947 118.947 118.947 118.947 118.947 115.884 109.786 106.277 105.842 103.196 102.616 102.518 101.775 101.775 101.142 100.45 100.375 100.286 100.218 100.123 100.08 100.063 100.03 100.013 100.008 100.003 100.002 100.001 100 100 100 100 100 100 100 100 100 100 100 100 100 100 100 100 100 100 100 100 100 100 100 100 100 100 100 100 100 100 100 100 100 100 100 100 100 100 100 100 100 100 100 100 100 100 100 100 100 100 100 100 100 100 100 100 100
