4185.41 2768.07 2310.33 1096.19 974.966 720.534 720.534 614.653 577.75 552.332 515.577 493.784 480.977 468.998 465.998 456.904 436.777 422.481 419.425 415.199 410.259 406.169 403.493 400.196 396.226 394.198 390.553 384.869 355.484 321.538 308.588 306.247 303.58 302.029 301.308 300.654 300.419 300.197 300.137 300.027 300.014 300.005 300.003 300.001 300 300 300 300 300 300 300 300 300 300 300 300 300 300 300 300 300 300 300 300 300 300 300 300 300 300 300 300 300 300 300 300 300 300 300 300 300 300 300 300 300 300 300 300 300 300 300 300 300 300 300
3795.4 2652.76 1615.19 1086.52 866.562 714.423 676.217 612.393 558.897 544.403 518.362 504.999 480.457 457.899 452.821 442.361 427.401 425.434 418.682 415.45 410.187 405.578 402.85 399.594 394.437 390.975 387.582 377.259 339.425 315.883 309.059 304.329 302.544 301.113 300.851 300.441 300.286 300.156 300.104 300.021 300.012 300.005 300.002 300.001 300 300 300 300 300 300 300 300 300 300 300 300 300 300 300 300 300 300 300 300 300 300 300 300 300 300 300 300 300 300 300 300 300 300 300 300 300 300 300 300 300 300 300 300 300 300 300 300 300 300 300
4309.15 3009.52 1656.54 1257.4 923.011 753.267 676.288 629.995 594.995 549.555 528.193 509.368 503.516 470.117 457.378 444.891 434.298 427.791 421.09 417.603 409.062 404.896 399.095 396.81 394.821 392.016 386.317 372.275 334.482 315.024 305.708 303.894 302.368 301.409 300.795 300.512 300.287 300.153 300.082 300.021 300.008 300.004 300.002 300.001 300 300 300 300 300 300 300 300 300 300 300 300 300 300 300 300 300 300 300 300 300 300 300 300 300 300 300 300 300 300 300 300 300 300 300 300 300 300 300 300 300 300 300 300 300 300 300 300 300 300 300
3483.05 2293.86 1563.17 1058.45 819.184 738.119 668.889 582.448 551.321 507.064 488.967 480.982 467.349 449.199 442.272 436.929 425.899 422.949 415.065 410.644 408.055 404.943 400.614 395.11 391.816 386.402 357.212 328.131 316.211 307.972 304.041 301.928 301.53 300.844 300.491 300.294 300.179 300.1 300.068 300.014 300.006 300.002 300.001 300 300 300 300 300 300 300 300 300 300 300 300 300 300 300 300 300 300 300 300 300 300 300 300 300 300 300 300 300 300 300 300 300 300 300 300 300 300 300 300 300 300 300 300 300 300 300 300 300 300 300 300
3582.17 3048.44 2258.63 1182.94 875.838 800.453 664.148 636.062 568.14 551.534 525.883 511.764 489 469.257 459.028 450.421 445.083 438.836 436.227 432.398 430.552 428.14 425.74 424.078 421.246 416.85 415.82 414.884 414.629 414.39 414.2 414.044 414.028 414.004 413.987 413.981 413.978 413.976 413.976 413.975 413.975 413.975 413.975 413.975 413.975 413.975 413.975 413.975 413.975 413.975 413.975 413.975 413.975 413.975 413.975 413.975 413.975 413.975 413.975 413.975 413.975 413.975 413.975 413.975 413.975 413.975 413.975 413.975 413.975 413.975 413.975 413.975 413.975 413.975 413.975 413.975 413.975 413.975 413.975 413.975 413.975 413.975 413.975 413.975 413.975 413.975 413.975 413.975 413.975 413.975 413.975 413.975 413.975 413.975 413.975
3939.78 2314.66 1689.15 946.996 937.757 731.766 632.453 607.03 532.348 532.348 504.878 483.372 475.659 453.597 430.121 430.121 423.979 417.909 408.788 405.123 400.947 398.967 397.502 394.965 392.286 388.021 380.415 352.937 324.607 313.489 306.148 303.113 302.411 300.986 300.758 300.342 300.232 300.147 300.084 300.018 300.007 300.003 300.001 300.001 300 300 300 300 300 300 300 300 300 300 300 300 300 300 300 300 300 300 300 300 300 300 300 300 300 300 300 300 300 300 300 300 300 300 300 300 300 300 300 300 300 300 300 300 300 300 300 300 300 300 300
4082.71 2590.29 1891.1 953.716 844.457 741.237 633.739 603.926 565.238 523.48 503.667 494.189 468.708 461.858 450.45 441.752 433.666 426.6 414.731 412.001 406.074 402.986 400.561 399.217 396.989 394.597 391.272 387.72 380.459 335.334 317.278 310.072 305.75 303.552 302.099 301.132 300.466 300.319 300.201 300.042 300.019 300.009 300.004 300.002 300.001 300 300 300 300 300 300 300 300 300 300 300 300 300 300 300 300 300 300 300 300 300 300 300 300 300 300 300 300 300 300 300 300 300 300 300 300 300 300 300 300 300 300 300 300 300 300 300 300 300 300
3454.82 3021.12 2141.94 1104.84 885.111 675.91 622.663 578.544 565.81 533.26 510.56 492.018 475.696 467.671 456.394 442.228 436.914 432.076 427.927 424.346 423.305 421.563 419.781 418.5 414.211 407.039 403.323 400.784 383.975 361.469 355.39 352.716 351.753 351.027 350.363 348.461 340.324 331.927 322.719 303.374 301.452 300.615 300.19 300.099 300.039 300.015 300.007 300.002 300.001 300 300 300 300 300 300 300 300 300 300 300 300 300 300 300 300 300 300 300 300 300 300 300 300 300 300 300 300 300 300 300 300 300 300 300 300 300 300 300 300 300 300 300 300 300 300
4477.82 2423.9 1666.78 1103.42 830.295 785.508 670.546 614.983 577.482 545.233 513.406 503.558 480.615 459.589 450.706 444.34 432.23 427.478 421.916 419.454 416.59 414.77 413.127 411.445 410.481 409.647 408.954 408.211 407.571 407.183 406.725 406.33 405.7 404.997 404.295 403.698 403.484 403.357 403.316 403.289 403.287 403.286 403.286 403.286 403.286 403.286 403.286 403.286 403.286 403.286 403.286 403.286 403.286 403.286 403.286 403.286 403.286 403.286 403.286 403.286 403.286 403.286 403.286 403.286 403.286 403.286 403.286 403.286 403.286 403.286 403.286 403.286 403.286 403.286 403.286 403.286 403.286 403.286 403.286 403.286 403.286 403.286 403.286 403.286 403.286 403.286 403.286 403.286 403.286 403.286 403.286 403.286 403.286 403.286 403.286
4322.57 2648.1 1923.08 1207.25 888.542 806.052 699.525 560.35 559.741 538.539 513.704 489.807 484.36 468.97 449.144 444.174 438.584 431.374 427.518 424.911 415.854 410.945 408.202 406.121 402.885 401.663 399.992 384.143 351.787 343.303 335.981 322.621 313.267 305.162 303.044 301.654 301.051 300.578 300.345 300.068 300.034 300.015 300.006 300.002 300.001 300 300 300 300 300 300 300 300 300 300 300 300 300 300 300 300 300 300 300 300 300 300 300 300 300 300 300 300 300 300 300 300 300 300 300 300 300 300 300 300 300 300 300 300 300 300 300 300 300 300
4557.26 3023.24 1745.64 1128.61 854.927 763.997 699.136 620.395 580.071 543.985 528.883 489.35 480.194 451.721 449.622 439.658 433.651 428.022 424.674 416.885 410.232 407.312 405.802 404.555 403.283 402.049 401.117 400.565 398.843 396.312 394.552 392.97 391.634 390.79 390.226 385.098 371.001 335.221 312.686 301.949 300.953 300.399 300.127 300.06 300.025 300.01 300.004 300.002 300.001 300 300 300 300 300 300 300 300 300 300 300 300 300 300 300 300 300 300 300 300 300 300 300 300 300 300 300 300 300 300 300 300 300 300 300 300 300 300 300 300 300 300 300 300 300 300
3178.27 2224.65 1848.82 1004.66 970.871 745.749 690.838 641.054 575.443 552.5 511.134 489.824 467.671 449.561 443.153 433.997 427.118 420.636 412.856 408.605 406.693 405.016 403.318 402.093 401.478 400.857 400.141 398.918 397.095 395.26 394.128 392.497 391.677 391.153 390.909 390.723 390.211 384.034 374.792 314.667 305.902 302.43 300.815 300.398 300.164 300.062 300.03 300.013 300.005 300.002 300.001 300 300 300 300 300 300 300 300 300 300 300 300 300 300 300 300 300 300 300 300 300 300 300 300 300 300 300 300 300 300 300 300 300 300 300 300 300 300 300 300 300 300 300 300
5164.06 3363.59 2080.24 1164.36 821.098 744.177 653.664 626.418 546.149 533.299 514.081 507.022 480.876 461.07 451.942 442.834 435.146 429.922 420.618 414.256 410.156 406.373 401.455 398.566 395.562 393.751 392.504 391.659 390.908 390.547 383.294 373.096 339.944 314.164 307.337 304.851 302.287 301.105 300.741 300.128 300.054 300.025 300.012 300.005 300.002 300.001 300 300 300 300 300 300 300 300 300 300 300 300 300 300 300 300 300 300 300 300 300 300 300 300 300 300 300 300 300 300 300 300 300 300 300 300 300 300 300 300 300 300 300 300 300 300 300 300 300
4911.31 3177.25 2398.7 1101.23 789.084 736.946 694.535 626.4 550.621 541.607 515.631 493.812 476.808 468.448 456.187 442.104 434.493 427.893 418.277 411.708 409.31 405.862 404.765 401.414 399.128 396.315 375.261 345.613 326.106 317.699 308.887 304.253 302.202 301.151 300.805 300.4 300.265 300.152 300.087 300.018 300.009 300.004 300.002 300.001 300 300 300 300 300 300 300 300 300 300 300 300 300 300 300 300 300 300 300 300 300 300 300 300 300 300 300 300 300 300 300 300 300 300 300 300 300 300 300 300 300 300 300 300 300 300 300 300 300 300 300
3065.9 2772.05 2187.57 1051.75 872.74 712.4 635.54 609.889 564.641 540.21 515.074 482.266 469.447 463.69 452.539 440.608 438.448 427.637 425.931 424.028 421.085 419.837 416.24 408.248 403.521 401.427 391.883 363.298 354.612 351.804 349.542 343.503 330.937 323.66 313.139 304.648 303.028 301.978 301.108 300.196 300.085 300.032 300.016 300.007 300.003 300.001 300.001 300 300 300 300 300 300 300 300 300 300 300 300 300 300 300 300 300 300 300 300 300 300 300 300 300 300 300 300 300 300 300 300 300 300 300 300 300 300 300 300 300 300 300 300 300 300 300 300
3933.88 2638.82 2094.63 1087.38 883.275 748.697 673.469 604.673 582.886 563.907 533.6 507.973 483.245 472.191 460.684 444.161 440.348 434.724 429.321 425.626 421.837 414.646 410.13 407.739 406.692 404.823 403.572 401.714 401.129 400.009 398.667 396.769 394.898 393.547 392.704 392.228 391.702 391.228 390.834 385.866 365.797 330.712 311.202 304.051 301.635 300.565 300.249 300.099 300.035 300.015 300.005 300.002 300.001 300 300 300 300 300 300 300 300 300 300 300 300 300 300 300 300 300 300 300 300 300 300 300 300 300 300 300 300 300 300 300 300 300 300 300 300 300 300 300 300 300 300
4425.87 2987.93 2379.82 1160.85 854.114 778.94 711.709 653.156 583.664 546.735 500.16 497.639 477.94 462.126 451.955 444.306 434.858 431.056 426.026 423.931 421.992 420.733 419.717 418.589 417.172 412.519 403.383 384.749 362.642 356.684 354.183 352.181 351.603 351.227 350.057 344.018 329.187 314.882 305.835 300.976 300.498 300.241 300.102 300.042 300.017 300.007 300.003 300.001 300 300 300 300 300 300 300 300 300 300 300 300 300 300 300 300 300 300 300 300 300 300 300 300 300 300 300 300 300 300 300 300 300 300 300 300 300 300 300 300 300 300 300 300 300 300 300
4360.81 2500.65 2016.12 1160.34 784.672 728.938 687.687 591.638 577.698 536.286 508.614 494.772 475.744 460.863 451.43 443.138 435.552 426.564 417.258 413.462 410.125 406.82 402.932 399.59 395.234 387.44 357.974 320.951 312.445 306.815 304.016 301.953 301.388 300.786 300.542 300.285 300.174 300.104 300.064 300.012 300.005 300.002 300.001 300 300 300 300 300 300 300 300 300 300 300 300 300 300 300 300 300 300 300 300 300 300 300 300 300 300 300 300 300 300 300 300 300 300 300 300 300 300 300 300 300 300 300 300 300 300 300 300 300 300 300 300
4705.43 2738.28 2149.69 1130.44 911.569 816.085 680.703 618.972 536.696 536.696 512.417 496.468 475.434 461 455.85 447.077 440.502 437.084 434.275 429.372 427.607 425.562 424.342 422.987 421.823 418.101 416.591 415.081 414.525 414.269 414.126 414.049 414.016 413.993 413.985 413.98 413.978 413.976 413.976 413.975 413.975 413.975 413.975 413.975 413.975 413.975 413.975 413.975 413.975 413.975 413.975 413.975 413.975 413.975 413.975 413.975 413.975 413.975 413.975 413.975 413.975 413.975 413.975 413.975 413.975 413.975 413.975 413.975 413.975 413.975 413.975 413.975 413.975 413.975 413.975 413.975 413.975 413.975 413.975 413.975 413.975 413.975 413.975 413.975 413.975 413.975 413.975 413.975 413.975 413.975 413.975 413.975 413.975 413.975 413.975
3865.27 2054.53 1650.41 963.169 854.233 664.13 628.592 595.653 553.349 517.95 494.119 482.252 467.935 451.839 439.277 432.079 423.84 417.235 411.063 406.539 402.199 396.568 394.156 391.217 387.603 364.257 325.76 314.437 307.274 304.702 302.785 301.557 300.988 300.595 300.304 300.161 300.122 300.07 300.044 300.01 300.004 300.002 300.001 300 300 300 300 300 300 300 300 300 300 300 300 300 300 300 300 300 300 300 300 300 300 300 300 300 300 300 300 300 300 300 300 300 300 300 300 300 300 300 300 300 300 300 300 300 300 300 300 300 300 300 300
4836.71 2969.68 2081.11 970.383 838.232 653.314 653.267 610.762 572.701 538.482 483.881 483.881 483.624 467.486 453.466 447.733 442.077 441.608 434.095 423.609 422.196 415.62 412.096 408.37 403.687 401.083 398.983 397.326 394.719 391.47 381.261 359.763 332.623 310.952 307.3 303.971 302.343 300.856 300.638 300.115 300.047 300.02 300.01 300.004 300.002 300.001 300 300 300 300 300 300 300 300 300 300 300 300 300 300 300 300 300 300 300 300 300 300 300 300 300 300 300 300 300 300 300 300 300 300 300 300 300 300 300 300 300 300 300 300 300 300 300 300 300
3740.65 2497.07 1875.39 824.237 824.237 719.525 664.212 584.014 559.268 534.374 508.169 475.24 470.274 459.639 446.526 439.648 435.325 430.019 426.386 423.488 420.67 415.263 408.345 405.734 403.799 403.091 402.46 401.862 401.391 400.924 399.837 397.797 396.251 394.601 393.131 391.935 390.977 390.175 382.994 325.417 308.253 303.357 301.135 300.468 300.187 300.064 300.028 300.013 300.005 300.002 300.001 300 300 300 300 300 300 300 300 300 300 300 300 300 300 300 300 300 300 300 300 300 300 300 300 300 300 300 300 300 300 300 300 300 300 300 300 300 300 300 300 300 300 300 300
4778.84 2870.19 2295.68 1043.61 920.545 782.831 663.255 623.21 561.247 539.318 508.656 482.444 475.064 456.542 443.104 439.148 428.823 418.559 415.749 411.776 408.361 404.791 402.012 398.199 393.204 389.936 381.876 349.142 321.542 311.372 306.474 303.614 302.404 301.208 300.76 300.463 300.279 300.153 300.104 300.019 300.01 300.004 300.002 300.001 300 300 300 300 300 300 300 300 300 300 300 300 300 300 300 300 300 300 300 300 300 300 300 300 300 300 300 300 300 300 300 300 300 300 300 300 300 300 300 300 300 300 300 300 300 300 300 300 300 300 300
3833.5 2831.58 1644.97 1207.53 935.686 762.98 671.085 612.793 584.014 550.728 509.94 504.543 484.761 475.274 455.593 449.588 439.312 428.25 425.793 419.277 411.315 407.636 403.049 399.736 397.054 394.703 392.742 387.241 359.848 326.847 314.657 306.438 304.792 302.643 301.297 300.787 300.444 300.253 300.163 300.035 300.013 300.007 300.003 300.001 300.001 300 300 300 300 300 300 300 300 300 300 300 300 300 300 300 300 300 300 300 300 300 300 300 300 300 300 300 300 300 300 300 300 300 300 300 300 300 300 300 300 300 300 300 300 300 300 300 300 300 300
4560.08 2686.59 1864.93 1043.8 876.763 695.751 576.663 576.663 557.876 521.905 505.26 470.544 460.085 439.901 430.114 420.342 417.738 412.14 406.331 405.163 402.977 400.699 397.712 395.264 392.128 389.175 378.564 339.836 316.615 312.059 305.629 303.887 301.726 301.156 300.749 300.393 300.225 300.146 300.078 300.019 300.009 300.004 300.002 300.001 300 300 300 300 300 300 300 300 300 300 300 300 300 300 300 300 300 300 300 300 300 300 300 300 300 300 300 300 300 300 300 300 300 300 300 300 300 300 300 300 300 300 300 300 300 300 300 300 300 300 300
5012.18 3021.18 1865.67 1242.34 898.878 723.134 661.038 628.684 577.497 539.743 509.517 497.164 470.473 460.985 453.176 440.019 436.085 430.623 426.03 423.483 418.512 410.044 406.599 405.508 403.908 402.831 402.07 401.672 401.275 400.951 400.303 398.44 396.646 395.114 393.265 392.2 391.147 390.907 389.205 355.38 325.9 310.501 303.373 301.244 300.437 300.18 300.059 300.028 300.012 300.004 300.002 300.001 300 300 300 300 300 300 300 300 300 300 300 300 300 300 300 300 300 300 300 300 300 300 300 300 300 300 300 300 300 300 300 300 300 300 300 300 300 300 300 300 300 300 300
4361.47 2784 1955.19 1141.25 785.334 709.288 591.136 557.366 557.366 509.932 499.36 494.055 481.528 464.112 444.751 435.204 428.88 422.581 418.425 413.648 408.226 404.403 400.585 397.5 394.385 390.665 387.03 365.656 322.951 315.264 307.067 303.976 302.597 301.462 300.94 300.532 300.282 300.185 300.118 300.018 300.01 300.005 300.002 300.001 300 300 300 300 300 300 300 300 300 300 300 300 300 300 300 300 300 300 300 300 300 300 300 300 300 300 300 300 300 300 300 300 300 300 300 300 300 300 300 300 300 300 300 300 300 300 300 300 300 300 300
3647.88 2086.03 2002.38 1050.99 775.618 725.32 655.483 575.28 571.386 526.068 513.746 482.824 471.902 450.513 446.388 436.001 430.879 421.584 414.747 411.821 406.576 404.397 401.116 397.123 390.826 379.923 340.928 314.95 309.837 305.36 303.125 301.499 300.996 300.641 300.327 300.182 300.135 300.073 300.047 300.009 300.004 300.002 300.001 300 300 300 300 300 300 300 300 300 300 300 300 300 300 300 300 300 300 300 300 300 300 300 300 300 300 300 300 300 300 300 300 300 300 300 300 300 300 300 300 300 300 300 300 300 300 300 300 300 300 300 300
3814.58 3161.65 2216.55 1118.87 834.776 780.519 651.303 583.62 575.236 539.064 509.286 489.193 472.912 455.503 442.65 440.333 430.109 424.562 417.898 414.722 411.554 409.542 407.907 405.303 401.972 399.166 397.078 394.706 393.01 392.13 391.43 390.839 390.031 385.837 369.356 326.289 311.633 304.855 303.787 300.605 300.257 300.111 300.039 300.019 300.007 300.003 300.001 300 300 300 300 300 300 300 300 300 300 300 300 300 300 300 300 300 300 300 300 300 300 300 300 300 300 300 300 300 300 300 300 300 300 300 300 300 300 300 300 300 300 300 300 300 300 300 300
4514.55 2492.22 1357.34 1108.01 794.313 724.49 632.314 579.011 548.056 524.646 499.513 484.896 463.353 449.861 445.345 437.693 434.345 427.93 425.289 421.936 419.357 416.632 409.278 405.769 402.732 400.729 389.844 358.098 354.734 352.331 351.545 349.85 345.362 335.964 328.093 316.815 307.136 303.693 302.069 300.333 300.126 300.064 300.03 300.011 300.006 300.002 300.001 300 300 300 300 300 300 300 300 300 300 300 300 300 300 300 300 300 300 300 300 300 300 300 300 300 300 300 300 300 300 300 300 300 300 300 300 300 300 300 300 300 300 300 300 300 300 300 300
4641.39 2795.74 1853.89 1152.26 815.243 768.507 663.534 626.653 582.55 544.773 523.345 506.963 487.891 469.465 460.157 446.704 441.328 435.481 429.888 426.184 421.812 419.252 411.302 407.219 405.035 403.9 402.826 402.064 401.653 401.349 401.145 400.706 399.344 397.222 395.768 394.537 393.111 392.279 391.595 390.624 389.221 384.905 354.059 320.858 308.889 303.162 301.065 300.362 300.115 300.047 300.017 300.006 300.002 300.001 300 300 300 300 300 300 300 300 300 300 300 300 300 300 300 300 300 300 300 300 300 300 300 300 300 300 300 300 300 300 300 300 300 300 300 300 300 300 300 300 300
4279.42 3302.15 1756.37 996.701 870.945 721.496 654.193 559.259 542.909 525.266 501.312 491.792 475.776 461.134 456.221 448.543 443.534 437.949 433.454 431.779 428.224 425.854 416.638 413.015 409.899 408.22 405.981 404.031 402.553 400.921 399.24 396.876 395.204 393.899 392.813 392.219 391.656 391.259 390.891 380.961 337.176 313.773 304.907 302.023 300.621 300.227 300.107 300.038 300.013 300.005 300.002 300.001 300 300 300 300 300 300 300 300 300 300 300 300 300 300 300 300 300 300 300 300 300 300 300 300 300 300 300 300 300 300 300 300 300 300 300 300 300 300 300 300 300 300 300
4367.47 2971.56 1820.52 1093.96 830.587 728.119 642.379 589.719 547.911 521.336 508.864 496.529 475.617 462.969 453.428 443.675 435.717 429.355 426.874 423.772 422.466 420.232 411.498 407.955 405.848 404.075 402.599 402.228 401.875 401.614 401.419 401.343 401.085 400.164 398.344 395.831 394.348 392.98 391.824 390.779 390.563 388.702 378.998 341.81 316.85 305.588 302.066 300.652 300.258 300.076 300.037 300.013 300.004 300.002 300 300 300 300 300 300 300 300 300 300 300 300 300 300 300 300 300 300 300 300 300 300 300 300 300 300 300 300 300 300 300 300 300 300 300 300 300 300 300 300 300
3826.3 2763.23 1774.71 1070.22 875.763 714.531 683.726 602.801 567.851 523.181 504.632 486.556 466.902 454.9 450.592 442.562 428.277 424.012 418.06 411.679 405.343 401.785 398.321 395.004 391.241 388.185 375.956 348.023 317.964 310.879 305.502 303.582 302.031 301.252 300.646 300.355 300.223 300.132 300.076 300.017 300.008 300.003 300.001 300.001 300 300 300 300 300 300 300 300 300 300 300 300 300 300 300 300 300 300 300 300 300 300 300 300 300 300 300 300 300 300 300 300 300 300 300 300 300 300 300 300 300 300 300 300 300 300 300 300 300 300 300
4492.64 2768.44 1734.16 979.01 883.102 691.987 679.786 585.751 566.952 521.174 508.232 488.409 459.889 447.244 436.531 428.56 423.686 413.354 409.503 403.05 399.142 398.093 395.883 391.6 388.476 376.995 341.471 315.764 312.439 307.322 304.153 302.129 301.28 300.713 300.51 300.283 300.169 300.103 300.062 300.014 300.006 300.002 300.001 300 300 300 300 300 300 300 300 300 300 300 300 300 300 300 300 300 300 300 300 300 300 300 300 300 300 300 300 300 300 300 300 300 300 300 300 300 300 300 300 300 300 300 300 300 300 300 300 300 300 300 300
4131.05 2953.14 2021.14 946.17 856.242 736.105 655.555 619.473 563.966 524.763 518.081 506.869 486.345 471.021 439.949 431.339 422.268 419.729 414.584 410.943 407.458 404.371 402.089 399.88 398.096 396.461 395.388 394.339 393.166 392.429 391.354 390.777 389.607 381.552 362.523 330.722 315.78 306.273 303.753 300.656 300.28 300.12 300.053 300.021 300.009 300.004 300.001 300.001 300 300 300 300 300 300 300 300 300 300 300 300 300 300 300 300 300 300 300 300 300 300 300 300 300 300 300 300 300 300 300 300 300 300 300 300 300 300 300 300 300 300 300 300 300 300 300
4594.14 2263.89 1985.26 1072.03 959.263 785.971 745.52 612.767 581.817 537.582 515.177 498.029 479.034 465.9 450.84 442.719 438.445 432.585 427.283 424.91 421.208 415.663 409.967 407.479 405.464 403.853 402.702 401.987 401.28 400.902 400.478 399.346 397.668 395.965 394.884 393.209 391.756 391.137 390.882 389.259 380.302 342.485 317.133 305.296 302.002 300.767 300.276 300.123 300.043 300.016 300.006 300.003 300.001 300 300 300 300 300 300 300 300 300 300 300 300 300 300 300 300 300 300 300 300 300 300 300 300 300 300 300 300 300 300 300 300 300 300 300 300 300 300 300 300 300 300
4478.95 2563.77 1501.41 1208.52 874.044 771.618 654.134 617.272 557.354 519.82 518.742 488.438 477.103 468.298 459.884 447.985 439.556 434.989 422.995 415.732 411.702 409.213 406.826 403.67 400.962 398.036 391.23 366.612 325.725 316.641 309.428 304.56 302.673 301.363 300.918 300.528 300.307 300.188 300.12 300.02 300.009 300.004 300.002 300.001 300 300 300 300 300 300 300 300 300 300 300 300 300 300 300 300 300 300 300 300 300 300 300 300 300 300 300 300 300 300 300 300 300 300 300 300 300 300 300 300 300 300 300 300 300 300 300 300 300 300 300
4188.07 2904.86 1928.52 1124.58 851.51 678.073 669.701 616.113 533.098 516.271 503.858 497.892 474.467 460.39 448.871 442.977 434.455 428.166 425.675 418.493 414.518 411.044 408.693 406.764 405.379 403.91 403.012 402.112 401.771 401.449 401.171 400.234 398.068 396.858 395.11 394.054 392.206 390.596 387.948 331.691 311.932 305.562 301.741 300.673 300.223 300.105 300.036 300.016 300.006 300.002 300.001 300 300 300 300 300 300 300 300 300 300 300 300 300 300 300 300 300 300 300 300 300 300 300 300 300 300 300 300 300 300 300 300 300 300 300 300 300 300 300 300 300 300 300 300
4356.71 2800.92 1513.12 970.343 840.045 759.303 677.076 622.479 560.895 539.834 511.708 486.373 472.661 452.823 442.159 429.663 416.416 412.595 408.064 403.697 399.523 396.371 391.326 388.006 376.568 332.476 314.934 309.708 304.827 302.856 301.541 301.025 300.558 300.392 300.231 300.138 300.085 300.054 300.032 300.007 300.003 300.001 300.001 300 300 300 300 300 300 300 300 300 300 300 300 300 300 300 300 300 300 300 300 300 300 300 300 300 300 300 300 300 300 300 300 300 300 300 300 300 300 300 300 300 300 300 300 300 300 300 300 300 300 300 300
5039.41 2793.76 2166.52 1145.4 831.946 717.706 642.737 593.873 568.226 546.86 509 488.087 456.744 451.683 438.793 426.541 419.245 412.182 406.818 402.766 400.858 398.582 396.574 395.517 393.449 390.686 386.714 372.896 330.152 313.573 308.506 303.589 302.944 301.406 300.937 300.471 300.312 300.189 300.096 300.022 300.009 300.005 300.002 300.001 300 300 300 300 300 300 300 300 300 300 300 300 300 300 300 300 300 300 300 300 300 300 300 300 300 300 300 300 300 300 300 300 300 300 300 300 300 300 300 300 300 300 300 300 300 300 300 300 300 300 300
3132.9 1967.49 1794.47 1115.72 910.897 729.844 595.445 595.445 548.023 528.476 498.436 483.601 469.988 456.95 439.73 433.217 424.219 416.697 411.057 406.232 401.609 395.606 392.747 388.73 361.325 323.544 317.346 307.915 305.967 303.008 301.813 301.084 300.595 300.368 300.235 300.138 300.099 300.044 300.031 300.007 300.003 300.001 300.001 300 300 300 300 300 300 300 300 300 300 300 300 300 300 300 300 300 300 300 300 300 300 300 300 300 300 300 300 300 300 300 300 300 300 300 300 300 300 300 300 300 300 300 300 300 300 300 300 300 300 300 300
3937.1 2748.28 2007.54 965.881 921.455 713.501 678.512 609.417 575.161 518.438 515.09 490.777 470.111 453.694 448.41 438.037 432.178 427.634 425.881 422.806 420.607 419.364 417.966 416.638 410.498 404.842 402.021 393.718 368.149 356.516 353.418 352.443 351.555 350.831 348.606 340.765 333.248 324.722 311.759 302.045 300.859 300.36 300.16 300.066 300.027 300.012 300.005 300.002 300.001 300 300 300 300 300 300 300 300 300 300 300 300 300 300 300 300 300 300 300 300 300 300 300 300 300 300 300 300 300 300 300 300 300 300 300 300 300 300 300 300 300 300 300 300 300 300
4764.69 2863.89 1705.21 1049.39 927.564 697.628 689.943 595.059 560.417 522.922 512.933 483.29 464.558 449.593 445.881 439.213 431.192 427.597 420.057 413.805 409.541 407.322 405.345 403.298 401.103 398.538 396.522 395.24 393.65 392.048 391.085 390.525 388.842 384.334 352.3 321.641 309.46 306.66 303.031 300.506 300.196 300.093 300.043 300.018 300.007 300.003 300.001 300 300 300 300 300 300 300 300 300 300 300 300 300 300 300 300 300 300 300 300 300 300 300 300 300 300 300 300 300 300 300 300 300 300 300 300 300 300 300 300 300 300 300 300 300 300 300 300
4556.24 3231.49 2010.59 1149.21 855.036 731.519 655.93 616.738 561.777 536.677 493.319 474.501 452.499 439.24 428.076 421.818 417.205 412.757 408.938 405.333 403.181 401.553 398.293 395.273 392.231 389.398 379.002 342.608 319.339 308.467 305.369 302.911 301.903 301.104 300.51 300.308 300.21 300.098 300.07 300.016 300.006 300.003 300.001 300.001 300 300 300 300 300 300 300 300 300 300 300 300 300 300 300 300 300 300 300 300 300 300 300 300 300 300 300 300 300 300 300 300 300 300 300 300 300 300 300 300 300 300 300 300 300 300 300 300 300 300 300
3690.61 2093.09 1799 1147.84 902.005 672.497 651.616 611.25 579.939 548.663 516.173 504.611 481.809 451.106 440.863 432.703 425.868 419.06 415.175 407.185 405.167 403.164 400.758 398.694 395.127 391.416 388.454 375.03 323.111 314.865 308.579 304.508 302.384 301.591 300.966 300.547 300.286 300.185 300.116 300.031 300.013 300.006 300.002 300.001 300 300 300 300 300 300 300 300 300 300 300 300 300 300 300 300 300 300 300 300 300 300 300 300 300 300 300 300 300 300 300 300 300 300 300 300 300 300 300 300 300 300 300 300 300 300 300 300 300 300 300
3388.25 2229.1 1920.2 1139.52 837.659 800.809 669.183 655.059 563.098 535.21 505.702 491.094 472.121 460.84 445.343 438.784 429.89 421.526 416.5 411.432 408.056 406.122 402.896 398.963 396.389 393.553 390.54 381.589 348.73 318.491 311.023 306.472 303.151 301.89 301.076 300.581 300.367 300.21 300.137 300.024 300.011 300.006 300.002 300.001 300 300 300 300 300 300 300 300 300 300 300 300 300 300 300 300 300 300 300 300 300 300 300 300 300 300 300 300 300 300 300 300 300 300 300 300 300 300 300 300 300 300 300 300 300 300 300 300 300 300 300
3521.86 2621.76 1985.75 1117.69 890.556 752.068 622.386 595.476 546.034 537.87 505.577 475.943 457.015 447.714 437.142 429.662 421.553 413.636 408.277 404.79 399.324 391.256 388.876 374.49 329.707 313.611 306.637 304.631 302.665 301.723 301.081 300.508 300.356 300.21 300.12 300.081 300.044 300.031 300.017 300.003 300.002 300.001 300 300 300 300 300 300 300 300 300 300 300 300 300 300 300 300 300 300 300 300 300 300 300 300 300 300 300 300 300 300 300 300 300 300 300 300 300 300 300 300 300 300 300 300 300 300 300 300 300 300 300 300 300
4395.5 2652.87 1779.91 1040.37 909.494 687.807 682.658 596.714 568.948 521.677 502.1 479.948 471.386 455.363 446.209 438.429 433.149 429.127 425.348 422.497 420.703 420.242 418.709 417.001 413.849 406.956 400.081 392.135 362.451 355.316 353.833 352.443 351.75 351.545 351.151 349.845 345.198 338.101 329.736 307.274 302.494 301.28 300.554 300.175 300.091 300.032 300.013 300.006 300.002 300.001 300 300 300 300 300 300 300 300 300 300 300 300 300 300 300 300 300 300 300 300 300 300 300 300 300 300 300 300 300 300 300 300 300 300 300 300 300 300 300 300 300 300 300 300 300
5041.62 2474.11 1951.7 1022.71 893.979 768.113 680.341 591.749 552.777 525.183 506.976 491.919 472.426 458.347 450.829 439.503 437.21 430.78 427.511 425.34 423.263 421.335 420.223 419.07 417.836 416.002 409.361 404.984 402.841 401.698 401.203 401.068 400.982 400.921 400.896 400.88 400.854 400.749 400.247 393.968 386.803 366.896 328.755 310.133 303.529 301.496 300.559 300.182 300.071 300.031 300.011 300.005 300.002 300.001 300 300 300 300 300 300 300 300 300 300 300 300 300 300 300 300 300 300 300 300 300 300 300 300 300 300 300 300 300 300 300 300 300 300 300 300 300 300 300 300 300
4277.3 2542.62 2401.58 1035.11 789.458 725.537 626.089 580.67 564.149 512.042 496.295 479.814 468.732 451.617 442.556 435.6 432.004 427.164 425.7 424.561 423.144 421.769 420.191 419.259 417.767 416.032 410.177 403.906 402.512 401.753 401.402 401.048 401.003 400.938 400.909 400.9 400.88 400.834 400.619 397.655 396.032 393.747 391.362 386.238 374.339 328.586 308.897 303.165 301.106 300.387 300.144 300.055 300.019 300.007 300.001 300 300 300 300 300 300 300 300 300 300 300 300 300 300 300 300 300 300 300 300 300 300 300 300 300 300 300 300 300 300 300 300 300 300 300 300 300 300 300 300
