7.56826e+09 1.71154e+09 7.79584e+08 1.79993e+08 6.18317e+07 5.32747e+07 2.13176e+07 1.08512e+07 3.11313e+06 3.11313e+06 684335 625382 403828 202201 97629.8 60471.1 19538.2 8963.29 8963.29 4335.55 1758.72 584.927 227.422 150.713 58.7743 28.7196 16.4485 1.36886 0.383921 0.303598 0.129665 0.0314779 0.0173696 0.00551471 0.00290765 0.00100183 0.00035397 7.91647e-05 4.477e-05 6.3639e-06 2.08388e-06 4.22548e-07 6.82787e-08 1.53932e-08 0 0 0 0 0 0 0 0 0 0 0 0 0 0 0 0 0 0 0 0 0 0 0 0 0 0 0 0 0 0 0 0 0 0 0 0 0 0 0 0 0 0 0 0 0 0 0 0 0 0 0 0
4.53118e+09 1.95856e+09 5.24615e+08 1.46236e+08 8.07313e+07 3.81036e+07 2.00204e+07 1.56493e+07 6.78329e+06 2.91772e+06 2.00873e+06 729549 515097 285405 179339 32794.9 24866.2 20082.8 7161.18 4945.36 1561.17 491.734 341.705 180.899 44.3671 17.8445 6.73282 1.28885 0.741311 0.170126 0.0746518 0.0300015 0.0220186 0.00691801 0.00140889 0.000450445 0.000205478 8.71316e-05 1.76077e-05 6.99104e-06 1.8208e-06 4.6395e-07 1.36807e-07 1.19217e-08 0 0 0 0 0 0 0 0 0 0 0 0 0 0 0 0 0 0 0 0 0 0 0 0 0 0 0 0 0 0 0 0 0 0 0 0 0 0 0 0 0 0 0 0 0 0 0 0 0 0 0 0
6.55378e+09 1.97692e+09 9.95066e+08 1.50142e+08 9.77338e+07 2.32819e+07 2.32819e+07 1.18134e+07 6.70798e+06 2.10718e+06 2.10718e+06 1.1116e+06 413759 204305 147217 36517.5 20813.4 10067.2 5243.58 3922.91 1100.18 647.259 190.228 145.623 83.5058 35.8255 8.72187 1.48026 0.357471 0.314391 0.111795 0.0433215 0.00889093 0.00749782 0.00230313 0.00109839 0.000106535 0.000106535 5.97863e-05 9.15991e-06 3.9929e-06 6.54422e-07 1.04519e-07 2.15941e-08 0 0 0 0 0 0 0 0 0 0 0 0 0 0 0 0 0 0 0 0 0 0 0 0 0 0 0 0 0 0 0 0 0 0 0 0 0 0 0 0 0 0 0 0 0 0 0 0 0 0 0 0
2.73825e+09 1.98799e+09 6.97753e+08 8.80119e+07 4.62318e+07 4.16581e+07 2.33342e+07 7.18946e+06 6.92629e+06 3.33683e+06 554144 554144 502354 178521 127121 38360.9 19202.2 13390.1 9180.94 2287.56 1689.65 578.067 175.999 118.885 68.6127 16.1546 15.5087 1.67765 1.36219 0.382188 0.145333 0.109548 0.0213618 0.00963482 0.00447866 0.000973291 0.000374695 9.98673e-05 5.06998e-05 1.00321e-05 1.45131e-06 6.43721e-07 9.1418e-08 3.24483e-08 0 0 0 0 0 0 0 0 0 0 0 0 0 0 0 0 0 0 0 0 0 0 0 0 0 0 0 0 0 0 0 0 0 0 0 0 0 0 0 0 0 0 0 0 0 0 0 0 0 0 0 0
3.62364e+09 1.48254e+09 3.37374e+08 8.99469e+07 8.99469e+07 4.49583e+07 1.15104e+07 6.70203e+06 6.70203e+06 3.92907e+06 751568 422389 282568 190599 98241.9 54741 17325.9 10396.8 5667.09 3286.63 1475.68 794.75 133.805 101.28 25.7315 25.7315 5.17945 1.14073 0.876197 0.352803 0.139065 0.054826 0.0221471 0.012027 0.00250668 0.00084497 0.000357216 0.000178492 7.62785e-05 5.81505e-06 3.95976e-06 7.7266e-07 1.07647e-07 3.44323e-08 0 0 0 0 0 0 0 0 0 0 0 0 0 0 0 0 0 0 0 0 0 0 0 0 0 0 0 0 0 0 0 0 0 0 0 0 0 0 0 0 0 0 0 0 0 0 0 0 0 0 0 0
4.68708e+09 2.06414e+09 7.96358e+08 9.62903e+07 5.8564e+07 3.89485e+07 2.11951e+07 7.59013e+06 1.48687e+06 1.48687e+06 1.48687e+06 821364 252382 228948 87830.2 37288.3 23715.8 18111 9207.26 2861.52 2119.04 768.327 299.319 119.408 57.6811 16.6112 12.7168 2.2579 0.976093 0.322895 0.12214 0.0109453 0.0109453 0.00772934 0.00273994 0.00061361 0.000232867 0.000117989 3.14245e-05 7.80621e-06 2.04153e-06 2.69621e-07 9.82923e-08 2.3718e-08 0 0 0 0 0 0 0 0 0 0 0 0 0 0 0 0 0 0 0 0 0 0 0 0 0 0 0 0 0 0 0 0 0 0 0 0 0 0 0 0 0 0 0 0 0 0 0 0 0 0 0 0
7.68556e+09 1.52767e+09 6.95884e+08 1.52333e+08 9.19086e+07 3.46361e+07 1.94568e+07 1.48297e+07 5.41684e+06 3.16967e+06 2.22322e+06 566933 511502 268387 105406 52054.2 44743.6 14141.5 7191.47 6195.65 1870.84 709.588 430.519 245.399 58.0621 31.9393 10.514 1.83279 0.69709 0.205044 0.0832327 0.0371758 0.0108204 0.0067524 0.0016548 0.000887905 0.000119498 9.94376e-05 2.03662e-05 4.78334e-06 1.23741e-06 3.13343e-07 8.54398e-08 1.3822e-08 0 0 0 0 0 0 0 0 0 0 0 0 0 0 0 0 0 0 0 0 0 0 0 0 0 0 0 0 0 0 0 0 0 0 0 0 0 0 0 0 0 0 0 0 0 0 0 0 0 0 0 0
5.74061e+09 2.2472e+09 5.30333e+08 1.1569e+08 6.63036e+07 3.68345e+07 6.65028e+06 6.65028e+06 3.17562e+06 2.26411e+06 1.43001e+06 666839 309513 179208 43890.9 28070.7 23008.1 10127.5 5930.09 2661.14 889.168 701.364 275.489 119.032 67.5139 15.0326 9.12199 1.38536 0.488352 0.229797 0.0527073 0.0254691 0.012683 0.00418613 0.00131776 0.000324927 0.000324927 8.88606e-05 2.47599e-05 5.1583e-06 1.82908e-06 2.0607e-07 6.73968e-08 1.52605e-08 0 0 0 0 0 0 0 0 0 0 0 0 0 0 0 0 0 0 0 0 0 0 0 0 0 0 0 0 0 0 0 0 0 0 0 0 0 0 0 0 0 0 0 0 0 0 0 0 0 0 0 0
4.48971e+09 2.3853e+09 6.22015e+08 1.50883e+08 8.41166e+07 2.75378e+07 2.75378e+07 8.19136e+06 6.67822e+06 2.77909e+06 1.22185e+06 742560 440094 280922 83616.6 41735.2 20828.2 12421.7 4514.05 3804 1333.38 710.034 235.682 112.396 36.6728 16.9277 8.25303 1.13862 0.289455 0.1305 0.0746932 0.0279072 0.0110571 0.00649842 0.00144213 0.000846425 0.000415533 8.75651e-05 3.56923e-05 9.44796e-06 2.13043e-06 4.31771e-07 1.16864e-07 2.11444e-08 0 0 0 0 0 0 0 0 0 0 0 0 0 0 0 0 0 0 0 0 0 0 0 0 0 0 0 0 0 0 0 0 0 0 0 0 0 0 0 0 0 0 0 0 0 0 0 0 0 0 0 0
6.06754e+09 1.9837e+09 7.62232e+08 1.36337e+08 7.44557e+07 3.8713e+07 2.06196e+07 1.45558e+07 5.67009e+06 3.15655e+06 1.9753e+06 636632 543447 146347 103070 48049.5 39488.2 12282 7883.55 2255.21 1250.04 508.946 223.805 183.018 64.8961 26.5365 7.25374 2.12346 0.664429 0.117257 0.115617 0.0155628 0.0155628 0.00892403 0.00333719 0.00108842 0.00017933 6.65299e-05 1.9285e-05 5.38908e-06 1.41823e-06 3.61984e-07 9.61699e-08 1.98706e-08 0 0 0 0 0 0 0 0 0 0 0 0 0 0 0 0 0 0 0 0 0 0 0 0 0 0 0 0 0 0 0 0 0 0 0 0 0 0 0 0 0 0 0 0 0 0 0 0 0 0 0 0
5.02273e+09 2.27949e+09 4.73713e+08 1.90668e+08 6.2112e+07 2.23446e+07 2.23446e+07 7.94756e+06 4.53919e+06 2.38627e+06 467317 390254 307763 111326 45824 39891.7 13954.2 13954.2 3297.44 2044.43 925.401 103.59 20.2995 20.2995 20.2995 16.7247 8.64229 1.35388 0.396421 0.131424 0.112699 0.0104104 0.0095037 0.00314887 0.00117302 0.000421771 0.000147024 6.87e-05 1.65446e-05 6.25513e-06 1.28787e-06 4.4169e-07 7.76707e-08 2.93175e-08 0 0 0 0 0 0 0 0 0 0 0 0 0 0 0 0 0 0 0 0 0 0 0 0 0 0 0 0 0 0 0 0 0 0 0 0 0 0 0 0 0 0 0 0 0 0 0 0 0 0 0 0
3.40894e+09 1.30265e+09 7.92086e+08 1.2698e+08 1.02202e+08 3.84463e+07 1.16759e+07 8.25766e+06 3.89368e+06 3.27166e+06 1.126e+06 701600 333028 243323 63756.8 52230.9 23006.5 6763.81 5175.42 2489.76 777.312 691.137 358.665 119.323 27.8951 17.8908 5.65173 1.27788 0.518672 0.355075 0.160174 0.0485947 0.0148827 0.00654443 0.00261446 0.00091958 0.000177297 0.000150276 2.38565e-05 1.15134e-05 3.1256e-06 6.93502e-07 8.41583e-08 2.67085e-08 0 0 0 0 0 0 0 0 0 0 0 0 0 0 0 0 0 0 0 0 0 0 0 0 0 0 0 0 0 0 0 0 0 0 0 0 0 0 0 0 0 0 0 0 0 0 0 0 0 0 0 0
6.1098e+09 9.25685e+08 2.90769e+08 1.72766e+08 9.11341e+07 3.79701e+07 2.26406e+07 7.87908e+06 4.7815e+06 2.46484e+06 1.08156e+06 572388 346058 156711 106097 60128.8 14272.9 12250.7 5001.56 2727.04 1298.07 474.533 135.99 57.7606 34.3485 24.8405 6.70594 1.43577 0.273847 0.227276 0.0626984 0.0241689 0.0122075 0.00304738 0.00199465 0.000458228 9.20276e-05 5.51821e-05 1.7116e-05 4.59837e-06 9.02991e-07 1.04627e-07 1.81382e-08 1.32865e-08 0 0 0 0 0 0 0 0 0 0 0 0 0 0 0 0 0 0 0 0 0 0 0 0 0 0 0 0 0 0 0 0 0 0 0 0 0 0 0 0 0 0 0 0 0 0 0 0 0 0 0 0
2.96352e+09 1.83001e+09 4.80756e+08 6.47786e+07 6.47786e+07 1.84974e+07 1.84974e+07 6.90232e+06 4.08009e+06 2.34937e+06 821655 692950 238858 153552 80881.2 51550.3 16176.1 13168.3 6286.15 1711.99 1451.65 254.241 254.241 145.685 31.9864 25.9053 10.9576 1.25108 0.473186 0.23797 0.116188 0.043726 0.0119064 0.00487385 0.00237273 0.00100213 0.000366879 9.68639e-05 2.18047e-05 8.43145e-06 1.94578e-06 3.09639e-07 1.01429e-07 1.16069e-08 0 0 0 0 0 0 0 0 0 0 0 0 0 0 0 0 0 0 0 0 0 0 0 0 0 0 0 0 0 0 0 0 0 0 0 0 0 0 0 0 0 0 0 0 0 0 0 0 0 0 0 0
3.56162e+09 3.01782e+09 6.73067e+08 1.03463e+08 6.15988e+07 4.05348e+07 2.11297e+07 5.55846e+06 2.88648e+06 1.90293e+06 1.45587e+06 671794 287607 158516 49237.7 29294.6 24396 7562.22 3706.57 2142.66 882.498 390.398 254.619 139.13 46.8921 15.2697 0.775004 0.775004 0.421479 0.245883 0.0717074 0.0299466 0.00670617 0.00307149 0.00111092 0.00069526 0.000287019 4.88918e-05 1.38585e-05 3.26938e-06 1.0737e-06 2.84947e-07 4.04014e-08 1.00659e-08 0 0 0 0 0 0 0 0 0 0 0 0 0 0 0 0 0 0 0 0 0 0 0 0 0 0 0 0 0 0 0 0 0 0 0 0 0 0 0 0 0 0 0 0 0 0 0 0 0 0 0 0
5.04922e+09 1.27821e+09 7.33389e+08 1.16541e+08 8.04304e+07 2.9949e+07 1.18584e+07 8.40292e+06 4.80102e+06 1.45686e+06 830226 352191 270651 151463 49168.1 29907.7 25315.5 8036 3332.36 2511.73 1404.81 465.608 66.3631 42.5799 42.5799 12.0293 5.68327 1.70191 0.649323 0.175559 0.0600916 0.0342893 0.0152398 0.00628342 0.00143704 0.000701851 0.000251756 5.38316e-05 1.88507e-05 5.2987e-06 1.06544e-06 9.00946e-08 3.44415e-08 0 0 0 0 0 0 0 0 0 0 0 0 0 0 0 0 0 0 0 0 0 0 0 0 0 0 0 0 0 0 0 0 0 0 0 0 0 0 0 0 0 0 0 0 0 0 0 0 0 0 0 0 0
4.777e+09 1.2963e+09 6.38365e+08 1.35194e+08 8.336e+07 3.95677e+07 1.82626e+07 9.48827e+06 6.54928e+06 3.52366e+06 989727 260130 187226 187226 124162 67974.7 26174.2 12894.6 6693.8 5529.51 1238.52 983.61 205.546 116.024 53.7734 35.8362 13.9425 2.02021 0.78268 0.315563 0.134525 0.0642165 0.0195012 0.0126253 0.00433773 0.00150737 0.000497125 0.000133141 4.59337e-05 1.4859e-05 4.05813e-06 7.77883e-07 3.35448e-07 7.67107e-08 1.5706e-08 0 0 0 0 0 0 0 0 0 0 0 0 0 0 0 0 0 0 0 0 0 0 0 0 0 0 0 0 0 0 0 0 0 0 0 0 0 0 0 0 0 0 0 0 0 0 0 0 0 0 0
4.63743e+09 1.46403e+09 7.49682e+08 1.19707e+08 5.11754e+07 2.77802e+07 2.31353e+07 7.4985e+06 6.78614e+06 3.44043e+06 1.77342e+06 566230 336675 160258 75081.4 33290.1 22942.7 12052.5 4192.21 2333.87 905.075 650.663 264.807 146.022 43.2353 9.4164 8.72076 1.80412 0.530323 0.13433 0.0800818 0.0512001 0.0127549 0.00605768 0.00179042 0.00121367 0.000327826 8.93773e-05 3.52349e-05 8.07332e-06 1.94605e-06 5.12586e-07 8.85244e-08 1.5485e-08 1.00529e-08 0 0 0 0 0 0 0 0 0 0 0 0 0 0 0 0 0 0 0 0 0 0 0 0 0 0 0 0 0 0 0 0 0 0 0 0 0 0 0 0 0 0 0 0 0 0 0 0 0 0 0
5.12537e+09 9.6582e+08 5.02705e+08 1.77219e+08 5.60285e+07 3.90508e+07 2.70106e+07 1.00458e+07 5.85755e+06 4.14973e+06 1.37699e+06 1.11828e+06 373996 259416 123801 55699.5 25880.8 21486.8 6568.49 5336.44 2204.82 912.582 535.796 199.279 83.2032 16.7868 16.7868 2.29633 1.12047 0.574779 0.0896298 0.0538887 0.00959616 0.00595774 0.000921287 0.000899522 0.000251178 0.00010057 9.87299e-06 4.70859e-06 1.72291e-06 3.58882e-07 7.74501e-08 1.60803e-08 0 0 0 0 0 0 0 0 0 0 0 0 0 0 0 0 0 0 0 0 0 0 0 0 0 0 0 0 0 0 0 0 0 0 0 0 0 0 0 0 0 0 0 0 0 0 0 0 0 0 0 0
3.14681e+09 1.71717e+09 6.16385e+08 1.26624e+08 8.81052e+07 3.27629e+07 2.42762e+07 7.04341e+06 7.04341e+06 2.91021e+06 1.36898e+06 494297 313953 231271 92593.4 30251.2 21453.6 12947.3 8410.26 3152.64 1098.29 536.195 365.09 77.5025 35.5136 23.4315 13.8466 1.34575 0.592128 0.355626 0.0818614 0.0529549 0.00749177 0.00749177 0.00338872 0.000596975 0.000191681 6.13687e-05 3.30157e-05 8.45341e-06 1.5843e-06 3.52536e-07 1.10382e-07 2.21607e-08 0 0 0 0 0 0 0 0 0 0 0 0 0 0 0 0 0 0 0 0 0 0 0 0 0 0 0 0 0 0 0 0 0 0 0 0 0 0 0 0 0 0 0 0 0 0 0 0 0 0 0 0
4.72389e+09 6.69515e+08 5.15058e+08 2.00873e+08 7.41994e+07 2.47042e+07 8.11151e+06 6.39994e+06 4.30408e+06 2.23731e+06 1.02759e+06 442592 206473 142719 45498.8 19194.9 12826.9 8416.28 5882.6 2727.96 446.137 418.359 121.899 64.796 27.0977 15.3743 4.02302 0.925367 0.309506 0.138136 0.0463787 0.0136706 0.00523642 0.00226566 0.000586273 0.000235712 9.54204e-05 2.14529e-05 4.31366e-06 1.82073e-06 6.51778e-07 1.6958e-07 4.611e-08 0 0 0 0 0 0 0 0 0 0 0 0 0 0 0 0 0 0 0 0 0 0 0 0 0 0 0 0 0 0 0 0 0 0 0 0 0 0 0 0 0 0 0 0 0 0 0 0 0 0 0 0 0
1.83959e+09 1.19474e+09 6.90119e+08 1.04985e+08 5.95143e+07 4.15034e+07 2.12364e+07 1.31923e+07 5.28104e+06 4.69946e+06 1.22191e+06 822707 277066 125585 66660.9 37545.2 25278.3 9901.93 6650.39 3832.88 1329.41 773.773 198.307 90.2057 48.9994 18.8202 7.86915 1.16292 0.575973 0.188533 0.121997 0.0289948 0.0139925 0.003887 0.00163629 0.000619597 0.000191758 0.000119682 2.90881e-05 5.68332e-06 1.59298e-06 3.7953e-07 4.46783e-08 0 0 0 0 0 0 0 0 0 0 0 0 0 0 0 0 0 0 0 0 0 0 0 0 0 0 0 0 0 0 0 0 0 0 0 0 0 0 0 0 0 0 0 0 0 0 0 0 0 0 0 0 0
3.95248e+09 2.09254e+09 6.77906e+08 1.51158e+08 5.99372e+07 5.53834e+07 1.97552e+07 1.32038e+07 4.68151e+06 2.33397e+06 1.14374e+06 889699 387598 255085 115383 72265.6 33901.2 15550 7980.92 2281.57 986.315 712.894 361.706 121.672 66.5695 31.0532 11.4106 2.38926 0.931617 0.283542 0.0868445 0.0354618 0.015648 0.00537261 0.00172768 0.000580968 0.000327718 6.4902e-05 3.46114e-05 7.35998e-06 8.92358e-07 2.14777e-07 1.02709e-07 1.88015e-08 0 0 0 0 0 0 0 0 0 0 0 0 0 0 0 0 0 0 0 0 0 0 0 0 0 0 0 0 0 0 0 0 0 0 0 0 0 0 0 0 0 0 0 0 0 0 0 0 0 0 0 0
5.52968e+09 1.11624e+09 5.55455e+08 9.61629e+07 4.92699e+07 4.32772e+07 1.0814e+07 9.8583e+06 2.72032e+06 2.72032e+06 1.15412e+06 862022 387900 238598 99265.2 33429.1 20893.9 15786.9 8643.97 3758 1115.15 799.969 352.956 201.193 79.7856 34.7012 7.86883 3.02824 0.721778 0.331865 0.126459 0.043851 0.0298229 0.00994901 0.00460288 0.000918355 0.000318182 0.00013783 5.03206e-05 2.05075e-05 6.27527e-06 1.40969e-06 1.475e-07 6.9166e-08 1.74744e-08 0 0 0 0 0 0 0 0 0 0 0 0 0 0 0 0 0 0 0 0 0 0 0 0 0 0 0 0 0 0 0 0 0 0 0 0 0 0 0 0 0 0 0 0 0 0 0 0 0 0 0
5.02599e+09 1.49934e+09 8.08072e+08 1.72239e+08 5.82729e+07 3.56754e+07 2.6423e+07 1.24521e+07 1.75052e+06 1.75052e+06 791330 665147 330294 212341 105241 39960.5 14456.9 12201.4 4806.59 2167.71 1003.45 365.618 235.824 99.8705 36.5624 14.1431 8.23608 1.16657 0.426561 0.0696667 0.0494131 0.0230476 0.00872507 0.00293649 0.00103007 0.000257751 7.31673e-05 3.60144e-05 8.68831e-06 2.358e-06 4.18302e-07 1.41818e-07 1.91807e-08 0 0 0 0 0 0 0 0 0 0 0 0 0 0 0 0 0 0 0 0 0 0 0 0 0 0 0 0 0 0 0 0 0 0 0 0 0 0 0 0 0 0 0 0 0 0 0 0 0 0 0 0 0
6.89519e+09 1.02989e+09 8.01262e+08 1.97659e+08 1.20496e+08 3.55386e+07 1.55754e+07 8.66624e+06 7.65268e+06 2.31832e+06 1.04218e+06 1.04218e+06 514039 161597 150459 73672.3 35561.9 17526.5 10379.6 8236.63 1591.86 839.316 218.316 201 90.5894 42.2658 16.158 2.41441 1.02928 0.457414 0.164703 0.0287387 0.0255133 0.0108685 0.00532278 0.00230877 0.000372038 0.000153341 3.86058e-05 1.94652e-05 5.05455e-06 5.89435e-07 1.67579e-07 2.62924e-08 0 0 0 0 0 0 0 0 0 0 0 0 0 0 0 0 0 0 0 0 0 0 0 0 0 0 0 0 0 0 0 0 0 0 0 0 0 0 0 0 0 0 0 0 0 0 0 0 0 0 0 0
3.21881e+09 1.95028e+09 9.79228e+08 1.91925e+08 1.04335e+08 3.12847e+07 1.81376e+07 7.20432e+06 7.02021e+06 2.33672e+06 1.41825e+06 605002 289093 190503 130645 53857.9 24137.6 15187.4 6385.54 2127.22 2029.23 759.418 337.811 153.426 90.7609 19.1785 14.3381 2.8299 0.786082 0.171694 0.0539243 0.0496231 0.022596 0.00414651 0.00255922 0.000655008 0.00040145 0.000114264 3.74191e-05 6.38252e-06 2.13522e-06 1.61673e-07 1.17271e-07 2.9308e-08 0 0 0 0 0 0 0 0 0 0 0 0 0 0 0 0 0 0 0 0 0 0 0 0 0 0 0 0 0 0 0 0 0 0 0 0 0 0 0 0 0 0 0 0 0 0 0 0 0 0 0 0
6.49448e+09 9.65618e+08 8.13725e+08 1.83116e+08 8.36515e+07 2.90672e+07 2.01779e+07 1.06827e+07 6.04459e+06 2.67944e+06 891027 702113 343254 297422 175719 62350.2 15440.2 6102.53 3509.72 1209.55 1209.55 534.722 196.922 123.791 46.7764 20.458 4.70872 1.03 0.561621 0.203924 0.0651482 0.0345515 0.00606606 0.00311685 0.00166823 0.000643472 0.000273084 5.50071e-05 1.01609e-05 2.71489e-06 1.002e-06 2.82334e-07 4.15725e-08 1.54537e-08 0 0 0 0 0 0 0 0 0 0 0 0 0 0 0 0 0 0 0 0 0 0 0 0 0 0 0 0 0 0 0 0 0 0 0 0 0 0 0 0 0 0 0 0 0 0 0 0 0 0 0 0
4.14397e+09 1.37245e+09 3.66709e+08 1.06687e+08 6.89259e+07 2.06206e+07 1.89497e+07 1.27558e+07 6.1997e+06 2.88237e+06 1.18442e+06 411729 333010 202348 72731.6 20356.8 20356.8 12515.7 3022.52 3022.52 1256.77 472.145 266.958 79.0121 40.4232 18.497 9.36255 1.6179 0.391983 0.226488 0.0895089 0.0302341 0.0132547 0.00524701 0.00140079 0.000544415 0.000196379 7.69446e-05 1.90385e-05 6.12819e-06 1.00465e-06 1.66827e-07 3.50512e-08 0 0 0 0 0 0 0 0 0 0 0 0 0 0 0 0 0 0 0 0 0 0 0 0 0 0 0 0 0 0 0 0 0 0 0 0 0 0 0 0 0 0 0 0 0 0 0 0 0 0 0 0 0
3.77392e+09 9.47413e+08 5.28139e+08 1.56245e+08 6.7878e+07 3.96717e+07 2.97412e+07 1.42775e+07 7.50204e+06 4.50349e+06 2.20828e+06 850296 478318 136197 115786 55954 29387.1 15842.5 4116.11 1946.51 1486.41 569.555 207.39 77.4176 60.3934 24.6037 7.22362 1.16211 0.387311 0.260405 0.0830124 0.0475952 0.00881045 0.00561648 0.00190197 0.000774126 0.000201052 7.65031e-05 2.51321e-05 4.04113e-06 7.97649e-07 3.6327e-07 4.73615e-08 1.38153e-08 0 0 0 0 0 0 0 0 0 0 0 0 0 0 0 0 0 0 0 0 0 0 0 0 0 0 0 0 0 0 0 0 0 0 0 0 0 0 0 0 0 0 0 0 0 0 0 0 0 0 0 0
7.52336e+09 1.47936e+09 9.18698e+08 1.4991e+08 2.74437e+07 2.74437e+07 1.98028e+07 1.04429e+07 6.39192e+06 4.00679e+06 1.32288e+06 1.09822e+06 514859 323224 102204 72820.3 17661.8 10368.3 6889.85 4002.56 1789.06 472.8 472.8 122.751 60.0928 25.6218 21.8708 4.94439 1.14498 0.699939 0.241648 0.101339 0.0337043 0.0190691 0.00654925 0.00224392 0.00101215 0.000136478 5.65551e-05 1.05679e-05 3.86151e-06 3.93968e-07 1.96124e-07 1.8493e-08 0 0 0 0 0 0 0 0 0 0 0 0 0 0 0 0 0 0 0 0 0 0 0 0 0 0 0 0 0 0 0 0 0 0 0 0 0 0 0 0 0 0 0 0 0 0 0 0 0 0 0 0
4.77679e+09 1.02616e+09 3.51286e+08 1.60228e+08 6.83651e+07 3.14742e+07 3.14742e+07 7.41686e+06 6.76344e+06 2.09203e+06 1.8015e+06 1.15892e+06 479032 191664 96782.3 40392.6 18514.1 16821.2 3680.11 3680.11 733.047 431.054 378.192 173.763 39.8903 21.4482 9.4183 1.05911 0.827844 0.413373 0.132376 0.0573012 0.0163338 0.00868123 0.0029615 0.00109012 0.000547404 0.000213394 4.3211e-05 7.77606e-06 3.12764e-06 1.19628e-06 1.54384e-07 3.5877e-08 0 0 0 0 0 0 0 0 0 0 0 0 0 0 0 0 0 0 0 0 0 0 0 0 0 0 0 0 0 0 0 0 0 0 0 0 0 0 0 0 0 0 0 0 0 0 0 0 0 0 0 0
8.49568e+09 2.01e+09 7.98252e+08 1.27163e+08 4.77797e+07 3.75739e+07 1.25866e+07 1.25866e+07 5.21576e+06 4.13414e+06 1.83517e+06 547590 329774 221138 104193 53468.9 15239.3 15239.3 7391.23 3698.63 1067.07 379.779 302.971 134.52 34.2 21.0838 4.59687 1.24024 0.240832 0.21183 0.0812767 0.0277596 0.013925 0.00428436 0.00178735 0.000851982 0.000162395 8.45923e-05 1.80097e-05 3.17148e-06 1.46741e-06 3.20951e-07 5.24201e-08 1.57409e-08 0 0 0 0 0 0 0 0 0 0 0 0 0 0 0 0 0 0 0 0 0 0 0 0 0 0 0 0 0 0 0 0 0 0 0 0 0 0 0 0 0 0 0 0 0 0 0 0 0 0 0 0
3.59925e+09 1.75437e+09 8.1889e+08 1.23198e+08 1.23198e+08 3.28371e+07 2.49892e+07 8.57541e+06 7.84076e+06 3.60656e+06 998960 796785 464718 183400 152037 55376.3 10818.9 10818.9 9753.37 2830.07 1431.04 392.148 280.9 84.2744 65.4223 26.5215 6.6741 1.82951 0.581442 0.191847 0.101905 0.0372873 0.0173847 0.00465504 0.00139786 0.000557884 0.000290715 0.000100513 1.0937e-05 4.56159e-06 1.10006e-06 1.31356e-07 7.57017e-08 1.33976e-08 0 0 0 0 0 0 0 0 0 0 0 0 0 0 0 0 0 0 0 0 0 0 0 0 0 0 0 0 0 0 0 0 0 0 0 0 0 0 0 0 0 0 0 0 0 0 0 0 0 0 0 0
4.16129e+09 1.98209e+09 4.21834e+08 1.36291e+08 6.95652e+07 4.86034e+07 2.35899e+07 1.4503e+07 9.16588e+06 4.10524e+06 1.06858e+06 599051 404967 213336 77823.3 77823.3 35073 12818.6 7916.62 3669.92 2338.91 940.472 361.814 112.869 63.7507 36.2635 12.3008 1.98403 1.02193 0.336717 0.132972 0.0528223 0.0150476 0.00933959 0.00163136 0.00072295 0.000377804 0.000107809 2.833e-05 8.23894e-06 2.60299e-06 7.24409e-07 1.35874e-07 1.80809e-08 0 0 0 0 0 0 0 0 0 0 0 0 0 0 0 0 0 0 0 0 0 0 0 0 0 0 0 0 0 0 0 0 0 0 0 0 0 0 0 0 0 0 0 0 0 0 0 0 0 0 0 0
5.11834e+09 1.67309e+09 7.34418e+08 7.43012e+07 7.43012e+07 2.63373e+07 2.09985e+07 1.23228e+07 5.22334e+06 1.30834e+06 1.22725e+06 307935 307935 93879.8 63122.7 56233.8 25669.5 6549.78 6549.78 1689.18 649.417 418.984 228.32 93.5815 24.7456 16.0946 9.85754 1.93443 0.408084 0.28648 0.0916255 0.0174798 0.0174798 0.00619164 0.00299756 0.00124663 0.000381095 0.000173753 2.01285e-05 5.95294e-06 1.3523e-06 3.76226e-07 1.15943e-07 2.68017e-08 0 0 0 0 0 0 0 0 0 0 0 0 0 0 0 0 0 0 0 0 0 0 0 0 0 0 0 0 0 0 0 0 0 0 0 0 0 0 0 0 0 0 0 0 0 0 0 0 0 0 0 0
9.54513e+09 2.20617e+09 8.90778e+08 1.88687e+08 6.44579e+07 1.22005e+07 1.22005e+07 1.22005e+07 4.61999e+06 2.62816e+06 1.72021e+06 875004 703087 306816 49512.9 49512.9 48587.6 23831.4 8598.25 3901.1 519.154 478.598 297.333 127.132 76.9298 25.5499 12.5998 1.20754 0.451992 0.1545 0.0982484 0.034135 0.0157548 0.00617332 0.00151807 0.00121883 0.000246176 0.000183868 4.29123e-05 6.017e-06 1.57427e-06 4.78144e-07 4.47903e-08 1.85703e-08 0 0 0 0 0 0 0 0 0 0 0 0 0 0 0 0 0 0 0 0 0 0 0 0 0 0 0 0 0 0 0 0 0 0 0 0 0 0 0 0 0 0 0 0 0 0 0 0 0 0 0 0
1.84534e+09 1.84534e+09 5.66199e+08 9.85814e+07 7.92394e+07 3.18243e+07 1.99916e+07 6.35819e+06 5.6852e+06 3.03037e+06 1.71463e+06 868856 301977 237962 119837 41953.3 22951.7 11071.2 9384.65 3095.11 1151.64 511.96 213.654 70.9964 54.1131 28.9853 6.85295 1.03469 0.625587 0.136087 0.0849977 0.0369638 0.0119597 0.00549712 0.00156353 0.000695788 0.000156197 0.000108384 1.85244e-05 6.59349e-06 1.00365e-06 3.90446e-07 1.12876e-07 1.37359e-08 0 0 0 0 0 0 0 0 0 0 0 0 0 0 0 0 0 0 0 0 0 0 0 0 0 0 0 0 0 0 0 0 0 0 0 0 0 0 0 0 0 0 0 0 0 0 0 0 0 0 0 0
3.83281e+09 1.28651e+09 5.41174e+08 1.81924e+08 6.34199e+07 1.43674e+07 1.43674e+07 1.39971e+07 6.00285e+06 3.53979e+06 856141 750549 568060 239698 123545 65935.9 39336.4 15088.2 13389.2 4145.1 3803.83 906.535 270.089 154.401 70.259 34.3533 21.5164 4.76838 0.992579 0.791663 0.278145 0.0528715 0.0195472 0.00671703 0.0026337 0.00202401 0.000694809 0.000254208 6.09393e-05 1.31101e-05 3.42531e-06 6.38166e-07 1.33938e-07 1.72067e-08 0 0 0 0 0 0 0 0 0 0 0 0 0 0 0 0 0 0 0 0 0 0 0 0 0 0 0 0 0 0 0 0 0 0 0 0 0 0 0 0 0 0 0 0 0 0 0 0 0 0 0 0
4.12985e+09 1.29451e+09 6.96876e+08 9.1167e+07 6.23231e+07 3.39024e+07 2.4552e+07 9.62332e+06 5.15819e+06 2.78292e+06 716199 650593 307490 260006 119593 76553.1 15765.3 14198 4367.63 3633.73 1123.88 597.53 203.399 120.303 59.114 16.7239 6.4426 1.59919 0.577609 0.31157 0.111824 0.0334538 0.015461 0.00792468 0.00163979 0.000574999 0.000321048 9.51482e-05 1.77463e-05 5.7555e-06 1.39303e-06 3.31824e-07 8.56412e-08 1.94916e-08 0 0 0 0 0 0 0 0 0 0 0 0 0 0 0 0 0 0 0 0 0 0 0 0 0 0 0 0 0 0 0 0 0 0 0 0 0 0 0 0 0 0 0 0 0 0 0 0 0 0 0 0
3.55649e+09 1.27033e+09 5.55345e+08 1.63559e+08 8.71929e+07 4.63274e+07 2.9082e+07 8.72505e+06 8.22417e+06 2.3252e+06 1.72242e+06 1.0273e+06 453436 301662 86706.2 44333.3 44333.3 22015.5 7806.73 3991.75 2269.55 710.384 371.332 130.013 48.7853 38.2347 9.53849 1.26457 0.806402 0.223069 0.117588 0.0295899 0.00790618 0.00475179 0.0011289 0.000325166 0.000258845 4.30667e-05 2.68487e-05 7.65398e-06 1.34557e-06 3.37918e-07 6.65067e-08 1.1132e-08 0 0 0 0 0 0 0 0 0 0 0 0 0 0 0 0 0 0 0 0 0 0 0 0 0 0 0 0 0 0 0 0 0 0 0 0 0 0 0 0 0 0 0 0 0 0 0 0 0 0 0 0
8.92347e+09 1.11088e+09 8.32922e+08 1.09935e+08 4.75091e+07 1.58759e+07 1.58759e+07 9.88819e+06 5.65888e+06 4.83295e+06 1.29826e+06 1.11509e+06 398235 211885 113763 58968.7 25421.2 11161.9 7839.67 4411.19 1679.52 790.182 275.005 98.3672 44.828 27.5566 9.78278 0.720531 0.542227 0.21535 0.0415245 0.034056 0.0179849 0.00520259 0.00175409 0.000682223 0.000267289 0.000116566 1.67004e-05 5.96214e-06 9.41024e-07 2.03382e-07 7.69137e-08 0 0 0 0 0 0 0 0 0 0 0 0 0 0 0 0 0 0 0 0 0 0 0 0 0 0 0 0 0 0 0 0 0 0 0 0 0 0 0 0 0 0 0 0 0 0 0 0 0 0 0 0 0
5.89959e+09 1.5623e+09 9.91084e+08 1.23029e+08 4.83046e+07 3.72018e+07 1.85704e+07 1.12372e+07 6.42589e+06 4.73948e+06 2.51287e+06 1.18841e+06 357007 167672 131789 56825.9 23737.1 11355 8834.72 3730.4 1551.08 331.972 239.693 87.5241 67.5679 25.5641 14.6075 1.43977 0.998652 0.20672 0.121395 0.0221354 0.0119402 0.00500187 0.00186111 0.000452024 0.000212955 9.09242e-05 1.66142e-05 2.8516e-06 4.49261e-07 1.06477e-07 3.62691e-08 0 0 0 0 0 0 0 0 0 0 0 0 0 0 0 0 0 0 0 0 0 0 0 0 0 0 0 0 0 0 0 0 0 0 0 0 0 0 0 0 0 0 0 0 0 0 0 0 0 0 0 0 0
6.26953e+09 1.57973e+09 8.68047e+08 2.35077e+08 1.04055e+08 2.53426e+07 2.37817e+07 1.25778e+07 4.2992e+06 2.76301e+06 1.19047e+06 889272 289365 99159.9 72744.3 43290.8 19029.8 10615.9 7688.92 3757.47 1972.48 752.965 213.225 126.925 58.8211 27.864 6.31175 1.50991 0.544268 0.222867 0.136739 0.0309091 0.0153365 0.00646487 0.00163398 0.000791042 0.000150898 0.000133417 1.56451e-05 5.45256e-06 7.50294e-07 1.98159e-07 4.53136e-08 1.33126e-08 0 0 0 0 0 0 0 0 0 0 0 0 0 0 0 0 0 0 0 0 0 0 0 0 0 0 0 0 0 0 0 0 0 0 0 0 0 0 0 0 0 0 0 0 0 0 0 0 0 0 0 0
5.74709e+09 6.81916e+08 4.87425e+08 1.37017e+08 8.38305e+07 3.96537e+07 1.43604e+07 1.30005e+07 6.11544e+06 2.43766e+06 1.71582e+06 1.21842e+06 380023 154123 94453 16252.2 16252.2 7447.81 5800.34 2764.51 1474.41 538.669 256.487 95.1707 28.5789 17.9192 7.01225 1.25348 0.441991 0.269682 0.127067 0.0350649 0.0107001 0.00443314 0.00145207 0.000188937 0.000148786 7.53659e-05 1.40906e-05 4.04186e-06 1.32502e-06 2.41532e-07 7.0006e-08 1.62012e-08 0 0 0 0 0 0 0 0 0 0 0 0 0 0 0 0 0 0 0 0 0 0 0 0 0 0 0 0 0 0 0 0 0 0 0 0 0 0 0 0 0 0 0 0 0 0 0 0 0 0 0 0
5.33128e+09 1.15372e+09 9.65527e+08 2.00604e+08 1.27171e+08 7.47264e+07 3.11176e+07 1.16025e+07 4.81393e+06 1.7948e+06 1.7948e+06 806433 507930 208450 71338.9 48186.4 32872.7 9763.18 6949.27 2626.42 1307.14 330.017 256.781 136.768 55.47 26.7242 9.16328 1.31624 0.440749 0.121578 0.065933 0.0459128 0.0206638 0.00288974 0.00152052 0.000393764 0.000303614 6.97758e-05 2.82492e-05 7.05654e-06 2.50519e-06 5.68236e-07 1.10802e-07 1.98903e-08 0 0 0 0 0 0 0 0 0 0 0 0 0 0 0 0 0 0 0 0 0 0 0 0 0 0 0 0 0 0 0 0 0 0 0 0 0 0 0 0 0 0 0 0 0 0 0 0 0 0 0 0
5.87633e+09 1.78403e+09 3.7431e+08 1.88572e+08 6.79533e+07 6.18369e+07 1.87405e+07 1.44552e+07 3.82749e+06 1.78242e+06 1.78242e+06 840655 525116 225693 158622 57000.1 19544.2 15810.3 7491.91 3473.97 1375.45 655.429 166.201 115.085 39.3474 21.0942 15.6383 2.14288 1.06934 0.296749 0.162359 0.0620463 0.0142301 0.00854741 0.00314635 0.000899191 0.000354533 0.000117655 5.35891e-05 9.79662e-06 3.4415e-06 4.86726e-07 1.05433e-07 2.91991e-08 0 0 0 0 0 0 0 0 0 0 0 0 0 0 0 0 0 0 0 0 0 0 0 0 0 0 0 0 0 0 0 0 0 0 0 0 0 0 0 0 0 0 0 0 0 0 0 0 0 0 0 0
3.2855e+09 2.01871e+09 9.6225e+08 1.76226e+08 7.1877e+07 5.60352e+07 4.12965e+07 1.45837e+07 7.41844e+06 2.96752e+06 1.60435e+06 1.60435e+06 871448 330905 46720.8 46720.8 16916.5 14914.8 7595.32 4119.49 1501.72 987.904 189.904 146.395 79.889 36.1121 15.4901 2.59389 0.573023 0.31712 0.16603 0.0366926 0.02212 0.00889368 0.0027559 0.000798198 0.000220226 0.000113942 3.75038e-05 7.28792e-06 1.06147e-06 4.20901e-07 1.07267e-07 1.79612e-08 0 0 0 0 0 0 0 0 0 0 0 0 0 0 0 0 0 0 0 0 0 0 0 0 0 0 0 0 0 0 0 0 0 0 0 0 0 0 0 0 0 0 0 0 0 0 0 0 0 0 0 0
5.37096e+09 2.68393e+09 8.38136e+08 1.84729e+08 8.59208e+07 3.64167e+07 1.12635e+07 1.02104e+07 4.97425e+06 2.37084e+06 1.51715e+06 648702 405054 219082 83419.6 59438 26568.1 14401.8 7415.47 3685.3 1645.87 501.172 368.259 187.794 55.334 4.16909 4.16909 2.29382 0.922391 0.194825 0.0987077 0.0346701 0.0225048 0.00818874 0.00242371 0.000917762 0.000229784 0.000135204 2.64268e-05 5.24164e-06 1.33005e-06 4.08642e-07 6.45847e-08 1.3735e-08 0 0 0 0 0 0 0 0 0 0 0 0 0 0 0 0 0 0 0 0 0 0 0 0 0 0 0 0 0 0 0 0 0 0 0 0 0 0 0 0 0 0 0 0 0 0 0 0 0 0 0 0
4.30282e+09 2.21174e+09 7.32947e+08 1.37993e+08 7.52918e+07 2.59114e+07 2.29782e+07 1.37411e+07 5.94087e+06 4.83366e+06 2.19448e+06 1.06022e+06 384556 195291 102424 68494.1 40947 15683.8 10617.5 4649.04 2211.47 448.281 438.073 217.706 63.4365 19.546 13.4267 2.32057 0.877191 0.348342 0.179265 0.071648 0.0172655 0.00820461 0.00288528 0.00159205 0.000338484 0.000205193 3.30396e-05 4.88671e-06 2.35725e-06 5.27306e-07 1.31226e-07 3.57296e-08 0 0 0 0 0 0 0 0 0 0 0 0 0 0 0 0 0 0 0 0 0 0 0 0 0 0 0 0 0 0 0 0 0 0 0 0 0 0 0 0 0 0 0 0 0 0 0 0 0 0 0 0
5.32457e+09 1.25652e+09 9.86476e+08 1.63493e+08 8.76205e+07 2.99745e+07 2.12153e+07 1.17394e+07 7.27815e+06 2.97325e+06 1.1818e+06 1.02983e+06 306849 158349 93489.5 74144.9 23305.9 9865.04 8985.26 3021.3 1176.73 714.54 95.2256 95.2256 72.0967 34.3645 15.1885 1.55134 1.15839 0.357085 0.186457 0.0525289 0.0202888 0.00949455 0.0018849 0.00172078 0.000513504 0.000220083 3.61512e-05 1.41406e-05 2.47655e-06 8.19922e-08 8.19922e-08 3.2737e-08 0 0 0 0 0 0 0 0 0 0 0 0 0 0 0 0 0 0 0 0 0 0 0 0 0 0 0 0 0 0 0 0 0 0 0 0 0 0 0 0 0 0 0 0 0 0 0 0 0 0 0 0
