4.2536e+42 1.65778e+34 1.65778e+34 4.27585e+30 4.27585e+30 3.53733e+29 1.35593e+27 4.75275e+26 8.90372e+25 4.84099e+25 5.0773e+23 5.43268e+20 5.43268e+20 9.04573e+19 9.04573e+19 7.22099e+17 7.21886e+17 1.4714e+17 3.7581e+16 2.33191e+15 6.12299e+12 6.12299e+12 4.81835e+10 4.81835e+10 1.88134e+09 1.88134e+09 1.94027e+08 5.15541e+06 4.95062e+06 184638 78085 22790 11803 7711 4537 300 13 7 3 0 0 0 0 0 0 0 0 0 0 0 0 0 0 0 0 0 0 0 0 0 0 0 0 0 0 0 0 0 0 0 0 0 0 0 0 0 0 0 0 0 0 0 0 0 0 0 0 0 0 0 0 0 0 0 0
1.10525e+43 1.6832e+39 2.86519e+35 5.85539e+29 5.85539e+29 8.48378e+27 2.92133e+27 4.35792e+25 1.04769e+25 2.1776e+21 2.1776e+21 1.11561e+20 1.11561e+20 6.99292e+17 6.99292e+17 6.80444e+17 2.12811e+16 2.12811e+16 2.12811e+16 7.15617e+14 1.08639e+14 1.95312e+13 1.13102e+12 2.46558e+11 9.71906e+08 1.87082e+08 2.26483e+07 1.01092e+07 2.49222e+06 402880 46296 5430 5430 1577 110 17 7 3 1 0 0 0 0 0 0 0 0 0 0 0 0 0 0 0 0 0 0 0 0 0 0 0 0 0 0 0 0 0 0 0 0 0 0 0 0 0 0 0 0 0 0 0 0 0 0 0 0 0 0 0 0 0 0 0 0
2.18466e+38 3.70491e+37 5.29686e+34 1.37921e+31 3.77562e+29 2.43268e+28 1.35257e+27 5.43722e+25 4.16168e+25 4.30293e+24 2.70345e+22 7.13795e+21 2.56426e+20 3.29319e+19 8.61439e+17 6.59502e+17 2.23143e+15 2.23143e+15 1.4082e+14 1.4082e+14 1.66492e+13 1.56704e+12 1.26346e+11 1.81518e+10 4.43921e+09 4.48698e+08 5.4838e+07 6.59516e+06 400392 38823 1472 273 62 45 22 17 3 1 0 0 0 0 0 0 0 0 0 0 0 0 0 0 0 0 0 0 0 0 0 0 0 0 0 0 0 0 0 0 0 0 0 0 0 0 0 0 0 0 0 0 0 0 0 0 0 0 0 0 0 0 0 0 0 0 0
3.50828e+43 6.16396e+36 1.3586e+34 3.40441e+32 4.68949e+29 1.03172e+28 6.59207e+27 1.10555e+27 8.57013e+24 6.71664e+23 6.75498e+22 5.61188e+19 5.61188e+19 5.61188e+19 5.61188e+19 7.64406e+18 4.9171e+17 1.75773e+17 3.96159e+14 2.93655e+14 8.20704e+13 1.31893e+13 1.03853e+11 3.5576e+10 6.34761e+08 3.69961e+08 4.98193e+06 3.0049e+06 198711 57245 1759 1759 19 10 10 4 1 0 0 0 0 0 0 0 0 0 0 0 0 0 0 0 0 0 0 0 0 0 0 0 0 0 0 0 0 0 0 0 0 0 0 0 0 0 0 0 0 0 0 0 0 0 0 0 0 0 0 0 0 0 0 0 0 0 0
3.46448e+40 7.98413e+36 7.00979e+34 8.46143e+31 5.67456e+30 1.56705e+29 4.43314e+27 7.6884e+26 1.50222e+26 2.67974e+23 7.12346e+22 6.22903e+19 6.22903e+19 6.22903e+19 3.96819e+17 3.96819e+17 2.43243e+17 1.55817e+17 5.58979e+16 2.22093e+14 2.17554e+14 5.10451e+12 5.37348e+11 2.13168e+10 2.13168e+10 8.96908e+09 2.2712e+09 1.20343e+08 2.49171e+07 1.34524e+06 60855 33940 6854 1183 38 38 12 4 3 0 0 0 0 0 0 0 0 0 0 0 0 0 0 0 0 0 0 0 0 0 0 0 0 0 0 0 0 0 0 0 0 0 0 0 0 0 0 0 0 0 0 0 0 0 0 0 0 0 0 0 0 0 0 0 0
5.33773e+41 4.41878e+37 1.06965e+35 9.89642e+31 2.45712e+29 2.83198e+27 2.25859e+26 4.06694e+25 6.13509e+24 5.90238e+22 1.90042e+21 4.76032e+19 2.6667e+18 2.61824e+18 9.70289e+17 1.38491e+17 8.64076e+15 5.69773e+15 1.83455e+14 7.45854e+12 3.70754e+12 2.41459e+11 2.38324e+11 1.86428e+10 5.85976e+08 3.85185e+07 8.6186e+06 2.72286e+06 1.01842e+06 70521 8442 1055 20 13 8 3 0 0 0 0 0 0 0 0 0 0 0 0 0 0 0 0 0 0 0 0 0 0 0 0 0 0 0 0 0 0 0 0 0 0 0 0 0 0 0 0 0 0 0 0 0 0 0 0 0 0 0 0 0 0 0 0 0 0 0
9.10837e+41 3.61828e+36 1.36219e+35 2.51017e+32 1.35288e+29 3.00122e+28 1.05415e+27 6.78195e+24 3.64006e+23 3.64006e+23 1.81522e+23 1.13527e+22 6.41769e+20 5.45108e+19 2.89377e+18 2.62769e+18 1.43071e+17 4.49915e+16 1.40666e+15 5.14129e+14 5.67524e+13 7.58965e+12 1.6962e+12 1.17598e+11 4.0812e+10 1.23098e+10 1.01163e+09 2.05631e+08 9.38737e+06 592082 171911 6006 880 659 63 15 5 3 1 0 0 0 0 0 0 0 0 0 0 0 0 0 0 0 0 0 0 0 0 0 0 0 0 0 0 0 0 0 0 0 0 0 0 0 0 0 0 0 0 0 0 0 0 0 0 0 0 0 0 0 0 0 0 0 0
1.1698e+37 1.1698e+37 1.92931e+34 4.46779e+32 1.49039e+29 9.1747e+28 2.58366e+28 2.02784e+27 4.22636e+25 5.91436e+23 3.16118e+20 3.16118e+20 2.04281e+19 5.51646e+18 7.20054e+17 6.74518e+17 7.66028e+16 8.67523e+15 7.54186e+14 3.58345e+14 5.7054e+13 5.36451e+12 2.74499e+12 1.23253e+11 1.16216e+11 2.97441e+09 2.5279e+08 4.27875e+06 991601 332800 44719 19310 3942 1534 257 29 10 1 0 0 0 0 0 0 0 0 0 0 0 0 0 0 0 0 0 0 0 0 0 0 0 0 0 0 0 0 0 0 0 0 0 0 0 0 0 0 0 0 0 0 0 0 0 0 0 0 0 0 0 0 0 0 0 0 0
3.30969e+40 2.69801e+36 1.15645e+35 3.34646e+31 1.92818e+28 1.92818e+28 1.92818e+28 6.30474e+26 7.27424e+24 2.10633e+24 7.24463e+22 1.0982e+21 4.37488e+18 4.37488e+18 1.09895e+18 4.25319e+16 1.5454e+16 1.5454e+16 2.85924e+15 1.55418e+14 1.24002e+13 3.27575e+11 2.41463e+11 1.15324e+10 6.93389e+09 4.91401e+07 1.45658e+07 5.86292e+06 173581 140123 33324 5709 5709 3884 240 14 9 4 2 0 0 0 0 0 0 0 0 0 0 0 0 0 0 0 0 0 0 0 0 0 0 0 0 0 0 0 0 0 0 0 0 0 0 0 0 0 0 0 0 0 0 0 0 0 0 0 0 0 0 0 0 0 0 0 0
7.1153e+40 6.04035e+36 9.37284e+33 5.82683e+29 1.97511e+29 1.97511e+29 4.23314e+26 9.10722e+25 4.62155e+24 1.6707e+23 1.31417e+23 1.17126e+21 3.39044e+20 5.94015e+19 5.32373e+18 2.44057e+17 2.44057e+17 1.69053e+16 1.42383e+15 1.28853e+15 8.75855e+13 6.8649e+13 5.25781e+12 2.2687e+12 9.38872e+10 8.65075e+09 5.13342e+08 1.40504e+07 7.721e+06 1.5289e+06 113023 23589 4470 2750 136 52 38 13 2 0 0 0 0 0 0 0 0 0 0 0 0 0 0 0 0 0 0 0 0 0 0 0 0 0 0 0 0 0 0 0 0 0 0 0 0 0 0 0 0 0 0 0 0 0 0 0 0 0 0 0 0 0 0 0 0
1.38265e+41 8.38919e+35 8.44771e+33 1.74047e+28 1.74047e+28 1.74047e+28 1.66522e+27 6.57219e+25 1.4375e+23 8.074e+22 5.77678e+21 7.9602e+19 4.50458e+18 3.61932e+17 3.61932e+17 3.61932e+17 2.4128e+17 9.10796e+16 6.58641e+15 3.58562e+15 3.40114e+13 1.22337e+13 1.75925e+12 4.34927e+11 9.92979e+10 4.95558e+09 1.13603e+08 5.83754e+07 1.37608e+06 145994 4789 4789 2040 918 17 12 4 1 0 0 0 0 0 0 0 0 0 0 0 0 0 0 0 0 0 0 0 0 0 0 0 0 0 0 0 0 0 0 0 0 0 0 0 0 0 0 0 0 0 0 0 0 0 0 0 0 0 0 0 0 0 0 0 0 0
9.0333e+39 7.28457e+38 6.48271e+32 2.75456e+31 2.31451e+29 2.31451e+29 1.37413e+27 7.75157e+26 5.4898e+25 6.5217e+23 7.84094e+20 4.48574e+19 4.48574e+19 4.48574e+19 3.73558e+18 2.31819e+18 9.90821e+17 1.0155e+17 2.03346e+16 1.47677e+16 3.55529e+14 2.46593e+13 8.98668e+12 8.94229e+11 1.15997e+11 1.4036e+10 3.7871e+09 1.19252e+09 7.53364e+07 4.63746e+06 345961 29951 15156 2776 256 56 35 17 2 0 0 0 0 0 0 0 0 0 0 0 0 0 0 0 0 0 0 0 0 0 0 0 0 0 0 0 0 0 0 0 0 0 0 0 0 0 0 0 0 0 0 0 0 0 0 0 0 0 0 0 0 0 0 0 0
1.80612e+40 1.55319e+37 4.88843e+35 9.41615e+30 1.44006e+30 2.98154e+29 5.06544e+27 1.64115e+26 8.48412e+23 8.48412e+23 7.84776e+22 5.39832e+22 1.89554e+21 3.60185e+19 3.60185e+19 2.18678e+19 1.40707e+18 6.46534e+17 7.42337e+15 1.04884e+15 1.04884e+15 5.87486e+14 4.23014e+12 1.07329e+12 1.69998e+11 2.5813e+10 7.9749e+08 3.1559e+07 1.08061e+07 1.16323e+06 150684 9902 854 218 74 5 4 2 0 0 0 0 0 0 0 0 0 0 0 0 0 0 0 0 0 0 0 0 0 0 0 0 0 0 0 0 0 0 0 0 0 0 0 0 0 0 0 0 0 0 0 0 0 0 0 0 0 0 0 0 0 0 0 0 0
3.90475e+40 4.01481e+38 5.24031e+34 1.35939e+30 1.38383e+29 1.31981e+29 5.75288e+27 1.78569e+25 8.2743e+24 7.14284e+22 1.69195e+20 1.69195e+20 1.69195e+20 1.80273e+19 1.57151e+18 5.85947e+16 1.10214e+16 4.59472e+14 8.10429e+13 1.93775e+13 9.44204e+12 3.15776e+12 5.78994e+11 1.14409e+11 6.22094e+09 5.46789e+07 2.23269e+06 120600 66487 4264 1641 1377 406 68 9 5 1 0 0 0 0 0 0 0 0 0 0 0 0 0 0 0 0 0 0 0 0 0 0 0 0 0 0 0 0 0 0 0 0 0 0 0 0 0 0 0 0 0 0 0 0 0 0 0 0 0 0 0 0 0 0 0 0 0 0
9.22032e+39 1.44243e+35 2.87393e+34 5.8776e+29 2.90105e+29 1.19836e+28 6.43316e+27 1.0133e+26 1.41803e+24 1.31451e+24 5.23343e+23 3.06762e+21 8.18639e+19 1.57018e+19 7.42709e+18 1.22367e+17 2.45184e+15 2.45184e+15 1.362e+14 1.16841e+14 2.24185e+12 1.62153e+12 1.74362e+11 3.38007e+10 3.66506e+09 9.92874e+07 3.10866e+06 542070 32472 9053 2941 377 83 37 5 4 2 0 0 0 0 0 0 0 0 0 0 0 0 0 0 0 0 0 0 0 0 0 0 0 0 0 0 0 0 0 0 0 0 0 0 0 0 0 0 0 0 0 0 0 0 0 0 0 0 0 0 0 0 0 0 0 0 0 0
6.44709e+40 8.33531e+36 8.06186e+34 3.53927e+30 2.48889e+28 4.07479e+27 1.253e+27 5.34332e+25 2.88504e+22 1.71318e+22 9.05222e+21 9.05222e+21 1.30468e+21 5.16208e+20 2.76577e+16 2.76577e+16 2.76577e+16 7.47432e+15 7.47432e+15 4.14233e+14 2.349e+13 7.53693e+12 3.59639e+12 8.65091e+11 3.80277e+10 7.30106e+08 2.91583e+07 1.92816e+07 822441 82123 8860 4023 1630 65 35 12 5 2 0 0 0 0 0 0 0 0 0 0 0 0 0 0 0 0 0 0 0 0 0 0 0 0 0 0 0 0 0 0 0 0 0 0 0 0 0 0 0 0 0 0 0 0 0 0 0 0 0 0 0 0 0 0 0 0 0
2.81111e+39 3.64468e+38 8.31881e+34 4.00438e+31 8.11252e+30 6.7519e+28 6.7519e+28 6.50861e+26 5.29175e+24 6.01897e+22 6.01897e+22 8.22777e+20 1.21202e+20 1.70136e+18 9.19939e+17 3.82568e+16 3.29775e+16 3.37031e+15 9.0295e+14 1.56691e+14 4.05305e+13 3.73339e+12 1.64185e+12 3.35143e+10 3.9803e+09 4.84516e+08 4.88192e+07 1.36238e+06 167975 26064 4702 815 261 35 9 2 1 0 0 0 0 0 0 0 0 0 0 0 0 0 0 0 0 0 0 0 0 0 0 0 0 0 0 0 0 0 0 0 0 0 0 0 0 0 0 0 0 0 0 0 0 0 0 0 0 0 0 0 0 0 0 0 0 0 0
4.37249e+41 1.33201e+38 5.42202e+33 6.2266e+29 6.2266e+29 2.21332e+28 1.07452e+27 6.98774e+24 2.1423e+24 1.71608e+23 1.73168e+22 1.73168e+22 1.07144e+21 5.82435e+20 3.51102e+19 7.32042e+16 4.10524e+16 1.61291e+16 2.97491e+15 9.24842e+13 4.06135e+13 2.15139e+12 4.09953e+10 4.70252e+09 5.53331e+08 1.8575e+07 607221 607221 182939 5040 5040 1440 278 24 20 7 3 1 0 0 0 0 0 0 0 0 0 0 0 0 0 0 0 0 0 0 0 0 0 0 0 0 0 0 0 0 0 0 0 0 0 0 0 0 0 0 0 0 0 0 0 0 0 0 0 0 0 0 0 0 0 0 0 0 0
1.18821e+41 2.20634e+39 8.34898e+35 2.04352e+32 1.62539e+30 9.12705e+28 7.06092e+27 9.65863e+24 7.95053e+22 7.95053e+22 7.95053e+22 7.64586e+18 7.64586e+18 4.3456e+18 2.03224e+18 1.38624e+18 6.01745e+17 1.21497e+16 1.21497e+16 2.07321e+15 5.5663e+14 8.28079e+12 3.53453e+12 4.67181e+10 2.72949e+10 6.12379e+09 3.61272e+08 9.17139e+07 1.78679e+07 3.74614e+06 408799 12125 1980 143 65 21 7 3 2 0 0 0 0 0 0 0 0 0 0 0 0 0 0 0 0 0 0 0 0 0 0 0 0 0 0 0 0 0 0 0 0 0 0 0 0 0 0 0 0 0 0 0 0 0 0 0 0 0 0 0 0 0 0 0 0
6.34609e+37 1.17454e+36 6.47312e+32 8.90893e+30 2.08936e+29 2.08936e+29 2.77762e+27 2.69084e+24 5.48738e+22 5.48738e+22 1.81436e+22 1.3044e+21 4.4868e+19 2.24413e+19 1.79123e+19 1.41686e+18 3.41683e+17 3.71757e+16 1.14668e+16 2.11736e+14 3.52928e+13 9.95067e+12 7.71366e+11 2.57686e+11 5.5752e+09 6.12257e+08 1.42216e+08 2.09514e+07 2.52549e+06 1.25853e+06 140220 53444 7846 466 146 9 3 2 1 0 0 0 0 0 0 0 0 0 0 0 0 0 0 0 0 0 0 0 0 0 0 0 0 0 0 0 0 0 0 0 0 0 0 0 0 0 0 0 0 0 0 0 0 0 0 0 0 0 0 0 0 0 0 0 0
1.23316e+40 1.63713e+35 7.12303e+31 4.11353e+30 4.88635e+29 4.80567e+28 7.21993e+26 8.03162e+25 8.35103e+24 1.89978e+22 1.89978e+22 1.89978e+22 1.45672e+20 3.40042e+19 9.58314e+17 2.30124e+17 2.30124e+17 1.45563e+16 1.07829e+16 5.40154e+14 1.09743e+14 3.81434e+12 2.52375e+12 1.10241e+11 2.70273e+10 3.95572e+08 6.29681e+06 6.19591e+06 2.81376e+06 237769 15599 3526 179 46 20 11 2 1 0 0 0 0 0 0 0 0 0 0 0 0 0 0 0 0 0 0 0 0 0 0 0 0 0 0 0 0 0 0 0 0 0 0 0 0 0 0 0 0 0 0 0 0 0 0 0 0 0 0 0 0 0 0 0 0 0
1.39385e+41 1.86428e+38 9.21598e+33 5.69739e+30 1.80903e+30 4.08605e+27 2.02026e+25 2.02026e+25 2.02026e+25 2.34842e+24 1.65607e+22 8.55701e+19 4.08158e+19 1.71596e+19 1.71596e+19 8.78141e+18 1.07064e+18 1.05122e+17 7.28538e+15 5.80551e+15 7.22792e+13 1.65247e+13 4.12208e+12 1.16868e+12 9.11683e+10 2.10112e+09 8.25306e+07 8.25306e+07 2.63371e+07 6.63197e+06 88694 10886 2000 443 150 18 13 1 1 0 0 0 0 0 0 0 0 0 0 0 0 0 0 0 0 0 0 0 0 0 0 0 0 0 0 0 0 0 0 0 0 0 0 0 0 0 0 0 0 0 0 0 0 0 0 0 0 0 0 0 0 0 0 0 0
8.4136e+40 3.94694e+37 4.53749e+34 1.44952e+32 2.59975e+30 1.36005e+29 6.93972e+27 1.47973e+27 1.27933e+24 1.27933e+24 1.85725e+23 1.91488e+21 8.2117e+19 8.2117e+19 1.56616e+19 2.99058e+18 3.74372e+17 3.56721e+15 5.21693e+14 9.86521e+13 9.60386e+13 1.3877e+12 8.33079e+11 2.64134e+11 2.34458e+10 6.12122e+08 3.94065e+07 8.40662e+06 1.48892e+06 431865 61336 1911 1201 86 27 8 7 2 0 0 0 0 0 0 0 0 0 0 0 0 0 0 0 0 0 0 0 0 0 0 0 0 0 0 0 0 0 0 0 0 0 0 0 0 0 0 0 0 0 0 0 0 0 0 0 0 0 0 0 0 0 0 0 0 0
2.59499e+40 1.15474e+37 2.53756e+34 9.19933e+29 8.8994e+28 6.56673e+27 4.70564e+25 1.5768e+24 1.5768e+24 1.36497e+23 3.38446e+22 3.30815e+21 9.77312e+19 1.17933e+19 2.30558e+18 2.02485e+18 3.52397e+17 1.27708e+16 1.87314e+15 3.26089e+14 2.01885e+14 1.43119e+12 1.43119e+12 9.24931e+10 1.37476e+10 1.83053e+09 1.47675e+08 882211 107473 8089 6471 1505 173 13 11 6 3 0 0 0 0 0 0 0 0 0 0 0 0 0 0 0 0 0 0 0 0 0 0 0 0 0 0 0 0 0 0 0 0 0 0 0 0 0 0 0 0 0 0 0 0 0 0 0 0 0 0 0 0 0 0 0 0 0 0
8.82719e+40 3.02626e+36 3.21116e+33 1.86399e+31 5.14337e+30 4.77237e+28 5.18993e+27 5.00807e+24 1.70914e+23 1.2739e+23 8.03574e+21 9.90386e+20 1.40414e+19 7.74012e+17 7.74012e+17 1.9571e+17 1.05495e+16 8.87267e+15 2.21036e+14 2.74343e+13 2.76878e+12 2.92303e+11 2.04955e+10 9.29799e+09 2.62243e+09 2.67085e+08 2.29289e+06 628788 22482 2650 2650 613 85 36 17 4 1 0 0 0 0 0 0 0 0 0 0 0 0 0 0 0 0 0 0 0 0 0 0 0 0 0 0 0 0 0 0 0 0 0 0 0 0 0 0 0 0 0 0 0 0 0 0 0 0 0 0 0 0 0 0 0 0 0 0
9.94929e+41 1.693e+37 6.66813e+35 2.07635e+31 3.71011e+29 1.23878e+27 3.43143e+26 2.95924e+26 5.69333e+24 3.4434e+23 1.41232e+22 6.19978e+20 4.76371e+19 5.34476e+18 8.92356e+17 3.42699e+16 2.29756e+16 4.0058e+15 2.26208e+14 7.70923e+13 2.5898e+13 4.41138e+12 1.6333e+12 5.09844e+10 1.29514e+08 5.79423e+07 1.60387e+07 4.22705e+06 402041 16178 16178 5235 1508 230 39 11 7 1 0 0 0 0 0 0 0 0 0 0 0 0 0 0 0 0 0 0 0 0 0 0 0 0 0 0 0 0 0 0 0 0 0 0 0 0 0 0 0 0 0 0 0 0 0 0 0 0 0 0 0 0 0 0 0 0 0
1.91002e+41 4.5805e+36 6.50916e+34 7.67334e+30 5.389e+29 1.30889e+27 3.09176e+25 9.63272e+24 8.21386e+22 9.41925e+21 1.4752e+21 1.11474e+21 4.35671e+20 4.35521e+18 1.3431e+18 5.31558e+17 1.01536e+16 1.01536e+16 3.17794e+14 4.53386e+13 7.25696e+12 1.23552e+11 1.23552e+11 6.44413e+10 6.27043e+09 2.40331e+08 2.51505e+07 2.71057e+06 290672 106470 17625 835 70 64 3 3 2 0 0 0 0 0 0 0 0 0 0 0 0 0 0 0 0 0 0 0 0 0 0 0 0 0 0 0 0 0 0 0 0 0 0 0 0 0 0 0 0 0 0 0 0 0 0 0 0 0 0 0 0 0 0 0 0 0 0
5.73452e+41 6.18956e+38 8.04642e+33 1.57564e+30 1.00606e+28 2.46518e+27 9.07391e+26 2.09615e+25 2.3215e+24 1.25281e+22 1.25281e+22 1.06034e+21 6.84974e+19 3.40786e+18 4.64123e+17 6.03881e+16 3.17045e+15 1.03673e+15 2.39467e+14 1.18774e+14 5.56663e+12 9.62662e+11 4.8445e+10 3.3072e+09 2.29845e+08 5.5572e+07 1.48299e+07 49667 49667 29727 6306 220 82 21 8 5 1 0 0 0 0 0 0 0 0 0 0 0 0 0 0 0 0 0 0 0 0 0 0 0 0 0 0 0 0 0 0 0 0 0 0 0 0 0 0 0 0 0 0 0 0 0 0 0 0 0 0 0 0 0 0 0 0 0 0
1.15735e+41 5.64108e+36 3.37263e+34 3.04646e+32 1.13982e+29 1.33559e+27 1.02146e+27 5.24859e+26 4.64685e+23 4.64685e+23 6.89914e+21 6.89914e+21 5.7772e+21 5.88396e+19 3.496e+19 4.21203e+17 1.07011e+17 7.76493e+16 1.47113e+16 3.22046e+15 2.79759e+14 6.87366e+13 1.22131e+13 2.85838e+12 1.07169e+11 1.93215e+10 1.03101e+09 9.91023e+06 1.52258e+06 710225 28908 8960 755 95 85 14 9 2 2 0 0 0 0 0 0 0 0 0 0 0 0 0 0 0 0 0 0 0 0 0 0 0 0 0 0 0 0 0 0 0 0 0 0 0 0 0 0 0 0 0 0 0 0 0 0 0 0 0 0 0 0 0 0 0 0
1.00102e+39 1.55907e+36 2.78991e+34 2.25587e+30 2.25587e+30 1.29278e+28 1.06881e+24 1.0688e+24 1.0688e+24 1.06278e+24 2.5847e+21 9.79651e+20 6.05097e+20 4.35482e+20 1.83223e+18 1.67816e+18 7.34838e+17 1.26315e+17 2.02714e+16 2.87947e+15 3.25092e+14 4.881e+12 4.881e+12 5.57201e+11 1.24025e+10 3.49719e+09 2.25077e+08 3.49911e+07 1.21177e+07 4.37637e+06 1.06331e+06 110657 24592 6424 626 43 14 4 1 0 0 0 0 0 0 0 0 0 0 0 0 0 0 0 0 0 0 0 0 0 0 0 0 0 0 0 0 0 0 0 0 0 0 0 0 0 0 0 0 0 0 0 0 0 0 0 0 0 0 0 0 0 0 0 0
4.43277e+38 5.00277e+35 1.97836e+33 5.13033e+31 1.15787e+29 1.01295e+29 2.44444e+28 4.55581e+25 5.23833e+24 5.23833e+24 1.09872e+23 2.10545e+22 1.52576e+20 1.52576e+20 5.68155e+19 5.70703e+17 6.58061e+16 6.58061e+16 6.84594e+14 6.84594e+14 2.99696e+14 1.79694e+13 1.79694e+13 7.33667e+12 8.89695e+11 1.1903e+11 4.19281e+09 1.83862e+07 6.4823e+06 1.77732e+06 404708 10767 9111 2145 2008 352 40 26 7 0 0 0 0 0 0 0 0 0 0 0 0 0 0 0 0 0 0 0 0 0 0 0 0 0 0 0 0 0 0 0 0 0 0 0 0 0 0 0 0 0 0 0 0 0 0 0 0 0 0 0 0 0 0 0 0
3.78015e+41 4.28806e+37 1.77076e+35 2.9335e+31 2.36052e+30 2.68499e+28 8.79566e+25 8.79566e+25 1.08456e+25 6.96709e+23 9.08232e+22 5.10251e+21 3.6434e+20 2.67096e+20 2.4493e+19 2.0946e+18 4.13046e+16 3.49847e+16 4.00251e+15 5.65072e+14 2.74535e+14 3.02684e+13 2.61928e+12 3.78275e+10 2.4607e+09 1.3903e+08 1.3903e+08 2.5386e+06 2.09571e+06 61204 10455 3903 628 17 17 2 2 1 0 0 0 0 0 0 0 0 0 0 0 0 0 0 0 0 0 0 0 0 0 0 0 0 0 0 0 0 0 0 0 0 0 0 0 0 0 0 0 0 0 0 0 0 0 0 0 0 0 0 0 0 0 0 0 0 0
4.68241e+42 5.66655e+36 1.54485e+34 2.25003e+31 1.09469e+31 1.50111e+29 1.80702e+28 7.69488e+24 2.70227e+24 1.42995e+23 9.56277e+21 1.0517e+21 2.82591e+20 8.23826e+18 4.31474e+18 5.71852e+17 1.32783e+17 9.09246e+15 2.11664e+13 2.11664e+13 2.11664e+13 6.06833e+12 1.18377e+11 2.74987e+10 1.12768e+10 1.67078e+09 4.53009e+07 1.14095e+07 356852 192694 17984 5191 1977 506 21 8 3 2 0 0 0 0 0 0 0 0 0 0 0 0 0 0 0 0 0 0 0 0 0 0 0 0 0 0 0 0 0 0 0 0 0 0 0 0 0 0 0 0 0 0 0 0 0 0 0 0 0 0 0 0 0 0 0 0 0
9.2731e+40 5.90799e+36 9.37747e+31 7.02475e+31 9.04056e+27 2.3162e+27 3.32316e+25 3.32316e+25 6.68046e+24 2.52768e+22 2.95793e+21 2.56237e+19 2.56237e+19 1.99379e+18 1.99379e+18 7.98484e+16 2.1549e+15 1.98517e+15 8.06635e+14 1.93871e+13 3.5395e+12 5.2574e+11 8.2311e+10 1.99436e+10 7.07048e+09 6.30462e+08 3.66526e+07 2.73812e+06 249366 15399 4755 816 277 57 12 9 4 1 0 0 0 0 0 0 0 0 0 0 0 0 0 0 0 0 0 0 0 0 0 0 0 0 0 0 0 0 0 0 0 0 0 0 0 0 0 0 0 0 0 0 0 0 0 0 0 0 0 0 0 0 0 0 0 0 0
3.0974e+39 8.99759e+35 9.35361e+33 2.25464e+29 1.72143e+28 4.6116e+26 4.6116e+26 1.18182e+23 1.18182e+23 1.18182e+23 8.48017e+20 1.68315e+20 1.0343e+19 5.78433e+18 5.78433e+18 6.0231e+17 5.0936e+16 5.0936e+16 1.5145e+16 9.63667e+14 7.4557e+13 1.41446e+13 4.37372e+12 2.51767e+12 8.67203e+10 1.69793e+10 3.04074e+09 8.49785e+07 1.88064e+07 3.09407e+06 31929 24276 6239 2498 438 28 6 6 3 0 0 0 0 0 0 0 0 0 0 0 0 0 0 0 0 0 0 0 0 0 0 0 0 0 0 0 0 0 0 0 0 0 0 0 0 0 0 0 0 0 0 0 0 0 0 0 0 0 0 0 0 0 0 0 0
1.57839e+42 1.16648e+38 5.32442e+35 4.38911e+30 1.64711e+28 6.65189e+27 2.25579e+27 9.26314e+25 9.63196e+22 8.91538e+22 5.5491e+22 4.86535e+20 4.86535e+20 3.18661e+20 3.53669e+19 1.09049e+18 5.95956e+17 1.35546e+17 7.00878e+16 5.57148e+15 1.35938e+14 2.47994e+13 1.47706e+13 4.2784e+12 1.02344e+12 2.86749e+11 6.27458e+10 2.79387e+09 1.07206e+08 2.76289e+07 2.13818e+06 565612 143155 69284 7090 1593 169 39 17 0 0 0 0 0 0 0 0 0 0 0 0 0 0 0 0 0 0 0 0 0 0 0 0 0 0 0 0 0 0 0 0 0 0 0 0 0 0 0 0 0 0 0 0 0 0 0 0 0 0 0 0 0 0 0 0
3.22231e+38 4.11425e+36 5.92403e+33 6.29676e+31 8.4443e+29 9.73793e+28 9.73793e+28 1.30292e+27 2.29543e+25 2.91484e+23 8.01201e+21 7.34027e+20 7.34027e+20 7.34027e+20 1.39354e+20 1.62439e+19 2.41806e+18 5.34027e+16 5.16683e+16 1.34351e+15 5.42376e+14 4.36169e+13 1.95695e+12 3.66524e+11 1.30053e+11 5.02532e+09 3.31049e+09 2.01698e+08 1.46773e+07 298147 54839 32360 4913 619 65 55 17 7 2 0 0 0 0 0 0 0 0 0 0 0 0 0 0 0 0 0 0 0 0 0 0 0 0 0 0 0 0 0 0 0 0 0 0 0 0 0 0 0 0 0 0 0 0 0 0 0 0 0 0 0 0 0 0 0 0
1.11637e+42 9.72143e+36 3.51364e+34 2.42192e+32 1.52287e+30 2.7679e+29 6.42206e+27 4.24542e+25 1.38715e+25 2.36022e+23 1.77741e+23 1.12407e+22 1.05517e+20 4.06995e+19 3.49056e+18 4.28232e+17 1.73541e+17 7.31763e+16 9.26471e+15 9.50483e+14 7.452e+13 1.06532e+13 1.91381e+12 1.81239e+11 2.83944e+10 5.71462e+09 1.89923e+08 1.63469e+08 1.03348e+07 284230 151276 111804 52330 21189 1791 236 15 6 3 0 0 0 0 0 0 0 0 0 0 0 0 0 0 0 0 0 0 0 0 0 0 0 0 0 0 0 0 0 0 0 0 0 0 0 0 0 0 0 0 0 0 0 0 0 0 0 0 0 0 0 0 0 0 0 0
2.96456e+39 6.38664e+37 2.20668e+34 2.45697e+31 1.91058e+30 1.28006e+29 1.43691e+27 1.43691e+27 1.51897e+24 1.51897e+24 2.39472e+23 2.08813e+22 1.35882e+20 1.35882e+20 1.40122e+19 2.74374e+17 2.74374e+17 1.29642e+17 8.69248e+15 4.0477e+15 7.37276e+14 2.80328e+14 7.52536e+12 3.73528e+12 3.80187e+11 4.8156e+10 1.52036e+09 6.86923e+08 4.62638e+07 1.45112e+06 6735 2711 1236 1236 110 35 13 5 2 0 0 0 0 0 0 0 0 0 0 0 0 0 0 0 0 0 0 0 0 0 0 0 0 0 0 0 0 0 0 0 0 0 0 0 0 0 0 0 0 0 0 0 0 0 0 0 0 0 0 0 0 0 0 0 0
1.90801e+40 2.39774e+36 1.47688e+34 3.39729e+31 1.01899e+29 1.09197e+27 8.01556e+25 2.01524e+25 2.45964e+23 7.62034e+22 1.15221e+22 3.61394e+20 1.79859e+20 4.03426e+18 2.04077e+18 2.04077e+18 3.38112e+17 6.51812e+15 6.51812e+15 4.15891e+15 1.52339e+13 1.52339e+13 1.66787e+12 3.84475e+11 1.11864e+10 8.06734e+08 5.60112e+07 1.98023e+07 1.11985e+06 59809 8031 1225 368 27 22 6 4 1 0 0 0 0 0 0 0 0 0 0 0 0 0 0 0 0 0 0 0 0 0 0 0 0 0 0 0 0 0 0 0 0 0 0 0 0 0 0 0 0 0 0 0 0 0 0 0 0 0 0 0 0 0 0 0 0 0
5.93743e+37 2.9454e+37 6.85693e+33 7.82116e+31 3.20792e+29 8.27204e+26 8.27204e+26 5.33995e+26 1.04705e+26 1.21789e+23 6.2404e+22 2.38484e+21 1.81536e+20 2.13664e+18 1.90249e+18 6.68386e+17 2.08729e+17 9.62511e+16 3.29764e+15 1.04544e+14 8.6511e+13 3.4367e+12 5.3037e+10 9.23334e+09 1.54839e+09 3.89854e+08 3.35854e+07 2.02834e+07 7.66822e+06 842729 34916 2964 57 57 7 5 1 0 0 0 0 0 0 0 0 0 0 0 0 0 0 0 0 0 0 0 0 0 0 0 0 0 0 0 0 0 0 0 0 0 0 0 0 0 0 0 0 0 0 0 0 0 0 0 0 0 0 0 0 0 0 0 0 0 0
9.30864e+37 5.28283e+36 8.51654e+34 4.27797e+30 1.46072e+28 1.46072e+28 6.74876e+27 5.28864e+26 1.65234e+24 8.63337e+23 8.63337e+23 2.60539e+22 8.68858e+20 1.49271e+20 2.691e+19 1.51401e+18 2.15545e+17 6.38527e+16 4.41699e+15 5.44266e+14 9.68743e+13 2.37593e+12 1.38745e+12 5.60861e+10 8.09815e+09 3.12757e+08 4.58865e+06 310214 310214 10020 7735 307 164 40 17 2 1 0 0 0 0 0 0 0 0 0 0 0 0 0 0 0 0 0 0 0 0 0 0 0 0 0 0 0 0 0 0 0 0 0 0 0 0 0 0 0 0 0 0 0 0 0 0 0 0 0 0 0 0 0 0 0 0 0 0
5.87225e+37 9.33148e+35 9.33148e+35 1.73016e+30 1.73016e+30 6.9814e+29 3.04385e+24 3.04385e+24 3.04385e+24 3.04385e+24 7.28517e+22 7.27257e+21 4.26016e+20 4.87964e+18 3.25892e+18 1.21334e+18 7.70809e+16 8.68551e+15 7.30023e+15 1.80296e+15 4.53681e+12 4.53681e+12 2.55842e+11 1.33826e+10 3.66618e+09 1.88481e+08 4.46664e+07 1.51466e+07 256465 256465 16810 4317 673 61 16 5 0 0 0 0 0 0 0 0 0 0 0 0 0 0 0 0 0 0 0 0 0 0 0 0 0 0 0 0 0 0 0 0 0 0 0 0 0 0 0 0 0 0 0 0 0 0 0 0 0 0 0 0 0 0 0 0 0 0 0
8.69648e+41 3.35481e+36 3.36039e+34 8.89159e+29 3.88026e+29 1.06259e+29 3.95885e+27 2.49357e+25 1.57363e+25 2.91785e+23 1.15372e+23 1.12418e+21 1.12418e+21 9.95937e+18 1.78906e+18 5.29984e+17 2.73971e+16 3.03124e+15 1.06089e+15 1.27942e+14 2.21892e+12 2.87247e+11 2.81881e+10 4.39238e+08 2.92341e+07 2.92341e+07 446409 354190 102157 7578 2853 803 676 77 17 4 2 0 0 0 0 0 0 0 0 0 0 0 0 0 0 0 0 0 0 0 0 0 0 0 0 0 0 0 0 0 0 0 0 0 0 0 0 0 0 0 0 0 0 0 0 0 0 0 0 0 0 0 0 0 0 0 0 0 0
3.01835e+41 5.37975e+36 3.13034e+34 2.2142e+31 1.0606e+30 6.01855e+27 6.01855e+27 1.85785e+26 5.90438e+25 1.54073e+24 1.13797e+22 6.48959e+21 1.59435e+19 5.51634e+18 2.63628e+18 1.99653e+17 9.78446e+16 5.38193e+16 4.50053e+16 1.76467e+15 5.39928e+13 2.695e+13 8.49822e+11 1.27796e+11 5.75397e+09 1.27568e+09 5.34096e+07 3.35892e+07 1.92583e+06 493615 397736 9277 7498 1625 1486 432 36 22 5 0 0 0 0 0 0 0 0 0 0 0 0 0 0 0 0 0 0 0 0 0 0 0 0 0 0 0 0 0 0 0 0 0 0 0 0 0 0 0 0 0 0 0 0 0 0 0 0 0 0 0 0 0 0 0 0
2.14241e+41 5.66878e+33 5.66878e+33 1.16084e+31 5.16303e+30 2.30813e+29 4.36303e+27 2.1041e+25 2.34002e+23 2.34002e+23 2.34002e+23 3.28583e+22 1.34549e+22 1.05455e+21 1.47149e+20 4.50932e+18 1.60465e+17 4.31017e+16 2.54512e+15 9.52715e+14 1.58101e+14 3.30433e+13 5.19177e+12 1.85447e+12 1.03177e+11 1.66073e+09 5.45155e+08 7.19673e+06 6.3417e+06 693996 25165 6444 493 478 38 14 5 0 0 0 0 0 0 0 0 0 0 0 0 0 0 0 0 0 0 0 0 0 0 0 0 0 0 0 0 0 0 0 0 0 0 0 0 0 0 0 0 0 0 0 0 0 0 0 0 0 0 0 0 0 0 0 0 0 0
1.32943e+41 5.83875e+36 2.06135e+35 3.17049e+31 3.00363e+31 1.65685e+29 3.48758e+28 9.00413e+25 2.06966e+25 2.41406e+23 3.17491e+22 3.22079e+21 1.88749e+20 7.34024e+19 3.76141e+17 3.0459e+17 4.72436e+15 4.72436e+15 2.69341e+15 1.31463e+14 2.76238e+13 1.57453e+12 2.37288e+11 1.46441e+11 2.80182e+10 3.76579e+08 6.99608e+07 1.60579e+07 1.80103e+06 1.3125e+06 47091 2089 817 302 43 6 5 2 0 0 0 0 0 0 0 0 0 0 0 0 0 0 0 0 0 0 0 0 0 0 0 0 0 0 0 0 0 0 0 0 0 0 0 0 0 0 0 0 0 0 0 0 0 0 0 0 0 0 0 0 0 0 0 0 0
1.26345e+41 6.62108e+37 1.59841e+33 1.77933e+31 4.85367e+29 4.32735e+28 2.36667e+26 5.64691e+25 5.72758e+23 5.72758e+23 1.23721e+22 1.50974e+21 1.15469e+21 3.83051e+18 3.83051e+18 8.19086e+17 9.65236e+16 3.87279e+15 2.78807e+15 2.29237e+14 8.03607e+12 1.61385e+12 1.61385e+12 2.87124e+11 3.45346e+10 8.99576e+09 1.62712e+09 4.89522e+08 1.07848e+08 2.31834e+07 2.8758e+06 136441 37442 2472 1050 41 12 4 0 0 0 0 0 0 0 0 0 0 0 0 0 0 0 0 0 0 0 0 0 0 0 0 0 0 0 0 0 0 0 0 0 0 0 0 0 0 0 0 0 0 0 0 0 0 0 0 0 0 0 0 0 0 0 0 0
7.24649e+39 5.89127e+37 1.66681e+33 1.65429e+29 4.28726e+28 5.40619e+27 6.56551e+25 1.0001e+25 1.71999e+21 1.71999e+21 7.48474e+20 2.59172e+19 2.59172e+19 1.08271e+18 5.45075e+17 1.63022e+17 1.41982e+16 1.40541e+16 6.36743e+14 2.55147e+14 3.81935e+13 9.5259e+12 4.612e+12 1.14602e+12 1.0881e+10 3.9067e+08 3.57868e+07 1.04963e+07 786871 147148 3103 3103 361 52 20 9 2 0 0 0 0 0 0 0 0 0 0 0 0 0 0 0 0 0 0 0 0 0 0 0 0 0 0 0 0 0 0 0 0 0 0 0 0 0 0 0 0 0 0 0 0 0 0 0 0 0 0 0 0 0 0 0 0 0 0
7.33604e+41 1.36441e+37 7.19236e+33 1.24294e+32 1.09403e+30 2.06598e+29 5.66598e+27 9.03851e+24 6.09588e+24 1.14068e+23 1.14068e+23 1.23628e+22 8.82663e+20 3.22061e+18 3.22061e+18 5.58486e+17 4.97909e+16 2.76401e+16 1.87618e+16 2.85787e+14 3.42386e+13 8.10912e+12 4.09315e+12 8.18681e+11 2.12657e+10 5.15203e+08 9.45846e+06 1.51672e+06 583416 20678 5400 2895 1846 286 29 6 3 1 0 0 0 0 0 0 0 0 0 0 0 0 0 0 0 0 0 0 0 0 0 0 0 0 0 0 0 0 0 0 0 0 0 0 0 0 0 0 0 0 0 0 0 0 0 0 0 0 0 0 0 0 0 0 0 0 0
2.43273e+40 1.56981e+36 8.7602e+33 7.01367e+27 7.01367e+27 1.19602e+26 1.19602e+26 2.25783e+24 7.63427e+22 1.52877e+21 1.52877e+21 1.53841e+20 3.78544e+19 3.78544e+19 3.30224e+17 5.64471e+16 2.2033e+15 2.2033e+15 2.6309e+14 1.56273e+14 2.02562e+13 4.89979e+12 1.31309e+12 9.80323e+10 1.01219e+10 4.41731e+09 4.94576e+08 1.12667e+08 3.69957e+06 703458 121583 39532 4597 486 90 24 20 6 2 0 0 0 0 0 0 0 0 0 0 0 0 0 0 0 0 0 0 0 0 0 0 0 0 0 0 0 0 0 0 0 0 0 0 0 0 0 0 0 0 0 0 0 0 0 0 0 0 0 0 0 0 0 0 0 0
