8163.6 7315.3 3805 2008.74 1453.74 1076.69 886.227 700.937 412.991 327.331 250.585 236.639 196.853 165.236 139.359 137.919 128.813 123.382 119.237 115.633 113.889 111.65 106.607 104.306 102.655 101.513 100.842 100.519 100.332 100.144 100.113 100.066 100.038 100.028 100.018 100.011 100.007 100.004 100.002 100.001 100 100 100 100 100 100 100 100 100 100 100 100 100 100 100 100 100 100 100 100 100 100 100 100 100 100 100 100 100 100 100 100 100 100 100 100 100 100 100 100 100 100 100 100 100 100 100 100 100 100 100 100 100 100 100
8797.7 6107.87 4337.16 2741.97 1786.06 1461.96 964.446 665.895 537.853 394.448 248.245 223.775 202.512 166.989 156.847 137.21 130.073 123.945 120.922 116.689 115.004 112.097 107.953 105.653 102.988 101.975 100.961 100.614 100.323 100.154 100.118 100.073 100.053 100.026 100.019 100.011 100.007 100.004 100.003 100.001 100 100 100 100 100 100 100 100 100 100 100 100 100 100 100 100 100 100 100 100 100 100 100 100 100 100 100 100 100 100 100 100 100 100 100 100 100 100 100 100 100 100 100 100 100 100 100 100 100 100 100 100 100 100 100
8060.8 7090.8 4259.51 2624.5 2099.04 1475.98 886.135 783.871 526.033 395.497 309.405 239.151 202.927 177.656 162.071 143.64 134.255 124.603 121.492 117.321 115.65 113.34 110.478 106.194 104.732 102.556 101.192 100.742 100.408 100.26 100.136 100.077 100.047 100.028 100.019 100.013 100.008 100.004 100.003 100.001 100 100 100 100 100 100 100 100 100 100 100 100 100 100 100 100 100 100 100 100 100 100 100 100 100 100 100 100 100 100 100 100 100 100 100 100 100 100 100 100 100 100 100 100 100 100 100 100 100 100 100 100 100 100 100
8091.05 4100.08 3204.56 1652.99 1210.75 736.691 666.709 421.129 378.826 281.821 237.629 181.11 158.721 142.533 138.386 131.028 123.823 120.598 118.143 115.054 113.413 110.324 106.368 104.137 102.051 100.933 100.608 100.42 100.26 100.142 100.077 100.052 100.031 100.02 100.012 100.008 100.004 100.003 100.002 100 100 100 100 100 100 100 100 100 100 100 100 100 100 100 100 100 100 100 100 100 100 100 100 100 100 100 100 100 100 100 100 100 100 100 100 100 100 100 100 100 100 100 100 100 100 100 100 100 100 100 100 100 100 100 100
7604.22 4818.39 4818.39 3247.61 2597.56 1466.07 1274.47 923.071 729.759 469.157 337.436 289.829 215.92 189.19 172.093 148.01 135.025 129.886 124.353 118.981 116.209 114.261 109.992 108.282 104.332 102.815 101.198 100.806 100.463 100.278 100.142 100.11 100.061 100.043 100.026 100.016 100.01 100.006 100.003 100.001 100 100 100 100 100 100 100 100 100 100 100 100 100 100 100 100 100 100 100 100 100 100 100 100 100 100 100 100 100 100 100 100 100 100 100 100 100 100 100 100 100 100 100 100 100 100 100 100 100 100 100 100 100 100 100
7301.82 5892.88 3458.51 1890.64 1219.27 909.569 677.372 470.118 377.519 281.311 242.971 211.371 165.684 155.999 140.821 127.919 125.246 122.539 118.457 114.173 113.466 111.146 107.004 104.574 102.262 101.429 100.736 100.417 100.262 100.164 100.1 100.056 100.042 100.022 100.013 100.009 100.006 100.003 100.002 100 100 100 100 100 100 100 100 100 100 100 100 100 100 100 100 100 100 100 100 100 100 100 100 100 100 100 100 100 100 100 100 100 100 100 100 100 100 100 100 100 100 100 100 100 100 100 100 100 100 100 100 100 100 100 100
7900.3 7524 5429.22 2779.12 2194.77 1854.6 1069.87 907.184 615.915 509.653 399.091 285.74 233.176 184.342 165.312 156.475 138.329 130.594 123.99 120.018 116.747 114.734 112.367 108.227 104.277 102.132 101.63 100.841 100.483 100.309 100.179 100.097 100.067 100.037 100.024 100.014 100.009 100.005 100.004 100.001 100 100 100 100 100 100 100 100 100 100 100 100 100 100 100 100 100 100 100 100 100 100 100 100 100 100 100 100 100 100 100 100 100 100 100 100 100 100 100 100 100 100 100 100 100 100 100 100 100 100 100 100 100 100 100
7138.54 7027.08 4918.86 2690.34 1668.91 1292.29 1002.75 684.822 495.744 364.241 280.047 233.962 182.904 177.09 146.935 144.041 131.088 124.823 121.57 117.105 114.847 112.944 110.384 107.073 103.667 102.221 101.372 100.8 100.359 100.194 100.129 100.073 100.048 100.029 100.016 100.011 100.007 100.004 100.003 100.001 100 100 100 100 100 100 100 100 100 100 100 100 100 100 100 100 100 100 100 100 100 100 100 100 100 100 100 100 100 100 100 100 100 100 100 100 100 100 100 100 100 100 100 100 100 100 100 100 100 100 100 100 100 100 100
6080.33 5497.17 3789.61 1673.64 1076.1 789.806 580.168 392.006 318.666 273.481 223.915 181.24 161.428 149.833 136.977 125.236 122.491 118.847 117.461 114.988 113.624 109.432 106.66 103.874 101.9 101.201 100.697 100.374 100.23 100.135 100.099 100.058 100.037 100.021 100.016 100.01 100.006 100.003 100.002 100 100 100 100 100 100 100 100 100 100 100 100 100 100 100 100 100 100 100 100 100 100 100 100 100 100 100 100 100 100 100 100 100 100 100 100 100 100 100 100 100 100 100 100 100 100 100 100 100 100 100 100 100 100 100 100
7622.15 7223.55 2458.02 1836.79 1626.88 1119.6 744.538 565.065 427.838 322.9 243.926 186.572 179.262 164.035 146.958 133.197 126.736 122.036 117.275 115.258 114.317 109.612 107.214 103.733 102.396 101.29 100.857 100.511 100.286 100.173 100.104 100.061 100.039 100.026 100.017 100.01 100.006 100.004 100.002 100.001 100 100 100 100 100 100 100 100 100 100 100 100 100 100 100 100 100 100 100 100 100 100 100 100 100 100 100 100 100 100 100 100 100 100 100 100 100 100 100 100 100 100 100 100 100 100 100 100 100 100 100 100 100 100 100
7249.25 5856.96 4247.27 2001.44 1433.79 1024.34 741.124 463.89 428.386 330.707 264.666 201.156 176.768 158.692 139.915 133.68 129.458 124.123 120.315 116.386 114.18 112.301 107.627 104.694 102.986 101.465 100.948 100.521 100.247 100.177 100.088 100.061 100.036 100.025 100.016 100.009 100.006 100.004 100.002 100 100 100 100 100 100 100 100 100 100 100 100 100 100 100 100 100 100 100 100 100 100 100 100 100 100 100 100 100 100 100 100 100 100 100 100 100 100 100 100 100 100 100 100 100 100 100 100 100 100 100 100 100 100 100 100
6384.32 4385.2 3484.85 1447.14 1413.38 961.466 677.823 545.026 429.459 325.488 258.623 218.162 165.93 156.82 141.536 130.654 129.072 122.568 118.469 116.039 114.351 110.219 107.266 104.781 102.638 101.561 100.87 100.526 100.314 100.179 100.129 100.076 100.045 100.028 100.015 100.01 100.006 100.004 100.002 100.001 100 100 100 100 100 100 100 100 100 100 100 100 100 100 100 100 100 100 100 100 100 100 100 100 100 100 100 100 100 100 100 100 100 100 100 100 100 100 100 100 100 100 100 100 100 100 100 100 100 100 100 100 100 100 100
7233.58 6650.87 3832.95 2107.71 1295.58 867.611 794.401 554.789 362.037 354.571 253.407 221.77 188.469 160.156 144.87 135.166 126.152 122.214 118.548 116.07 113.983 111.587 108.073 105.146 102.701 101.374 100.784 100.476 100.281 100.146 100.098 100.058 100.038 100.023 100.015 100.01 100.006 100.003 100.002 100 100 100 100 100 100 100 100 100 100 100 100 100 100 100 100 100 100 100 100 100 100 100 100 100 100 100 100 100 100 100 100 100 100 100 100 100 100 100 100 100 100 100 100 100 100 100 100 100 100 100 100 100 100 100 100
6640.34 5583.19 5094.88 2161.85 1486.23 1218.37 927.642 624.396 476.702 344.713 245.73 223.47 184.629 156.836 144.993 136.24 127.538 122.995 119.508 116.905 114.687 112.102 107.115 104.555 102.736 101.265 100.752 100.446 100.227 100.176 100.093 100.064 100.04 100.025 100.015 100.008 100.006 100.003 100.002 100 100 100 100 100 100 100 100 100 100 100 100 100 100 100 100 100 100 100 100 100 100 100 100 100 100 100 100 100 100 100 100 100 100 100 100 100 100 100 100 100 100 100 100 100 100 100 100 100 100 100 100 100 100 100 100
7669.16 4745.76 3737.72 1921.29 1193.86 1012.82 751.63 500.882 406.737 325.92 276.723 226.474 192.577 166.78 151.77 135.014 131.407 124.925 120.776 116.585 114.669 112.159 109.141 105.263 103.459 101.784 100.919 100.61 100.346 100.189 100.113 100.076 100.038 100.025 100.017 100.011 100.006 100.004 100.003 100.001 100 100 100 100 100 100 100 100 100 100 100 100 100 100 100 100 100 100 100 100 100 100 100 100 100 100 100 100 100 100 100 100 100 100 100 100 100 100 100 100 100 100 100 100 100 100 100 100 100 100 100 100 100 100 100
6020.13 5538.56 3775.2 1881.79 1152.86 880.648 666.422 510.417 398.823 275.612 236.059 186.682 170.248 152.564 140.641 131.482 125.17 121.11 116.764 115.931 113.502 108.599 105.711 103.583 102.145 101.27 100.81 100.425 100.261 100.158 100.088 100.055 100.039 100.023 100.015 100.009 100.006 100.004 100.002 100 100 100 100 100 100 100 100 100 100 100 100 100 100 100 100 100 100 100 100 100 100 100 100 100 100 100 100 100 100 100 100 100 100 100 100 100 100 100 100 100 100 100 100 100 100 100 100 100 100 100 100 100 100 100 100
6344.05 4938.01 3555.51 1800.35 1642.71 954.84 743.006 605.017 417.174 318.904 282.664 218.551 191.222 166.793 147.503 137.399 128.297 124.047 120.43 117.199 114.537 112.806 108.204 105.124 102.799 101.593 100.748 100.496 100.267 100.169 100.096 100.068 100.042 100.028 100.015 100.009 100.006 100.004 100.002 100 100 100 100 100 100 100 100 100 100 100 100 100 100 100 100 100 100 100 100 100 100 100 100 100 100 100 100 100 100 100 100 100 100 100 100 100 100 100 100 100 100 100 100 100 100 100 100 100 100 100 100 100 100 100 100
7120.85 5143.59 4393.63 2029.93 1314.4 985.425 784.999 418.891 418.891 339.871 229.734 206.861 166.446 156.684 139.5 133.352 122.152 120.463 118.453 115.92 114.232 110.586 107.676 104.33 102.457 101.436 100.783 100.522 100.288 100.186 100.094 100.065 100.042 100.028 100.017 100.01 100.007 100.004 100.002 100.001 100 100 100 100 100 100 100 100 100 100 100 100 100 100 100 100 100 100 100 100 100 100 100 100 100 100 100 100 100 100 100 100 100 100 100 100 100 100 100 100 100 100 100 100 100 100 100 100 100 100 100 100 100 100 100
7471.74 4685.88 3805.39 1635.3 1214.4 822.108 542.639 353.029 353.029 276.744 210.708 188.119 160.146 146.935 135.27 126.991 124.388 119.837 117.327 115.623 113.254 109.86 105.77 103.377 101.871 100.951 100.66 100.415 100.189 100.158 100.083 100.048 100.03 100.019 100.014 100.008 100.005 100.003 100.002 100 100 100 100 100 100 100 100 100 100 100 100 100 100 100 100 100 100 100 100 100 100 100 100 100 100 100 100 100 100 100 100 100 100 100 100 100 100 100 100 100 100 100 100 100 100 100 100 100 100 100 100 100 100 100 100
7102.81 6243.34 4541.23 1899.93 1415.32 1117.64 627.833 512.009 452.152 337.208 255.683 205.769 177.999 156.406 141.052 133.736 126.006 121.931 117.373 115.371 113.702 110.234 106.597 104.233 102.105 101.353 100.805 100.469 100.284 100.16 100.095 100.055 100.039 100.025 100.015 100.008 100.006 100.003 100.002 100 100 100 100 100 100 100 100 100 100 100 100 100 100 100 100 100 100 100 100 100 100 100 100 100 100 100 100 100 100 100 100 100 100 100 100 100 100 100 100 100 100 100 100 100 100 100 100 100 100 100 100 100 100 100 100
7042.38 5003.92 3841.69 1702.69 1370.22 969.368 787.802 523.546 414.746 292.346 248.388 199.604 161.377 151.941 145.717 132.58 125.375 123.008 120.081 115.94 113.082 111.423 107.559 104.118 103.091 101.503 100.978 100.555 100.342 100.199 100.118 100.085 100.047 100.031 100.018 100.011 100.006 100.004 100.003 100.001 100 100 100 100 100 100 100 100 100 100 100 100 100 100 100 100 100 100 100 100 100 100 100 100 100 100 100 100 100 100 100 100 100 100 100 100 100 100 100 100 100 100 100 100 100 100 100 100 100 100 100 100 100 100 100
6374.53 4729.53 3646.15 1732.33 1096.88 653.208 602.798 468.488 349.99 300.698 234.659 190.639 172.852 144.845 140.106 127.983 125.651 121.154 118.153 115.569 113.275 110.524 107.492 104.482 102.06 101.326 100.885 100.455 100.263 100.177 100.094 100.061 100.043 100.024 100.015 100.009 100.006 100.004 100.002 100 100 100 100 100 100 100 100 100 100 100 100 100 100 100 100 100 100 100 100 100 100 100 100 100 100 100 100 100 100 100 100 100 100 100 100 100 100 100 100 100 100 100 100 100 100 100 100 100 100 100 100 100 100 100 100
7225.56 6711.93 4922.91 2840.74 1940.65 1652.4 979.706 853.486 572.342 459.476 337.046 232.585 222.459 185.612 159.822 144.74 138.44 129.48 123.088 118.927 116.56 114.376 111.667 107.172 105.447 102.559 101.431 100.814 100.399 100.282 100.165 100.094 100.065 100.043 100.027 100.017 100.01 100.006 100.004 100.001 100 100 100 100 100 100 100 100 100 100 100 100 100 100 100 100 100 100 100 100 100 100 100 100 100 100 100 100 100 100 100 100 100 100 100 100 100 100 100 100 100 100 100 100 100 100 100 100 100 100 100 100 100 100 100
7752.5 5013.68 3143.26 2041.12 1384.5 978.251 588.64 473.089 384.514 278.332 228.42 181.143 156.948 156.563 137.109 130.28 124.56 119.568 117.259 115.05 112.487 109.951 106.306 103.479 101.5 100.773 100.541 100.362 100.221 100.143 100.087 100.05 100.029 100.021 100.011 100.008 100.005 100.003 100.002 100 100 100 100 100 100 100 100 100 100 100 100 100 100 100 100 100 100 100 100 100 100 100 100 100 100 100 100 100 100 100 100 100 100 100 100 100 100 100 100 100 100 100 100 100 100 100 100 100 100 100 100 100 100 100 100
6545.44 5519.81 3549.12 1794.24 1047.67 787.758 667.944 443.018 378.454 308.419 247.755 200.372 162.135 153.618 138.243 131.711 125.046 121.77 117.778 115.264 113.215 110.635 106.553 103.838 102.25 101.077 100.768 100.477 100.24 100.159 100.086 100.048 100.037 100.023 100.012 100.008 100.006 100.003 100.002 100 100 100 100 100 100 100 100 100 100 100 100 100 100 100 100 100 100 100 100 100 100 100 100 100 100 100 100 100 100 100 100 100 100 100 100 100 100 100 100 100 100 100 100 100 100 100 100 100 100 100 100 100 100 100 100
5755.34 5461 3703.58 1784.8 1116.39 948.293 654.125 540.317 369.265 311.079 255.672 205.183 168.456 156.472 142.376 131.524 127.172 122.278 119.204 115.774 114.232 111.325 106.792 103.616 103.041 101.518 100.75 100.459 100.239 100.15 100.086 100.062 100.034 100.021 100.014 100.007 100.005 100.003 100.002 100 100 100 100 100 100 100 100 100 100 100 100 100 100 100 100 100 100 100 100 100 100 100 100 100 100 100 100 100 100 100 100 100 100 100 100 100 100 100 100 100 100 100 100 100 100 100 100 100 100 100 100 100 100 100 100
8578.35 6720.32 4366.41 2136.65 1425.07 1093.4 803.589 583.995 366.572 366.572 244.106 221.627 192.234 165.563 149.578 135.253 129.655 123.565 120.54 116.143 114.776 113.035 108.792 105.855 103.698 101.878 101.047 100.708 100.376 100.241 100.127 100.091 100.06 100.032 100.021 100.012 100.007 100.005 100.003 100.001 100 100 100 100 100 100 100 100 100 100 100 100 100 100 100 100 100 100 100 100 100 100 100 100 100 100 100 100 100 100 100 100 100 100 100 100 100 100 100 100 100 100 100 100 100 100 100 100 100 100 100 100 100 100 100
5872.78 4431.82 3502.53 1921.52 1129.48 794.352 591.743 486.059 367.782 281.08 235.002 207.358 166.772 155.29 142.683 131.079 125.609 121.434 117.588 115.341 113.005 110.276 105.712 103.357 101.732 101.223 100.62 100.383 100.211 100.145 100.068 100.053 100.028 100.02 100.013 100.008 100.004 100.003 100.002 100 100 100 100 100 100 100 100 100 100 100 100 100 100 100 100 100 100 100 100 100 100 100 100 100 100 100 100 100 100 100 100 100 100 100 100 100 100 100 100 100 100 100 100 100 100 100 100 100 100 100 100 100 100 100 100
8121.32 5262.31 5179.5 2108.29 1194.34 1071.37 765.479 612.897 407.62 325.14 228.409 206.455 185.73 157.158 143.611 133.162 127.835 121.474 119.06 115.816 114.12 111.788 108.66 104.368 102.591 101.309 100.699 100.414 100.22 100.126 100.077 100.05 100.024 100.019 100.012 100.006 100.005 100.003 100.002 100 100 100 100 100 100 100 100 100 100 100 100 100 100 100 100 100 100 100 100 100 100 100 100 100 100 100 100 100 100 100 100 100 100 100 100 100 100 100 100 100 100 100 100 100 100 100 100 100 100 100 100 100 100 100 100
7647.36 6727.66 4510.98 2726.54 2061.47 1478.61 1093.2 697.971 590.237 414.073 345.392 266.634 209.947 180.957 167.655 145.682 137.113 128.504 120.411 119.263 116.244 113.976 110.779 106.462 104.416 102.389 101.298 100.705 100.43 100.27 100.158 100.101 100.065 100.033 100.02 100.012 100.008 100.005 100.003 100.001 100 100 100 100 100 100 100 100 100 100 100 100 100 100 100 100 100 100 100 100 100 100 100 100 100 100 100 100 100 100 100 100 100 100 100 100 100 100 100 100 100 100 100 100 100 100 100 100 100 100 100 100 100 100 100
8613.42 5805.35 5545.28 3347.05 1782.05 1435.68 948.767 861.366 595.921 411.319 332.684 256.904 216.619 189.187 155.734 142.32 135.983 126.373 122.73 118.209 116.109 112.633 110.054 105.748 104.22 102.02 101.032 100.647 100.397 100.245 100.145 100.087 100.053 100.033 100.017 100.012 100.006 100.004 100.002 100.001 100 100 100 100 100 100 100 100 100 100 100 100 100 100 100 100 100 100 100 100 100 100 100 100 100 100 100 100 100 100 100 100 100 100 100 100 100 100 100 100 100 100 100 100 100 100 100 100 100 100 100 100 100 100 100
7500.01 4754.59 3558.97 1809.95 1421.5 1085.64 734.532 451.992 393.745 288.432 247.139 201.568 167.788 145.688 137.776 130.73 127.359 121.949 118.859 114.859 112.85 109.772 106.541 103.857 102.465 101.222 100.749 100.439 100.268 100.146 100.098 100.06 100.031 100.023 100.015 100.008 100.005 100.003 100.002 100 100 100 100 100 100 100 100 100 100 100 100 100 100 100 100 100 100 100 100 100 100 100 100 100 100 100 100 100 100 100 100 100 100 100 100 100 100 100 100 100 100 100 100 100 100 100 100 100 100 100 100 100 100 100 100
4187.66 4187.66 4187.66 1774.85 1617.17 1018.25 797.782 528.678 403.896 319.795 254.384 215.219 185.034 153.974 149.351 134.255 124.199 122.803 119.634 115.616 114.277 112.428 108.068 104.44 102.51 101.722 100.891 100.533 100.307 100.186 100.117 100.072 100.043 100.023 100.015 100.01 100.006 100.003 100.002 100 100 100 100 100 100 100 100 100 100 100 100 100 100 100 100 100 100 100 100 100 100 100 100 100 100 100 100 100 100 100 100 100 100 100 100 100 100 100 100 100 100 100 100 100 100 100 100 100 100 100 100 100 100 100 100
6024.02 4704.18 3557.36 2166.08 1433.52 889.279 735.879 528.597 420.168 279.882 242.605 200.427 161.41 155.628 142.42 132.849 127.076 123.131 118.989 116.672 114.097 112.264 108.03 104.203 102.58 101.485 100.888 100.502 100.276 100.129 100.106 100.054 100.039 100.02 100.013 100.009 100.006 100.003 100.002 100 100 100 100 100 100 100 100 100 100 100 100 100 100 100 100 100 100 100 100 100 100 100 100 100 100 100 100 100 100 100 100 100 100 100 100 100 100 100 100 100 100 100 100 100 100 100 100 100 100 100 100 100 100 100 100
5624.9 5463.8 4499.47 2046.81 1376.76 911.941 679.412 526.575 408.493 332.564 253.485 214.069 181.688 152.067 146.17 133.877 127.558 123.339 119.1 115.918 114.128 111.289 108.443 104.587 102.764 101.597 100.976 100.497 100.262 100.166 100.115 100.065 100.04 100.026 100.015 100.009 100.006 100.003 100.002 100 100 100 100 100 100 100 100 100 100 100 100 100 100 100 100 100 100 100 100 100 100 100 100 100 100 100 100 100 100 100 100 100 100 100 100 100 100 100 100 100 100 100 100 100 100 100 100 100 100 100 100 100 100 100 100
8010.76 5652.19 3705.66 2317.42 1779.55 1186.65 854.783 640.228 367.407 324.079 246.785 208.028 181.421 161.161 143.386 132.238 127.413 122.316 121.271 116.468 114.097 112.201 108.108 105.001 103.195 101.386 100.922 100.462 100.345 100.176 100.107 100.072 100.045 100.024 100.015 100.01 100.006 100.003 100.002 100.001 100 100 100 100 100 100 100 100 100 100 100 100 100 100 100 100 100 100 100 100 100 100 100 100 100 100 100 100 100 100 100 100 100 100 100 100 100 100 100 100 100 100 100 100 100 100 100 100 100 100 100 100 100 100 100
6207.56 5223.12 4665.99 2480.25 1544.18 892.323 748.109 627.005 444.016 327.13 260.866 218.297 178.29 151.142 144.282 132.502 126.148 122.657 119.62 115.554 114.516 110.139 106.633 105.014 102.608 101.348 100.877 100.471 100.239 100.169 100.102 100.065 100.033 100.026 100.016 100.009 100.005 100.003 100.002 100 100 100 100 100 100 100 100 100 100 100 100 100 100 100 100 100 100 100 100 100 100 100 100 100 100 100 100 100 100 100 100 100 100 100 100 100 100 100 100 100 100 100 100 100 100 100 100 100 100 100 100 100 100 100 100
5842.38 5599.48 3564.7 2709.9 1903.11 1311.07 811.405 655.218 525.711 374.021 321.268 248.758 212.263 174.973 153.453 144.186 136.496 128.616 122.095 117.711 115.46 112.697 110.014 107.65 104.106 102.357 101.316 100.68 100.392 100.248 100.15 100.091 100.059 100.034 100.02 100.012 100.009 100.005 100.003 100.001 100 100 100 100 100 100 100 100 100 100 100 100 100 100 100 100 100 100 100 100 100 100 100 100 100 100 100 100 100 100 100 100 100 100 100 100 100 100 100 100 100 100 100 100 100 100 100 100 100 100 100 100 100 100 100
7646.23 5858.71 4269.67 1839.2 1501.94 1001.61 796.869 604.826 479.209 355.723 256.979 227.023 180.778 162.253 146.935 133.224 127.45 122.307 119.334 116.454 113.692 111.529 108.444 104.158 102.764 101.18 100.885 100.502 100.254 100.181 100.101 100.058 100.037 100.019 100.013 100.01 100.005 100.004 100.002 100.001 100 100 100 100 100 100 100 100 100 100 100 100 100 100 100 100 100 100 100 100 100 100 100 100 100 100 100 100 100 100 100 100 100 100 100 100 100 100 100 100 100 100 100 100 100 100 100 100 100 100 100 100 100 100 100
7015.27 5432.67 4327.38 2657.39 2444.63 1618.04 995.031 586.063 494.723 400.5 252.499 252.499 215.144 180.327 160.009 144.44 133.199 126.864 123.059 117.669 115.799 113.668 110.399 106.675 104.004 102.268 101.326 100.784 100.452 100.223 100.175 100.105 100.052 100.034 100.023 100.012 100.009 100.005 100.003 100.001 100 100 100 100 100 100 100 100 100 100 100 100 100 100 100 100 100 100 100 100 100 100 100 100 100 100 100 100 100 100 100 100 100 100 100 100 100 100 100 100 100 100 100 100 100 100 100 100 100 100 100 100 100 100 100
6716.22 4765.84 4420.38 1807.35 1388.69 1041.13 694.205 489.885 352.462 312.82 238.463 191.5 173.899 154.118 146.305 136.452 124.964 122.92 117.593 115.927 113.741 110.927 107.483 104.329 103.078 101.574 100.907 100.479 100.281 100.176 100.108 100.063 100.043 100.029 100.017 100.01 100.007 100.003 100.002 100 100 100 100 100 100 100 100 100 100 100 100 100 100 100 100 100 100 100 100 100 100 100 100 100 100 100 100 100 100 100 100 100 100 100 100 100 100 100 100 100 100 100 100 100 100 100 100 100 100 100 100 100 100 100 100
5234.75 5234.75 4740.84 2607.91 1585.86 941.01 761.975 685.144 488.808 414.309 299.261 254.85 191.725 169.853 154.633 138.744 132.101 125.497 120.366 117.573 114.65 112.524 108.916 105.591 102.663 101.502 101.045 100.542 100.324 100.221 100.123 100.079 100.052 100.03 100.018 100.01 100.007 100.004 100.002 100.001 100 100 100 100 100 100 100 100 100 100 100 100 100 100 100 100 100 100 100 100 100 100 100 100 100 100 100 100 100 100 100 100 100 100 100 100 100 100 100 100 100 100 100 100 100 100 100 100 100 100 100 100 100 100 100
6153.35 5585.19 4231.64 2155.74 1231.77 1121.47 741.778 531.024 354.144 294.336 241.199 199.815 181.308 158.454 144.976 130.719 127.632 123.768 119.884 116.284 114.461 111.152 107.198 104.365 102.444 101.54 100.76 100.522 100.236 100.162 100.11 100.067 100.04 100.024 100.014 100.009 100.006 100.004 100.002 100.001 100 100 100 100 100 100 100 100 100 100 100 100 100 100 100 100 100 100 100 100 100 100 100 100 100 100 100 100 100 100 100 100 100 100 100 100 100 100 100 100 100 100 100 100 100 100 100 100 100 100 100 100 100 100 100
7868.23 4975.35 4491.7 2531.34 1748.76 1321.05 940.344 617.041 433.099 367.637 276.783 218.614 184.024 176.637 144.682 134.767 130.926 125.473 118.68 117.435 114.643 112.74 108.617 106.555 103.41 101.968 101.173 100.545 100.402 100.215 100.115 100.082 100.05 100.031 100.02 100.011 100.008 100.005 100.003 100.001 100 100 100 100 100 100 100 100 100 100 100 100 100 100 100 100 100 100 100 100 100 100 100 100 100 100 100 100 100 100 100 100 100 100 100 100 100 100 100 100 100 100 100 100 100 100 100 100 100 100 100 100 100 100 100
6065.72 4549.99 3302.91 1583.49 1218.15 895.745 660.717 481.024 319.306 278.235 222.244 189.235 163.825 149.289 139.195 131.972 124.601 120.953 118.865 116.639 114.077 111.367 107.803 103.746 102.741 101.387 100.778 100.433 100.263 100.155 100.1 100.061 100.034 100.023 100.014 100.009 100.006 100.003 100.002 100 100 100 100 100 100 100 100 100 100 100 100 100 100 100 100 100 100 100 100 100 100 100 100 100 100 100 100 100 100 100 100 100 100 100 100 100 100 100 100 100 100 100 100 100 100 100 100 100 100 100 100 100 100 100 100
6343.4 5231.3 3731.22 1809.25 1059.27 852.454 600.026 434.412 368.953 287.273 251.06 177.073 154.78 152.029 140.831 132.019 124.127 121.223 118.574 115.788 113.726 109.996 107.111 103.614 102.4 101.267 100.743 100.479 100.277 100.169 100.105 100.056 100.035 100.026 100.015 100.01 100.006 100.003 100.002 100.001 100 100 100 100 100 100 100 100 100 100 100 100 100 100 100 100 100 100 100 100 100 100 100 100 100 100 100 100 100 100 100 100 100 100 100 100 100 100 100 100 100 100 100 100 100 100 100 100 100 100 100 100 100 100 100
5695.06 5695.06 3846.61 1978.1 1644.75 1236.12 909.146 666.014 445.619 360.409 267.858 235.24 191.765 164.074 149.399 139.678 132.96 122.327 120.808 116.55 114.942 113.484 111.173 105.373 103.214 102.454 101.165 100.733 100.486 100.215 100.16 100.091 100.061 100.037 100.024 100.014 100.009 100.006 100.003 100.001 100 100 100 100 100 100 100 100 100 100 100 100 100 100 100 100 100 100 100 100 100 100 100 100 100 100 100 100 100 100 100 100 100 100 100 100 100 100 100 100 100 100 100 100 100 100 100 100 100 100 100 100 100 100 100
7669.39 5242.26 4053.24 1656.74 1037.33 912.114 601.938 473.734 345.323 294.349 196.217 183.665 160.893 145.258 141.747 130.933 123.039 120.08 116.561 114.32 113.044 109.796 106.141 103.446 101.9 101.248 100.642 100.395 100.218 100.141 100.084 100.054 100.031 100.021 100.013 100.007 100.005 100.003 100.001 100 100 100 100 100 100 100 100 100 100 100 100 100 100 100 100 100 100 100 100 100 100 100 100 100 100 100 100 100 100 100 100 100 100 100 100 100 100 100 100 100 100 100 100 100 100 100 100 100 100 100 100 100 100 100 100
7984.04 5378.23 4317.87 1928.37 1448.79 1043.26 755.501 522.406 361.482 331.404 263.105 220.28 191.525 159.595 145.626 136.512 126.471 122.809 118.108 116.147 114.138 111.931 108.554 104.578 102.295 101.182 100.932 100.515 100.323 100.169 100.103 100.064 100.038 100.023 100.013 100.01 100.005 100.004 100.002 100.001 100 100 100 100 100 100 100 100 100 100 100 100 100 100 100 100 100 100 100 100 100 100 100 100 100 100 100 100 100 100 100 100 100 100 100 100 100 100 100 100 100 100 100 100 100 100 100 100 100 100 100 100 100 100 100
7127.66 5716.07 3812.47 1544.28 975.594 793.01 660.509 448.732 344.152 281.609 242.706 193.992 174.386 149.003 136.614 131.064 125.302 121.74 118.535 115.153 113.835 110.893 106.947 103.866 102.183 101.271 100.753 100.486 100.245 100.178 100.108 100.062 100.045 100.024 100.017 100.011 100.006 100.004 100.002 100.001 100 100 100 100 100 100 100 100 100 100 100 100 100 100 100 100 100 100 100 100 100 100 100 100 100 100 100 100 100 100 100 100 100 100 100 100 100 100 100 100 100 100 100 100 100 100 100 100 100 100 100 100 100 100 100
8539.68 7785.5 5553.46 3267.23 2285.55 1792.21 1155.34 917.53 648.197 507.71 350.181 301.063 231.297 195.452 171.897 145.221 135.607 127.48 122.48 120.495 116.427 114.106 112.199 107.1 103.676 103.128 101.437 100.903 100.505 100.271 100.171 100.086 100.059 100.035 100.02 100.012 100.008 100.005 100.003 100.001 100 100 100 100 100 100 100 100 100 100 100 100 100 100 100 100 100 100 100 100 100 100 100 100 100 100 100 100 100 100 100 100 100 100 100 100 100 100 100 100 100 100 100 100 100 100 100 100 100 100 100 100 100 100 100
