3182.79123776231,2446.28618141468,5310.98399785524,12946.5728694638,11961.806607136,3872.93945913423,7364.71736975754,4777.52128548079,19393.0079802983,6002.41863933104,1756.30387161018,8957.19507974647,3569.23797095275,2320.4713479394,9639.08819873246,5945.37839761204,9899.27175640026,7843.09818612527,7085.40271565341,3883.03484315618,9563.63629550727,3385.69976333645,10555.8997923729,7925.08080836102,8645.7634880262,6753.36104526066,5681.34262542557,11147.637058329,7015.22997252522,7476.79706064096,8041.0608137696,9961.13399182392,2908.69523570056,20590.7755946814,6194.22968048362,10774.6537649452,8095.44709911905,7566.90869484201,3084.20132922008,8334.76206828375,4087.62686918176,2484.53602060864,5428.56257005493,4975.93593017688,5205.75025084329,10533.557294203,2602.55018861622,4565.75440048144,5058.65471501497,5843.53258831935,9780.13111410705
83.2170546699874,359.485196934225,144.064974998326,986.90983849164,660.559512322231,231.142063968648,2251.91519379485,434.344573366806,2051.29162031218,149.129280578531,201.068859175347,1508.93481049049,593.601047281407,195.529172180764,2084.24905986498,383.510109484911,645.103091153537,786.393687188285,1788.90775989643,1050.45397355259,333.176869622701,883.828333589285,1527.81648333146,742.57064792678,1454.29436053964,2206.64460527219,719.610456630391,1004.97325409547,449.082907170752,436.926058348015,790.916905537617,1299.85669607039,104.550578303936,1956.35398810128,405.980767040098,443.992857142302,2246.47071232235,345.61759425895,286.781854566801,1136.16573992619,363.426865541297,139.171189932312,882.293989500148,344.014724640938,1151.87903670932,742.972777883941,340.015621804725,1842.46138340714,706.751600246816,716.477686039983,465.62486200102
32.9938521077721,71.0693335987618,26.4885485976835,126.076172815007,99.6953727078594,71.7272429776872,34.901900692927,40.3765540705498,86.4625810991992,36.7396621810589,26.050552733356,56.4246159737228,33.4738194462314,33.8776604394147,67.6098955335295,62.1793803361282,123.388311564138,45.4238602921096,29.2825214787846,40.8784902123944,35.5778292480779,86.9186685488947,50.0212305175,100.604388044238,135.272703029177,32.9243444942468,16.3854332943486,76.5763719349266,46.4009969634931,34.2851212235655,61.9267860422308,54.6672763163691,18.2788851123749,35.7711372171383,58.1811642751601,81.2489529579619,57.4303175373733,75.3196304029745,25.6517251303305,39.669714705366,59.4049335907167,23.4202827675136,73.9878155414816,12.2710932030198,54.046911347527,43.3038106847577,33.9095250330772,41.1791887067789,98.4874342499717,85.3803884270953,28.4884373829384
1.47833285654536,2.10837458412891,1.60826651916688,2.99640650578255,3.85424650099782,1.7402281823322,0.65244881493004,2.13709408893845,1.42538578910921,1.13458113987906,0.512323425457794,0.886111743886829,1.31320043885398,2.68017582104977,1.76501468592295,1.44733567865273,2.54334775926122,2.02357196307895,0.549642176607392,1.12753120172221,2.01254900022798,5.19392360757894,1.86566386243965,2.02697661594834,1.7948997810575,2.02823351938451,0.625655584543836,1.62020884188405,0.624003581434977,1.38252714631415,1.65406903543078,0.753254531219,0.171604544623051,1.72163635847113,1.37414354151593,3.70898006123576,1.40820886228954,0.990163858104211,0.399761012712645,2.7027708873207,0.709944986940911,1.42750407974597,2.88291930172971,1.73217349962573,1.13865095526251,1.93791459904941,1.03580491195947,0.970433113679348,1.98792758803603,1.09728547036758,1.59833868198621
0.000235637165189928,0.000786624472482345,0.000585927560848631,0.00087312571537268,0.00185037655552378,0.000281459055941014,0.000471785531487967,0.000651164999794673,0.000564627627909431,0.00032385506403898,0.000277309876878462,0.000371958197945332,0.000526332310641919,0.000744757444749666,0.000698433622403627,0.00059134184323284,0.000142768284547401,0.000281868294905507,0.000583749535792322,0.000424867578601607,0.000211719675235145,0.00112126552937752,0.000588530744209947,0.00016771540111904,0.000623042344841451,0.00119231001445996,0.000509684578787528,0.000206493591974777,0.00091787663757259,0.000535616288857454,0.000913959627155236,0.000322917342316487,0.00011574717672147,0.000559970562107992,0.00035323638923046,0.000554983384233765,0.000645316691532116,0.000548122594693723,0.00011606859436597,0.000787800056286869,0.000286699621028674,0.000262711529046555,0.000852231955036586,0.000599849952777731,0.0010681667723702,0.000324579311893558,0.00100971208263445,0.000761873181943429,0.000351035798530575,0.000299077643774126,0.00030135244480789
6.86100065649953e-11,4.73505679110531e-11,1.26817667478463e-10,1.52851953316713e-10,4.0591885408503e-10,1.00783381640213e-10,2.71711542154662e-11,5.70707925362512e-11,1.45803369377973e-10,5.12727638124488e-11,1.65982783073559e-11,2.41016095969826e-11,9.26547727431171e-11,9.25410859053954e-11,9.00399754755199e-11,1.85423232323956e-10,5.40012479177676e-11,6.83257894706912e-11,1.14027898234781e-10,1.45860212796833e-10,3.14344106300268e-11,2.7790747481049e-10,4.06430444854777e-11,8.44693204271607e-11,4.51905179943424e-11,1.51715084939497e-10,6.77005118632223e-11,2.03499439521693e-11,4.58726390206721e-11,1.03796082839835e-10,7.00310920365155e-11,4.99085217597894e-11,1.82467374543194e-11,9.47011358221062e-11,2.35900188272353e-11,6.41762198938522e-11,9.87938619800843e-11,1.62003743753303e-11,1.35855771077331e-11,1.27556631923653e-10,4.20641299569979e-11,1.06126663013129e-10,1.20792265079217e-10,1.3716316971113e-10,1.50009782373672e-10,7.37827576813288e-11,1.92130755749531e-11,9.96465132629965e-11,3.16049408866093e-11,5.47402123629581e-11,2.68869371211622e-11
0,0,0,0,0,0,0,0,0,0,0,0,0,0,0,0,0,0,0,0,0,0,0,0,0,0,0,0,0,0,0,0,0,0,0,0,0,0,0,0,0,0,0,0,0,0,0,0,0,0,0
0,0,0,0,0,0,0,0,0,0,0,0,0,0,0,0,0,0,0,0,0,0,0,0,0,0,0,0,0,0,0,0,0,0,0,0,0,0,0,0,0,0,0,0,0,0,0,0,0,0,0
0,0,0,0,0,0,0,0,0,0,0,0,0,0,0,0,0,0,0,0,0,0,0,0,0,0,0,0,0,0,0,0,0,0,0,0,0,0,0,0,0,0,0,0,0,0,0,0,0,0,0
0,0,0,0,0,0,0,0,0,0,0,0,0,0,0,0,0,0,0,0,0,0,0,0,0,0,0,0,0,0,0,0,0,0,0,0,0,0,0,0,0,0,0,0,0,0,0,0,0,0,0
0,0,0,0,0,0,0,0,0,0,0,0,0,0,0,0,0,0,0,0,0,0,0,0,0,0,0,0,0,0,0,0,0,0,0,0,0,0,0,0,0,0,0,0,0,0,0,0,0,0,0
0,0,0,0,0,0,0,0,0,0,0,0,0,0,0,0,0,0,0,0,0,0,0,0,0,0,0,0,0,0,0,0,0,0,0,0,0,0,0,0,0,0,0,0,0,0,0,0,0,0,0
0,0,0,0,0,0,0,0,0,0,0,0,0,0,0,0,0,0,0,0,0,0,0,0,0,0,0,0,0,0,0,0,0,0,0,0,0,0,0,0,0,0,0,0,0,0,0,0,0,0,0
0,0,0,0,0,0,0,0,0,0,0,0,0,0,0,0,0,0,0,0,0,0,0,0,0,0,0,0,0,0,0,0,0,0,0,0,0,0,0,0,0,0,0,0,0,0,0,0,0,0,0
