5.53592e+42 1.23779e+37 4.57891e+31 3.44493e+29 8.94202e+28 4.13697e+28 4.56296e+26 1.28028e+24 1.28028e+24 4.43196e+22 1.12027e+21 1.12027e+21 3.00024e+20 4.5106e+19 1.88115e+18 5.1194e+17 7.94263e+16 1.0838e+16 3.90709e+15 4.32679e+13 4.32679e+13 8.42316e+12 1.52383e+12 1.60241e+11 1.13846e+10 7.51833e+08 2.0234e+08 2.76835e+07 1.75686e+07 2.55771e+06 548239 27179 983 73 24 4 3 2 0 0 0 0 0 0 0 0 0 0 0 0 0 0 0 0 0 0 0 0 0 0 0 0 0 0 0 0 0 0 0 0 0 0 0 0 0 0 0 0 0 0 0 0 0 0 0 0 0 0 0 0 0 0 0 0 0
1.09825e+43 4.33362e+37 5.23523e+33 4.76403e+30 2.56101e+29 1.05293e+28 3.21387e+26 2.40394e+25 2.42976e+23 1.38693e+22 1.47207e+21 1.31348e+20 5.14723e+19 5.14723e+19 8.87085e+18 5.58118e+16 4.25943e+16 9.08159e+15 2.68332e+15 2.4512e+14 7.50474e+13 5.79381e+12 4.63713e+11 4.63713e+11 9.71728e+10 3.54599e+09 7.83453e+08 8.55076e+06 5.34581e+06 175883 17067 1636 455 129 4 4 4 0 0 0 0 0 0 0 0 0 0 0 0 0 0 0 0 0 0 0 0 0 0 0 0 0 0 0 0 0 0 0 0 0 0 0 0 0 0 0 0 0 0 0 0 0 0 0 0 0 0 0 0 0 0 0 0 0 0
5.44499e+41 1.55783e+35 1.55783e+35 2.01869e+33 1.37824e+32 2.34873e+30 1.08017e+27 1.08017e+27 7.79564e+26 1.13828e+26 6.44477e+23 1.16182e+22 1.16182e+22 1.04425e+21 1.37852e+20 5.75275e+17 8.8329e+16 5.27806e+16 6.84638e+14 6.34458e+14 8.91091e+13 4.38885e+12 1.09974e+11 6.62214e+10 2.62876e+10 4.35044e+08 4.43445e+07 1.36647e+07 6.49349e+06 1.67313e+06 371108 93459 35813 6399 2674 171 12 5 3 0 0 0 0 0 0 0 0 0 0 0 0 0 0 0 0 0 0 0 0 0 0 0 0 0 0 0 0 0 0 0 0 0 0 0 0 0 0 0 0 0 0 0 0 0 0 0 0 0 0 0 0 0 0 0 0
2.73135e+41 8.38688e+36 2.08784e+35 2.1626e+31 2.03292e+28 2.03292e+28 2.26261e+25 2.26261e+25 1.75236e+24 2.57256e+23 6.88226e+20 6.88226e+20 7.32511e+19 6.29269e+18 7.28091e+17 1.78807e+17 6.28109e+16 8.12746e+15 2.57966e+15 1.67232e+13 3.9795e+12 2.50685e+11 7.68673e+09 2.81808e+09 1.04151e+08 2.06132e+07 857063 857063 134083 12530 5032 677 90 35 22 2 1 0 0 0 0 0 0 0 0 0 0 0 0 0 0 0 0 0 0 0 0 0 0 0 0 0 0 0 0 0 0 0 0 0 0 0 0 0 0 0 0 0 0 0 0 0 0 0 0 0 0 0 0 0 0 0 0 0 0
9.73685e+41 8.23318e+33 7.62442e+33 9.66465e+29 2.51808e+28 2.51808e+28 3.15936e+25 3.15936e+25 3.50953e+23 7.08007e+22 7.08007e+22 3.94122e+22 7.50329e+19 8.84074e+18 6.54558e+17 9.20072e+16 5.68838e+16 4.98334e+15 4.98334e+15 1.49726e+14 3.87407e+13 6.66451e+11 7.27279e+10 3.08071e+10 2.38039e+09 5.43045e+08 8.13497e+07 1.2236e+07 1.34348e+06 71865 4629 95 95 21 11 5 1 0 0 0 0 0 0 0 0 0 0 0 0 0 0 0 0 0 0 0 0 0 0 0 0 0 0 0 0 0 0 0 0 0 0 0 0 0 0 0 0 0 0 0 0 0 0 0 0 0 0 0 0 0 0 0 0 0 0
5.50848e+42 7.07417e+37 3.1614e+33 2.25615e+31 2.65547e+29 1.05347e+28 1.05347e+28 3.90778e+27 2.64176e+26 2.76615e+24 3.52987e+23 1.46212e+23 6.27316e+21 8.7e+20 2.05863e+20 2.17648e+18 2.17648e+18 1.61215e+17 2.85382e+16 1.54986e+16 4.07204e+14 3.87259e+13 1.99527e+12 7.10737e+11 2.32074e+11 2.00725e+10 1.48315e+09 2.60019e+07 1.46845e+06 194144 59322 24890 2085 672 41 24 5 3 1 0 0 0 0 0 0 0 0 0 0 0 0 0 0 0 0 0 0 0 0 0 0 0 0 0 0 0 0 0 0 0 0 0 0 0 0 0 0 0 0 0 0 0 0 0 0 0 0 0 0 0 0 0 0 0 0
5.61158e+40 5.22455e+38 1.40514e+36 1.98774e+30 6.9726e+29 5.10249e+29 3.3135e+26 1.3288e+26 1.47392e+25 1.44581e+24 1.01165e+23 1.42148e+22 3.87917e+20 3.87917e+20 7.06164e+18 7.06164e+18 1.5713e+17 9.82444e+16 6.03123e+16 7.47093e+15 2.82847e+14 1.84932e+14 1.62214e+13 5.07821e+12 2.03918e+11 1.75581e+10 1.02315e+09 1.77189e+08 3.30412e+06 2.83958e+06 226700 24218 6830 793 52 6 5 2 0 0 0 0 0 0 0 0 0 0 0 0 0 0 0 0 0 0 0 0 0 0 0 0 0 0 0 0 0 0 0 0 0 0 0 0 0 0 0 0 0 0 0 0 0 0 0 0 0 0 0 0 0 0 0 0 0
7.81077e+42 1.3735e+37 6.38165e+34 5.2102e+31 2.41821e+31 8.45849e+28 5.74842e+27 1.62661e+26 2.4153e+25 3.58131e+23 5.47724e+22 6.82256e+21 3.33179e+20 3.79216e+19 1.32827e+18 3.28498e+17 3.28498e+17 1.48461e+15 1.48461e+15 4.51306e+14 8.56666e+13 1.31494e+13 2.33832e+12 1.82942e+11 1.08682e+09 8.76108e+08 4.29897e+07 5.16993e+06 568578 568578 80952 25080 3453 962 72 12 9 4 2 0 0 0 0 0 0 0 0 0 0 0 0 0 0 0 0 0 0 0 0 0 0 0 0 0 0 0 0 0 0 0 0 0 0 0 0 0 0 0 0 0 0 0 0 0 0 0 0 0 0 0 0 0 0 0 0
2.69889e+42 4.33593e+36 4.73473e+33 8.69667e+30 3.97238e+29 2.68738e+26 2.68738e+26 1.0831e+26 1.7115e+25 1.50701e+24 9.66115e+21 9.66115e+21 7.45409e+21 1.42464e+20 1.57762e+19 6.15338e+18 4.8387e+17 5.4589e+16 2.63624e+16 1.15645e+15 3.40962e+14 2.00369e+13 1.5974e+12 1.03507e+12 7.0105e+10 3.62617e+09 5.43038e+08 1.07868e+08 3.02111e+07 3.32683e+06 1.8975e+06 53058 1032 1032 63 49 21 4 2 0 0 0 0 0 0 0 0 0 0 0 0 0 0 0 0 0 0 0 0 0 0 0 0 0 0 0 0 0 0 0 0 0 0 0 0 0 0 0 0 0 0 0 0 0 0 0 0 0 0 0 0 0 0 0 0
3.43075e+40 4.86475e+35 3.99854e+34 2.65138e+32 3.42782e+30 2.54546e+27 2.54546e+27 2.6948e+25 2.6948e+25 1.00836e+25 4.90171e+20 4.90171e+20 4.90171e+20 1.07915e+20 7.28366e+17 7.28366e+17 1.97253e+17 1.02909e+17 4.82325e+15 2.93427e+14 1.33319e+14 6.14831e+12 1.18921e+12 5.02e+11 1.38737e+11 2.35388e+10 6.91755e+09 1.16552e+09 5.67608e+07 2.7562e+06 11625 11625 2338 367 96 16 10 3 1 0 0 0 0 0 0 0 0 0 0 0 0 0 0 0 0 0 0 0 0 0 0 0 0 0 0 0 0 0 0 0 0 0 0 0 0 0 0 0 0 0 0 0 0 0 0 0 0 0 0 0 0 0 0 0 0
1.4186e+42 8.01059e+34 1.82754e+33 1.34099e+30 2.37211e+28 1.8694e+27 1.8694e+27 2.33271e+26 1.35976e+25 4.25815e+23 1.08532e+22 8.74583e+19 8.30729e+18 8.30729e+18 2.51613e+18 3.24245e+17 1.15469e+16 1.15469e+16 6.50317e+15 8.37724e+13 3.58587e+13 5.46595e+12 7.79488e+11 2.2116e+11 1.63296e+10 4.35903e+09 1.69294e+09 1.75856e+08 5.8298e+06 386104 35401 549 549 51 41 10 7 2 0 0 0 0 0 0 0 0 0 0 0 0 0 0 0 0 0 0 0 0 0 0 0 0 0 0 0 0 0 0 0 0 0 0 0 0 0 0 0 0 0 0 0 0 0 0 0 0 0 0 0 0 0 0 0 0 0
3.27778e+39 3.25713e+37 5.00085e+34 6.51971e+31 6.69554e+30 3.64972e+29 6.50668e+27 5.41121e+23 3.90463e+22 3.90463e+22 1.59443e+22 2.57475e+21 3.0329e+20 1.32028e+19 6.14918e+17 1.83207e+17 1.41803e+17 2.51706e+16 5.47889e+15 3.83176e+15 7.29246e+14 6.88761e+13 1.84246e+12 9.95928e+09 9.95928e+09 9.13118e+08 1.28822e+08 8.65727e+06 1.26201e+06 119366 33025 20607 2650 611 116 18 10 3 1 0 0 0 0 0 0 0 0 0 0 0 0 0 0 0 0 0 0 0 0 0 0 0 0 0 0 0 0 0 0 0 0 0 0 0 0 0 0 0 0 0 0 0 0 0 0 0 0 0 0 0 0 0 0 0 0
8.72744e+39 2.43117e+36 2.89871e+32 2.89871e+32 2.12168e+30 1.18152e+30 1.27973e+27 3.16656e+26 1.98545e+25 2.01627e+22 2.01627e+22 1.59044e+22 2.22795e+20 2.22795e+20 2.72314e+18 5.9688e+17 3.23924e+17 1.57816e+17 5.18588e+15 3.08177e+15 2.14767e+14 8.01535e+13 1.10927e+13 5.65942e+12 8.66982e+11 3.71645e+10 9.70228e+08 3.6079e+07 1.11327e+07 1.36126e+06 12397 10233 3123 176 20 13 6 4 0 0 0 0 0 0 0 0 0 0 0 0 0 0 0 0 0 0 0 0 0 0 0 0 0 0 0 0 0 0 0 0 0 0 0 0 0 0 0 0 0 0 0 0 0 0 0 0 0 0 0 0 0 0 0 0 0
3.2556e+39 1.92982e+36 8.24948e+34 1.67019e+29 1.67019e+29 5.33628e+28 1.55995e+26 3.98471e+25 4.27618e+24 3.66611e+23 2.63003e+21 2.63003e+21 2.63003e+21 1.50635e+20 3.33051e+18 2.09389e+17 8.44822e+16 6.5146e+16 1.60474e+16 1.16335e+15 2.1192e+14 8.56639e+12 2.24794e+12 6.33658e+11 1.15582e+11 5.37396e+10 9.91973e+08 4.05077e+08 2.02904e+06 401908 102872 25800 5261 72 68 13 5 3 0 0 0 0 0 0 0 0 0 0 0 0 0 0 0 0 0 0 0 0 0 0 0 0 0 0 0 0 0 0 0 0 0 0 0 0 0 0 0 0 0 0 0 0 0 0 0 0 0 0 0 0 0 0 0 0 0
1.9607e+35 2.6266e+34 2.6266e+34 1.81027e+31 2.73496e+30 3.9775e+27 3.9775e+27 1.18452e+26 3.26738e+24 3.42103e+23 1.42215e+22 1.96386e+21 1.96386e+21 1.26887e+19 3.60908e+17 3.60908e+17 1.85236e+17 8.24283e+16 1.56354e+16 1.8727e+15 1.4178e+14 7.8131e+12 3.81658e+11 1.74229e+11 1.22798e+09 1.22443e+09 4.03762e+08 1.3402e+07 1.88298e+06 43422 3100 2085 341 41 16 5 4 1 0 0 0 0 0 0 0 0 0 0 0 0 0 0 0 0 0 0 0 0 0 0 0 0 0 0 0 0 0 0 0 0 0 0 0 0 0 0 0 0 0 0 0 0 0 0 0 0 0 0 0 0 0 0 0 0 0
1.26508e+40 6.47543e+35 7.33511e+33 1.90551e+30 1.90551e+30 9.96154e+29 2.57195e+27 2.57195e+27 2.45776e+24 2.45776e+24 2.17943e+22 2.17943e+22 1.88562e+20 1.88562e+20 1.3873e+19 1.09595e+19 4.59056e+17 4.53844e+16 4.53844e+16 5.20777e+15 6.71044e+14 4.23154e+14 4.33049e+12 1.41241e+12 9.36917e+10 3.63355e+10 1.24776e+09 1.81687e+08 2.76713e+07 1.94784e+07 5.79988e+06 795312 40269 7056 716 249 48 22 7 0 0 0 0 0 0 0 0 0 0 0 0 0 0 0 0 0 0 0 0 0 0 0 0 0 0 0 0 0 0 0 0 0 0 0 0 0 0 0 0 0 0 0 0 0 0 0 0 0 0 0 0 0 0 0 0
4.24019e+40 1.76141e+36 1.59022e+34 7.94778e+31 1.0703e+31 3.61447e+29 1.02734e+28 1.30645e+27 6.07048e+24 4.52817e+23 1.09348e+23 7.93173e+22 1.74818e+22 3.77013e+20 4.39689e+19 7.95121e+18 1.78317e+18 2.5154e+17 8.6087e+16 1.27475e+16 7.52167e+14 2.60795e+13 2.99343e+12 5.42586e+10 4.40586e+09 2.71045e+08 8.48333e+07 2.21698e+06 1.44187e+06 89381 36117 5485 609 106 20 15 3 2 0 0 0 0 0 0 0 0 0 0 0 0 0 0 0 0 0 0 0 0 0 0 0 0 0 0 0 0 0 0 0 0 0 0 0 0 0 0 0 0 0 0 0 0 0 0 0 0 0 0 0 0 0 0 0 0 0
7.85132e+42 3.82161e+34 3.82161e+34 4.06365e+32 6.14426e+31 1.05769e+29 1.48537e+26 1.48537e+26 1.48537e+26 7.35066e+23 6.8019e+22 3.44989e+22 1.84052e+22 1.61338e+21 4.98499e+19 4.01165e+17 4.01165e+17 6.08616e+16 6.91233e+14 6.91233e+14 2.48344e+14 1.34277e+14 3.19769e+13 3.41075e+12 9.98199e+11 9.11649e+10 2.38052e+10 9.106e+08 1.38874e+07 1.38874e+07 2.56821e+06 1.31294e+06 28711 5069 173 37 19 8 2 0 0 0 0 0 0 0 0 0 0 0 0 0 0 0 0 0 0 0 0 0 0 0 0 0 0 0 0 0 0 0 0 0 0 0 0 0 0 0 0 0 0 0 0 0 0 0 0 0 0 0 0 0 0 0 0
3.73317e+40 1.22082e+37 2.07085e+35 5.0104e+31 7.22068e+30 1.81543e+28 5.82064e+26 3.84214e+25 3.4085e+24 1.3351e+23 4.64139e+21 4.64139e+21 1.05682e+21 1.26822e+20 9.17596e+18 5.11083e+17 5.11083e+17 1.32585e+17 3.79148e+16 1.29896e+16 3.35436e+14 2.75107e+12 2.75107e+12 1.73444e+11 1.6803e+10 7.60094e+08 7.60094e+08 2.21451e+08 3.976e+07 4.93519e+06 358847 42980 14995 2120 1971 1098 56 14 5 0 0 0 0 0 0 0 0 0 0 0 0 0 0 0 0 0 0 0 0 0 0 0 0 0 0 0 0 0 0 0 0 0 0 0 0 0 0 0 0 0 0 0 0 0 0 0 0 0 0 0 0 0 0 0 0
1.14178e+41 3.05632e+37 8.17306e+34 1.87428e+31 6.00218e+30 3.93546e+29 7.76718e+28 1.40048e+27 2.36158e+24 5.52121e+23 5.52121e+23 6.9884e+21 1.83106e+21 6.967e+19 5.6554e+18 1.88194e+18 1.22134e+17 1.91077e+16 1.91077e+16 4.67451e+14 3.82489e+14 3.11252e+13 4.77727e+12 8.75201e+11 1.25952e+11 3.30347e+10 1.95645e+09 2.99844e+07 2.76173e+06 667742 92336 28832 11605 4544 1905 291 29 4 4 0 0 0 0 0 0 0 0 0 0 0 0 0 0 0 0 0 0 0 0 0 0 0 0 0 0 0 0 0 0 0 0 0 0 0 0 0 0 0 0 0 0 0 0 0 0 0 0 0 0 0 0 0 0 0 0
1.4497e+41 4.23905e+35 1.85836e+35 7.60793e+31 1.47839e+30 5.28197e+28 3.67258e+26 3.67258e+26 2.72498e+25 8.42924e+23 2.58117e+22 2.58117e+22 3.92225e+20 8.0426e+19 4.28722e+18 1.21727e+18 5.8691e+15 5.8691e+15 5.8691e+15 1.07832e+15 2.39056e+13 4.1235e+12 3.25648e+12 2.41283e+11 5.07314e+09 3.29865e+08 2.9499e+07 2.32533e+06 911702 41492 6326 1242 164 63 15 6 1 0 0 0 0 0 0 0 0 0 0 0 0 0 0 0 0 0 0 0 0 0 0 0 0 0 0 0 0 0 0 0 0 0 0 0 0 0 0 0 0 0 0 0 0 0 0 0 0 0 0 0 0 0 0 0 0 0 0
3.9003e+40 2.16829e+36 2.49312e+34 1.40239e+32 1.09079e+31 1.77182e+29 1.2113e+28 1.1125e+28 3.70669e+24 3.67778e+23 3.67778e+23 9.02885e+22 2.71204e+20 4.70155e+18 4.70155e+18 1.51385e+18 1.38529e+17 1.02659e+17 1.50816e+16 3.56067e+15 9.01272e+14 1.22878e+13 1.85832e+12 6.13017e+11 1.18981e+11 2.73796e+10 1.3848e+09 1.58083e+08 1.25197e+07 864052 553960 50848 4281 64 24 20 10 4 2 0 0 0 0 0 0 0 0 0 0 0 0 0 0 0 0 0 0 0 0 0 0 0 0 0 0 0 0 0 0 0 0 0 0 0 0 0 0 0 0 0 0 0 0 0 0 0 0 0 0 0 0 0 0 0 0
4.98028e+38 2.64372e+36 6.21936e+34 3.81187e+30 3.81187e+30 4.24966e+29 1.58591e+27 5.6205e+25 2.03442e+24 2.66413e+23 2.66413e+23 8.07549e+20 1.31968e+20 1.93679e+19 1.93679e+19 5.03041e+18 3.03227e+17 5.53875e+16 4.96258e+15 2.21617e+14 3.46886e+13 5.22285e+12 4.19198e+11 2.46838e+10 7.70751e+07 7.70751e+07 7.70751e+07 2.12525e+07 1.48169e+06 309013 110316 25796 422 119 9 8 5 2 0 0 0 0 0 0 0 0 0 0 0 0 0 0 0 0 0 0 0 0 0 0 0 0 0 0 0 0 0 0 0 0 0 0 0 0 0 0 0 0 0 0 0 0 0 0 0 0 0 0 0 0 0 0 0 0 0
1.06864e+40 3.77849e+37 2.8209e+35 1.75592e+31 3.08723e+30 3.54351e+29 2.23999e+26 1.68925e+25 2.04008e+22 2.04008e+22 2.04008e+22 2.04008e+22 7.56604e+21 1.18472e+20 5.09466e+18 3.62601e+18 1.27073e+18 4.5689e+16 2.38702e+16 8.42839e+14 2.367e+14 3.97387e+13 1.66515e+13 3.80838e+11 2.31599e+10 1.38468e+09 1.08923e+08 2.44723e+07 3.70762e+06 380302 35591 14604 2844 401 49 9 9 2 1 0 0 0 0 0 0 0 0 0 0 0 0 0 0 0 0 0 0 0 0 0 0 0 0 0 0 0 0 0 0 0 0 0 0 0 0 0 0 0 0 0 0 0 0 0 0 0 0 0 0 0 0 0 0 0 0
1.05855e+42 8.66852e+36 2.27026e+34 6.63164e+30 1.40509e+30 1.37764e+29 5.24389e+26 2.67303e+26 8.45945e+24 5.23388e+22 1.97875e+20 1.20078e+20 1.07169e+19 1.05347e+19 1.34513e+18 4.7878e+17 1.14413e+17 4.04966e+16 7.0256e+15 5.32165e+14 8.1406e+13 2.97128e+13 6.74675e+12 1.14885e+12 2.77096e+10 3.79814e+09 2.2776e+08 5.90798e+07 5.57567e+07 2.92115e+07 7.10351e+06 696152 28709 13931 8894 4052 126 31 17 0 0 0 0 0 0 0 0 0 0 0 0 0 0 0 0 0 0 0 0 0 0 0 0 0 0 0 0 0 0 0 0 0 0 0 0 0 0 0 0 0 0 0 0 0 0 0 0 0 0 0 0 0 0 0 0
1.00311e+37 8.8776e+36 2.63103e+34 1.61066e+32 9.34118e+30 1.37877e+30 2.29065e+28 1.73731e+27 2.94541e+25 1.18539e+23 5.07674e+20 5.07674e+20 5.07674e+20 1.15024e+20 2.01294e+18 4.01253e+17 3.18205e+17 3.18205e+17 3.05653e+16 3.05653e+16 6.57242e+14 1.72122e+13 4.17433e+12 2.63096e+12 4.03543e+11 8.09648e+09 3.54191e+08 3.37102e+07 398220 74397 25586 3338 1264 557 114 21 4 2 1 0 0 0 0 0 0 0 0 0 0 0 0 0 0 0 0 0 0 0 0 0 0 0 0 0 0 0 0 0 0 0 0 0 0 0 0 0 0 0 0 0 0 0 0 0 0 0 0 0 0 0 0 0 0 0 0
4.55756e+41 4.05698e+37 5.55367e+35 1.61544e+30 1.92021e+28 1.6731e+27 1.06726e+27 9.53378e+22 9.53378e+22 9.53378e+22 9.53378e+22 3.00751e+20 2.5599e+19 1.28488e+19 1.18305e+18 9.66168e+16 9.30089e+15 5.80042e+15 7.78376e+13 7.68312e+13 6.90666e+12 1.40927e+11 1.40927e+11 1.56062e+09 4.58929e+08 3.80354e+07 2.40359e+06 299239 217199 17209 1047 1047 256 22 9 3 2 0 0 0 0 0 0 0 0 0 0 0 0 0 0 0 0 0 0 0 0 0 0 0 0 0 0 0 0 0 0 0 0 0 0 0 0 0 0 0 0 0 0 0 0 0 0 0 0 0 0 0 0 0 0 0 0 0 0
1.70728e+42 6.0902e+37 2.54078e+35 2.27737e+31 1.6527e+27 1.6527e+27 1.6527e+27 3.72977e+26 3.25378e+24 1.51231e+23 1.03032e+22 1.95022e+21 7.45411e+20 2.04733e+19 2.88607e+18 2.79564e+18 9.48664e+17 1.76419e+17 4.5622e+16 8.8048e+15 5.17414e+15 4.6572e+13 1.87494e+12 1.43248e+11 2.70756e+10 1.53327e+09 4.77227e+08 2.86799e+07 1.14556e+06 323842 175027 17135 803 343 38 7 4 1 0 0 0 0 0 0 0 0 0 0 0 0 0 0 0 0 0 0 0 0 0 0 0 0 0 0 0 0 0 0 0 0 0 0 0 0 0 0 0 0 0 0 0 0 0 0 0 0 0 0 0 0 0 0 0 0 0
4.69558e+39 3.9876e+37 2.05571e+36 2.05479e+32 1.63064e+28 1.63064e+28 5.83906e+27 1.45071e+25 3.29694e+24 1.20146e+22 1.20146e+22 4.32565e+19 4.32565e+19 4.32565e+19 8.70529e+17 4.99193e+17 3.89421e+17 3.52437e+16 6.75212e+14 1.98545e+14 3.47271e+13 4.78552e+10 4.78552e+10 1.61665e+10 3.00509e+08 3.00509e+08 3.32538e+07 1.70295e+07 493196 100752 8815 2422 1708 117 26 7 3 0 0 0 0 0 0 0 0 0 0 0 0 0 0 0 0 0 0 0 0 0 0 0 0 0 0 0 0 0 0 0 0 0 0 0 0 0 0 0 0 0 0 0 0 0 0 0 0 0 0 0 0 0 0 0 0 0 0
2.57844e+37 8.19466e+36 9.69323e+34 2.95608e+32 3.1582e+31 2.74223e+28 2.73055e+27 2.4061e+27 9.56648e+26 4.39004e+23 1.45835e+23 8.45066e+20 6.08123e+19 1.77199e+19 2.48678e+18 4.4634e+17 9.88256e+16 5.92372e+16 4.13409e+14 2.33133e+14 2.67049e+13 6.57073e+12 3.0449e+12 9.67507e+10 1.67612e+10 1.71823e+08 9.50159e+07 8.78957e+06 733222 82536 26218 10178 4996 2938 793 15 15 4 1 0 0 0 0 0 0 0 0 0 0 0 0 0 0 0 0 0 0 0 0 0 0 0 0 0 0 0 0 0 0 0 0 0 0 0 0 0 0 0 0 0 0 0 0 0 0 0 0 0 0 0 0 0 0 0 0
9.57947e+41 2.89625e+38 2.9589e+34 7.66081e+31 1.97125e+30 7.01029e+26 7.01029e+26 1.03448e+26 3.33997e+24 3.33997e+24 8.29188e+23 6.15215e+22 1.71842e+21 1.34659e+20 4.47136e+19 1.28417e+19 2.25521e+17 1.0318e+17 9.28965e+16 2.69785e+16 2.45871e+15 1.28347e+14 2.03293e+13 3.38774e+12 6.95499e+10 5.54877e+09 5.54877e+09 9.07738e+08 2.71449e+08 6.12597e+06 684315 118064 7978 1719 1260 82 27 13 4 0 0 0 0 0 0 0 0 0 0 0 0 0 0 0 0 0 0 0 0 0 0 0 0 0 0 0 0 0 0 0 0 0 0 0 0 0 0 0 0 0 0 0 0 0 0 0 0 0 0 0 0 0 0 0 0
1.93739e+40 2.48199e+37 2.09201e+35 6.26263e+29 9.92618e+28 9.92618e+28 4.00219e+27 2.53854e+26 1.40789e+25 7.39399e+23 5.75864e+22 3.37714e+22 5.00492e+20 2.88775e+20 1.93458e+19 5.85471e+18 5.14189e+16 5.14189e+16 1.80724e+15 1.00696e+14 2.58818e+13 7.77118e+11 3.74773e+11 1.19566e+11 2.41976e+10 1.7301e+09 3.47274e+08 5.38888e+07 1.82012e+06 168815 20153 2389 349 211 24 9 2 1 0 0 0 0 0 0 0 0 0 0 0 0 0 0 0 0 0 0 0 0 0 0 0 0 0 0 0 0 0 0 0 0 0 0 0 0 0 0 0 0 0 0 0 0 0 0 0 0 0 0 0 0 0 0 0 0 0
6.51295e+39 7.14297e+37 7.59684e+33 1.20811e+31 3.98206e+29 9.62713e+26 9.62713e+26 3.85001e+25 4.15785e+24 4.38306e+22 8.09588e+21 3.73495e+21 1.81385e+20 2.64062e+18 4.09414e+17 5.80353e+15 5.4791e+15 5.4791e+15 4.47744e+14 1.37425e+14 9.90356e+12 2.097e+12 1.44982e+11 2.15316e+09 1.99469e+09 7.65438e+07 3.53912e+06 209385 209385 20927 1098 514 50 29 19 6 3 0 0 0 0 0 0 0 0 0 0 0 0 0 0 0 0 0 0 0 0 0 0 0 0 0 0 0 0 0 0 0 0 0 0 0 0 0 0 0 0 0 0 0 0 0 0 0 0 0 0 0 0 0 0 0 0 0 0
7.85518e+41 3.45277e+38 2.38847e+32 3.27359e+31 8.39387e+29 1.66131e+29 1.34771e+28 3.56782e+27 1.15848e+26 7.35285e+23 2.12701e+22 7.2011e+21 9.38633e+20 3.28171e+19 3.0693e+19 8.81257e+18 1.23814e+18 3.23617e+16 3.23617e+16 2.5453e+16 9.86487e+14 1.52558e+14 2.12943e+13 1.31919e+12 1.15974e+11 3.77102e+10 1.58549e+09 1.30175e+07 1.30175e+07 9.69657e+06 113466 16893 9215 4132 1671 748 39 9 5 0 0 0 0 0 0 0 0 0 0 0 0 0 0 0 0 0 0 0 0 0 0 0 0 0 0 0 0 0 0 0 0 0 0 0 0 0 0 0 0 0 0 0 0 0 0 0 0 0 0 0 0 0 0 0 0
2.84892e+40 1.33974e+37 2.26142e+33 1.58159e+32 2.63315e+29 5.28624e+28 4.95454e+27 7.33852e+24 4.76808e+24 6.45509e+22 1.64406e+22 3.5559e+21 4.14892e+19 4.14892e+19 2.41529e+18 2.06284e+17 2.06284e+17 4.0337e+16 6.61316e+15 1.51888e+14 1.51013e+13 1.08163e+13 2.47584e+11 6.8388e+10 2.5037e+09 2.07179e+08 1.4418e+07 2.12564e+06 375208 21428 16521 778 170 21 19 3 2 1 0 0 0 0 0 0 0 0 0 0 0 0 0 0 0 0 0 0 0 0 0 0 0 0 0 0 0 0 0 0 0 0 0 0 0 0 0 0 0 0 0 0 0 0 0 0 0 0 0 0 0 0 0 0 0 0 0
2.46585e+36 5.74546e+35 2.30631e+33 1.09546e+33 3.00435e+30 2.27168e+28 5.29572e+26 5.29572e+26 7.72738e+25 8.22573e+24 1.26559e+24 1.06748e+21 8.78719e+20 1.6798e+19 1.78436e+18 1.5991e+18 6.72344e+16 1.76274e+16 2.2806e+15 2.58304e+14 8.85458e+13 7.07168e+12 1.81607e+11 2.76855e+10 3.64489e+09 2.08731e+09 3.50655e+08 5.30509e+07 2.0581e+06 590088 70316 13403 7597 2633 73 27 26 8 2 0 0 0 0 0 0 0 0 0 0 0 0 0 0 0 0 0 0 0 0 0 0 0 0 0 0 0 0 0 0 0 0 0 0 0 0 0 0 0 0 0 0 0 0 0 0 0 0 0 0 0 0 0 0 0 0
1.41508e+43 7.32641e+37 2.05049e+35 5.62753e+28 5.62753e+28 5.62753e+28 1.9757e+27 1.38137e+26 9.25007e+24 7.55816e+22 7.55816e+22 1.58918e+20 1.58918e+20 1.0785e+20 1.0453e+19 1.02546e+19 2.83843e+17 2.83843e+17 2.77183e+16 1.9983e+14 1.9983e+14 4.16793e+13 2.16246e+12 7.98864e+11 8.68821e+10 1.50095e+09 3.56385e+08 3.45331e+07 2.46837e+06 99328 99328 37195 15116 631 112 23 12 4 1 0 0 0 0 0 0 0 0 0 0 0 0 0 0 0 0 0 0 0 0 0 0 0 0 0 0 0 0 0 0 0 0 0 0 0 0 0 0 0 0 0 0 0 0 0 0 0 0 0 0 0 0 0 0 0 0
2.6393e+38 3.07921e+36 1.15208e+35 5.37251e+30 1.24571e+30 1.78942e+29 1.77327e+28 8.50822e+26 2.92774e+25 1.1146e+23 1.1146e+23 3.16269e+19 3.16269e+19 3.16269e+19 3.16269e+19 3.53174e+18 4.55664e+16 4.55664e+16 1.96537e+16 4.22623e+14 3.83345e+13 6.71267e+12 5.89395e+11 8.50346e+10 1.3955e+10 9.09789e+08 1.39488e+07 381168 70661 12008 361 70 44 29 16 6 3 0 0 0 0 0 0 0 0 0 0 0 0 0 0 0 0 0 0 0 0 0 0 0 0 0 0 0 0 0 0 0 0 0 0 0 0 0 0 0 0 0 0 0 0 0 0 0 0 0 0 0 0 0 0 0 0 0 0
1.65791e+41 4.36481e+38 1.07741e+35 3.10643e+30 9.39156e+29 5.66851e+28 1.06646e+27 2.86977e+26 4.15729e+25 7.94579e+24 2.16358e+24 7.16687e+21 7.16687e+21 1.88826e+20 1.02053e+20 6.80543e+18 7.14121e+16 7.14121e+16 4.58166e+16 1.81505e+16 1.05929e+15 7.91722e+12 7.91722e+12 2.13467e+12 3.03532e+11 3.03532e+11 3.24277e+10 1.19906e+09 1.04796e+08 7.15305e+06 3.82279e+06 798739 12958 5660 2021 1035 349 28 9 0 0 0 0 0 0 0 0 0 0 0 0 0 0 0 0 0 0 0 0 0 0 0 0 0 0 0 0 0 0 0 0 0 0 0 0 0 0 0 0 0 0 0 0 0 0 0 0 0 0 0 0 0 0 0 0
3.593e+35 3.593e+35 6.23684e+34 4.18652e+30 3.31631e+29 4.58335e+28 7.80269e+25 7.80269e+25 4.67792e+23 2.79744e+23 9.76852e+22 3.16613e+21 6.47336e+20 7.04472e+19 2.36907e+19 2.32666e+17 1.57163e+16 1.57163e+16 1.25893e+15 3.58343e+14 1.9732e+12 1.9732e+12 2.80746e+11 1.08617e+11 2.59158e+08 2.59158e+08 5.87815e+07 2.08062e+07 1.11686e+06 948071 27352 3399 52 40 10 6 1 0 0 0 0 0 0 0 0 0 0 0 0 0 0 0 0 0 0 0 0 0 0 0 0 0 0 0 0 0 0 0 0 0 0 0 0 0 0 0 0 0 0 0 0 0 0 0 0 0 0 0 0 0 0 0 0 0 0
1.86797e+40 1.92134e+38 5.90482e+31 2.63264e+30 2.67327e+29 2.42061e+29 1.19171e+27 1.6107e+25 5.24316e+24 3.99958e+23 1.30068e+22 4.44677e+21 4.09328e+20 6.96318e+19 6.96318e+19 1.21296e+18 8.48507e+17 2.0613e+17 7.81348e+15 9.75195e+14 9.75195e+14 1.81447e+14 9.6609e+11 6.26026e+11 3.74025e+11 3.78316e+10 3.53203e+09 1.58537e+09 1.644e+08 1.01233e+07 737242 57642 9584 2527 13 13 7 5 2 0 0 0 0 0 0 0 0 0 0 0 0 0 0 0 0 0 0 0 0 0 0 0 0 0 0 0 0 0 0 0 0 0 0 0 0 0 0 0 0 0 0 0 0 0 0 0 0 0 0 0 0 0 0 0 0
3.91067e+40 3.12254e+35 6.17155e+33 9.16851e+29 2.63067e+29 1.74687e+29 2.38622e+27 8.98431e+25 3.11631e+25 2.32743e+23 1.76828e+22 1.43266e+22 2.37174e+20 2.18531e+20 1.09086e+19 5.85719e+17 2.41317e+17 2.20871e+16 5.48119e+15 5.53839e+14 4.13171e+13 6.57147e+12 1.76232e+12 8.02809e+10 7.77208e+09 2.22904e+08 1.05663e+07 2.61497e+06 418747 85259 7790 812 547 30 9 5 1 0 0 0 0 0 0 0 0 0 0 0 0 0 0 0 0 0 0 0 0 0 0 0 0 0 0 0 0 0 0 0 0 0 0 0 0 0 0 0 0 0 0 0 0 0 0 0 0 0 0 0 0 0 0 0 0 0 0
1.10532e+42 4.75848e+36 1.54102e+34 1.97488e+31 7.53513e+28 4.71869e+28 8.28953e+27 1.07258e+25 4.80814e+23 5.56528e+20 5.56528e+20 8.04601e+19 8.04601e+19 1.58861e+19 6.77107e+18 2.04916e+18 3.02349e+17 9.42982e+16 8.16669e+14 3.91004e+14 6.1967e+13 1.67361e+11 8.87991e+09 1.1026e+09 2.28485e+08 3.30593e+07 877783 317369 94836 2383 209 84 10 9 3 0 0 0 0 0 0 0 0 0 0 0 0 0 0 0 0 0 0 0 0 0 0 0 0 0 0 0 0 0 0 0 0 0 0 0 0 0 0 0 0 0 0 0 0 0 0 0 0 0 0 0 0 0 0 0 0 0 0 0 0
3.88033e+39 2.28099e+36 8.66854e+34 1.18194e+32 2.98213e+29 4.15763e+27 3.82483e+26 1.18125e+26 2.11581e+24 2.11581e+24 1.1022e+23 1.1022e+23 6.13968e+20 4.65504e+19 1.64686e+19 4.43672e+17 1.26713e+17 7.87351e+16 1.20275e+15 8.44318e+14 1.58278e+14 5.14154e+12 1.79989e+12 2.39324e+11 3.32591e+10 3.08454e+09 1.33827e+08 1.28204e+07 8.79815e+06 248118 68875 24315 7435 1434 390 44 14 8 2 0 0 0 0 0 0 0 0 0 0 0 0 0 0 0 0 0 0 0 0 0 0 0 0 0 0 0 0 0 0 0 0 0 0 0 0 0 0 0 0 0 0 0 0 0 0 0 0 0 0 0 0 0 0 0 0
2.3366e+41 6.32562e+35 2.61074e+35 9.23229e+30 9.23229e+30 3.36889e+29 2.66304e+27 2.85468e+26 2.87046e+25 1.06858e+23 1.06858e+23 2.6804e+21 1.47424e+20 2.21722e+19 1.48391e+17 1.48391e+17 3.04444e+16 5.36803e+15 4.84378e+14 2.19638e+14 1.93311e+13 1.19231e+12 9.09645e+09 9.09645e+09 5.58195e+09 2.82139e+09 3.53412e+08 7.4102e+06 757538 139432 22002 5999 4287 1569 89 18 7 1 0 0 0 0 0 0 0 0 0 0 0 0 0 0 0 0 0 0 0 0 0 0 0 0 0 0 0 0 0 0 0 0 0 0 0 0 0 0 0 0 0 0 0 0 0 0 0 0 0 0 0 0 0 0 0 0 0
2.35207e+39 1.22813e+36 4.18161e+33 1.16173e+31 1.28748e+29 3.0854e+26 3.0854e+26 6.1167e+25 1.08417e+25 1.614e+24 2.5209e+22 6.60201e+21 4.89544e+19 4.89544e+19 6.51767e+17 6.51767e+17 6.51767e+17 4.06548e+15 4.06548e+15 4.06548e+15 1.78597e+15 1.54068e+14 1.80555e+12 9.39505e+11 9.60371e+10 3.39171e+09 1.16873e+09 1.61687e+08 1.99423e+07 322500 17822 17822 4900 1699 401 254 49 27 8 0 0 0 0 0 0 0 0 0 0 0 0 0 0 0 0 0 0 0 0 0 0 0 0 0 0 0 0 0 0 0 0 0 0 0 0 0 0 0 0 0 0 0 0 0 0 0 0 0 0 0 0 0 0 0 0
4.89892e+39 1.51205e+36 9.41109e+34 1.35694e+31 1.35324e+30 3.10804e+27 6.95866e+25 4.41907e+22 4.41907e+22 4.3292e+22 7.19089e+21 2.66014e+20 2.0402e+18 2.74742e+17 2.74742e+17 5.46732e+16 2.57082e+15 6.65072e+14 2.16568e+13 7.43623e+12 6.47133e+12 7.3998e+11 1.43349e+11 8.25638e+08 9.98623e+07 1.58954e+07 9.05252e+06 1.27664e+06 137070 16861 3177 361 135 17 5 3 0 0 0 0 0 0 0 0 0 0 0 0 0 0 0 0 0 0 0 0 0 0 0 0 0 0 0 0 0 0 0 0 0 0 0 0 0 0 0 0 0 0 0 0 0 0 0 0 0 0 0 0 0 0 0 0 0 0 0
1.1975e+40 2.91538e+36 1.83101e+35 1.40198e+32 1.07134e+30 1.60804e+29 5.69694e+26 2.44066e+25 7.51442e+23 4.62157e+22 4.62157e+22 1.52378e+21 5.30922e+19 3.35105e+18 2.58571e+18 3.58815e+17 8.14877e+15 6.14396e+15 3.21396e+15 5.28651e+13 2.24022e+13 3.75411e+12 2.40142e+11 5.06715e+10 1.99844e+09 1.99844e+09 3.90923e+08 9.83366e+06 1.38323e+06 79048 70789 31749 13151 175 77 10 10 4 1 0 0 0 0 0 0 0 0 0 0 0 0 0 0 0 0 0 0 0 0 0 0 0 0 0 0 0 0 0 0 0 0 0 0 0 0 0 0 0 0 0 0 0 0 0 0 0 0 0 0 0 0 0 0 0 0
1.14213e+41 3.88393e+36 1.66232e+34 1.43734e+33 1.34335e+30 9.01227e+29 1.33441e+27 6.43169e+25 2.70397e+25 3.23917e+23 1.37868e+22 2.22189e+21 9.49676e+20 7.8879e+19 3.39182e+18 9.07678e+17 6.41765e+16 4.81886e+16 3.48374e+14 3.48374e+14 3.70709e+13 9.04793e+12 2.01868e+12 1.90658e+11 1.90658e+11 2.84729e+10 1.22495e+09 4.65789e+08 8.86242e+07 7.73458e+06 4.84583e+06 433851 33618 2950 851 114 29 6 0 0 0 0 0 0 0 0 0 0 0 0 0 0 0 0 0 0 0 0 0 0 0 0 0 0 0 0 0 0 0 0 0 0 0 0 0 0 0 0 0 0 0 0 0 0 0 0 0 0 0 0 0 0 0 0 0
8.22073e+40 3.41281e+35 8.64205e+33 6.59345e+31 7.43382e+29 1.30964e+29 1.84463e+28 6.65097e+25 4.69065e+25 3.64501e+24 2.59537e+23 2.09538e+22 1.97988e+21 2.96631e+19 9.59609e+18 1.35014e+17 1.35014e+17 3.54978e+16 2.06625e+15 7.05164e+14 9.347e+13 5.71358e+13 3.99929e+12 1.33013e+12 2.24604e+10 1.41645e+10 8.21885e+07 2.8482e+06 1.34672e+06 90428 41778 4202 2451 1404 141 21 9 4 1 0 0 0 0 0 0 0 0 0 0 0 0 0 0 0 0 0 0 0 0 0 0 0 0 0 0 0 0 0 0 0 0 0 0 0 0 0 0 0 0 0 0 0 0 0 0 0 0 0 0 0 0 0 0 0 0
3.27694e+43 6.69292e+35 1.63886e+34 5.04907e+31 6.47127e+26 6.47127e+26 2.88238e+26 8.11067e+25 2.33534e+24 7.06143e+22 1.19089e+22 3.72877e+20 1.34261e+19 6.19907e+18 7.37618e+16 7.37618e+16 1.47327e+16 9.99718e+15 1.19701e+14 1.19701e+14 1.73254e+13 3.48837e+12 4.09166e+11 2.82493e+10 6.1183e+08 2.67802e+07 1.08761e+07 79979 52509 10096 9622 4969 756 410 18 2 2 1 0 0 0 0 0 0 0 0 0 0 0 0 0 0 0 0 0 0 0 0 0 0 0 0 0 0 0 0 0 0 0 0 0 0 0 0 0 0 0 0 0 0 0 0 0 0 0 0 0 0 0 0 0 0 0 0 0
