4.70213e+09 2.42855e+09 5.27265e+08 1.5174e+08 5.27428e+07 2.92149e+07 2.02147e+07 4.60128e+06 4.60128e+06 3.3736e+06 1.12777e+06 386440 258354 183460 49913.9 35001.3 16788 10547.9 5069.03 2228.7 1645.49 445.274 273.919 120.392 46.3983 27.9448 11.6024 2.35142 0.594936 0.133307 0.112642 0.0407262 0.0160251 0.00413042 0.00338608 0.00154373 0.000506408 0.000169384 3.75331e-05 9.13019e-06 1.9925e-06 6.84514e-07 1.9135e-07 2.86812e-08 0 0 0 0 0 0 0 0 0 0 0 0 0 0 0 0 0 0 0 0 0 0 0 0 0 0 0 0 0 0 0 0 0 0 0 0 0 0 0 0 0 0 0 0 0 0 0 0 0 0 0 0
4.05481e+09 1.6757e+09 7.53524e+08 2.06382e+08 6.37232e+07 4.65359e+07 1.74582e+07 1.74582e+07 1.17984e+07 2.97585e+06 2.23082e+06 1.10613e+06 615616 256535 110193 72134 33913.3 17184.9 6372.21 4092.36 2409.96 896.212 246.915 83.3698 47.8446 18.3083 9.84889 1.588 0.502492 0.249884 0.0800634 0.0667784 0.0164922 0.00743485 0.00309444 0.00100248 0.000228459 0.000142369 3.66913e-05 7.08864e-06 1.76006e-06 2.4056e-07 1.20388e-07 2.19601e-08 0 0 0 0 0 0 0 0 0 0 0 0 0 0 0 0 0 0 0 0 0 0 0 0 0 0 0 0 0 0 0 0 0 0 0 0 0 0 0 0 0 0 0 0 0 0 0 0 0 0 0 0
4.87569e+09 1.74638e+09 3.6597e+08 1.16299e+08 3.62574e+07 3.62574e+07 1.84082e+07 5.69956e+06 3.63436e+06 2.43939e+06 832081 368061 264044 38673.9 38673.9 35939.8 9109.53 8203.91 3251.78 1733.55 604.314 523.403 224.533 105.051 18.3469 9.87839 4.44927 0.930419 0.397046 0.0561466 0.0442513 0.0386946 0.0178992 0.00471737 0.00087778 0.00048395 0.000249612 0.000107554 2.6894e-05 2.95658e-06 1.65406e-06 2.67369e-07 6.74161e-08 2.13067e-08 0 0 0 0 0 0 0 0 0 0 0 0 0 0 0 0 0 0 0 0 0 0 0 0 0 0 0 0 0 0 0 0 0 0 0 0 0 0 0 0 0 0 0 0 0 0 0 0 0 0 0 0
3.99425e+09 2.10007e+09 3.39603e+08 1.47855e+08 7.00221e+07 4.16801e+07 2.71636e+07 5.9322e+06 3.34987e+06 2.61054e+06 926296 447336 265269 142529 62824.5 38818.5 30773.7 9968.1 5460.22 1756.79 848.323 718.994 225.046 124.919 24.0771 20.0127 5.36149 1.64154 0.723475 0.281013 0.126364 0.0503298 0.0133829 0.00757849 0.00180889 0.000516181 0.00043248 5.99274e-05 3.01491e-05 7.41985e-06 2.56978e-06 4.60803e-07 9.04417e-08 2.20977e-08 0 0 0 0 0 0 0 0 0 0 0 0 0 0 0 0 0 0 0 0 0 0 0 0 0 0 0 0 0 0 0 0 0 0 0 0 0 0 0 0 0 0 0 0 0 0 0 0 0 0 0 0
5.9498e+09 1.39479e+09 6.7817e+08 1.36123e+08 8.99653e+07 3.05044e+07 1.70025e+07 1.05106e+07 4.31627e+06 2.77117e+06 1.59174e+06 624915 327420 139828 61497.4 45318.2 12376.6 9799.91 9767.44 2365.76 1148.52 395.904 296.575 83.5455 57.761 19.3592 12.0289 1.09159 1.05304 0.211606 0.0850951 0.0417967 0.014171 0.00382068 0.00110638 0.000626782 0.000157891 3.64652e-05 2.41581e-05 6.09699e-06 1.26078e-06 3.72258e-07 3.51203e-08 1.00166e-08 0 0 0 0 0 0 0 0 0 0 0 0 0 0 0 0 0 0 0 0 0 0 0 0 0 0 0 0 0 0 0 0 0 0 0 0 0 0 0 0 0 0 0 0 0 0 0 0 0 0 0 0
5.56949e+09 1.29828e+09 9.2601e+08 1.25621e+08 5.93023e+07 4.03991e+07 1.69147e+07 1.09635e+07 8.84444e+06 2.85091e+06 1.37777e+06 722540 499778 112627 98532.7 80709.4 29909.9 14527 7519.17 3849.76 1672.99 562.91 249.766 95.5294 48.7791 28.9815 10.9491 2.21447 0.491784 0.231659 0.144113 0.0452953 0.0153425 0.00816072 0.00231287 0.000712371 0.000347007 0.000114957 2.83876e-05 7.22982e-06 1.99918e-06 8.10419e-07 1.15013e-07 2.86329e-08 0 0 0 0 0 0 0 0 0 0 0 0 0 0 0 0 0 0 0 0 0 0 0 0 0 0 0 0 0 0 0 0 0 0 0 0 0 0 0 0 0 0 0 0 0 0 0 0 0 0 0 0
7.2778e+09 2.46e+09 8.6185e+08 1.38506e+08 1.05606e+08 6.20712e+07 3.68365e+07 1.0848e+07 8.724e+06 5.10952e+06 2.51877e+06 760844 375785 201697 64858.3 64858.3 46880.9 19711.7 6706.57 4341.68 2006.92 918.441 415.158 155.5 72.8031 28.6665 9.73491 1.57592 0.417141 0.278025 0.111763 0.0291876 0.00900489 0.0018946 0.0018946 0.000720979 0.000124254 6.5477e-05 2.49314e-05 3.5468e-06 6.34463e-07 2.25428e-07 6.10838e-08 0 0 0 0 0 0 0 0 0 0 0 0 0 0 0 0 0 0 0 0 0 0 0 0 0 0 0 0 0 0 0 0 0 0 0 0 0 0 0 0 0 0 0 0 0 0 0 0 0 0 0 0 0
6.18511e+09 1.28453e+09 3.31759e+08 9.31593e+07 4.78237e+07 4.33223e+07 2.46095e+07 3.21208e+06 3.21208e+06 3.21208e+06 1.62995e+06 833421 316405 114500 85668.8 44440.5 16756.6 14115.2 5870.6 1865.67 1252.21 350.523 163.376 91.9023 55.6853 19.6349 6.46027 1.50043 0.600858 0.0941969 0.0778253 0.0394775 0.0127534 0.00656185 0.00150853 0.000685821 0.000148552 0.000125406 3.57963e-05 9.3612e-06 2.05244e-06 2.03028e-07 1.1141e-07 1.67838e-08 0 0 0 0 0 0 0 0 0 0 0 0 0 0 0 0 0 0 0 0 0 0 0 0 0 0 0 0 0 0 0 0 0 0 0 0 0 0 0 0 0 0 0 0 0 0 0 0 0 0 0 0
7.13952e+09 1.54178e+09 9.10543e+08 2.34875e+08 6.10018e+07 3.17749e+07 1.96522e+07 9.37364e+06 6.59858e+06 4.3777e+06 2.3345e+06 1.27702e+06 622724 115923 115923 63982.8 27788.9 22200.7 7377.31 3766.41 1753.36 996.314 415.263 192.899 47.9004 27.7372 15.8573 1.42663 0.751656 0.378828 0.101716 0.0372591 0.0116943 0.00920994 0.00230827 0.00128316 0.000538975 0.00023512 1.42947e-05 9.3183e-06 2.36176e-06 3.56199e-07 8.00893e-08 2.01164e-08 0 0 0 0 0 0 0 0 0 0 0 0 0 0 0 0 0 0 0 0 0 0 0 0 0 0 0 0 0 0 0 0 0 0 0 0 0 0 0 0 0 0 0 0 0 0 0 0 0 0 0 0
7.93084e+09 1.42242e+09 6.82329e+08 1.30097e+08 9.85859e+07 4.22888e+07 2.37611e+07 1.34658e+07 2.59698e+06 2.59698e+06 1.87765e+06 847833 471550 154853 90518.3 55874.7 21145.8 10179.5 7953.27 3072.52 1152.03 301.714 224.03 85.9188 46.4134 27.584 13.1292 1.90419 0.869735 0.23523 0.0825217 0.0299413 0.0219767 0.00680367 0.00263096 0.000373559 0.000165475 5.98173e-05 1.52894e-05 4.79494e-06 7.51535e-07 3.13464e-07 1.0079e-07 1.05608e-08 0 0 0 0 0 0 0 0 0 0 0 0 0 0 0 0 0 0 0 0 0 0 0 0 0 0 0 0 0 0 0 0 0 0 0 0 0 0 0 0 0 0 0 0 0 0 0 0 0 0 0 0
4.11943e+09 1.82197e+09 4.99745e+08 2.39652e+08 7.89777e+07 3.59325e+07 1.39219e+07 8.44006e+06 4.03293e+06 2.43898e+06 880921 586987 129186 129186 80077 40779.9 20479.3 7548.64 2428.16 1755.29 648.309 350.988 192.817 55.4625 37.3448 20.5023 6.23959 1.33816 0.533467 0.202878 0.0953017 0.0346717 0.0101321 0.00396413 0.0019695 0.000748016 0.000270949 8.49928e-05 2.92019e-05 6.14565e-06 1.10885e-06 1.29632e-07 7.39812e-08 0 0 0 0 0 0 0 0 0 0 0 0 0 0 0 0 0 0 0 0 0 0 0 0 0 0 0 0 0 0 0 0 0 0 0 0 0 0 0 0 0 0 0 0 0 0 0 0 0 0 0 0 0
4.93475e+09 1.78205e+09 5.69959e+08 8.82335e+07 8.31857e+07 2.78868e+07 1.77229e+07 1.48703e+07 6.03513e+06 2.45214e+06 1.44041e+06 808512 540154 125232 103629 62126.3 28515.2 16448.6 6904.23 2829.83 1644.96 426.167 87.065 87.065 45.2443 6.19975 4.66199 0.705035 0.456982 0.293 0.106038 0.0357979 0.0144205 0.0073179 0.00163499 0.000466957 0.000259458 5.46476e-05 2.05043e-05 5.89445e-06 9.02251e-07 2.32703e-07 1.31297e-07 1.23218e-08 0 0 0 0 0 0 0 0 0 0 0 0 0 0 0 0 0 0 0 0 0 0 0 0 0 0 0 0 0 0 0 0 0 0 0 0 0 0 0 0 0 0 0 0 0 0 0 0 0 0 0 0
3.90597e+09 1.63688e+09 5.38267e+08 9.6449e+07 9.6449e+07 4.36963e+07 1.85931e+07 1.17114e+07 6.01198e+06 3.74581e+06 1.28858e+06 862161 427309 229238 124575 70253.3 42487.9 20481.2 6817.03 4599.09 2287.82 807.019 431.36 124.691 93.5637 27.0158 11.2605 2.04543 0.859634 0.265853 0.121684 0.0428624 0.0260801 0.00766831 0.00478932 0.00118746 0.000626723 0.000232511 6.45769e-05 1.72513e-05 2.6698e-06 1.12397e-06 1.66769e-07 2.8013e-08 1.02961e-08 0 0 0 0 0 0 0 0 0 0 0 0 0 0 0 0 0 0 0 0 0 0 0 0 0 0 0 0 0 0 0 0 0 0 0 0 0 0 0 0 0 0 0 0 0 0 0 0 0 0 0
4.85369e+09 1.37102e+09 8.60257e+08 1.50702e+08 8.13611e+07 2.64905e+07 2.5653e+07 8.24171e+06 7.37487e+06 3.16931e+06 1.94233e+06 806963 336352 142937 69415.9 62237.2 24181.3 13828.3 5064.88 1979.05 1075.54 761.144 253.896 115.796 44.5221 34.9563 12.6626 2.49787 0.673722 0.388137 0.152185 0.0442751 0.0255816 0.00855548 0.00390341 0.00101957 0.000367346 0.00013069 6.3806e-05 8.05194e-06 3.55185e-06 8.35496e-07 1.89152e-07 4.2721e-08 0 0 0 0 0 0 0 0 0 0 0 0 0 0 0 0 0 0 0 0 0 0 0 0 0 0 0 0 0 0 0 0 0 0 0 0 0 0 0 0 0 0 0 0 0 0 0 0 0 0 0 0
6.37055e+09 1.58451e+09 3.56823e+08 1.46821e+08 4.24577e+07 1.12279e+07 9.83268e+06 7.20248e+06 4.18427e+06 2.99516e+06 1.63673e+06 576868 298546 126304 122354 40662.6 27170.9 6328.71 3517.47 644.341 644.341 373.934 251.114 154.285 43.8383 13.0966 6.12385 1.40112 0.692215 0.176081 0.151252 0.0330679 0.016743 0.00575511 0.00269406 0.000856369 0.000384068 0.000127967 3.46274e-05 6.48727e-06 1.23979e-06 2.49214e-07 9.76653e-08 2.37854e-08 0 0 0 0 0 0 0 0 0 0 0 0 0 0 0 0 0 0 0 0 0 0 0 0 0 0 0 0 0 0 0 0 0 0 0 0 0 0 0 0 0 0 0 0 0 0 0 0 0 0 0 0
6.01906e+09 2.03407e+09 3.23099e+08 1.20167e+08 4.74272e+07 2.53189e+07 1.87603e+07 1.04092e+07 6.34089e+06 3.28533e+06 891682 550089 417746 273745 99563.6 63292.2 19053 4365.43 4365.43 2459.5 1374.46 696.052 206.082 58.721 58.721 17.6042 6.65629 1.50634 0.295209 0.295209 0.114991 0.0513721 0.0202662 0.00324106 0.00266136 0.000904628 0.000242129 0.00013871 1.65579e-05 7.82958e-06 8.88251e-07 4.09656e-07 1.06892e-07 1.9483e-08 0 0 0 0 0 0 0 0 0 0 0 0 0 0 0 0 0 0 0 0 0 0 0 0 0 0 0 0 0 0 0 0 0 0 0 0 0 0 0 0 0 0 0 0 0 0 0 0 0 0 0 0
3.25901e+09 9.58296e+08 5.71473e+08 8.92677e+07 8.92677e+07 3.15446e+07 1.60428e+07 5.55541e+06 3.47473e+06 2.01091e+06 1.16917e+06 508650 287971 233411 83496.1 40893.7 10771.5 10771.5 6237.29 3518.33 1151.47 627.019 364.904 138.814 45.5336 21.8347 6.51068 0.945018 0.674901 0.142838 0.074732 0.043702 0.0161196 0.00343836 0.00283332 0.000534557 0.000319244 6.40868e-05 4.85132e-05 7.99796e-06 1.79691e-06 7.2291e-07 1.59658e-07 2.6761e-08 0 0 0 0 0 0 0 0 0 0 0 0 0 0 0 0 0 0 0 0 0 0 0 0 0 0 0 0 0 0 0 0 0 0 0 0 0 0 0 0 0 0 0 0 0 0 0 0 0 0 0 0
6.50245e+09 2.11673e+09 1.02413e+09 1.2342e+08 8.805e+07 5.8143e+07 1.815e+07 1.5619e+07 9.26039e+06 5.92214e+06 497633 497633 497633 379558 151274 81750.1 21304.9 21304.9 12073.8 4549.7 2912.15 822.038 481.438 237.324 107.33 47.3864 18.4398 2.50046 0.99843 0.531222 0.241796 0.0621522 0.0260577 0.00737609 0.0045439 0.00130336 0.000471998 0.000145958 5.81644e-05 9.64851e-06 3.80435e-06 6.54265e-07 2.12607e-07 6.02697e-08 1.04056e-08 0 0 0 0 0 0 0 0 0 0 0 0 0 0 0 0 0 0 0 0 0 0 0 0 0 0 0 0 0 0 0 0 0 0 0 0 0 0 0 0 0 0 0 0 0 0 0 0 0 0 0
2.44048e+09 1.17728e+09 7.44116e+08 1.3874e+08 5.92036e+07 2.47646e+07 1.79085e+07 7.32627e+06 4.41437e+06 2.80316e+06 1.20807e+06 436042 196767 128279 95896.8 44559.3 15959.6 9287.02 4820.12 1639.64 1021.78 551.732 197.656 90.8887 23.6011 12.7288 4.74986 1.07878 0.540017 0.154439 0.113127 0.0238565 0.0130606 0.00461884 0.00197379 0.000587919 0.000174608 0.000128689 3.30341e-05 5.84286e-06 1.15737e-06 2.32378e-07 4.92937e-08 1.49837e-08 0 0 0 0 0 0 0 0 0 0 0 0 0 0 0 0 0 0 0 0 0 0 0 0 0 0 0 0 0 0 0 0 0 0 0 0 0 0 0 0 0 0 0 0 0 0 0 0 0 0 0 0
5.25545e+09 1.24829e+09 9.10597e+08 1.19986e+08 7.63333e+07 4.77084e+07 1.03692e+07 4.88306e+06 3.82605e+06 3.53943e+06 1.55167e+06 499121 499121 254406 129353 47103.5 23540 12655.7 6360.75 4605.87 2626.22 428.027 428.027 193.687 47.0921 34.9406 11.8694 2.337 0.663191 0.156636 0.140161 0.0649014 0.0337486 0.00615438 0.00335332 0.00111316 0.000379309 0.00010179 3.28126e-05 1.15959e-05 2.48136e-06 3.21099e-07 8.15308e-08 1.54925e-08 0 0 0 0 0 0 0 0 0 0 0 0 0 0 0 0 0 0 0 0 0 0 0 0 0 0 0 0 0 0 0 0 0 0 0 0 0 0 0 0 0 0 0 0 0 0 0 0 0 0 0 0
4.41079e+09 2.28747e+09 6.63426e+08 1.65218e+08 6.74303e+07 2.65519e+07 1.44496e+07 9.1795e+06 2.35577e+06 2.35577e+06 1.57909e+06 913424 438112 247424 93001.2 51643 16025.8 10158.7 5557.95 2542.91 1633.91 491.873 233.039 123.189 29.6305 21.0252 8.89652 1.41603 0.614572 0.367171 0.0896248 0.0440957 0.0158757 0.00563168 0.00147782 0.000864256 0.000207348 0.000115341 1.18652e-05 5.81534e-06 6.36455e-07 1.38585e-07 5.0607e-08 0 0 0 0 0 0 0 0 0 0 0 0 0 0 0 0 0 0 0 0 0 0 0 0 0 0 0 0 0 0 0 0 0 0 0 0 0 0 0 0 0 0 0 0 0 0 0 0 0 0 0 0 0
4.93208e+09 1.53387e+09 8.41163e+08 1.74771e+08 7.08797e+07 6.18862e+07 1.62871e+07 9.6504e+06 7.51109e+06 4.5545e+06 3.13773e+06 1.23331e+06 802553 423680 163678 54036 26781.5 26781.5 13084.4 4496.81 1945.42 559.332 433.829 233.285 102.899 17.8878 17.8878 1.5369 1.5369 0.292832 0.268577 0.105814 0.0396065 0.0112792 0.00482651 0.00148587 0.000379121 0.000168031 3.77567e-05 6.9866e-06 6.07153e-07 6.07153e-07 1.46913e-07 1.82311e-08 0 0 0 0 0 0 0 0 0 0 0 0 0 0 0 0 0 0 0 0 0 0 0 0 0 0 0 0 0 0 0 0 0 0 0 0 0 0 0 0 0 0 0 0 0 0 0 0 0 0 0 0
6.67002e+09 8.28676e+08 4.82067e+08 2.22922e+08 9.35962e+07 5.19774e+07 2.59811e+07 2.07541e+07 5.01406e+06 1.71617e+06 1.18663e+06 728153 493540 249966 110651 39608.9 37418.7 21340.6 11496 4092.06 2191.29 847.544 243.496 194.734 47.0325 18.3301 11.0235 2.81009 0.959617 0.399718 0.197322 0.0564474 0.0150903 0.00902661 0.00292877 0.00116133 0.000417899 0.000202065 4.70759e-05 8.46534e-06 2.07405e-06 5.7298e-07 1.21529e-07 1.41507e-08 0 0 0 0 0 0 0 0 0 0 0 0 0 0 0 0 0 0 0 0 0 0 0 0 0 0 0 0 0 0 0 0 0 0 0 0 0 0 0 0 0 0 0 0 0 0 0 0 0 0 0 0
9.62337e+09 2.1155e+09 7.53747e+08 2.48942e+08 9.46727e+07 3.76574e+07 1.62542e+07 1.31065e+07 7.21152e+06 5.8141e+06 2.93681e+06 1.40832e+06 457132 365034 146648 88617.5 34909.2 28929.4 12169.3 4582.39 1617.8 971.861 431.841 210.5 110.763 59.0673 24.8422 0.96592 0.96592 0.747253 0.267333 0.101618 0.0412307 0.0201418 0.00600919 0.00131873 0.000921507 0.000308983 7.84079e-05 1.84763e-05 3.06524e-06 1.30144e-06 1.21255e-07 3.5596e-08 1.50599e-08 0 0 0 0 0 0 0 0 0 0 0 0 0 0 0 0 0 0 0 0 0 0 0 0 0 0 0 0 0 0 0 0 0 0 0 0 0 0 0 0 0 0 0 0 0 0 0 0 0 0 0
4.28968e+09 1.66026e+09 6.67051e+08 1.59345e+08 5.85152e+07 3.99705e+07 2.83614e+07 7.17828e+06 7.17828e+06 4.5136e+06 1.72682e+06 1.28978e+06 383162 182100 101061 55443.4 26307.9 8608.9 7827.01 3754.25 1925.29 558.952 309.099 104.825 69.4998 30.8961 10.5222 1.96423 0.409496 0.340336 0.13241 0.041096 0.0242761 0.00283135 0.00213683 0.000770121 0.000226675 7.60473e-05 2.26236e-05 5.90408e-06 1.37983e-06 2.28717e-07 4.36213e-08 1.71656e-08 0 0 0 0 0 0 0 0 0 0 0 0 0 0 0 0 0 0 0 0 0 0 0 0 0 0 0 0 0 0 0 0 0 0 0 0 0 0 0 0 0 0 0 0 0 0 0 0 0 0 0 0
3.68738e+09 1.6282e+09 5.7119e+08 1.08615e+08 7.46191e+07 3.75948e+07 2.65962e+07 9.46806e+06 3.99749e+06 1.95775e+06 1.95775e+06 976062 293223 293223 162606 80217.7 46467.4 18673.2 12003.5 3798.56 1561.67 1219.21 255.725 173.23 56.2111 25.9808 19.6114 2.61843 0.767643 0.522494 0.228038 0.0696584 0.030693 0.0103439 0.00459193 0.00225556 0.000558287 0.000360524 4.64049e-05 1.0048e-05 2.84732e-06 8.03829e-07 1.66451e-07 5.19151e-08 0 0 0 0 0 0 0 0 0 0 0 0 0 0 0 0 0 0 0 0 0 0 0 0 0 0 0 0 0 0 0 0 0 0 0 0 0 0 0 0 0 0 0 0 0 0 0 0 0 0 0 0
6.0352e+09 2.40211e+09 5.8315e+08 2.05153e+08 7.54143e+07 3.70391e+07 2.13584e+07 7.70773e+06 4.88461e+06 3.38062e+06 1.9751e+06 638005 394770 160000 128131 61964.1 15137.1 12672.3 8215.29 2863.69 1332.27 546.929 365.241 173.092 54.6841 29.0682 13.4435 1.77243 0.515017 0.321479 0.0833194 0.0584178 0.0127881 0.00605856 0.00177876 0.00128447 0.000285705 0.000123007 2.83577e-05 5.75047e-06 1.46361e-06 3.9428e-07 6.48707e-08 2.60671e-08 0 0 0 0 0 0 0 0 0 0 0 0 0 0 0 0 0 0 0 0 0 0 0 0 0 0 0 0 0 0 0 0 0 0 0 0 0 0 0 0 0 0 0 0 0 0 0 0 0 0 0 0
4.32322e+09 1.19095e+09 4.88495e+08 1.23766e+08 9.50021e+07 2.00396e+07 1.67179e+07 9.64157e+06 3.6851e+06 2.32018e+06 930603 574139 273677 137884 67076.3 29157.6 15262.6 5403.97 2707.12 1905.03 891.874 347.082 159.877 67.8349 35.9986 18.6399 6.77152 1.50428 0.557519 0.236272 0.0579775 0.0335065 0.0116358 0.00488185 0.00177447 0.00056007 0.000160809 4.46755e-05 1.36174e-05 2.39037e-06 6.60718e-07 2.02043e-07 4.94483e-08 1.15838e-08 0 0 0 0 0 0 0 0 0 0 0 0 0 0 0 0 0 0 0 0 0 0 0 0 0 0 0 0 0 0 0 0 0 0 0 0 0 0 0 0 0 0 0 0 0 0 0 0 0 0 0 0
5.99515e+09 1.21641e+09 9.24873e+08 1.20513e+08 7.27389e+07 4.4622e+07 2.02076e+07 1.52327e+07 4.27789e+06 3.15319e+06 1.21752e+06 1.2072e+06 484269 217645 131664 57341.3 50379.1 14084.5 5537.95 5124.59 1355.71 852.722 332.153 119.86 69.5578 21.7487 11.6907 1.90794 0.840295 0.23759 0.126341 0.0412502 0.0163387 0.00084715 0.00084715 0.000803999 0.000306415 8.3029e-05 1.18612e-05 5.56308e-06 1.25201e-06 2.67225e-07 5.53591e-08 1.18204e-08 0 0 0 0 0 0 0 0 0 0 0 0 0 0 0 0 0 0 0 0 0 0 0 0 0 0 0 0 0 0 0 0 0 0 0 0 0 0 0 0 0 0 0 0 0 0 0 0 0 0 0 0
4.16674e+09 1.78301e+09 8.48712e+08 1.35057e+08 8.62379e+07 1.8057e+07 1.8057e+07 1.04418e+07 6.65737e+06 2.5091e+06 1.07798e+06 537164 353648 155563 75288.5 33211 15680.3 15159.1 5492.86 3211.82 690.974 446.693 198.429 101.24 40.3974 14.5603 4.67543 1.11582 0.572757 0.320866 0.0817063 0.0342711 0.00605148 0.00243189 0.00104163 0.000737898 9.59244e-05 7.13009e-05 2.4925e-05 3.58173e-06 1.86532e-06 3.99593e-07 1.18195e-07 3.38901e-08 0 0 0 0 0 0 0 0 0 0 0 0 0 0 0 0 0 0 0 0 0 0 0 0 0 0 0 0 0 0 0 0 0 0 0 0 0 0 0 0 0 0 0 0 0 0 0 0 0 0 0 0
3.26991e+09 1.51587e+09 6.15959e+08 1.53108e+08 7.21583e+07 5.96755e+07 2.09134e+07 7.80179e+06 5.82336e+06 1.7229e+06 1.56977e+06 639153 317515 147388 114630 48270.7 17230.2 11324.2 8619.32 2614.27 1270.75 446.069 255.024 129.034 34.621 20.672 7.72444 0.880593 0.433142 0.123891 0.0841902 0.0228536 0.00787822 0.00447719 0.00211268 0.000392361 0.000170055 7.40963e-05 1.81668e-05 6.63485e-06 1.62839e-06 3.64015e-07 6.79277e-08 1.96664e-08 0 0 0 0 0 0 0 0 0 0 0 0 0 0 0 0 0 0 0 0 0 0 0 0 0 0 0 0 0 0 0 0 0 0 0 0 0 0 0 0 0 0 0 0 0 0 0 0 0 0 0 0
4.53794e+09 2.13628e+09 8.63502e+08 1.86383e+08 5.25852e+07 4.02312e+07 1.32267e+07 6.07353e+06 6.07353e+06 4.01647e+06 1.94723e+06 188465 188465 188465 94974.3 56011.7 19089.6 15632.3 2553.95 2553.95 1279.13 730.544 162.127 86.2277 44.553 28.0407 9.49637 1.76098 0.560011 0.297092 0.102975 0.028764 0.0114655 0.00777939 0.00225993 0.000853828 0.000249453 0.000137093 3.75457e-05 4.71261e-06 2.4255e-06 6.48286e-07 1.08572e-07 2.73612e-08 0 0 0 0 0 0 0 0 0 0 0 0 0 0 0 0 0 0 0 0 0 0 0 0 0 0 0 0 0 0 0 0 0 0 0 0 0 0 0 0 0 0 0 0 0 0 0 0 0 0 0 0
3.79148e+09 2.14735e+09 5.09345e+08 2.40431e+08 5.43197e+07 2.79973e+07 1.41759e+07 8.60277e+06 6.88033e+06 2.99493e+06 1.56569e+06 669300 307483 199709 81866 73816.1 36686.3 14078.8 8195.63 1509.87 1077.17 591.082 307.311 105.684 53.6199 27.7268 8.75447 1.86919 0.526785 0.304269 0.065574 0.0410357 0.0153857 0.00329622 0.00114397 0.000529074 0.000301884 7.80647e-05 2.21232e-05 8.11581e-06 1.22369e-06 2.93143e-07 8.47927e-08 1.46124e-08 0 0 0 0 0 0 0 0 0 0 0 0 0 0 0 0 0 0 0 0 0 0 0 0 0 0 0 0 0 0 0 0 0 0 0 0 0 0 0 0 0 0 0 0 0 0 0 0 0 0 0 0
2.18299e+09 1.49316e+09 6.53128e+08 1.74247e+08 5.48723e+07 3.96209e+07 2.41312e+07 8.54576e+06 8.54576e+06 2.1871e+06 1.26827e+06 603336 529548 201251 112730 64650.5 43717.7 8573.91 6674.55 4191.16 1220.94 702.647 492.286 87.4441 75.328 30.4424 10.8916 2.82136 1.21362 0.467829 0.232404 0.0492097 0.0218756 0.0119156 0.00397085 0.00250882 0.000600892 0.000242085 3.79762e-05 1.78902e-05 2.49965e-06 2.77492e-07 1.50077e-07 4.88607e-08 0 0 0 0 0 0 0 0 0 0 0 0 0 0 0 0 0 0 0 0 0 0 0 0 0 0 0 0 0 0 0 0 0 0 0 0 0 0 0 0 0 0 0 0 0 0 0 0 0 0 0 0
5.64219e+09 1.50798e+09 5.07783e+08 1.0449e+08 7.59382e+07 4.89792e+07 1.99219e+07 6.22975e+06 4.11252e+06 2.62998e+06 799442 605032 279310 143738 55218.5 31450.4 31332.8 13362.1 7573.12 2655.37 1440.21 525.27 293.379 94.8266 56.2166 19.9347 8.64305 1.00675 0.555385 0.14637 0.0626531 0.0397113 0.011961 0.00175803 0.00175803 0.000826234 0.000355902 0.000116284 1.18628e-05 4.89667e-06 1.25897e-06 2.32236e-07 7.71143e-08 1.98665e-08 0 0 0 0 0 0 0 0 0 0 0 0 0 0 0 0 0 0 0 0 0 0 0 0 0 0 0 0 0 0 0 0 0 0 0 0 0 0 0 0 0 0 0 0 0 0 0 0 0 0 0 0
3.78557e+09 1.77547e+09 7.75654e+08 1.36506e+08 5.24418e+07 3.20017e+07 1.5037e+07 9.86984e+06 5.48181e+06 2.00934e+06 1.45266e+06 854389 393311 205602 116283 58121.7 16291.6 12561.4 4644.9 3255.23 1571.69 629.346 250.143 117.422 56.7068 7.91175 7.91175 0.958209 0.496907 0.203072 0.0859577 0.0338408 0.0133688 0.00565861 0.00134786 0.000553606 0.000200954 5.14984e-05 1.94123e-05 5.17821e-06 1.52685e-06 1.67018e-07 6.30936e-08 1.62531e-08 0 0 0 0 0 0 0 0 0 0 0 0 0 0 0 0 0 0 0 0 0 0 0 0 0 0 0 0 0 0 0 0 0 0 0 0 0 0 0 0 0 0 0 0 0 0 0 0 0 0 0 0
4.39346e+09 1.2806e+09 4.46018e+08 1.0262e+08 3.83105e+07 2.59014e+07 1.65559e+07 7.13624e+06 4.96441e+06 1.91939e+06 861059 516047 323086 188039 73421.4 57262.4 32937.9 12868.3 5660.28 2423.71 1406.27 402.201 262.802 100.489 27.4182 14.2471 10.0554 2.06896 0.31454 0.283883 0.136362 0.0490594 0.0149574 0.00568879 0.00248696 0.000733021 0.000366554 9.56877e-05 5.61683e-05 1.04802e-05 1.86256e-06 5.78364e-07 9.42375e-08 2.96567e-08 0 0 0 0 0 0 0 0 0 0 0 0 0 0 0 0 0 0 0 0 0 0 0 0 0 0 0 0 0 0 0 0 0 0 0 0 0 0 0 0 0 0 0 0 0 0 0 0 0 0 0 0
3.63544e+09 1.74532e+09 5.78994e+08 1.49713e+08 5.47101e+07 4.9698e+07 1.01605e+07 1.01605e+07 8.48742e+06 4.50475e+06 1.93192e+06 351182 351182 196614 59763.8 46682.5 25615.1 10495.3 4934.52 2205.55 1016.84 500.894 252.827 110.481 36.2541 12.8671 7.82023 0.747794 0.747794 0.326781 0.0932752 0.048286 0.014746 0.00535972 0.00311193 0.000676312 0.000389221 0.00012048 5.34292e-05 1.57919e-05 2.6087e-06 4.65723e-07 1.74801e-07 3.96737e-08 1.01932e-08 0 0 0 0 0 0 0 0 0 0 0 0 0 0 0 0 0 0 0 0 0 0 0 0 0 0 0 0 0 0 0 0 0 0 0 0 0 0 0 0 0 0 0 0 0 0 0 0 0 0 0
3.2639e+09 1.72522e+09 5.15453e+08 1.38069e+08 6.47911e+07 3.98923e+07 1.41664e+07 1.1955e+07 4.77665e+06 2.63298e+06 829481 829481 278807 165448 92582.6 56459.9 17652.2 17237.7 7721.02 3995.78 2023.67 887.868 417.233 253.706 78.5229 26.7957 16.0124 2.19912 0.725967 0.285129 0.104745 0.0187133 0.0187133 0.00743214 0.00367669 0.000634497 0.000462801 0.000159909 6.07355e-05 1.65144e-05 5.04445e-06 9.26957e-07 2.22261e-07 5.05571e-08 1.84745e-08 0 0 0 0 0 0 0 0 0 0 0 0 0 0 0 0 0 0 0 0 0 0 0 0 0 0 0 0 0 0 0 0 0 0 0 0 0 0 0 0 0 0 0 0 0 0 0 0 0 0 0
6.80698e+09 2.21096e+09 8.3791e+08 1.5824e+08 7.59222e+07 3.06936e+07 2.12426e+07 1.14161e+07 6.90612e+06 4.07695e+06 1.84773e+06 683092 564676 238666 97096 46228.8 24726.4 14463.9 4143.32 1981.29 1471.92 763.777 215.582 101.82 30.8926 23.039 6.62622 0.947406 0.409304 0.185172 0.0611372 0.0393869 0.0185405 0.00518352 0.00123486 0.000666023 0.000242562 0.000113448 2.66805e-05 4.52137e-06 2.227e-06 2.77291e-07 8.59722e-08 1.81145e-08 0 0 0 0 0 0 0 0 0 0 0 0 0 0 0 0 0 0 0 0 0 0 0 0 0 0 0 0 0 0 0 0 0 0 0 0 0 0 0 0 0 0 0 0 0 0 0 0 0 0 0 0
3.93521e+09 1.99665e+09 6.58893e+08 1.54368e+08 8.7109e+07 2.4645e+07 2.21577e+07 6.04147e+06 5.0652e+06 1.5663e+06 1.18847e+06 511550 201127 143953 66309.4 31261.3 12705.5 6185.22 3637.7 2699.32 457.38 383.384 138.916 83.6986 28.9762 9.33544 3.34802 1.35795 0.493833 0.0868557 0.0705045 0.0127446 0.0105522 0.0034373 0.00155967 0.000517079 0.000222619 6.93614e-05 1.68819e-05 4.16113e-06 7.9304e-07 1.40554e-07 4.83009e-08 1.29634e-08 0 0 0 0 0 0 0 0 0 0 0 0 0 0 0 0 0 0 0 0 0 0 0 0 0 0 0 0 0 0 0 0 0 0 0 0 0 0 0 0 0 0 0 0 0 0 0 0 0 0 0 0
8.19707e+09 1.29148e+09 7.22445e+08 1.68237e+08 8.71506e+07 3.94529e+07 2.21155e+07 8.03574e+06 3.78639e+06 2.74138e+06 706935 618253 311357 225287 61683.7 41594.5 23272.1 10202.8 5500.79 2186.67 720.751 460.894 205.025 99.2555 29.74 19.0201 3.69423 0.748367 0.427852 0.175618 0.0838215 0.0279478 0.00824833 0.00418132 0.000854113 0.000384685 0.000198369 5.43068e-05 1.31731e-05 2.30147e-06 7.77968e-07 2.39012e-07 3.76915e-08 1.29295e-08 0 0 0 0 0 0 0 0 0 0 0 0 0 0 0 0 0 0 0 0 0 0 0 0 0 0 0 0 0 0 0 0 0 0 0 0 0 0 0 0 0 0 0 0 0 0 0 0 0 0 0 0
2.99392e+09 2.09364e+09 5.9326e+08 1.00105e+08 1.00105e+08 2.18438e+07 1.85316e+07 1.32808e+07 5.89407e+06 2.68627e+06 1.62314e+06 429957 349233 262787 107682 90389.1 31670.5 17329.7 8963.05 3727.99 2080.02 1096.66 420.633 170.74 108.38 25.1234 11.6218 2.39797 1.39499 0.495327 0.18386 0.0510518 0.0218201 0.00788039 0.00296601 0.00160807 0.00060189 0.000104905 3.37337e-05 1.23913e-05 2.41377e-06 5.2779e-07 9.91656e-08 2.53322e-08 0 0 0 0 0 0 0 0 0 0 0 0 0 0 0 0 0 0 0 0 0 0 0 0 0 0 0 0 0 0 0 0 0 0 0 0 0 0 0 0 0 0 0 0 0 0 0 0 0 0 0 0
4.73621e+09 1.98733e+09 6.99544e+08 1.30153e+08 5.18261e+07 3.47674e+07 2.14401e+07 1.20438e+07 3.47814e+06 3.09645e+06 632218 632218 202538 167430 113320 28489.2 17566.6 7981.26 6015.13 1610.88 1114.24 796.549 268.675 111.015 40.4474 21.1486 12.4395 1.4842 0.46112 0.169589 0.0998781 0.0241039 0.00949837 0.00398152 0.00216139 0.000835338 0.000393026 0.000101458 1.70307e-05 8.05484e-06 1.17632e-06 2.51516e-07 8.65732e-08 1.63343e-08 0 0 0 0 0 0 0 0 0 0 0 0 0 0 0 0 0 0 0 0 0 0 0 0 0 0 0 0 0 0 0 0 0 0 0 0 0 0 0 0 0 0 0 0 0 0 0 0 0 0 0 0
3.40856e+09 1.1525e+09 6.90216e+08 1.23878e+08 7.24487e+07 2.91858e+07 1.11998e+07 9.95943e+06 7.25979e+06 2.92371e+06 1.76211e+06 621277 456159 260228 129058 59494.9 24822.9 12034.6 7766.27 4347.81 1542.98 636.335 417.805 138.866 82.368 26.1143 10.0617 2.4771 0.359803 0.301492 0.0660796 0.0579893 0.024792 0.0109796 0.00356872 0.000554044 0.000341651 8.8684e-05 4.32132e-05 6.02212e-06 3.08485e-06 8.71427e-07 1.07625e-07 3.27327e-08 0 0 0 0 0 0 0 0 0 0 0 0 0 0 0 0 0 0 0 0 0 0 0 0 0 0 0 0 0 0 0 0 0 0 0 0 0 0 0 0 0 0 0 0 0 0 0 0 0 0 0 0
3.79793e+09 2.09706e+09 5.16927e+08 8.62529e+07 6.91067e+07 1.8577e+07 1.8577e+07 9.46084e+06 3.27645e+06 3.27645e+06 1.87501e+06 393170 358530 77112.7 77112.7 63976.6 34071.9 15800.1 5565.95 3400.4 1744.94 801.639 287.153 129.821 76.3555 24.1355 7.09022 2.36049 0.577934 0.292241 0.138701 0.0655624 0.0218482 0.0087586 0.00440138 0.000917009 0.000248474 0.000106487 3.64011e-05 9.13562e-06 2.4446e-06 2.92367e-07 5.26671e-08 1.89338e-08 0 0 0 0 0 0 0 0 0 0 0 0 0 0 0 0 0 0 0 0 0 0 0 0 0 0 0 0 0 0 0 0 0 0 0 0 0 0 0 0 0 0 0 0 0 0 0 0 0 0 0 0
3.50293e+09 2.21482e+09 1.18211e+09 6.051e+07 3.20645e+07 3.20645e+07 1.38023e+07 1.29472e+07 7.59392e+06 2.92261e+06 1.66836e+06 812516 550309 82884.8 38317.8 38317.8 12087.7 12087.7 6358.91 2253.01 1469.46 425.114 109.303 99.2465 44.5182 33.296 5.75395 1.69898 0.683553 0.167874 0.0799679 0.0468898 0.0158281 0.00524479 0.00177741 0.000382891 0.000123733 9.79306e-05 3.21029e-05 6.44401e-06 1.39528e-06 3.50261e-07 7.75967e-08 2.23056e-08 0 0 0 0 0 0 0 0 0 0 0 0 0 0 0 0 0 0 0 0 0 0 0 0 0 0 0 0 0 0 0 0 0 0 0 0 0 0 0 0 0 0 0 0 0 0 0 0 0 0 0 0
7.33904e+09 1.03137e+09 5.25152e+08 1.48695e+08 7.42248e+07 2.6431e+07 2.6431e+07 4.42287e+06 3.23938e+06 1.09719e+06 1.09719e+06 600035 382106 248894 173573 82878 43942.9 19529.7 7528.02 3714.35 1424.48 433.755 207.707 167.509 44.8161 21.1757 13.8647 1.32811 0.74531 0.279824 0.0381911 0.0368617 0.0103887 0.00509076 0.00144232 0.000822627 0.000224482 4.17184e-05 1.43943e-05 3.29663e-06 9.16361e-07 3.00925e-07 5.81908e-08 1.36589e-08 0 0 0 0 0 0 0 0 0 0 0 0 0 0 0 0 0 0 0 0 0 0 0 0 0 0 0 0 0 0 0 0 0 0 0 0 0 0 0 0 0 0 0 0 0 0 0 0 0 0 0 0
6.45113e+09 1.57726e+09 9.22025e+08 2.42323e+08 9.73376e+07 2.4389e+07 1.43509e+07 1.39884e+07 8.43197e+06 3.98858e+06 1.30844e+06 841740 725628 332476 148448 72513.9 25327.6 15609.3 6476.64 2534.67 1490.35 477.41 119.952 102.98 60.1481 10.2844 8.73009 1.72389 0.561095 0.323115 0.121268 0.0218269 0.0129383 0.00698792 0.00232297 0.000876928 0.00033175 7.58673e-05 2.52551e-05 3.70399e-06 1.40972e-06 3.54386e-07 9.32546e-08 1.45761e-08 0 0 0 0 0 0 0 0 0 0 0 0 0 0 0 0 0 0 0 0 0 0 0 0 0 0 0 0 0 0 0 0 0 0 0 0 0 0 0 0 0 0 0 0 0 0 0 0 0 0 0 0
5.56086e+09 7.03486e+08 4.44697e+08 1.34539e+08 5.67531e+07 4.62919e+07 2.25231e+07 1.04762e+07 5.93953e+06 3.4554e+06 1.07712e+06 1.07712e+06 401081 241193 128670 34584.6 34584.6 15307.4 9043.32 3452.62 1442.13 537.567 459.71 99.2405 39.7035 20.2398 12.4962 0.93868 0.430362 0.182198 0.0887126 0.0423747 0.012354 0.00426129 0.00165204 0.000768767 0.000244163 0.000125596 1.9867e-05 6.22557e-06 2.30515e-06 5.56269e-07 9.26457e-08 1.73406e-08 0 0 0 0 0 0 0 0 0 0 0 0 0 0 0 0 0 0 0 0 0 0 0 0 0 0 0 0 0 0 0 0 0 0 0 0 0 0 0 0 0 0 0 0 0 0 0 0 0 0 0 0
4.17241e+09 1.4658e+09 5.95868e+08 1.24518e+08 6.07376e+07 4.38786e+07 2.26024e+07 1.23728e+07 6.86883e+06 3.69337e+06 1.41351e+06 1.08047e+06 529786 157830 70697.8 51806 20943.9 16256.8 3425.89 2970.37 1549.46 824.943 257.031 159.02 72.7316 27.0511 6.99988 1.74124 0.839957 0.431453 0.176201 0.0464666 0.0136332 0.00882925 0.00294297 0.00100383 0.000416097 0.000142978 4.00067e-05 9.76033e-06 1.37085e-06 5.66657e-07 1.00552e-07 1.69681e-08 0 0 0 0 0 0 0 0 0 0 0 0 0 0 0 0 0 0 0 0 0 0 0 0 0 0 0 0 0 0 0 0 0 0 0 0 0 0 0 0 0 0 0 0 0 0 0 0 0 0 0 0
