1081.73 958.46 374.004 161.657 109.108 91.2648 69.6585 47.252 37.652 21.3884 16.7536 10.9034 6.92524 6.6671 3.31005 2.87301 0.664453 0.652763 0.375866 0.250754 0.221806 0.0879741 0.0413419 0.0186112 0.00534175 0.00213213 0.000827589 9.50031e-05 5.4353e-05 8.36115e-06 7.29551e-06 1.9151e-06 9.51755e-07 1.84645e-07 8.41533e-08 2.44074e-08 1.12113e-08 0 0 0 0 0 0 0 0 0 0 0 0 0 0 0 0 0 0 0 0 0 0 0 0 0 0 0 0 0 0 0 0 0 0 0 0 0 0 0 0 0 0 0 0 0 0 0 0 0 0 0 0 0 0 0 0 0 0 0
1269.25 414.717 414.717 154.515 154.515 92.0735 55.9776 42.0211 31.9872 21.7982 9.53976 9.53976 6.03954 4.36835 2.27437 2.10746 1.35654 0.590032 0.344641 0.29739 0.230941 0.0856515 0.03268 0.0248309 0.00808984 0.00349354 0.00147058 0.00020168 5.59946e-05 1.869e-05 6.40352e-06 2.03478e-06 4.66188e-07 2.04981e-07 7.4225e-08 2.1583e-08 1.02002e-08 0 0 0 0 0 0 0 0 0 0 0 0 0 0 0 0 0 0 0 0 0 0 0 0 0 0 0 0 0 0 0 0 0 0 0 0 0 0 0 0 0 0 0 0 0 0 0 0 0 0 0 0 0 0 0 0 0 0 0
1846.39 745.369 557.013 227.018 173.141 103.451 60.4444 51.9441 18.7129 18.7129 14.5156 7.25743 5.03053 1.21162 1.21162 1.21162 1.19087 0.547224 0.380973 0.221733 0.148835 0.0345264 0.031625 0.0134993 0.0030223 0.00163872 0.000797023 0.00016336 6.25403e-05 2.03875e-05 7.07828e-06 2.37632e-06 5.08217e-07 2.27878e-07 8.33509e-08 3.45393e-08 1.12477e-08 0 0 0 0 0 0 0 0 0 0 0 0 0 0 0 0 0 0 0 0 0 0 0 0 0 0 0 0 0 0 0 0 0 0 0 0 0 0 0 0 0 0 0 0 0 0 0 0 0 0 0 0 0 0 0 0 0 0 0
1273.02 565.904 329.405 146.805 60.2118 60.2118 60.2118 45.9464 17.1352 10.9077 10.9077 4.13262 4.13262 3.00343 2.09383 2.03755 1.53913 0.789527 0.368039 0.18112 0.18112 0.115057 0.0711924 0.0202986 0.0116145 0.0048378 0.00125351 0.000208283 5.27939e-05 2.16488e-05 9.05497e-06 3.41009e-06 6.43913e-07 3.58176e-07 1.38444e-07 3.73105e-08 0 0 0 0 0 0 0 0 0 0 0 0 0 0 0 0 0 0 0 0 0 0 0 0 0 0 0 0 0 0 0 0 0 0 0 0 0 0 0 0 0 0 0 0 0 0 0 0 0 0 0 0 0 0 0 0 0 0 0 0
1251.15 1056.51 349.299 96.1078 96.1078 50.6294 50.6294 50.6294 18.7013 18.7013 18.7013 8.27892 5.60231 5.43766 3.92073 1.716 1.716 0.893024 0.27684 0.27684 0.228524 0.159344 0.0703488 0.0355203 0.0185449 0.00426548 0.00120152 0.000288778 9.6259e-05 2.46997e-05 1.16722e-05 4.37264e-06 1.171e-06 4.43827e-07 1.25547e-07 5.60308e-08 1.05101e-08 0 0 0 0 0 0 0 0 0 0 0 0 0 0 0 0 0 0 0 0 0 0 0 0 0 0 0 0 0 0 0 0 0 0 0 0 0 0 0 0 0 0 0 0 0 0 0 0 0 0 0 0 0 0 0 0 0 0 0
638.322 492.282 271.919 213.157 98.5446 98.5446 37.2175 37.2175 34.0205 20.566 13.5029 7.16021 5.09226 2.60027 1.71141 1.16153 1.16153 0.742299 0.407279 0.287531 0.146265 0.0945846 0.0321334 0.0148006 0.00704429 0.00226406 0.000793367 0.000131144 2.11257e-05 1.30526e-05 3.96939e-06 1.49061e-06 4.61628e-07 2.31065e-07 7.10863e-08 2.59004e-08 0 0 0 0 0 0 0 0 0 0 0 0 0 0 0 0 0 0 0 0 0 0 0 0 0 0 0 0 0 0 0 0 0 0 0 0 0 0 0 0 0 0 0 0 0 0 0 0 0 0 0 0 0 0 0 0 0 0 0 0
937.835 911.084 634.451 255.429 166.781 98.6725 79.9866 47.8164 28.5425 22.9085 7.25058 7.25058 4.39269 3.53959 2.36989 1.63635 0.862509 0.561031 0.398296 0.209213 0.196924 0.0634623 0.023863 0.00271413 0.00271413 0.00135924 0.000327389 4.9209e-05 2.89424e-05 6.64215e-06 3.89562e-06 8.44981e-07 4.69232e-07 1.55255e-07 3.84723e-08 1.2927e-08 0 0 0 0 0 0 0 0 0 0 0 0 0 0 0 0 0 0 0 0 0 0 0 0 0 0 0 0 0 0 0 0 0 0 0 0 0 0 0 0 0 0 0 0 0 0 0 0 0 0 0 0 0 0 0 0 0 0 0 0
1178.79 569.124 224.877 126.602 126.602 49.5288 49.5288 27.4691 27.4691 21.3836 15.0521 10.1816 4.63199 3.54383 1.57071 1.38554 0.970549 0.261072 0.261072 0.185647 0.127594 0.0652722 0.0310405 0.0164007 0.00671094 0.00322899 0.000359446 0.000166823 6.03943e-05 1.37771e-05 3.53719e-06 2.45816e-06 8.97754e-07 4.30295e-07 7.18721e-08 2.99979e-08 1.12083e-08 0 0 0 0 0 0 0 0 0 0 0 0 0 0 0 0 0 0 0 0 0 0 0 0 0 0 0 0 0 0 0 0 0 0 0 0 0 0 0 0 0 0 0 0 0 0 0 0 0 0 0 0 0 0 0 0 0 0 0
1800.33 712.757 334.213 130.467 94.119 92.4748 72.1919 46.01 29.9105 24.9507 6.54396 4.73552 3.93283 3.93283 2.43634 1.68913 1.45599 0.748074 0.294726 0.199103 0.16736 0.109248 0.0472817 0.014034 0.005773 0.00361516 0.000794828 0.000157424 5.4447e-05 2.20047e-05 9.27259e-06 2.56573e-06 1.70007e-06 4.20251e-07 1.46355e-07 4.71922e-08 1.31272e-08 0 0 0 0 0 0 0 0 0 0 0 0 0 0 0 0 0 0 0 0 0 0 0 0 0 0 0 0 0 0 0 0 0 0 0 0 0 0 0 0 0 0 0 0 0 0 0 0 0 0 0 0 0 0 0 0 0 0 0
960.109 763.626 359.632 90.7359 90.7359 90.7359 67.6937 35.4361 17.7815 15.4066 13.26 4.62568 4.62568 3.20249 1.93884 0.680999 0.601909 0.399977 0.362921 0.250282 0.1254 0.0728044 0.0304627 0.0133401 0.00385511 0.00167874 0.000899343 7.49787e-05 4.32099e-05 1.43257e-05 3.38377e-06 2.23431e-06 4.54981e-07 1.99587e-07 1.20903e-07 1.64305e-08 0 0 0 0 0 0 0 0 0 0 0 0 0 0 0 0 0 0 0 0 0 0 0 0 0 0 0 0 0 0 0 0 0 0 0 0 0 0 0 0 0 0 0 0 0 0 0 0 0 0 0 0 0 0 0 0 0 0 0 0
614.528 614.528 204.846 204.846 118.891 61.2076 60.0947 31.1721 22.523 11.2263 8.59447 5.82377 4.33857 3.05954 1.96336 1.75907 0.983697 0.752055 0.266278 0.234629 0.179939 0.145473 0.0730469 0.0154052 0.00521407 0.00402731 0.00124702 0.000134632 3.41507e-05 1.73134e-05 7.44924e-06 3.57235e-06 1.00523e-06 3.32395e-07 7.84618e-08 3.46097e-08 1.1643e-08 0 0 0 0 0 0 0 0 0 0 0 0 0 0 0 0 0 0 0 0 0 0 0 0 0 0 0 0 0 0 0 0 0 0 0 0 0 0 0 0 0 0 0 0 0 0 0 0 0 0 0 0 0 0 0 0 0 0 0
1663.82 623.025 599.342 264.246 183.438 108.962 57.7574 26.3534 26.3534 22.986 18.5686 8.21484 7.51861 1.98897 1.98897 1.98897 1.3962 0.794346 0.170302 0.1397 0.1397 0.113343 0.0625129 0.0304014 0.0100763 0.00453233 0.00106851 0.000206249 6.39228e-05 3.52149e-05 1.22625e-05 5.24916e-06 1.22702e-06 3.97167e-07 1.90106e-07 5.05786e-08 1.74859e-08 0 0 0 0 0 0 0 0 0 0 0 0 0 0 0 0 0 0 0 0 0 0 0 0 0 0 0 0 0 0 0 0 0 0 0 0 0 0 0 0 0 0 0 0 0 0 0 0 0 0 0 0 0 0 0 0 0 0 0
1307.26 879.401 261.887 237.835 169.592 79.605 28.4744 28.4744 28.4744 23.7857 10.1587 9.06568 6.57061 4.36587 2.71272 1.63456 0.923016 0.455327 0.455327 0.274973 0.148182 0.107158 0.0330471 0.0231284 0.00617899 0.00271237 0.00122121 0.000159966 3.92082e-05 1.48928e-05 7.56266e-06 2.27119e-06 7.70686e-07 2.39464e-07 1.68578e-07 5.38107e-08 1.29189e-08 0 0 0 0 0 0 0 0 0 0 0 0 0 0 0 0 0 0 0 0 0 0 0 0 0 0 0 0 0 0 0 0 0 0 0 0 0 0 0 0 0 0 0 0 0 0 0 0 0 0 0 0 0 0 0 0 0 0 0
1613.29 813.778 423.366 243.129 139.29 89.0264 77.1481 56.9768 28.0788 17.3297 16.7686 5.6476 4.01314 3.35287 2.54682 1.65651 0.52112 0.360942 0.360942 0.243825 0.204812 0.120483 0.0259775 0.0125873 0.00896835 0.00278684 0.00172781 0.000263709 9.01154e-05 3.29477e-05 1.05855e-05 3.50508e-06 9.72443e-07 4.73816e-07 8.41959e-08 4.43694e-08 1.80776e-08 0 0 0 0 0 0 0 0 0 0 0 0 0 0 0 0 0 0 0 0 0 0 0 0 0 0 0 0 0 0 0 0 0 0 0 0 0 0 0 0 0 0 0 0 0 0 0 0 0 0 0 0 0 0 0 0 0 0 0
1587.74 533.095 294.202 203.915 191.329 82.2413 78.19 50.6432 37.4614 20.1277 14.8407 8.76387 3.80443 3.42099 2.03951 1.76224 1.02625 0.54091 0.536611 0.188034 0.158708 0.116124 0.032257 0.0147724 0.00760136 0.00184541 0.000761269 0.000143283 3.58329e-05 1.81275e-05 7.87255e-06 2.64015e-06 1.27473e-06 2.56293e-07 1.06392e-07 4.15993e-08 1.14018e-08 0 0 0 0 0 0 0 0 0 0 0 0 0 0 0 0 0 0 0 0 0 0 0 0 0 0 0 0 0 0 0 0 0 0 0 0 0 0 0 0 0 0 0 0 0 0 0 0 0 0 0 0 0 0 0 0 0 0 0
1054.15 805.738 712.039 191.343 116.931 56.2523 56.2523 43.6248 39.7594 15.2658 10.0135 7.28635 6.36024 2.42207 2.21937 1.39621 0.740141 0.484947 0.292133 0.288106 0.175404 0.0623372 0.0265934 0.0110791 0.00527888 0.0015458 0.000319249 9.44803e-05 2.22227e-05 5.94682e-06 4.42224e-06 8.96657e-07 2.81299e-07 9.36334e-08 6.36052e-08 1.33537e-08 0 0 0 0 0 0 0 0 0 0 0 0 0 0 0 0 0 0 0 0 0 0 0 0 0 0 0 0 0 0 0 0 0 0 0 0 0 0 0 0 0 0 0 0 0 0 0 0 0 0 0 0 0 0 0 0 0 0 0 0
1512.61 477.705 401.008 135.492 93.3902 93.3902 60.082 57.2218 27.0747 17.7745 13.6776 9.01531 1.67976 1.67976 1.67976 1.67976 1.61908 0.86807 0.45506 0.338203 0.297929 0.109256 0.0564791 0.0400363 0.0130646 0.00606988 0.000807164 0.000162847 9.96758e-05 2.4365e-05 2.76771e-06 1.793e-06 6.4074e-07 3.21674e-07 1.03849e-07 2.97655e-08 0 0 0 0 0 0 0 0 0 0 0 0 0 0 0 0 0 0 0 0 0 0 0 0 0 0 0 0 0 0 0 0 0 0 0 0 0 0 0 0 0 0 0 0 0 0 0 0 0 0 0 0 0 0 0 0 0 0 0 0
1369.14 711.234 468.75 208.575 159.93 90.8009 70.8267 28.5165 28.5165 22.4682 13.6006 12.5547 4.42219 4.18134 2.25765 2.24491 0.915431 0.555977 0.489253 0.343455 0.215669 0.114084 0.0791447 0.0170586 0.0134598 0.00775739 0.00116688 0.000146185 0.000124466 1.73354e-05 7.08331e-06 4.11865e-06 1.48642e-06 2.72946e-07 2.07346e-07 5.36719e-08 1.03806e-08 0 0 0 0 0 0 0 0 0 0 0 0 0 0 0 0 0 0 0 0 0 0 0 0 0 0 0 0 0 0 0 0 0 0 0 0 0 0 0 0 0 0 0 0 0 0 0 0 0 0 0 0 0 0 0 0 0 0 0
1310.99 425.745 161.332 124.64 124.64 105.066 73.7033 40.916 36.0936 17.2587 5.00372 5.00372 3.89723 2.41954 1.5811 1.33383 0.666898 0.621332 0.284408 0.247643 0.134855 0.0784049 0.0267124 0.0100446 0.00526361 0.00151408 0.000864737 8.78891e-05 3.9458e-05 1.72386e-05 4.27789e-06 1.1985e-06 6.02225e-07 1.48837e-07 4.93364e-08 2.13714e-08 0 0 0 0 0 0 0 0 0 0 0 0 0 0 0 0 0 0 0 0 0 0 0 0 0 0 0 0 0 0 0 0 0 0 0 0 0 0 0 0 0 0 0 0 0 0 0 0 0 0 0 0 0 0 0 0 0 0 0 0
1364.93 885.56 617.234 238.475 130.904 76.4284 54.9932 36.7191 23.1799 11.673 11.673 8.29045 5.3765 3.11913 2.73513 1.92233 1.36703 0.542428 0.340866 0.19247 0.121839 0.0707539 0.0336797 0.0165433 0.00262032 0.00140809 0.000733514 0.000104006 4.17339e-05 1.17377e-05 4.52357e-06 1.68015e-06 5.48665e-07 2.14348e-07 8.34898e-08 1.65231e-08 0 0 0 0 0 0 0 0 0 0 0 0 0 0 0 0 0 0 0 0 0 0 0 0 0 0 0 0 0 0 0 0 0 0 0 0 0 0 0 0 0 0 0 0 0 0 0 0 0 0 0 0 0 0 0 0 0 0 0 0
1240.74 565 238.059 123.714 103.361 56.9328 47.9192 39.1646 18.7742 18.7742 16.6712 5.4021 5.4021 3.2265 1.45991 1.45991 0.692465 0.391604 0.354792 0.200251 0.130259 0.0888504 0.0239361 0.0109418 0.00437473 0.00158148 0.00060075 0.00013625 3.08233e-05 1.22568e-05 4.0616e-06 1.84999e-06 4.60514e-07 1.4425e-07 8.14264e-08 3.23954e-08 0 0 0 0 0 0 0 0 0 0 0 0 0 0 0 0 0 0 0 0 0 0 0 0 0 0 0 0 0 0 0 0 0 0 0 0 0 0 0 0 0 0 0 0 0 0 0 0 0 0 0 0 0 0 0 0 0 0 0 0
1733.35 753.021 438.874 182.347 154.152 96.1189 73.7273 19.9037 19.9037 19.9037 15.0182 9.09079 6.58334 2.46224 2.10678 2.10678 1.39003 0.585781 0.349237 0.323058 0.184831 0.131631 0.046681 0.0102601 0.00946699 0.0020895 0.00101258 0.000214994 8.58122e-05 2.79399e-05 7.29178e-06 1.78624e-06 4.47072e-07 3.46965e-07 8.19693e-08 4.23271e-08 0 0 0 0 0 0 0 0 0 0 0 0 0 0 0 0 0 0 0 0 0 0 0 0 0 0 0 0 0 0 0 0 0 0 0 0 0 0 0 0 0 0 0 0 0 0 0 0 0 0 0 0 0 0 0 0 0 0 0 0
1521.41 1190.65 549.081 102.573 86.7255 84.0084 84.0084 53.9028 47.8489 18.9109 9.90628 6.85285 6.85285 2.63195 1.93894 1.93894 0.870723 0.645685 0.645685 0.4926 0.340182 0.171672 0.112848 0.0745003 0.0261682 0.00901613 0.00317008 0.00032982 4.94637e-05 4.94637e-05 2.1587e-05 1.00935e-05 4.40318e-06 9.87467e-07 2.38423e-07 8.8492e-08 2.57727e-08 0 0 0 0 0 0 0 0 0 0 0 0 0 0 0 0 0 0 0 0 0 0 0 0 0 0 0 0 0 0 0 0 0 0 0 0 0 0 0 0 0 0 0 0 0 0 0 0 0 0 0 0 0 0 0 0 0 0 0
1565.99 524.766 524.766 104.146 86.081 62.9624 28.7649 17.7426 17.7426 12.8014 4.22028 4.22028 2.37363 1.50241 1.50241 0.703605 0.67739 0.433809 0.249281 0.17255 0.104283 0.0639126 0.0175639 0.00807883 0.0027894 0.000934652 0.000436222 6.67113e-05 3.88949e-05 1.12181e-05 3.00208e-06 1.23281e-06 1.98839e-07 9.51155e-08 1.61967e-08 0 0 0 0 0 0 0 0 0 0 0 0 0 0 0 0 0 0 0 0 0 0 0 0 0 0 0 0 0 0 0 0 0 0 0 0 0 0 0 0 0 0 0 0 0 0 0 0 0 0 0 0 0 0 0 0 0 0 0 0 0
1116.19 626.568 398.422 196.98 50.5541 50.5541 50.5541 41.1034 29.6626 22.6389 7.41789 7.41789 7.41789 6.31371 3.02402 1.0748 0.819596 0.614992 0.370604 0.267784 0.157649 0.129059 0.0508849 0.0329449 0.0170064 0.00513205 0.00234458 0.000199724 9.00462e-05 2.33219e-05 1.00988e-05 4.59939e-06 1.76665e-06 4.10645e-07 6.9185e-08 3.72874e-08 1.36606e-08 0 0 0 0 0 0 0 0 0 0 0 0 0 0 0 0 0 0 0 0 0 0 0 0 0 0 0 0 0 0 0 0 0 0 0 0 0 0 0 0 0 0 0 0 0 0 0 0 0 0 0 0 0 0 0 0 0 0 0
1177.73 529.471 344.24 203.398 82.6431 82.6431 36.279 36.1657 31.363 15.4413 15.4413 10.9653 10.5668 5.97746 3.7592 2.20397 2.06855 0.42488 0.42488 0.392414 0.233027 0.12067 0.043588 0.020108 0.00906101 0.0043016 0.00153227 0.000162677 3.60665e-05 2.51961e-05 9.31602e-06 1.99571e-06 7.77381e-07 1.67636e-07 6.69855e-08 2.54345e-08 0 0 0 0 0 0 0 0 0 0 0 0 0 0 0 0 0 0 0 0 0 0 0 0 0 0 0 0 0 0 0 0 0 0 0 0 0 0 0 0 0 0 0 0 0 0 0 0 0 0 0 0 0 0 0 0 0 0 0 0
1965.93 627.49 374.192 285.149 101.373 81.1868 30.8901 30.8901 30.8901 11.6264 11.6264 8.79257 5.78328 3.5755 2.51636 1.26578 1.23905 0.547179 0.350208 0.260765 0.158553 0.115159 0.0337279 0.0129124 0.00826127 0.00377443 0.00118376 0.000174448 6.38699e-05 2.24737e-05 7.08663e-06 2.72693e-06 1.21089e-06 3.95753e-07 1.24932e-07 5.45787e-08 1.19041e-08 0 0 0 0 0 0 0 0 0 0 0 0 0 0 0 0 0 0 0 0 0 0 0 0 0 0 0 0 0 0 0 0 0 0 0 0 0 0 0 0 0 0 0 0 0 0 0 0 0 0 0 0 0 0 0 0 0 0 0
1439.1 452.799 452.799 250.788 160.126 64.3174 64.3174 33.3203 33.3203 20.3946 17.7 9.16633 5.24267 4.41498 2.05147 1.57933 0.920559 0.721512 0.447558 0.273245 0.195929 0.127802 0.0256863 0.0188911 0.00445573 0.00191438 0.000866857 0.000114193 3.95707e-05 1.82379e-05 5.22718e-06 1.1886e-06 8.18235e-07 1.33063e-07 5.36986e-08 2.16021e-08 0 0 0 0 0 0 0 0 0 0 0 0 0 0 0 0 0 0 0 0 0 0 0 0 0 0 0 0 0 0 0 0 0 0 0 0 0 0 0 0 0 0 0 0 0 0 0 0 0 0 0 0 0 0 0 0 0 0 0 0
1960.55 569.822 497.408 183.11 183.11 142.762 115.038 38.8557 27.891 17.8686 14.1832 9.51944 5.15491 3.58708 2.0633 1.71954 1.20099 0.57109 0.57109 0.357001 0.166353 0.166353 0.112971 0.0355539 0.0166538 0.0042049 0.00212318 0.000321519 6.81153e-05 1.8272e-05 1.22897e-05 3.51189e-06 8.676e-07 2.8353e-07 1.82253e-07 4.61249e-08 1.05346e-08 0 0 0 0 0 0 0 0 0 0 0 0 0 0 0 0 0 0 0 0 0 0 0 0 0 0 0 0 0 0 0 0 0 0 0 0 0 0 0 0 0 0 0 0 0 0 0 0 0 0 0 0 0 0 0 0 0 0 0
1483.69 566.106 513.964 213.328 156.537 97.9747 91.6124 39.9778 22.6343 11.8084 11.0932 5.47725 5.47725 2.4634 2.35377 1.35529 0.653024 0.54432 0.344411 0.327092 0.127977 0.0735238 0.0289045 0.00664416 0.00427356 0.00146649 0.000418453 5.91954e-05 2.05947e-05 1.04517e-05 2.59607e-06 9.50433e-07 2.77179e-07 1.25941e-07 7.3226e-08 1.62003e-08 0 0 0 0 0 0 0 0 0 0 0 0 0 0 0 0 0 0 0 0 0 0 0 0 0 0 0 0 0 0 0 0 0 0 0 0 0 0 0 0 0 0 0 0 0 0 0 0 0 0 0 0 0 0 0 0 0 0 0 0
1445.34 911.016 519.984 269.002 127.005 72.5028 32.3438 32.3438 30.6717 21.1599 10.7655 6.44218 3.18085 3.18085 1.67644 1.34312 0.601945 0.411457 0.334435 0.263361 0.185982 0.079762 0.019894 0.0128296 0.00496085 0.00101163 0.000575962 0.000101869 1.49691e-05 8.8313e-06 2.84903e-06 1.23429e-06 5.10424e-07 9.72893e-08 2.68491e-08 1.05061e-08 0 0 0 0 0 0 0 0 0 0 0 0 0 0 0 0 0 0 0 0 0 0 0 0 0 0 0 0 0 0 0 0 0 0 0 0 0 0 0 0 0 0 0 0 0 0 0 0 0 0 0 0 0 0 0 0 0 0 0 0
745.297 439.428 411.976 224.279 97.8364 97.8364 60.9099 60.9099 44.5618 27.2292 14.4377 14.4377 9.67141 4.66221 2.43995 1.74712 1.44474 0.670226 0.43575 0.292073 0.185904 0.115686 0.0476786 0.0121992 0.00593211 0.003415 0.000799939 6.1513e-05 4.08965e-05 1.59262e-05 4.24282e-06 3.10044e-06 8.10279e-07 2.33187e-07 8.83476e-08 3.20466e-08 1.17171e-08 0 0 0 0 0 0 0 0 0 0 0 0 0 0 0 0 0 0 0 0 0 0 0 0 0 0 0 0 0 0 0 0 0 0 0 0 0 0 0 0 0 0 0 0 0 0 0 0 0 0 0 0 0 0 0 0 0 0 0
904.353 779.655 440.272 176.476 104.317 68.3655 64.0664 28.9251 27.6308 16.2476 15.7419 10.8364 9.91772 3.93575 2.11629 1.19024 0.524176 0.524176 0.399866 0.265703 0.193918 0.0847368 0.0564608 0.0249135 0.00924933 0.00536313 0.00157478 0.000180408 3.06626e-05 2.55007e-05 6.2235e-06 2.711e-06 9.39245e-07 6.17291e-07 1.72983e-07 3.69032e-08 1.34435e-08 0 0 0 0 0 0 0 0 0 0 0 0 0 0 0 0 0 0 0 0 0 0 0 0 0 0 0 0 0 0 0 0 0 0 0 0 0 0 0 0 0 0 0 0 0 0 0 0 0 0 0 0 0 0 0 0 0 0 0
952.348 545.005 278.488 198.125 198.125 96.745 75.4225 35.1534 20.3038 18.4424 17.6928 11.0736 6.6374 5.05173 2.8083 2.36699 1.27671 0.939401 0.537636 0.214469 0.214469 0.171112 0.0617327 0.0294739 0.0108344 0.00633479 0.00172984 0.000264558 0.00012488 4.87406e-05 1.33752e-05 7.29547e-06 2.49244e-06 6.22777e-07 1.88196e-07 4.68472e-08 1.70741e-08 0 0 0 0 0 0 0 0 0 0 0 0 0 0 0 0 0 0 0 0 0 0 0 0 0 0 0 0 0 0 0 0 0 0 0 0 0 0 0 0 0 0 0 0 0 0 0 0 0 0 0 0 0 0 0 0 0 0 0
827.411 391.18 391.18 108.057 108.057 103.848 58.1075 26.8859 26.8859 17.7032 13.0756 4.31975 3.2817 1.56885 1.56885 0.602905 0.588102 0.387884 0.280985 0.0902365 0.0893991 0.06521 0.0250151 0.00908501 0.00350354 0.00168889 0.000724109 0.000127461 2.63916e-05 1.80148e-05 7.44072e-06 2.06024e-06 7.7254e-07 2.29781e-07 6.65962e-08 1.57116e-08 0 0 0 0 0 0 0 0 0 0 0 0 0 0 0 0 0 0 0 0 0 0 0 0 0 0 0 0 0 0 0 0 0 0 0 0 0 0 0 0 0 0 0 0 0 0 0 0 0 0 0 0 0 0 0 0 0 0 0 0
1289.98 561.387 391.265 191.632 151.777 83.9396 70.9554 37.1545 31.7044 17.6121 17.6121 10.7046 5.88605 4.17052 2.83383 2.03702 0.921563 0.913288 0.361148 0.332416 0.222682 0.0958339 0.0287201 0.0257978 0.00614574 0.00241657 0.00151728 0.000152955 4.29811e-05 1.08711e-05 4.37981e-06 1.34705e-06 5.06642e-07 2.16609e-07 3.61991e-08 1.44764e-08 0 0 0 0 0 0 0 0 0 0 0 0 0 0 0 0 0 0 0 0 0 0 0 0 0 0 0 0 0 0 0 0 0 0 0 0 0 0 0 0 0 0 0 0 0 0 0 0 0 0 0 0 0 0 0 0 0 0 0 0
707.459 707.459 144.525 144.525 144.525 90.0209 80.803 43.1574 42.6166 22.4986 14.5041 6.87387 3.29143 3.29143 3.06727 1.28363 0.828301 0.521204 0.315581 0.189613 0.126765 0.0858203 0.0327592 0.01153 0.00376932 0.00185316 0.000211625 7.1537e-05 2.35546e-05 1.31216e-05 2.67299e-06 6.11564e-07 3.05578e-07 1.64088e-07 4.0332e-08 0 0 0 0 0 0 0 0 0 0 0 0 0 0 0 0 0 0 0 0 0 0 0 0 0 0 0 0 0 0 0 0 0 0 0 0 0 0 0 0 0 0 0 0 0 0 0 0 0 0 0 0 0 0 0 0 0 0 0 0 0
1205.44 591.099 502.056 98.4502 25.9676 25.9676 25.9676 25.9676 17.4663 17.1514 11.102 5.88185 3.60058 3.04618 1.9472 0.656171 0.549015 0.408269 0.408269 0.381029 0.162236 0.086779 0.0540589 0.0200115 0.00962749 0.00250561 0.000750238 0.000186395 4.47325e-05 2.7166e-05 8.60575e-06 2.87957e-06 6.23685e-07 2.12834e-07 9.79927e-08 1.90853e-08 0 0 0 0 0 0 0 0 0 0 0 0 0 0 0 0 0 0 0 0 0 0 0 0 0 0 0 0 0 0 0 0 0 0 0 0 0 0 0 0 0 0 0 0 0 0 0 0 0 0 0 0 0 0 0 0 0 0 0 0
872.605 707.792 545.503 186.737 136.519 94.596 80.9622 43.0785 34.5899 12.5674 12.5674 8.93536 4.98036 4.98036 2.29101 1.98534 1.50702 0.657656 0.33794 0.239634 0.206574 0.121905 0.0312643 0.0312643 0.00522009 0.00135732 0.00106411 0.000205111 6.87157e-05 3.71832e-05 1.38131e-05 3.24319e-06 1.15877e-06 4.86735e-07 1.28666e-07 4.70661e-08 1.20046e-08 0 0 0 0 0 0 0 0 0 0 0 0 0 0 0 0 0 0 0 0 0 0 0 0 0 0 0 0 0 0 0 0 0 0 0 0 0 0 0 0 0 0 0 0 0 0 0 0 0 0 0 0 0 0 0 0 0 0 0
1259.49 874.984 773.374 226.81 174.248 76.2148 49.9605 20.3398 20.3398 18.7152 4.43168 4.43168 3.73793 2.80756 1.64766 1.45271 0.735178 0.455278 0.2864 0.256739 0.0943225 0.0441691 0.018947 0.00892013 0.00426127 0.00239778 0.000279386 7.91507e-05 3.062e-05 7.54308e-06 2.84141e-06 1.60618e-06 4.65951e-07 1.39213e-07 3.02534e-08 1.49871e-08 0 0 0 0 0 0 0 0 0 0 0 0 0 0 0 0 0 0 0 0 0 0 0 0 0 0 0 0 0 0 0 0 0 0 0 0 0 0 0 0 0 0 0 0 0 0 0 0 0 0 0 0 0 0 0 0 0 0 0 0
1269.1 501.37 312.664 86.1786 86.1786 44.8904 29.2401 29.2401 29.2401 7.88683 6.03676 6.03676 4.8979 3.04196 1.59819 1.59819 1.53786 0.745588 0.545864 0.334047 0.206708 0.103566 0.0372286 0.0260205 0.00982911 0.00537532 0.00187161 0.000131945 9.20666e-05 2.15144e-05 4.67519e-06 3.08396e-06 1.3558e-06 2.54994e-07 1.46076e-07 3.11948e-08 0 0 0 0 0 0 0 0 0 0 0 0 0 0 0 0 0 0 0 0 0 0 0 0 0 0 0 0 0 0 0 0 0 0 0 0 0 0 0 0 0 0 0 0 0 0 0 0 0 0 0 0 0 0 0 0 0 0 0 0
1385.9 711.953 489.422 163.37 163.37 85.4651 76.2615 70.7705 26.5618 26.5618 15.2004 11.7989 7.11617 4.68278 2.51401 1.81216 1.77828 1.08359 0.435849 0.416087 0.276745 0.115318 0.0711892 0.0274772 0.0119439 0.00298433 0.00157007 0.000179233 6.50284e-05 2.09998e-05 4.61845e-06 1.62049e-06 1.0391e-06 4.1968e-07 1.1912e-07 3.9536e-08 1.25118e-08 0 0 0 0 0 0 0 0 0 0 0 0 0 0 0 0 0 0 0 0 0 0 0 0 0 0 0 0 0 0 0 0 0 0 0 0 0 0 0 0 0 0 0 0 0 0 0 0 0 0 0 0 0 0 0 0 0 0 0
761.387 761.387 615.331 173.349 157.071 72.5153 72.5153 35.4843 27.58 23.8686 10.7755 8.49807 7.7386 2.37802 2.37802 2.32027 0.932244 0.659931 0.480174 0.264824 0.174673 0.0524121 0.0524121 0.0152911 0.00418819 0.00227249 0.00116667 0.00014826 3.68225e-05 1.76818e-05 3.19437e-06 9.57837e-07 3.86086e-07 2.16702e-07 5.4931e-08 1.79434e-08 0 0 0 0 0 0 0 0 0 0 0 0 0 0 0 0 0 0 0 0 0 0 0 0 0 0 0 0 0 0 0 0 0 0 0 0 0 0 0 0 0 0 0 0 0 0 0 0 0 0 0 0 0 0 0 0 0 0 0 0
1418.17 695.688 298.71 172.915 55.4924 55.4924 55.4924 42.8352 22.8289 11.1251 11.0077 7.71904 5.72085 2.98834 1.61004 1.61004 1.06235 0.415807 0.415807 0.270262 0.149466 0.111988 0.072124 0.0169624 0.00657378 0.00176235 0.00100726 6.85397e-05 6.63945e-05 1.78301e-05 8.13085e-06 9.96062e-07 3.50999e-07 2.03241e-07 1.20307e-07 2.39875e-08 0 0 0 0 0 0 0 0 0 0 0 0 0 0 0 0 0 0 0 0 0 0 0 0 0 0 0 0 0 0 0 0 0 0 0 0 0 0 0 0 0 0 0 0 0 0 0 0 0 0 0 0 0 0 0 0 0 0 0 0
2019.48 638.264 437.789 284.748 153.757 93.0883 58.5908 26.2837 26.2837 17.727 10.6708 8.14836 4.35127 2.41892 2.39169 1.63839 1.31055 0.568146 0.367901 0.189234 0.129835 0.0533161 0.0350671 0.0153576 0.00415256 0.0019839 0.00105695 0.000168461 5.84788e-05 1.96067e-05 7.12536e-06 3.682e-06 9.64673e-07 3.58078e-07 6.93325e-08 2.53526e-08 0 0 0 0 0 0 0 0 0 0 0 0 0 0 0 0 0 0 0 0 0 0 0 0 0 0 0 0 0 0 0 0 0 0 0 0 0 0 0 0 0 0 0 0 0 0 0 0 0 0 0 0 0 0 0 0 0 0 0 0
1276.63 819.772 496.887 177.737 124.568 87.5044 46.1406 16.6456 14.8947 14.8947 11.4421 4.20523 4.20523 1.73235 1.10652 0.817789 0.581096 0.474219 0.263108 0.16014 0.134037 0.0454821 0.020087 0.0142584 0.00353567 0.0014098 0.000496727 5.96125e-05 2.4189e-05 7.25115e-06 1.51864e-06 1.51864e-06 2.12788e-07 1.72883e-07 5.0029e-08 1.78875e-08 0 0 0 0 0 0 0 0 0 0 0 0 0 0 0 0 0 0 0 0 0 0 0 0 0 0 0 0 0 0 0 0 0 0 0 0 0 0 0 0 0 0 0 0 0 0 0 0 0 0 0 0 0 0 0 0 0 0 0 0
1310.12 608.425 370.879 100.505 100.505 100.505 52.4489 48.1651 24.9789 21.4156 12.8629 5.51696 5.51696 3.89036 1.83016 1.0405 0.868629 0.868629 0.475396 0.370166 0.283231 0.130337 0.0557465 0.0296299 0.0111209 0.00222676 0.00163309 0.000178619 5.8121e-05 1.67477e-05 7.24664e-06 2.88909e-06 1.7321e-06 3.94647e-07 8.11474e-08 2.82404e-08 0 0 0 0 0 0 0 0 0 0 0 0 0 0 0 0 0 0 0 0 0 0 0 0 0 0 0 0 0 0 0 0 0 0 0 0 0 0 0 0 0 0 0 0 0 0 0 0 0 0 0 0 0 0 0 0 0 0 0 0
1104.81 731.087 422.447 176.752 90.5653 87.1684 79.6276 44.9258 28.6332 19.9624 8.45467 4.28144 3.29014 2.66003 2.55045 1.24388 1.07943 0.494809 0.224419 0.161179 0.0995084 0.0557031 0.00990406 0.00990406 0.00352222 0.00134419 0.000695827 6.58009e-05 3.50303e-05 1.3515e-05 4.28724e-06 1.05663e-06 3.93078e-07 2.1081e-07 5.09217e-08 1.9758e-08 0 0 0 0 0 0 0 0 0 0 0 0 0 0 0 0 0 0 0 0 0 0 0 0 0 0 0 0 0 0 0 0 0 0 0 0 0 0 0 0 0 0 0 0 0 0 0 0 0 0 0 0 0 0 0 0 0 0 0 0
468.116 468.116 389.724 186.064 124.001 74.2029 74.2029 52.397 31.1238 24.1197 17.0523 8.20067 2.35553 2.35553 1.629 1.629 1.32669 0.480091 0.480091 0.29818 0.152469 0.101158 0.027864 0.020359 0.0113957 0.00288879 0.00122865 0.000202322 7.85438e-05 2.6196e-05 5.11833e-06 3.39229e-06 4.08427e-07 2.32121e-07 8.65145e-08 4.00101e-08 0 0 0 0 0 0 0 0 0 0 0 0 0 0 0 0 0 0 0 0 0 0 0 0 0 0 0 0 0 0 0 0 0 0 0 0 0 0 0 0 0 0 0 0 0 0 0 0 0 0 0 0 0 0 0 0 0 0 0 0
1348.05 358.345 358.345 180.962 136.51 106.678 76.4991 60.7648 36.0073 26.5903 20.6317 11.9741 6.46541 4.13971 4.13971 2.27041 1.09434 0.85127 0.690683 0.303248 0.209877 0.0948865 0.0597487 0.0366622 0.0116938 0.00457437 0.00137094 0.000171779 9.36908e-05 3.06861e-05 2.55088e-06 2.55088e-06 1.09353e-06 2.45416e-07 7.11224e-08 2.68485e-08 1.02073e-08 0 0 0 0 0 0 0 0 0 0 0 0 0 0 0 0 0 0 0 0 0 0 0 0 0 0 0 0 0 0 0 0 0 0 0 0 0 0 0 0 0 0 0 0 0 0 0 0 0 0 0 0 0 0 0 0 0 0 0
1199.29 1083.5 384.479 208.743 88.5732 60.7169 59.459 24.1098 24.1098 17.6031 11.7917 5.29392 2.55416 2.55416 1.55044 1.36077 0.51168 0.51168 0.393512 0.259611 0.065906 0.0642236 0.0137288 0.0117323 0.00220432 0.000864195 0.000406393 6.17939e-05 2.39752e-05 1.11796e-05 2.12142e-06 1.30039e-06 2.95085e-07 9.41625e-08 4.30056e-08 0 0 0 0 0 0 0 0 0 0 0 0 0 0 0 0 0 0 0 0 0 0 0 0 0 0 0 0 0 0 0 0 0 0 0 0 0 0 0 0 0 0 0 0 0 0 0 0 0 0 0 0 0 0 0 0 0 0 0 0 0
