455.175 311.896 233.552 147.312 126.367 121.615 116.293 112.907 111.359 110.646 110.463 108.978 107.609 106.933 106.933 106.933 106.933 106.731 106.157 105.635 105.635 104.813 103.341 103.341 103.341 103.341 103.341 101.269 101.269 101.269 101.269 101.269 100.79 100.79 100.79 100.79 100.79 100.79 100.614 100.614 100.614 100.354 100.354 100.224 100.128 100.048 100.014 100.003 100.001 100 100 100 100 100 100 100 100 100 100 100 100 100 100 100 100 100 100 100 100 100 100 100 100 100 100 100 100 100 100 100 100 100 100 100 100 100 100 100 100 100 100 100 100 100 100 100
1023.97 313.201 287.209 158.209 129.481 123.01 116.899 114.328 111.824 110.721 108.973 108.246 107.918 104.935 104.935 104.935 104.935 104.935 104.545 103.245 103.245 103.245 103.245 103.245 103.245 102.825 102.825 102.492 102.492 102.492 102.242 102.213 101.194 100.778 100.778 100.778 100.778 100.778 100.778 100.639 100.639 100.639 100.455 100.365 100.108 100.042 100.02 100.005 100.001 100 100 100 100 100 100 100 100 100 100 100 100 100 100 100 100 100 100 100 100 100 100 100 100 100 100 100 100 100 100 100 100 100 100 100 100 100 100 100 100 100 100 100 100 100 100 100
428.988 301.292 201.022 133.352 129.837 118.75 114.05 112.301 111.7 110.155 109.001 107.897 105.511 105.511 105.511 105.511 105.511 105.511 105.511 105.511 105.511 105.364 104.914 102.862 102.862 102.862 102.549 102.225 102.225 101.415 101.415 101.415 101.415 101.415 100.881 100.746 100.746 100.632 100.632 100.632 100.632 100.632 100.632 100.628 100.628 100.628 100.628 100.575 100.575 100.445 100.337 100.337 100.337 100.272 100.149 100.149 100.121 100.121 100.074 100.019 100.005 100.001 100 100 100 100 100 100 100 100 100 100 100 100 100 100 100 100 100 100 100 100 100 100 100 100 100 100 100 100 100 100 100 100 100 100
572.651 330.8 244.499 135.002 123.444 116.724 112.467 111.071 110.194 108.152 108.152 108.152 108.152 107.457 107.457 107.457 106.835 106.835 106.835 106.816 106.003 106.003 105.973 104.443 104.443 102.948 102.948 102.683 102.683 102.683 102.348 102.348 102.081 102.081 101.914 101.914 101.396 101.103 101.103 100.509 100.509 100.338 100.11 100.03 100.023 100.005 100.002 100.001 100 100 100 100 100 100 100 100 100 100 100 100 100 100 100 100 100 100 100 100 100 100 100 100 100 100 100 100 100 100 100 100 100 100 100 100 100 100 100 100 100 100 100 100 100 100 100 100
680.603 356.373 220.06 127.114 120.544 115.128 113.521 112.723 111.439 110.937 110.101 108.882 108.355 106.09 106.09 106.09 105.171 105.171 104.669 104.669 104.475 104.475 104.295 102.556 102.556 102.556 102.556 102.28 102.28 102.28 101.956 101.507 101.206 101.206 101.206 101.206 101.206 100.74 100.581 100.581 100.368 100.368 100.115 100.049 100.01 100.004 100.002 100.001 100 100 100 100 100 100 100 100 100 100 100 100 100 100 100 100 100 100 100 100 100 100 100 100 100 100 100 100 100 100 100 100 100 100 100 100 100 100 100 100 100 100 100 100 100 100 100 100
762.239 427.01 191.067 155.41 126.108 116.052 115.089 112.857 110.591 110.591 110.01 108.216 108.216 105.921 105.921 105.921 103.822 103.822 103.822 103.822 103.822 103.822 102.017 101.719 101.719 101.719 101.719 101.716 101.568 101.176 101.176 101.176 101.176 101.17 101.17 101.036 100.767 100.726 100.495 100.372 100.372 100.212 100.176 100.091 100.038 100.02 100.009 100.004 100.001 100 100 100 100 100 100 100 100 100 100 100 100 100 100 100 100 100 100 100 100 100 100 100 100 100 100 100 100 100 100 100 100 100 100 100 100 100 100 100 100 100 100 100 100 100 100 100
1074.59 199.828 199.828 148.869 126.645 116.463 113.239 111.948 111.589 109.964 109.294 108.937 106.514 106.514 105.248 105.248 105.248 105.248 104.948 103.866 103.866 103.443 103.443 103.311 103.311 102.159 102.159 102.159 102.159 101.355 101.355 101.355 101.355 101.355 100.791 100.791 100.791 100.791 100.791 100.652 100.652 100.638 100.516 100.516 100.516 100.217 100.125 100.049 100.018 100.008 100.004 100.001 100 100 100 100 100 100 100 100 100 100 100 100 100 100 100 100 100 100 100 100 100 100 100 100 100 100 100 100 100 100 100 100 100 100 100 100 100 100 100 100 100 100 100 100
581.293 418.748 251.428 134.783 124.734 116.475 114.581 112.867 111.631 110.226 109.666 109.004 108.413 106.777 104.953 103.835 103.835 103.835 103.835 103.835 103.835 103.835 103.824 103.697 103.697 102.885 102.71 102.14 102.14 101.283 101.283 101.283 100.91 100.91 100.91 100.7 100.7 100.7 100.53 100.53 100.375 100.154 100.154 100.109 100.032 100.01 100.003 100.001 100.001 100 100 100 100 100 100 100 100 100 100 100 100 100 100 100 100 100 100 100 100 100 100 100 100 100 100 100 100 100 100 100 100 100 100 100 100 100 100 100 100 100 100 100 100 100 100 100
314.342 314.342 223.59 141.421 123.926 120.267 114.985 112.442 111.463 109.805 107.518 107.518 107.518 107.518 106.831 106.831 106.831 106.831 106.831 106.831 106.247 106.247 105.553 105.317 104.094 104.094 104.094 103.107 102.646 101.917 101.917 101.432 101.427 101.424 101.344 101.25 100.994 100.994 100.859 100.859 100.832 100.832 100.832 100.497 100.459 100.456 100.139 100.036 100.017 100.004 100.001 100 100 100 100 100 100 100 100 100 100 100 100 100 100 100 100 100 100 100 100 100 100 100 100 100 100 100 100 100 100 100 100 100 100 100 100 100 100 100 100 100 100 100 100 100
616.557 259.026 231.046 141.271 133.403 118.79 114.747 111.845 111.845 111.098 108.777 108.326 108.326 107.754 107.148 105.41 105.41 105.41 105.41 105.41 103.483 103.483 103.483 103.483 103.483 103.208 102.336 101.889 101.889 101.638 101.147 101.147 101.147 101.147 100.797 100.796 100.669 100.669 100.513 100.513 100.356 100.197 100.142 100.042 100.019 100.007 100.002 100 100 100 100 100 100 100 100 100 100 100 100 100 100 100 100 100 100 100 100 100 100 100 100 100 100 100 100 100 100 100 100 100 100 100 100 100 100 100 100 100 100 100 100 100 100 100 100 100
859.988 377.106 195.788 150.357 128.97 120.193 116.073 114.506 112.284 110.078 107.377 107.377 107.377 107.377 107.377 106.705 106.705 105.561 104.72 104.72 104.72 104.469 104.469 104.469 104.469 104.411 103.726 102.88 102.88 102.88 102.88 101.414 101.414 101.414 101.346 101.087 100.852 100.852 100.852 100.525 100.525 100.377 100.166 100.078 100.026 100.005 100.002 100.001 100 100 100 100 100 100 100 100 100 100 100 100 100 100 100 100 100 100 100 100 100 100 100 100 100 100 100 100 100 100 100 100 100 100 100 100 100 100 100 100 100 100 100 100 100 100 100 100
853.038 412.275 299.629 148.061 123.402 121.33 115.052 111.966 111.441 110.714 110.222 108.872 104.958 104.958 104.958 104.361 104.361 104.361 104.361 104.361 104.361 104.361 104.361 104.19 104.19 104.19 103.339 101.948 101.948 101.893 101.893 101.893 101.893 101.372 101.372 100.626 100.626 100.626 100.626 100.601 100.266 100.266 100.181 100.094 100.034 100.016 100.004 100.001 100 100 100 100 100 100 100 100 100 100 100 100 100 100 100 100 100 100 100 100 100 100 100 100 100 100 100 100 100 100 100 100 100 100 100 100 100 100 100 100 100 100 100 100 100 100 100 100
205.088 205.088 165.194 152.752 130.758 122.65 118.646 112.999 110.786 110.786 107.027 107.027 107.027 107.027 107.027 106.554 106.062 106.062 105.498 104.376 104.376 104.376 103.776 103.776 103.776 103.776 103.605 101.889 101.889 101.889 101.785 101.376 101.376 101.376 101.376 101.376 101.297 101.296 101.296 101.296 101.296 101.296 101.296 101.296 101.296 101.124 100.83 100.83 100.83 100.83 100.83 100.418 100.418 100.269 100.221 100.221 100.221 100.178 100.107 100.061 100.014 100.004 100.002 100 100 100 100 100 100 100 100 100 100 100 100 100 100 100 100 100 100 100 100 100 100 100 100 100 100 100 100 100 100 100 100 100
672.665 319.508 217.656 138.423 127.803 117.053 112.585 111.549 111.125 110.03 110.03 108.485 108.229 104.522 104.522 104.522 104.522 104.522 104.194 104.194 103.615 103.615 102.111 102.111 102.111 102.111 102.111 102.111 102.111 102.111 102.111 101.312 100.623 100.483 100.483 100.483 100.419 100.419 100.419 100.306 100.121 100.081 100.026 100.011 100.002 100.001 100 100 100 100 100 100 100 100 100 100 100 100 100 100 100 100 100 100 100 100 100 100 100 100 100 100 100 100 100 100 100 100 100 100 100 100 100 100 100 100 100 100 100 100 100 100 100 100 100 100
455.884 307.071 237.031 148.518 126.618 114.949 114.949 112.651 111.786 109.924 108.924 108.633 108.525 107.98 106.386 106.386 106.386 105.629 105.629 103.001 103.001 103.001 103.001 103.001 103.001 102.976 102.967 102.953 102.393 101.701 101.701 100.63 100.63 100.63 100.516 100.516 100.516 100.516 100.516 100.413 100.388 100.378 100.089 100.036 100.027 100.006 100.002 100.001 100 100 100 100 100 100 100 100 100 100 100 100 100 100 100 100 100 100 100 100 100 100 100 100 100 100 100 100 100 100 100 100 100 100 100 100 100 100 100 100 100 100 100 100 100 100 100 100
964.897 491.559 198.132 133.332 130.406 120.072 116.19 113.059 111.368 110.716 109.912 107.689 107.689 107.635 106.084 105.694 105.694 105.694 105.694 105.617 104.904 104.332 103.891 103.891 102.183 102.183 102.183 102.183 101.062 101.062 101.062 100.821 100.498 100.498 100.498 100.498 100.498 100.301 100.285 100.225 100.094 100.071 100.014 100.006 100.002 100.001 100 100 100 100 100 100 100 100 100 100 100 100 100 100 100 100 100 100 100 100 100 100 100 100 100 100 100 100 100 100 100 100 100 100 100 100 100 100 100 100 100 100 100 100 100 100 100 100 100 100
609.616 345.716 147.928 131.069 123.363 117.019 114.281 112.131 111.174 110.391 107.395 107.395 106.587 106.587 106.18 106.18 106.18 105.25 105.25 105.25 105.25 104.104 103.568 103.568 103.568 102.909 102.909 101.012 101.012 101.012 100.796 100.796 100.718 100.718 100.68 100.385 100.385 100.385 100.187 100.187 100.084 100.045 100.015 100.011 100.003 100.001 100 100 100 100 100 100 100 100 100 100 100 100 100 100 100 100 100 100 100 100 100 100 100 100 100 100 100 100 100 100 100 100 100 100 100 100 100 100 100 100 100 100 100 100 100 100 100 100 100 100
571.956 342.406 230.693 156.592 124.175 117.385 116.074 114.205 111.148 108.726 108.726 107.242 107.242 106.584 106.584 106.584 106.457 105.414 105.414 105.414 104.325 104.325 104.325 104.325 104.325 102.575 102.575 102.37 101.386 101.386 101.386 100.621 100.563 100.563 100.563 100.489 100.428 100.231 100.115 100.035 100.029 100.011 100.003 100.001 100 100 100 100 100 100 100 100 100 100 100 100 100 100 100 100 100 100 100 100 100 100 100 100 100 100 100 100 100 100 100 100 100 100 100 100 100 100 100 100 100 100 100 100 100 100 100 100 100 100 100 100
526.391 341.426 198.453 132.731 127.687 116.442 114.212 112.965 111.735 110.954 109.229 108.341 107.898 107.898 107.075 107.075 105.615 105.615 105.615 103.459 103.459 103.459 103.459 103.324 102.384 102.384 102.354 101.335 101.112 101.112 100.895 100.895 100.806 100.806 100.8 100.672 100.339 100.339 100.256 100.256 100.256 100.111 100.089 100.033 100.008 100.002 100.001 100 100 100 100 100 100 100 100 100 100 100 100 100 100 100 100 100 100 100 100 100 100 100 100 100 100 100 100 100 100 100 100 100 100 100 100 100 100 100 100 100 100 100 100 100 100 100 100 100
661.377 266.554 198.839 129.406 127.905 116.657 114.198 111.445 111.445 108.396 108.396 108.396 107.876 107.876 106.519 103.967 103.967 103.967 103.421 103.421 103.421 103.421 103.421 103.089 103.089 103.089 103.089 101.811 101.811 101.811 101.811 101.811 101.489 101.245 101.056 101.056 100.937 100.937 100.691 100.592 100.439 100.276 100.094 100.049 100.016 100.004 100.001 100 100 100 100 100 100 100 100 100 100 100 100 100 100 100 100 100 100 100 100 100 100 100 100 100 100 100 100 100 100 100 100 100 100 100 100 100 100 100 100 100 100 100 100 100 100 100 100 100
417.402 330.382 223.118 158.416 129.519 115.635 115.635 112.679 112.137 110.243 108.692 108.203 108.203 107.609 105.4 105.4 105.4 102.788 102.788 102.788 102.788 102.788 102.603 102.603 102.03 102.03 101.602 100.831 100.831 100.831 100.671 100.359 100.359 100.301 100.185 100.092 100.048 100.021 100.021 100.014 100.004 100.002 100 100 100 100 100 100 100 100 100 100 100 100 100 100 100 100 100 100 100 100 100 100 100 100 100 100 100 100 100 100 100 100 100 100 100 100 100 100 100 100 100 100 100 100 100 100 100 100 100 100 100 100 100 100
553.688 446.696 176.442 136.228 127.189 117.922 115.539 112.75 109.826 109.826 109.232 107.763 107.763 106.77 105.567 105.567 105.567 105.567 104.868 103.339 103.339 103.339 103.339 102.659 102.659 102.659 101.699 101.259 101.259 101.259 101.259 101.259 101.259 101.205 101.205 101.205 101.205 100.698 100.479 100.425 100.425 100.385 100.252 100.243 100.143 100.04 100.009 100.002 100.001 100 100 100 100 100 100 100 100 100 100 100 100 100 100 100 100 100 100 100 100 100 100 100 100 100 100 100 100 100 100 100 100 100 100 100 100 100 100 100 100 100 100 100 100 100 100 100
626.992 336.891 281.637 153.007 128.9 121.816 116.137 114.725 111.543 110.77 110.545 105.905 105.905 105.905 105.905 105.905 105.905 105.804 104.614 104.614 104.614 104.194 104.194 104.194 103.553 103.553 103.553 102.445 102.086 101.337 101.337 100.631 100.582 100.582 100.582 100.378 100.378 100.378 100.378 100.348 100.348 100.089 100.086 100.025 100.01 100.003 100.001 100 100 100 100 100 100 100 100 100 100 100 100 100 100 100 100 100 100 100 100 100 100 100 100 100 100 100 100 100 100 100 100 100 100 100 100 100 100 100 100 100 100 100 100 100 100 100 100 100
810.188 437.815 291.923 153.924 129.419 117.246 113.571 110.635 110.635 109.143 109.143 108.634 106.818 106.818 106.818 106.313 106.313 105.869 105.869 105.869 105.488 105.023 105.023 103.145 103.145 102.322 102.322 102.151 101.132 101.132 101.132 100.805 100.564 100.529 100.529 100.319 100.319 100.319 100.215 100.14 100.095 100.052 100.014 100.006 100.003 100.001 100 100 100 100 100 100 100 100 100 100 100 100 100 100 100 100 100 100 100 100 100 100 100 100 100 100 100 100 100 100 100 100 100 100 100 100 100 100 100 100 100 100 100 100 100 100 100 100 100 100
528.613 283.15 260.892 142.247 124.473 115.338 113.035 112.648 111.366 109.194 107.634 107.634 105.891 105.891 105.891 105.891 105.733 105.733 104.952 104.952 104.952 103.972 103.77 103.77 103.77 103.77 103.77 103.77 103.007 102.176 102.176 102.176 102.176 101.827 101.696 101.398 101.398 101.165 100.418 100.418 100.418 100.418 100.35 100.35 100.315 100.315 100.292 100.229 100.09 100.032 100.01 100.003 100.001 100 100 100 100 100 100 100 100 100 100 100 100 100 100 100 100 100 100 100 100 100 100 100 100 100 100 100 100 100 100 100 100 100 100 100 100 100 100 100 100 100 100 100
457.728 457.728 255.352 139.726 126.078 116.828 115.279 113.092 111.397 110.832 108.07 108.07 108.07 107.222 106.206 106.206 106.206 105.652 105.603 104.398 104.398 103.18 103.18 103.18 103.18 103.18 103.18 102.728 102.728 102.275 101.692 101.692 101.692 101.354 101.101 100.769 100.769 100.769 100.769 100.769 100.618 100.396 100.274 100.274 100.176 100.11 100.04 100.01 100.003 100.001 100 100 100 100 100 100 100 100 100 100 100 100 100 100 100 100 100 100 100 100 100 100 100 100 100 100 100 100 100 100 100 100 100 100 100 100 100 100 100 100 100 100 100 100 100 100
766.613 316.856 274.478 168.361 132.567 120.3 113.035 113.035 112.209 108.031 108.031 107.815 107.815 107.815 106.788 106.788 106.788 106.788 105.422 105.422 105.422 105.422 105.422 105.386 104.484 103.458 102.694 102.571 102.346 101.385 101.385 101.174 101.174 100.591 100.591 100.518 100.464 100.151 100.151 100.088 100.063 100.025 100.005 100.001 100 100 100 100 100 100 100 100 100 100 100 100 100 100 100 100 100 100 100 100 100 100 100 100 100 100 100 100 100 100 100 100 100 100 100 100 100 100 100 100 100 100 100 100 100 100 100 100 100 100 100 100
604.117 310.495 276.502 145.513 130.402 117.453 115.132 113.622 111.967 110.561 107.514 107.514 107.514 107.002 104.784 104.437 104.437 104.437 104.437 104.437 104.437 102.951 102.951 102.951 102.951 102.951 101.917 101.917 101.917 101.751 101.088 100.933 100.933 100.826 100.817 100.722 100.711 100.497 100.423 100.272 100.116 100.04 100.009 100.002 100.002 100 100 100 100 100 100 100 100 100 100 100 100 100 100 100 100 100 100 100 100 100 100 100 100 100 100 100 100 100 100 100 100 100 100 100 100 100 100 100 100 100 100 100 100 100 100 100 100 100 100 100
194.368 194.368 194.368 145.095 125.853 122.077 117.062 111.55 111.55 110.323 110.323 108.648 108.648 107.653 106.087 106.087 106.087 105.957 105.957 105.957 105.957 105.632 105.632 105.632 104.717 103.193 103.193 103.115 103.115 101.224 100.53 100.53 100.53 100.53 100.53 100.53 100.53 100.53 100.53 100.294 100.117 100.045 100.011 100.003 100.001 100 100 100 100 100 100 100 100 100 100 100 100 100 100 100 100 100 100 100 100 100 100 100 100 100 100 100 100 100 100 100 100 100 100 100 100 100 100 100 100 100 100 100 100 100 100 100 100 100 100 100
712.882 362.155 149.335 136.062 119.898 117.055 113.606 112.785 110.687 109.281 109.281 108.022 108.022 106.44 105.944 104.19 104.19 104.19 104.19 104.19 103.498 103.498 103.498 103.498 102.903 102.903 102.546 102.199 102.199 102.199 101.202 101.162 101.162 101.162 101.162 101.162 101.162 101.162 101.078 101.078 100.997 100.626 100.564 100.147 100.05 100.043 100.01 100.003 100.002 100 100 100 100 100 100 100 100 100 100 100 100 100 100 100 100 100 100 100 100 100 100 100 100 100 100 100 100 100 100 100 100 100 100 100 100 100 100 100 100 100 100 100 100 100 100 100
344.684 333.421 213.012 140.764 127.92 118.873 113.488 111.998 111.774 110.254 109.891 109.196 107.37 107.37 107.165 107.004 105.582 105.582 104.4 104.4 104.4 104.4 104.4 102.834 102.834 102.701 102.583 102.559 101.716 101.716 101.569 101.569 101.565 100.436 100.436 100.436 100.436 100.436 100.436 100.288 100.288 100.277 100.277 100.138 100.05 100.011 100.003 100.002 100.001 100 100 100 100 100 100 100 100 100 100 100 100 100 100 100 100 100 100 100 100 100 100 100 100 100 100 100 100 100 100 100 100 100 100 100 100 100 100 100 100 100 100 100 100 100 100 100
702.974 403.24 261.266 150.823 129.8 118.343 116.476 113.356 111.227 110.657 110.044 109.346 108.324 107.772 107.418 107.225 106.713 105.356 102.729 102.729 102.729 102.729 102.616 102.616 102.491 101.979 101.979 101.552 101.313 100.868 100.692 100.692 100.666 100.666 100.666 100.385 100.367 100.301 100.301 100.274 100.043 100.043 100.026 100.008 100.005 100.001 100.001 100 100 100 100 100 100 100 100 100 100 100 100 100 100 100 100 100 100 100 100 100 100 100 100 100 100 100 100 100 100 100 100 100 100 100 100 100 100 100 100 100 100 100 100 100 100 100 100 100
478.661 333.8 222.713 141.417 122.691 114.595 113.851 111.591 110.167 107.653 107.653 107.653 107.517 105.745 105.745 105.745 105.49 105.49 103.918 103.918 103.505 103.505 103.505 103.505 103.379 102.427 102.427 102.427 102.427 101.767 101.767 101.732 101.631 101.212 101.212 101.212 101.212 100.731 100.614 100.614 100.614 100.614 100.614 100.547 100.352 100.352 100.225 100.085 100.04 100.022 100.009 100.002 100.001 100 100 100 100 100 100 100 100 100 100 100 100 100 100 100 100 100 100 100 100 100 100 100 100 100 100 100 100 100 100 100 100 100 100 100 100 100 100 100 100 100 100 100
238.206 236.74 232.119 141.431 131.745 118.329 117.077 112.635 110.931 110.035 109.938 109.889 108.074 106.489 106.489 105.36 105.36 105.36 105.36 103.902 103.902 103.902 103.592 103.23 101.902 101.902 101.902 101.902 101.902 101.902 101.777 101.777 101.411 101.307 101.178 100.811 100.811 100.809 100.733 100.677 100.677 100.445 100.342 100.277 100.169 100.089 100.064 100.025 100.009 100.003 100.001 100 100 100 100 100 100 100 100 100 100 100 100 100 100 100 100 100 100 100 100 100 100 100 100 100 100 100 100 100 100 100 100 100 100 100 100 100 100 100 100 100 100 100 100 100
773.859 373.984 203.372 142.665 127.783 122.331 115.129 112.681 111.96 109.091 109.091 107.495 107.495 107.495 106.96 106.37 106.37 103.996 103.996 103.996 103.759 103.4 103.4 102.597 102.597 102.597 102.597 102.561 101.8 101.632 101.632 100.744 100.744 100.744 100.744 100.57 100.57 100.43 100.422 100.155 100.155 100.155 100.076 100.06 100.012 100.004 100.002 100.001 100 100 100 100 100 100 100 100 100 100 100 100 100 100 100 100 100 100 100 100 100 100 100 100 100 100 100 100 100 100 100 100 100 100 100 100 100 100 100 100 100 100 100 100 100 100 100 100
450.052 282.865 186.374 124.013 120.575 114.194 112.076 111.755 111.059 108.152 108.152 108.152 108.152 108.152 105.526 105.311 104.835 104.835 104.835 101.969 101.969 101.969 101.969 101.969 101.252 101.252 101.252 101.252 101.252 101.042 101.042 101.042 101.042 101.042 101.042 100.781 100.781 100.773 100.773 100.773 100.592 100.283 100.283 100.283 100.209 100.109 100.071 100.052 100.023 100.005 100.002 100.001 100 100 100 100 100 100 100 100 100 100 100 100 100 100 100 100 100 100 100 100 100 100 100 100 100 100 100 100 100 100 100 100 100 100 100 100 100 100 100 100 100 100 100 100
519.688 349.099 212.089 139.07 128.501 117.128 114.314 110.963 110.963 110.793 109.887 108.384 108 106.94 106.709 106.709 106.709 105.476 105.194 105.194 103.331 103.331 101.25 101.25 101.25 101.25 100.907 100.907 100.907 100.907 100.907 100.84 100.381 100.381 100.357 100.357 100.357 100.301 100.193 100.167 100.033 100.018 100.006 100.002 100.001 100 100 100 100 100 100 100 100 100 100 100 100 100 100 100 100 100 100 100 100 100 100 100 100 100 100 100 100 100 100 100 100 100 100 100 100 100 100 100 100 100 100 100 100 100 100 100 100 100 100 100
718.163 304.204 226.27 146.514 126.534 118.624 114.921 111.862 109.234 108.562 108.562 108.562 107.59 106.901 106.901 106.691 104.678 104.678 104.526 104.526 104.526 104.526 104.526 102.867 102.867 102.867 102.334 101.523 101.52 101.52 101.52 101.52 101.382 101.382 101.299 101.078 100.687 100.687 100.687 100.447 100.447 100.319 100.147 100.117 100.03 100.011 100.003 100.001 100 100 100 100 100 100 100 100 100 100 100 100 100 100 100 100 100 100 100 100 100 100 100 100 100 100 100 100 100 100 100 100 100 100 100 100 100 100 100 100 100 100 100 100 100 100 100 100
621.244 292.654 218.532 126.672 126.672 116.125 114.254 111.958 111.77 110.068 109.67 108.544 107.461 106.511 106.511 104.77 104.77 104.77 104.77 104.77 104.77 104.77 104.77 103.926 103.926 103.355 103.355 102.535 102.535 102.194 101.366 101.366 101.366 101.316 101.2 101.026 101.026 100.729 100.729 100.729 100.348 100.348 100.252 100.064 100.035 100.013 100.004 100.001 100 100 100 100 100 100 100 100 100 100 100 100 100 100 100 100 100 100 100 100 100 100 100 100 100 100 100 100 100 100 100 100 100 100 100 100 100 100 100 100 100 100 100 100 100 100 100 100
716.024 361.184 178.61 147.746 124.788 116.764 115.279 111.728 111.104 110.605 109.879 107.56 107.441 107.441 107.441 107.441 106.094 106.094 106.094 106.034 105.81 104.575 104.575 103.403 102.532 102.532 102.532 102.305 102.184 102.184 101.118 101.118 101.118 101.062 100.928 100.928 100.928 100.727 100.727 100.512 100.512 100.512 100.245 100.078 100.036 100.036 100.019 100.005 100.003 100.001 100 100 100 100 100 100 100 100 100 100 100 100 100 100 100 100 100 100 100 100 100 100 100 100 100 100 100 100 100 100 100 100 100 100 100 100 100 100 100 100 100 100 100 100 100 100
696.279 384.812 222.6 129.377 123.753 116.478 114.353 112.921 110.479 109.858 109.858 106.783 106.034 106.034 106.034 105.235 104.885 103.925 103.925 103.925 102.387 102.387 102.387 102.387 102.387 102.387 102.387 102.387 102.387 101.742 101.199 101.199 100.95 100.95 100.782 100.745 100.323 100.323 100.323 100.323 100.323 100.254 100.254 100.254 100.254 100.254 100.254 100.132 100.111 100.052 100.021 100.009 100.004 100.001 100 100 100 100 100 100 100 100 100 100 100 100 100 100 100 100 100 100 100 100 100 100 100 100 100 100 100 100 100 100 100 100 100 100 100 100 100 100 100 100 100 100
576.785 325.811 210.591 155.022 126.14 121.496 114.988 112.976 111.78 109.588 109.588 108.211 108.211 107.065 105.134 105.134 104.407 104.407 104.407 104.407 104.407 104.407 104.407 104.407 104.112 102.328 102.328 102.328 101.394 101.369 101.369 101.369 100.738 100.738 100.738 100.527 100.527 100.527 100.278 100.204 100.113 100.086 100.013 100.013 100.002 100.001 100 100 100 100 100 100 100 100 100 100 100 100 100 100 100 100 100 100 100 100 100 100 100 100 100 100 100 100 100 100 100 100 100 100 100 100 100 100 100 100 100 100 100 100 100 100 100 100 100 100
558.976 320.35 174.385 147.206 125.366 119.648 116.194 112.563 110.285 110.285 109.953 107.791 107.648 107.648 106.108 106.108 106.108 106.108 104.492 104.492 104.492 104.492 104.492 104.324 104.324 104.324 101.825 101.825 101.825 101.825 101.727 101.234 101.234 101.234 101.234 101.234 101.234 100.961 100.961 100.961 100.634 100.634 100.626 100.469 100.187 100.187 100.083 100.057 100.016 100.004 100.001 100 100 100 100 100 100 100 100 100 100 100 100 100 100 100 100 100 100 100 100 100 100 100 100 100 100 100 100 100 100 100 100 100 100 100 100 100 100 100 100 100 100 100 100 100
689.102 354.329 292.957 133.728 117.869 117.869 114.976 113.721 112.76 111.231 109.87 109.308 108.448 108.448 106.416 105.768 105.659 105.32 104.164 104.164 104.164 104.164 104.164 104.164 103.07 103.07 102.631 102.053 102.017 101.98 101.936 101.658 101.541 101.541 100.959 100.959 100.652 100.652 100.652 100.652 100.652 100.336 100.336 100.185 100.101 100.057 100.02 100.004 100.002 100.001 100 100 100 100 100 100 100 100 100 100 100 100 100 100 100 100 100 100 100 100 100 100 100 100 100 100 100 100 100 100 100 100 100 100 100 100 100 100 100 100 100 100 100 100 100 100
576.635 353.412 205.909 141.296 129.005 119.593 112.875 112.77 111.002 109.728 109.728 108.8 107.747 107.747 107.747 107.747 105.596 105.596 105.596 105.596 103.946 103.946 103.946 103.946 103.946 103.946 102.689 102.635 102.124 101.209 101.209 101.209 101.054 101.054 101.054 101.054 101.054 101.054 101.054 101.054 101.054 100.78 100.567 100.389 100.33 100.099 100.032 100.008 100.004 100.001 100 100 100 100 100 100 100 100 100 100 100 100 100 100 100 100 100 100 100 100 100 100 100 100 100 100 100 100 100 100 100 100 100 100 100 100 100 100 100 100 100 100 100 100 100 100
521.7 300.882 248.331 138.379 122.617 117.028 115.351 113.25 111.166 110.993 109.656 108.106 108.106 108.03 106.725 106.269 106.269 106.235 103.629 103.629 103.629 103.629 102.533 102.533 102.533 102.533 102.312 101.864 101.125 100.663 100.663 100.663 100.663 100.663 100.547 100.373 100.373 100.373 100.373 100.33 100.104 100.056 100.023 100.011 100.003 100.001 100.001 100 100 100 100 100 100 100 100 100 100 100 100 100 100 100 100 100 100 100 100 100 100 100 100 100 100 100 100 100 100 100 100 100 100 100 100 100 100 100 100 100 100 100 100 100 100 100 100 100
507.812 280.199 196.247 130.057 122.215 120.242 113.463 113.097 111.49 110.342 109.227 108.634 106.453 106.453 106.412 105.688 105.688 105.688 105.688 105.688 105.645 105.14 105.14 105.14 104.193 103.866 103.334 102.58 102.58 102.194 102.083 102.083 101.78 101.358 101.358 101.225 100.923 100.684 100.419 100.263 100.263 100.222 100.1 100.03 100.009 100.003 100.001 100 100 100 100 100 100 100 100 100 100 100 100 100 100 100 100 100 100 100 100 100 100 100 100 100 100 100 100 100 100 100 100 100 100 100 100 100 100 100 100 100 100 100 100 100 100 100 100 100
370.063 370.063 290.248 138.355 127.73 120.84 115.447 111.22 111.22 109.855 109.786 109.053 108.391 108.229 107.794 105.361 105.361 105.361 104.89 104.89 104.89 104.89 104.89 104.89 104.89 102.418 102.097 102.097 102.097 102.097 102.097 102.097 102.097 102.097 102.097 101.259 100.949 100.949 100.949 100.949 100.717 100.541 100.351 100.27 100.191 100.191 100.191 100.088 100.046 100.016 100.007 100.004 100.001 100 100 100 100 100 100 100 100 100 100 100 100 100 100 100 100 100 100 100 100 100 100 100 100 100 100 100 100 100 100 100 100 100 100 100 100 100 100 100 100 100 100 100
787.251 293.056 158.707 135.037 126.77 118.485 115.572 112.659 111.446 110.434 108.348 108.348 108.348 107.509 107.509 107.332 106.205 105.965 105.965 102.574 102.574 102.574 102.574 102.361 102.361 102.361 102.361 102.361 101.957 101.957 101.957 101.87 101.725 101.725 100.375 100.375 100.375 100.375 100.375 100.375 100.375 100.375 100.272 100.196 100.078 100.026 100.009 100.003 100.001 100 100 100 100 100 100 100 100 100 100 100 100 100 100 100 100 100 100 100 100 100 100 100 100 100 100 100 100 100 100 100 100 100 100 100 100 100 100 100 100 100 100 100 100 100 100 100
645.591 429.589 167.599 144.057 124.092 116.887 114.1 112.942 110.521 107.504 107.504 107.504 107.504 107.504 107.504 103.44 103.44 103.44 102.867 102.867 102.867 102.867 102.867 102.867 102.867 102.861 102.861 101.993 101.946 101.925 101.925 101.17 101.17 100.659 100.659 100.659 100.659 100.659 100.545 100.337 100.337 100.337 100.337 100.226 100.105 100.045 100.016 100.006 100.001 100 100 100 100 100 100 100 100 100 100 100 100 100 100 100 100 100 100 100 100 100 100 100 100 100 100 100 100 100 100 100 100 100 100 100 100 100 100 100 100 100 100 100 100 100 100 100
961.801 352.472 250.96 130.551 128.041 121.168 115.621 112.957 111.331 109.48 109.447 109.396 108.266 108.266 106.291 104.647 104.647 104.647 104.647 104.647 104.445 104.445 103.866 103.866 103.866 103.866 103.542 102.67 102.67 101.392 100.967 100.967 100.967 100.692 100.667 100.387 100.387 100.387 100.387 100.387 100.339 100.141 100.058 100.017 100.006 100.002 100.001 100 100 100 100 100 100 100 100 100 100 100 100 100 100 100 100 100 100 100 100 100 100 100 100 100 100 100 100 100 100 100 100 100 100 100 100 100 100 100 100 100 100 100 100 100 100 100 100 100
