814.677 723.583 543.294 485.872 467.436 432.14 432.14 423.544 399.123 386.737 375.965 372.144 363.471 339.12 318.552 310.866 306.498 304.853 302.526 302 300.731 300.503 300.503 300.38 300.168 300.088 300.06 300.022 300.012 300.007 300.005 300.002 300.001 300.001 300 300 300 300 300 300 300 300 300 300 300 300 300 300 300 300 300 300 300 300 300 300 300 300 300 300 300 300 300 300 300 300 300 300 300 300 300 300 300 300 300 300 300 300 300 300 300 300 300 300 300 300 300 300 300 300 300 300 300 300 300 300
733.543 592.541 495.949 477.443 447.799 439.738 432.084 409.474 390.815 389.086 375.771 369.916 368.495 360.278 327.411 316.26 313.214 306.874 303.148 302.821 301.913 301.133 300.72 300.403 300.185 300.113 300.072 300.032 300.018 300.01 300.005 300.004 300.002 300.001 300.001 300 300 300 300 300 300 300 300 300 300 300 300 300 300 300 300 300 300 300 300 300 300 300 300 300 300 300 300 300 300 300 300 300 300 300 300 300 300 300 300 300 300 300 300 300 300 300 300 300 300 300 300 300 300 300 300 300 300 300 300 300
660.428 627.534 575.086 478.483 439.993 408.611 408.611 393.354 387.604 382.704 372.884 370.152 357.301 326.864 318.042 310.776 306.37 303.195 301.906 301.906 301.355 300.603 300.444 300.287 300.167 300.083 300.054 300.02 300.013 300.006 300.004 300.003 300.001 300.001 300 300 300 300 300 300 300 300 300 300 300 300 300 300 300 300 300 300 300 300 300 300 300 300 300 300 300 300 300 300 300 300 300 300 300 300 300 300 300 300 300 300 300 300 300 300 300 300 300 300 300 300 300 300 300 300 300 300 300 300 300 300
632.722 632.722 498.066 479.791 456.496 417.264 416.255 382.87 376.429 375.134 366.189 350.865 339.292 323.025 312.89 309.7 305.534 304.987 302.954 301.597 301.092 300.543 300.42 300.173 300.119 300.084 300.051 300.02 300.011 300.008 300.004 300.002 300.002 300.001 300 300 300 300 300 300 300 300 300 300 300 300 300 300 300 300 300 300 300 300 300 300 300 300 300 300 300 300 300 300 300 300 300 300 300 300 300 300 300 300 300 300 300 300 300 300 300 300 300 300 300 300 300 300 300 300 300 300 300 300 300 300
833.933 640.15 574.889 460.902 460.902 460.902 418.798 389.573 375.619 375.619 370.922 365.823 353.711 326.671 320.429 317.05 309.36 307.031 303.859 302.737 301.654 300.922 300.718 300.347 300.269 300.136 300.089 300.028 300.014 300.008 300.005 300.002 300.001 300.001 300 300 300 300 300 300 300 300 300 300 300 300 300 300 300 300 300 300 300 300 300 300 300 300 300 300 300 300 300 300 300 300 300 300 300 300 300 300 300 300 300 300 300 300 300 300 300 300 300 300 300 300 300 300 300 300 300 300 300 300 300 300
846.381 594.742 497.09 461.911 458.771 438.796 433.908 396.91 391.346 374.971 369.043 362.141 338.968 327.418 316.485 310.081 304.211 304.211 302.54 301.657 301.074 300.696 300.37 300.255 300.12 300.075 300.052 300.018 300.011 300.007 300.003 300.001 300.001 300.001 300 300 300 300 300 300 300 300 300 300 300 300 300 300 300 300 300 300 300 300 300 300 300 300 300 300 300 300 300 300 300 300 300 300 300 300 300 300 300 300 300 300 300 300 300 300 300 300 300 300 300 300 300 300 300 300 300 300 300 300 300 300
710.827 573.156 555.782 475.433 437.287 434.212 403.554 400.038 386.822 385.873 352.279 336.805 320.363 309.77 309.77 306.884 305.502 303.597 301.942 301.455 300.73 300.554 300.254 300.133 300.097 300.062 300.04 300.014 300.009 300.004 300.003 300.001 300.001 300 300 300 300 300 300 300 300 300 300 300 300 300 300 300 300 300 300 300 300 300 300 300 300 300 300 300 300 300 300 300 300 300 300 300 300 300 300 300 300 300 300 300 300 300 300 300 300 300 300 300 300 300 300 300 300 300 300 300 300 300 300 300
948.377 709.879 627.89 513.544 513.544 513.544 513.544 513.544 513.544 484.852 483.767 471.603 471.422 462.049 440.464 427.736 419.369 413.036 394.709 379.299 372.376 367.885 367.858 366.359 360.121 320.98 309.962 303.783 301.635 300.968 300.62 300.419 300.238 300.093 300.056 300.03 300.017 300.011 300.004 300.001 300.001 300 300 300 300 300 300 300 300 300 300 300 300 300 300 300 300 300 300 300 300 300 300 300 300 300 300 300 300 300 300 300 300 300 300 300 300 300 300 300 300 300 300 300 300 300 300 300 300 300 300 300 300 300 300 300
830.29 648.206 500.785 421.629 397.46 397.46 378.378 372.342 364.631 327.389 322.091 315.326 310.399 305.656 304.322 302.639 302.238 301.228 300.584 300.533 300.313 300.223 300.129 300.064 300.055 300.03 300.018 300.006 300.004 300.002 300.001 300.001 300 300 300 300 300 300 300 300 300 300 300 300 300 300 300 300 300 300 300 300 300 300 300 300 300 300 300 300 300 300 300 300 300 300 300 300 300 300 300 300 300 300 300 300 300 300 300 300 300 300 300 300 300 300 300 300 300 300 300 300 300 300 300 300
627.179 627.179 530.374 486.725 459.799 432.98 419.775 400.987 400.987 380.762 373.029 360.284 325.912 321.381 312.602 309.141 305.423 302.62 301.894 301.707 300.922 300.662 300.395 300.192 300.178 300.092 300.058 300.017 300.012 300.007 300.004 300.002 300.001 300.001 300 300 300 300 300 300 300 300 300 300 300 300 300 300 300 300 300 300 300 300 300 300 300 300 300 300 300 300 300 300 300 300 300 300 300 300 300 300 300 300 300 300 300 300 300 300 300 300 300 300 300 300 300 300 300 300 300 300 300 300 300 300
901.791 654.937 625.134 600.986 597.562 589.571 586.817 585.541 584.96 584.349 584.073 583.892 583.81 583.789 583.76 583.743 583.739 583.738 583.736 583.735 583.734 583.734 583.734 583.734 583.734 583.734 583.734 583.734 583.734 583.734 583.734 583.734 583.734 583.734 583.734 583.734 583.734 583.734 583.734 583.734 583.734 583.734 583.734 583.734 583.734 583.734 583.734 583.734 583.734 583.734 583.734 583.734 583.734 583.734 583.734 583.734 583.734 583.734 583.734 583.734 583.734 583.734 583.734 583.734 583.734 583.734 583.734 583.734 583.734 583.734 583.734 583.734 583.734 583.734 583.734 583.734 583.734 583.734 583.734 583.734 583.734 583.734 583.734 583.734 583.734 583.734 583.734 583.734 583.734 583.734 583.734 583.734 583.734 583.734 583.734 583.734
1012.94 761.046 581.116 495.236 446.97 446.97 442.548 426.511 418.96 397.643 366.3 361.595 337.286 318.565 318.465 306.99 306.99 304.564 303.242 301.257 301.257 300.626 300.333 300.218 300.127 300.086 300.043 300.018 300.011 300.007 300.003 300.002 300.001 300 300 300 300 300 300 300 300 300 300 300 300 300 300 300 300 300 300 300 300 300 300 300 300 300 300 300 300 300 300 300 300 300 300 300 300 300 300 300 300 300 300 300 300 300 300 300 300 300 300 300 300 300 300 300 300 300 300 300 300 300 300 300
916.432 614.054 602.054 498.744 498.744 498.744 498.744 464.034 464.034 455.202 450.699 435.427 420.715 403.584 388.224 379.846 373.109 363.787 328.66 319.614 315.946 311.897 306.195 304.442 302.421 301.502 300.957 300.346 300.199 300.101 300.051 300.035 300.019 300.013 300.005 300.004 300.002 300.001 300 300 300 300 300 300 300 300 300 300 300 300 300 300 300 300 300 300 300 300 300 300 300 300 300 300 300 300 300 300 300 300 300 300 300 300 300 300 300 300 300 300 300 300 300 300 300 300 300 300 300 300 300 300 300 300 300 300
711.335 557.817 513.869 424.453 424.453 424.453 393.104 389.668 366.828 345.867 345.557 318.499 316.744 309.014 306.145 304.238 303.267 302.314 301.116 300.905 300.576 300.331 300.227 300.118 300.057 300.035 300.024 300.005 300.005 300.002 300.001 300.001 300 300 300 300 300 300 300 300 300 300 300 300 300 300 300 300 300 300 300 300 300 300 300 300 300 300 300 300 300 300 300 300 300 300 300 300 300 300 300 300 300 300 300 300 300 300 300 300 300 300 300 300 300 300 300 300 300 300 300 300 300 300 300 300
926.474 693.957 571.446 549.039 532.05 478.592 444.748 437.908 426.637 420.684 408.176 391.343 381.615 372.039 366.662 366.539 362.981 328.865 318.034 309.077 306.325 304.82 301.94 301.241 300.914 300.476 300.31 300.119 300.072 300.037 300.022 300.012 300.007 300.004 300.002 300.001 300.001 300 300 300 300 300 300 300 300 300 300 300 300 300 300 300 300 300 300 300 300 300 300 300 300 300 300 300 300 300 300 300 300 300 300 300 300 300 300 300 300 300 300 300 300 300 300 300 300 300 300 300 300 300 300 300 300 300 300 300
820.842 661.73 620.563 602.069 598.961 589.352 585.845 584.886 584.276 583.875 583.833 583.81 583.757 583.748 583.742 583.738 583.736 583.735 583.735 583.734 583.734 583.734 583.734 583.734 583.734 583.734 583.734 583.734 583.734 583.734 583.734 583.734 583.734 583.734 583.734 583.734 583.734 583.734 583.734 583.734 583.734 583.734 583.734 583.734 583.734 583.734 583.734 583.734 583.734 583.734 583.734 583.734 583.734 583.734 583.734 583.734 583.734 583.734 583.734 583.734 583.734 583.734 583.734 583.734 583.734 583.734 583.734 583.734 583.734 583.734 583.734 583.734 583.734 583.734 583.734 583.734 583.734 583.734 583.734 583.734 583.734 583.734 583.734 583.734 583.734 583.734 583.734 583.734 583.734 583.734 583.734 583.734 583.734 583.734 583.734 583.734
835.036 602.16 564.37 497.766 478.137 430.044 430.044 395.337 384.609 375.433 372.652 372.652 366.391 358.638 321.247 313.602 313.602 308.299 304.415 302.476 301.781 301.347 300.723 300.504 300.282 300.14 300.095 300.044 300.02 300.014 300.009 300.005 300.003 300.002 300.001 300 300 300 300 300 300 300 300 300 300 300 300 300 300 300 300 300 300 300 300 300 300 300 300 300 300 300 300 300 300 300 300 300 300 300 300 300 300 300 300 300 300 300 300 300 300 300 300 300 300 300 300 300 300 300 300 300 300 300 300 300
787.131 601.008 498.175 484.426 474.278 463.611 423.564 393.311 384.666 372.597 357.767 342.854 332.099 323.59 310.41 310.41 306.284 304.519 302.498 301.796 300.918 300.519 300.427 300.253 300.126 300.069 300.037 300.02 300.009 300.004 300.002 300.002 300.001 300 300 300 300 300 300 300 300 300 300 300 300 300 300 300 300 300 300 300 300 300 300 300 300 300 300 300 300 300 300 300 300 300 300 300 300 300 300 300 300 300 300 300 300 300 300 300 300 300 300 300 300 300 300 300 300 300 300 300 300 300 300 300
729.802 643.735 615.461 517.201 503.588 462.99 452.743 418.53 418.53 403.682 379.557 373.091 348.733 326.058 318.626 309.788 307.385 304.81 304.312 303.395 301.77 300.848 300.586 300.29 300.189 300.144 300.095 300.035 300.022 300.011 300.006 300.003 300.002 300.001 300.001 300 300 300 300 300 300 300 300 300 300 300 300 300 300 300 300 300 300 300 300 300 300 300 300 300 300 300 300 300 300 300 300 300 300 300 300 300 300 300 300 300 300 300 300 300 300 300 300 300 300 300 300 300 300 300 300 300 300 300 300 300
700.678 588.412 588.293 488.148 466.955 466.955 466.955 434.081 434.081 427.475 419.129 396.659 387.438 374.224 372.194 369.478 361.259 341.045 322.575 311.199 308.739 303.579 303.085 301.717 301.209 300.62 300.374 300.138 300.073 300.034 300.018 300.013 300.008 300.004 300.002 300.001 300.001 300 300 300 300 300 300 300 300 300 300 300 300 300 300 300 300 300 300 300 300 300 300 300 300 300 300 300 300 300 300 300 300 300 300 300 300 300 300 300 300 300 300 300 300 300 300 300 300 300 300 300 300 300 300 300 300 300 300 300
750.886 682.949 612.366 592.698 588.894 586.09 584.62 584.005 583.967 583.831 583.79 583.759 583.742 583.742 583.738 583.737 583.735 583.735 583.734 583.734 583.734 583.734 583.734 583.734 583.734 583.734 583.734 583.734 583.734 583.734 583.734 583.734 583.734 583.734 583.734 583.734 583.734 583.734 583.734 583.734 583.734 583.734 583.734 583.734 583.734 583.734 583.734 583.734 583.734 583.734 583.734 583.734 583.734 583.734 583.734 583.734 583.734 583.734 583.734 583.734 583.734 583.734 583.734 583.734 583.734 583.734 583.734 583.734 583.734 583.734 583.734 583.734 583.734 583.734 583.734 583.734 583.734 583.734 583.734 583.734 583.734 583.734 583.734 583.734 583.734 583.734 583.734 583.734 583.734 583.734 583.734 583.734 583.734 583.734 583.734 583.734
891.247 579.305 579.305 579.305 552.906 491.461 472.78 445.656 445.656 441.103 398.592 377.625 362.903 334.701 333.323 315.423 309.544 306.714 306.242 303.376 301.65 301.482 301.012 300.561 300.307 300.201 300.123 300.044 300.028 300.012 300.007 300.005 300.002 300.002 300.001 300.001 300 300 300 300 300 300 300 300 300 300 300 300 300 300 300 300 300 300 300 300 300 300 300 300 300 300 300 300 300 300 300 300 300 300 300 300 300 300 300 300 300 300 300 300 300 300 300 300 300 300 300 300 300 300 300 300 300 300 300 300
837.046 623.277 555.158 448.916 423.174 416.425 402.427 388.993 387.139 372.179 369.261 360.739 341.248 325.248 311.944 309.106 307.755 302.439 302.378 301.388 301.112 300.7 300.387 300.214 300.14 300.094 300.034 300.018 300.009 300.006 300.004 300.002 300.001 300.001 300 300 300 300 300 300 300 300 300 300 300 300 300 300 300 300 300 300 300 300 300 300 300 300 300 300 300 300 300 300 300 300 300 300 300 300 300 300 300 300 300 300 300 300 300 300 300 300 300 300 300 300 300 300 300 300 300 300 300 300 300 300
921.334 691.883 632.023 615.836 613.722 612.499 611.935 611.935 611.93 611.855 611.83 611.829 611.826 611.823 611.822 611.822 611.822 611.822 611.822 611.822 611.822 611.822 611.822 611.822 611.822 611.822 611.822 611.822 611.822 611.822 611.822 611.822 611.822 611.822 611.822 611.822 611.822 611.822 611.822 611.822 611.822 611.822 611.822 611.822 611.822 611.822 611.822 611.822 611.822 611.822 611.822 611.822 611.822 611.822 611.822 611.822 611.822 611.822 611.822 611.822 611.822 611.822 611.822 611.822 611.822 611.822 611.822 611.822 611.822 611.822 611.822 611.822 611.822 611.822 611.822 611.822 611.822 611.822 611.822 611.822 611.822 611.822 611.822 611.822 611.822 611.822 611.822 611.822 611.822 611.822 611.822 611.822 611.822 611.822 611.822 611.822
824.231 726.329 626.254 497.977 496.796 445.807 445.807 435.399 424.369 420.581 414.044 400.196 383.811 373.023 368.137 366.972 364.87 330.744 319.064 307.14 303.442 303.163 301.707 301.256 300.815 300.391 300.21 300.086 300.036 300.025 300.014 300.009 300.004 300.002 300.001 300.001 300.001 300 300 300 300 300 300 300 300 300 300 300 300 300 300 300 300 300 300 300 300 300 300 300 300 300 300 300 300 300 300 300 300 300 300 300 300 300 300 300 300 300 300 300 300 300 300 300 300 300 300 300 300 300 300 300 300 300 300 300
890.139 705.324 621.662 612.805 612.805 612.143 612.143 611.995 611.868 611.866 611.834 611.83 611.824 611.822 611.822 611.822 611.822 611.822 611.822 611.822 611.822 611.822 611.822 611.822 611.822 611.822 611.822 611.822 611.822 611.822 611.822 611.822 611.822 611.822 611.822 611.822 611.822 611.822 611.822 611.822 611.822 611.822 611.822 611.822 611.822 611.822 611.822 611.822 611.822 611.822 611.822 611.822 611.822 611.822 611.822 611.822 611.822 611.822 611.822 611.822 611.822 611.822 611.822 611.822 611.822 611.822 611.822 611.822 611.822 611.822 611.822 611.822 611.822 611.822 611.822 611.822 611.822 611.822 611.822 611.822 611.822 611.822 611.822 611.822 611.822 611.822 611.822 611.822 611.822 611.822 611.822 611.822 611.822 611.822 611.822 611.822
964.225 760.258 652.873 617.528 612.52 612.52 612.288 611.87 611.87 611.828 611.828 611.828 611.824 611.823 611.822 611.822 611.822 611.822 611.822 611.822 611.822 611.822 611.822 611.822 611.822 611.822 611.822 611.822 611.822 611.822 611.822 611.822 611.822 611.822 611.822 611.822 611.822 611.822 611.822 611.822 611.822 611.822 611.822 611.822 611.822 611.822 611.822 611.822 611.822 611.822 611.822 611.822 611.822 611.822 611.822 611.822 611.822 611.822 611.822 611.822 611.822 611.822 611.822 611.822 611.822 611.822 611.822 611.822 611.822 611.822 611.822 611.822 611.822 611.822 611.822 611.822 611.822 611.822 611.822 611.822 611.822 611.822 611.822 611.822 611.822 611.822 611.822 611.822 611.822 611.822 611.822 611.822 611.822 611.822 611.822 611.822
931.93 739.408 532.837 477.36 460.633 440.419 420.51 415.53 398.977 377.144 369.426 356.873 337.43 318.235 311.626 308.885 304.714 303.888 302.761 301.218 300.632 300.492 300.34 300.227 300.1 300.077 300.03 300.015 300.009 300.005 300.003 300.001 300.001 300.001 300 300 300 300 300 300 300 300 300 300 300 300 300 300 300 300 300 300 300 300 300 300 300 300 300 300 300 300 300 300 300 300 300 300 300 300 300 300 300 300 300 300 300 300 300 300 300 300 300 300 300 300 300 300 300 300 300 300 300 300 300 300
877.485 670.253 638.193 614.694 612.834 611.989 611.989 611.968 611.893 611.869 611.839 611.829 611.825 611.824 611.822 611.822 611.822 611.822 611.822 611.822 611.822 611.822 611.822 611.822 611.822 611.822 611.822 611.822 611.822 611.822 611.822 611.822 611.822 611.822 611.822 611.822 611.822 611.822 611.822 611.822 611.822 611.822 611.822 611.822 611.822 611.822 611.822 611.822 611.822 611.822 611.822 611.822 611.822 611.822 611.822 611.822 611.822 611.822 611.822 611.822 611.822 611.822 611.822 611.822 611.822 611.822 611.822 611.822 611.822 611.822 611.822 611.822 611.822 611.822 611.822 611.822 611.822 611.822 611.822 611.822 611.822 611.822 611.822 611.822 611.822 611.822 611.822 611.822 611.822 611.822 611.822 611.822 611.822 611.822 611.822 611.822
873.755 709.528 619.879 615.222 612.153 612.153 611.946 611.911 611.861 611.828 611.828 611.825 611.822 611.822 611.822 611.822 611.822 611.822 611.822 611.822 611.822 611.822 611.822 611.822 611.822 611.822 611.822 611.822 611.822 611.822 611.822 611.822 611.822 611.822 611.822 611.822 611.822 611.822 611.822 611.822 611.822 611.822 611.822 611.822 611.822 611.822 611.822 611.822 611.822 611.822 611.822 611.822 611.822 611.822 611.822 611.822 611.822 611.822 611.822 611.822 611.822 611.822 611.822 611.822 611.822 611.822 611.822 611.822 611.822 611.822 611.822 611.822 611.822 611.822 611.822 611.822 611.822 611.822 611.822 611.822 611.822 611.822 611.822 611.822 611.822 611.822 611.822 611.822 611.822 611.822 611.822 611.822 611.822 611.822 611.822 611.822
813.729 692.934 547.315 496.123 483.048 483.048 457.357 436.737 425.554 413.599 386.765 377.094 372.653 369.02 364.549 363.978 330.717 315.708 310.448 305.93 304.301 302.421 301.728 301.26 300.641 300.352 300.185 300.067 300.027 300.019 300.012 300.006 300.004 300.002 300.001 300.001 300 300 300 300 300 300 300 300 300 300 300 300 300 300 300 300 300 300 300 300 300 300 300 300 300 300 300 300 300 300 300 300 300 300 300 300 300 300 300 300 300 300 300 300 300 300 300 300 300 300 300 300 300 300 300 300 300 300 300 300
836.437 664.63 528.806 450.699 450.699 435.384 429.693 394.955 384.006 372.784 370.709 367.894 366.462 357.358 327.061 319.9 309.376 304.566 303.797 302.4 301.629 300.751 300.427 300.324 300.217 300.097 300.062 300.019 300.013 300.007 300.004 300.002 300.001 300.001 300 300 300 300 300 300 300 300 300 300 300 300 300 300 300 300 300 300 300 300 300 300 300 300 300 300 300 300 300 300 300 300 300 300 300 300 300 300 300 300 300 300 300 300 300 300 300 300 300 300 300 300 300 300 300 300 300 300 300 300 300 300
910.744 695.158 626.397 615.435 606.916 605.2 604.977 601.953 599.09 593.951 587.759 586.214 584.664 584.186 583.917 583.785 583.757 583.744 583.742 583.739 583.737 583.735 583.734 583.734 583.734 583.734 583.734 583.734 583.734 583.734 583.734 583.734 583.734 583.734 583.734 583.734 583.734 583.734 583.734 583.734 583.734 583.734 583.734 583.734 583.734 583.734 583.734 583.734 583.734 583.734 583.734 583.734 583.734 583.734 583.734 583.734 583.734 583.734 583.734 583.734 583.734 583.734 583.734 583.734 583.734 583.734 583.734 583.734 583.734 583.734 583.734 583.734 583.734 583.734 583.734 583.734 583.734 583.734 583.734 583.734 583.734 583.734 583.734 583.734 583.734 583.734 583.734 583.734 583.734 583.734 583.734 583.734 583.734 583.734 583.734 583.734
958.097 653.315 577.837 574.425 529.442 482.546 482.546 482.546 456.253 421.781 418.732 387.058 375.482 375.409 366.06 346.232 329.258 316.069 312.24 308.023 305.59 303.508 302.265 301.097 300.678 300.476 300.273 300.083 300.036 300.036 300.02 300.011 300.006 300.004 300.002 300.001 300 300 300 300 300 300 300 300 300 300 300 300 300 300 300 300 300 300 300 300 300 300 300 300 300 300 300 300 300 300 300 300 300 300 300 300 300 300 300 300 300 300 300 300 300 300 300 300 300 300 300 300 300 300 300 300 300 300 300 300
912.474 696.765 510.358 427.585 427.585 427.585 427.585 414.157 387.81 375.272 371.548 360.608 349.754 318.936 306.961 306.961 306.961 303.761 302.141 301.175 300.905 300.586 300.299 300.203 300.13 300.088 300.044 300.011 300.008 300.004 300.003 300.001 300.001 300.001 300 300 300 300 300 300 300 300 300 300 300 300 300 300 300 300 300 300 300 300 300 300 300 300 300 300 300 300 300 300 300 300 300 300 300 300 300 300 300 300 300 300 300 300 300 300 300 300 300 300 300 300 300 300 300 300 300 300 300 300 300 300
718.647 536.012 518.36 515.626 494.23 480.724 461.757 441.272 414.269 398.307 392.055 383.705 371.445 369.826 341.309 328.45 324.47 311.115 309.204 308.136 302.566 302.499 301.609 301.065 300.323 300.323 300.186 300.078 300.043 300.023 300.017 300.007 300.005 300.002 300.001 300.001 300 300 300 300 300 300 300 300 300 300 300 300 300 300 300 300 300 300 300 300 300 300 300 300 300 300 300 300 300 300 300 300 300 300 300 300 300 300 300 300 300 300 300 300 300 300 300 300 300 300 300 300 300 300 300 300 300 300 300 300
806.522 768.26 638.845 613.107 613.107 612.113 612.113 611.987 611.866 611.848 611.838 611.83 611.825 611.825 611.823 611.822 611.822 611.822 611.822 611.822 611.822 611.822 611.822 611.822 611.822 611.822 611.822 611.822 611.822 611.822 611.822 611.822 611.822 611.822 611.822 611.822 611.822 611.822 611.822 611.822 611.822 611.822 611.822 611.822 611.822 611.822 611.822 611.822 611.822 611.822 611.822 611.822 611.822 611.822 611.822 611.822 611.822 611.822 611.822 611.822 611.822 611.822 611.822 611.822 611.822 611.822 611.822 611.822 611.822 611.822 611.822 611.822 611.822 611.822 611.822 611.822 611.822 611.822 611.822 611.822 611.822 611.822 611.822 611.822 611.822 611.822 611.822 611.822 611.822 611.822 611.822 611.822 611.822 611.822 611.822 611.822
825.35 613.895 613.895 613.895 612.285 611.954 550.386 550.386 547.57 547.57 547.57 547.57 545.405 545.405 545.405 545.405 545.405 545.405 545.405 545.405 545.249 545.249 544.674 544.674 544.617 544.617 544.617 544.617 544.617 543.898 543.517 542.371 540.17 536.657 530.458 525.969 509.706 482.295 441.638 421.453 417.079 393.083 370.551 369.149 368.767 366.753 343.305 309.323 304.065 301.06 300.543 300.171 300.064 300.022 300.001 300 300 300 300 300 300 300 300 300 300 300 300 300 300 300 300 300 300 300 300 300 300 300 300 300 300 300 300 300 300 300 300 300 300 300 300 300 300 300 300 300
790.212 606.816 512.176 479.885 474.329 447.461 405.887 405.887 394.679 383.71 373.204 367.736 341.353 319.71 311.421 311.421 308.676 304.168 303.361 302.064 301.087 300.764 300.346 300.252 300.147 300.11 300.042 300.013 300.009 300.006 300.003 300.002 300.001 300.001 300 300 300 300 300 300 300 300 300 300 300 300 300 300 300 300 300 300 300 300 300 300 300 300 300 300 300 300 300 300 300 300 300 300 300 300 300 300 300 300 300 300 300 300 300 300 300 300 300 300 300 300 300 300 300 300 300 300 300 300 300 300
959.531 675.816 587.414 480.288 444.153 444.153 444.153 423.944 401.146 388.071 377.105 374.375 370.557 364.369 329.231 321.21 317.599 310.344 306.009 303.988 302.12 301.327 300.935 300.367 300.334 300.188 300.083 300.033 300.021 300.011 300.007 300.005 300.003 300.001 300.001 300.001 300 300 300 300 300 300 300 300 300 300 300 300 300 300 300 300 300 300 300 300 300 300 300 300 300 300 300 300 300 300 300 300 300 300 300 300 300 300 300 300 300 300 300 300 300 300 300 300 300 300 300 300 300 300 300 300 300 300 300 300
842.745 625.139 625.139 613.536 613.536 612.295 612.132 612.085 611.903 611.859 611.831 611.827 611.826 611.824 611.822 611.822 611.822 611.822 611.822 611.822 611.822 611.822 611.822 611.822 611.822 611.822 611.822 611.822 611.822 611.822 611.822 611.822 611.822 611.822 611.822 611.822 611.822 611.822 611.822 611.822 611.822 611.822 611.822 611.822 611.822 611.822 611.822 611.822 611.822 611.822 611.822 611.822 611.822 611.822 611.822 611.822 611.822 611.822 611.822 611.822 611.822 611.822 611.822 611.822 611.822 611.822 611.822 611.822 611.822 611.822 611.822 611.822 611.822 611.822 611.822 611.822 611.822 611.822 611.822 611.822 611.822 611.822 611.822 611.822 611.822 611.822 611.822 611.822 611.822 611.822 611.822 611.822 611.822 611.822 611.822 611.822
863.084 611.497 594.528 490.628 488.756 455.788 433.03 415.979 375.878 375.878 366.691 366.691 347.697 323.373 316.132 311.018 308.108 304.252 302.696 302.079 300.75 300.573 300.357 300.116 300.106 300.071 300.043 300.014 300.008 300.006 300.004 300.002 300.001 300.001 300 300 300 300 300 300 300 300 300 300 300 300 300 300 300 300 300 300 300 300 300 300 300 300 300 300 300 300 300 300 300 300 300 300 300 300 300 300 300 300 300 300 300 300 300 300 300 300 300 300 300 300 300 300 300 300 300 300 300 300 300 300
938.209 692.501 645.057 615.685 613.18 612.43 612.175 612.01 611.909 611.827 611.824 611.824 611.823 611.823 611.822 611.822 611.822 611.822 611.822 611.822 611.822 611.822 611.822 611.822 611.822 611.822 611.822 611.822 611.822 611.822 611.822 611.822 611.822 611.822 611.822 611.822 611.822 611.822 611.822 611.822 611.822 611.822 611.822 611.822 611.822 611.822 611.822 611.822 611.822 611.822 611.822 611.822 611.822 611.822 611.822 611.822 611.822 611.822 611.822 611.822 611.822 611.822 611.822 611.822 611.822 611.822 611.822 611.822 611.822 611.822 611.822 611.822 611.822 611.822 611.822 611.822 611.822 611.822 611.822 611.822 611.822 611.822 611.822 611.822 611.822 611.822 611.822 611.822 611.822 611.822 611.822 611.822 611.822 611.822 611.822 611.822
829.32 714.101 639.96 615.14 613.745 611.571 611.571 611.571 611.571 611.571 611.571 611.571 611.571 611.571 611.571 611.571 611.571 611.571 611.571 611.571 611.571 611.571 611.571 611.571 611.571 611.571 611.571 611.571 611.571 611.571 611.571 611.571 611.571 611.571 611.571 611.571 611.571 611.571 611.571 611.571 611.571 611.571 611.571 611.571 611.571 611.571 611.571 611.571 611.571 611.571 611.571 608.988 608.707 608.707 607.946 607.488 595.524 585.585 584.06 583.837 583.763 583.747 583.735 583.734 583.734 583.734 583.734 583.734 583.734 583.734 583.734 583.734 583.734 583.734 583.734 583.734 583.734 583.734 583.734 583.734 583.734 583.734 583.734 583.734 583.734 583.734 583.734 583.734 583.734 583.734 583.734 583.734 583.734 583.734 583.734 583.734
872.656 634.133 529.933 514.593 456.249 434.055 430.273 430.273 425.946 388.11 375.246 374.417 369.664 342.093 329.417 318.158 311.449 308.146 303.918 303.002 301.875 301.3 300.666 300.477 300.282 300.149 300.114 300.039 300.019 300.011 300.007 300.004 300.002 300.001 300.001 300 300 300 300 300 300 300 300 300 300 300 300 300 300 300 300 300 300 300 300 300 300 300 300 300 300 300 300 300 300 300 300 300 300 300 300 300 300 300 300 300 300 300 300 300 300 300 300 300 300 300 300 300 300 300 300 300 300 300 300 300
662.283 650.28 541.335 476.653 456.506 447.303 432.972 410.81 377.417 374.054 367.269 342.902 333.605 321.958 315.449 305.99 304.752 303.24 302.105 301.739 300.932 300.591 300.372 300.22 300.123 300.081 300.047 300.014 300.008 300.006 300.003 300.002 300.001 300.001 300 300 300 300 300 300 300 300 300 300 300 300 300 300 300 300 300 300 300 300 300 300 300 300 300 300 300 300 300 300 300 300 300 300 300 300 300 300 300 300 300 300 300 300 300 300 300 300 300 300 300 300 300 300 300 300 300 300 300 300 300 300
653.65 474.256 474.256 425.29 425.29 397.693 395.692 371.956 369.98 355.185 333.826 325.856 314.266 308.815 306.438 303.829 302.683 301.762 300.708 300.708 300.451 300.273 300.071 300.071 300.057 300.041 300.022 300.006 300.005 300.002 300.001 300.001 300 300 300 300 300 300 300 300 300 300 300 300 300 300 300 300 300 300 300 300 300 300 300 300 300 300 300 300 300 300 300 300 300 300 300 300 300 300 300 300 300 300 300 300 300 300 300 300 300 300 300 300 300 300 300 300 300 300 300 300 300 300 300 300
738.811 738.811 659.613 614.475 613.477 612.466 612.019 611.96 611.89 611.84 611.827 611.826 611.824 611.823 611.822 611.822 611.822 611.822 611.822 611.822 611.822 611.822 611.822 611.822 611.822 611.822 611.822 611.822 611.822 611.822 611.822 611.822 611.822 611.822 611.822 611.822 611.822 611.822 611.822 611.822 611.822 611.822 611.822 611.822 611.822 611.822 611.822 611.822 611.822 611.822 611.822 611.822 611.822 611.822 611.822 611.822 611.822 611.822 611.822 611.822 611.822 611.822 611.822 611.822 611.822 611.822 611.822 611.822 611.822 611.822 611.822 611.822 611.822 611.822 611.822 611.822 611.822 611.822 611.822 611.822 611.822 611.822 611.822 611.822 611.822 611.822 611.822 611.822 611.822 611.822 611.822 611.822 611.822 611.822 611.822 611.822
826.402 608.732 608.732 608.732 608.732 608.732 608.732 608.732 608.732 608.732 608.732 608.732 608.732 608.732 608.732 608.732 608.732 608.732 608.732 608.732 608.732 608.732 608.732 608.732 608.732 608.732 608.732 608.732 608.732 608.732 608.732 608.732 608.732 608.732 608.732 608.732 608.732 608.732 608.732 608.732 608.732 575.018 575.018 575.018 575.018 575.018 575.018 575.018 575.018 575.018 575.018 575.018 575.018 575.018 575.018 575.018 554.662 483.587 442.155 421.536 414.119 413 412.793 412.754 412.747 412.746 412.746 412.746 412.746 412.746 412.746 412.746 412.746 412.746 412.746 412.746 412.672 372.265 370.393 370.302 369.672 366.717 310.004 300.647 300.024 300 300 300 300 300 300 300 300 300 300 300
969.945 602.428 553.781 446.021 440.236 431.798 424.005 400.788 386.737 368.976 347.368 330.693 320.385 312.237 306.969 304.451 302.271 302.271 301.473 300.71 300.505 300.379 300.203 300.131 300.093 300.049 300.019 300.01 300.006 300.003 300.002 300.001 300 300 300 300 300 300 300 300 300 300 300 300 300 300 300 300 300 300 300 300 300 300 300 300 300 300 300 300 300 300 300 300 300 300 300 300 300 300 300 300 300 300 300 300 300 300 300 300 300 300 300 300 300 300 300 300 300 300 300 300 300 300 300 300
881.736 600.949 600.949 581.222 581.222 581.222 581.222 548.6 538.752 530.018 480.846 473.144 464.989 462.932 434.711 428.699 419.857 404.423 389.32 374.251 369.372 368.31 366.426 364.614 352.881 323.21 307.941 303.808 301.989 301.22 300.481 300.452 300.212 300.111 300.037 300.035 300.019 300.009 300.005 300.002 300.001 300.001 300 300 300 300 300 300 300 300 300 300 300 300 300 300 300 300 300 300 300 300 300 300 300 300 300 300 300 300 300 300 300 300 300 300 300 300 300 300 300 300 300 300 300 300 300 300 300 300 300 300 300 300 300 300
