190351 119050 113577 99002.4 79528 77390.7 75077.3 59740.9 30708 30708 28155.3 24624.2 15716.1 10596 7361.12 5303.3 3397.76 1761.95 1632.37 820.371 443.084 289.833 197.408 110.244 58.5265 32.3135 18.7687 9.06296 4.93681 2.57771 1.46549 0.941261 0.443082 0.14781 0.104764 0.0522725 0.0177762 0.0140063 0.00523729 0.00064772 0.000174133 4.70293e-05 1.44286e-05 5.53927e-06 1.48042e-06 4.58737e-07 1.49319e-07 5.1775e-08 1.56907e-08 0 0 0 0 0 0 0 0 0 0 0 0 0 0 0 0 0 0 0 0 0 0 0 0 0 0 0 0 0 0 0 0 0 0 0 0 0 0 0 0 0 0 0 0 0 0
192923 148389 141503 122453 107575 92469.1 59825.3 53039.2 47610.4 34758.7 25573.2 20064.3 14268.7 8169.84 4409.88 3768.77 1901.27 1484.39 1086.72 549.892 423.512 158.694 131.488 67.7287 46.5631 19.3685 13.1101 7.65567 4.17344 1.83907 1.14542 0.647228 0.282327 0.154658 0.0868207 0.0412312 0.0234756 0.00998113 0.0048735 0.00048503 0.000160299 4.93614e-05 1.63813e-05 4.61971e-06 1.17375e-06 3.66469e-07 1.09488e-07 3.03883e-08 0 0 0 0 0 0 0 0 0 0 0 0 0 0 0 0 0 0 0 0 0 0 0 0 0 0 0 0 0 0 0 0 0 0 0 0 0 0 0 0 0 0 0 0 0 0 0
212104 112760 112760 86004.5 82124.8 79420.9 41511.6 41511.6 33085.5 20683.7 17075.3 13049.8 9750.19 7139.44 4199.84 3330.89 1993.37 1498.93 843.695 493.963 256.237 193.384 92.5322 69.9574 28.4343 21.0351 13.9389 6.64889 2.67042 2.21241 1.38845 0.563243 0.328641 0.181604 0.0910979 0.0398351 0.0194514 0.0092794 0.00422642 0.000407296 0.000119645 3.05812e-05 1.1514e-05 3.20755e-06 1.3376e-06 4.45671e-07 1.48944e-07 5.6185e-08 1.85821e-08 0 0 0 0 0 0 0 0 0 0 0 0 0 0 0 0 0 0 0 0 0 0 0 0 0 0 0 0 0 0 0 0 0 0 0 0 0 0 0 0 0 0 0 0 0 0
117034 117034 117034 82295.3 82295.3 82295.3 74695.4 72983.8 52717.1 44661.7 28034.1 23081.4 16383.5 10495.3 6877.62 4621.91 3512.17 2457.45 1420.32 883.275 327.71 307.937 184.512 91.3953 51.5896 25.9609 12.0498 8.53281 4.9614 2.43218 1.16429 0.674914 0.285585 0.139923 0.0840791 0.0426548 0.0254562 0.0110533 0.00374213 0.000405589 0.000175094 4.73452e-05 1.69316e-05 4.77427e-06 1.12522e-06 5.20083e-07 1.72251e-07 6.12359e-08 1.9362e-08 0 0 0 0 0 0 0 0 0 0 0 0 0 0 0 0 0 0 0 0 0 0 0 0 0 0 0 0 0 0 0 0 0 0 0 0 0 0 0 0 0 0 0 0 0 0
180256 131425 131425 84285.3 84285.3 82001.8 77821.7 63968.5 52699.6 29792.1 25944.4 17518.6 11374.6 8266.96 6884.49 3467.96 2302.81 1507.08 1387.23 751.025 421.529 214.883 145.166 71.2618 43.7343 22.112 11.0314 7.24639 3.66917 1.93224 0.911968 0.50766 0.287638 0.143418 0.0737682 0.0295943 0.0188786 0.00849345 0.00405247 0.000261544 7.09931e-05 3.0332e-05 7.7427e-06 2.25798e-06 7.57154e-07 2.37808e-07 4.74733e-08 2.14155e-08 0 0 0 0 0 0 0 0 0 0 0 0 0 0 0 0 0 0 0 0 0 0 0 0 0 0 0 0 0 0 0 0 0 0 0 0 0 0 0 0 0 0 0 0 0 0 0
192739 141524 132210 119612 95536 69238.2 57927.3 55983.2 38872.7 29729.6 20421.2 10209.3 8303.5 6664.07 3935.55 3505.51 2137.05 1303.48 1127.75 435.349 299.345 167.515 103.053 40.1942 22.4438 16.5084 7.95957 6.33595 2.32185 1.74568 0.857328 0.505634 0.280082 0.156913 0.0658835 0.0338033 0.0146026 0.00772356 0.00270027 0.000312567 0.000151848 3.95798e-05 1.56273e-05 6.61968e-06 1.39218e-06 6.25288e-07 2.66215e-07 7.55494e-08 3.39544e-08 1.2448e-08 0 0 0 0 0 0 0 0 0 0 0 0 0 0 0 0 0 0 0 0 0 0 0 0 0 0 0 0 0 0 0 0 0 0 0 0 0 0 0 0 0 0 0 0 0
160710 128917 110479 108183 91888 79413.6 65025.8 49400.3 38994.6 30159.1 14881.3 14881.3 8700.51 7578.85 4550.47 2739.84 2087.55 926.189 732.414 420.031 200.979 131.356 104.105 46.4679 26.1642 15.3528 9.56244 4.13975 2.12567 1.6997 0.882452 0.371286 0.215004 0.0733288 0.0461583 0.0274624 0.0115856 0.00641564 0.00260894 0.000451692 0.000158836 3.66151e-05 1.27541e-05 4.38817e-06 1.17655e-06 4.77701e-07 1.50733e-07 4.37003e-08 1.17367e-08 0 0 0 0 0 0 0 0 0 0 0 0 0 0 0 0 0 0 0 0 0 0 0 0 0 0 0 0 0 0 0 0 0 0 0 0 0 0 0 0 0 0 0 0 0 0
155466 109683 109683 109683 100748 93788.9 80176.5 39467.3 39467.3 28360.3 16769.4 16758 9980.6 7349.43 5385.51 3191.17 1880.83 1384.79 933.399 614.49 275.535 163.586 117.931 72.3245 33.9788 18.0482 13.9712 6.70215 4.69435 2.48322 1.0634 0.523394 0.363959 0.190258 0.0658315 0.0411558 0.0140487 0.0108768 0.00336685 0.00049978 0.000149871 5.0779e-05 1.55763e-05 3.89913e-06 1.16971e-06 3.89833e-07 1.18911e-07 2.44744e-08 0 0 0 0 0 0 0 0 0 0 0 0 0 0 0 0 0 0 0 0 0 0 0 0 0 0 0 0 0 0 0 0 0 0 0 0 0 0 0 0 0 0 0 0 0 0 0
125166 125102 108046 108046 95343.4 89869 58191.9 56916 51042.7 32993.7 25584.6 16200.4 11480.4 7171.55 6406.91 3681.16 2190.03 1406.79 798.581 433.612 332.007 218.918 97.6831 80.9008 40.855 22.037 11.3115 4.55613 4.55613 2.21352 1.42288 0.574214 0.316634 0.144167 0.0719659 0.028106 0.0200909 0.00956642 0.00557269 0.000361923 0.000147498 4.44935e-05 1.40405e-05 5.19258e-06 1.49947e-06 4.88157e-07 1.5968e-07 4.78525e-08 1.38265e-08 0 0 0 0 0 0 0 0 0 0 0 0 0 0 0 0 0 0 0 0 0 0 0 0 0 0 0 0 0 0 0 0 0 0 0 0 0 0 0 0 0 0 0 0 0 0
171113 143684 143684 110426 103005 60868.9 60868.9 56175.5 44591.8 30968.6 23075.1 14317.9 8085.69 7500.07 4380.66 2707.76 2503.03 1291.96 831.841 467.548 350.506 185.735 101.399 54.413 29.9444 21.5092 12.1633 7.1992 2.66355 1.71059 0.688746 0.417417 0.198801 0.0941595 0.0559455 0.0316317 0.0140077 0.00610059 0.00390093 0.000446748 0.000112015 4.78553e-05 1.24029e-05 4.1752e-06 1.34496e-06 5.65698e-07 1.78866e-07 7.18018e-08 2.53718e-08 0 0 0 0 0 0 0 0 0 0 0 0 0 0 0 0 0 0 0 0 0 0 0 0 0 0 0 0 0 0 0 0 0 0 0 0 0 0 0 0 0 0 0 0 0 0
175298 137363 113599 76817.6 76817.6 62552.7 60547.5 29205.9 23444.6 23444.6 19925.3 12866.5 8927.92 3976.96 3400.62 2365.26 1268.42 1139.18 254.261 254.261 254.261 111.847 79.5588 46.7653 21.8432 11.8044 7.92933 3.43621 2.2129 1.15168 0.620319 0.327984 0.157373 0.0552636 0.0324483 0.0180955 0.00934416 0.00441431 0.0019415 0.000242464 5.9266e-05 1.60099e-05 5.43207e-06 1.11463e-06 5.28835e-07 1.52414e-07 4.13435e-08 0 0 0 0 0 0 0 0 0 0 0 0 0 0 0 0 0 0 0 0 0 0 0 0 0 0 0 0 0 0 0 0 0 0 0 0 0 0 0 0 0 0 0 0 0 0 0 0
152884 152884 80088.4 80088.4 80088.4 80088.4 70839 63812.8 45255.2 39138.6 26810.6 15846.7 15360.5 8925.35 5100.7 3737.15 3020.48 1824.33 1015.93 594.833 405.141 234.899 132.722 69.2259 36.2538 19.2275 13.0509 7.54557 3.30412 2.05895 1.23356 0.614029 0.297882 0.113751 0.0804882 0.0422381 0.0160395 0.00789207 0.00449583 0.00043902 0.000123554 5.12716e-05 1.48986e-05 6.03221e-06 1.37837e-06 3.7898e-07 1.36659e-07 4.0137e-08 0 0 0 0 0 0 0 0 0 0 0 0 0 0 0 0 0 0 0 0 0 0 0 0 0 0 0 0 0 0 0 0 0 0 0 0 0 0 0 0 0 0 0 0 0 0 0
132358 132358 95259.2 95259.2 76777.5 73847.5 70101.5 47381.1 46922.4 35050.7 21518.5 15250.5 12032.3 7707.11 5281.67 2864.77 2347.31 1281.17 761.55 502.14 293.919 206.546 93.2407 59.6111 27.3165 17.6959 8.18649 6.53487 2.46712 1.62713 0.89674 0.39432 0.307418 0.154052 0.053211 0.038877 0.0198253 0.00936987 0.0035839 0.000491778 0.000163013 6.22828e-05 2.46062e-05 1.0915e-05 3.6917e-06 1.36893e-06 3.06412e-07 1.3454e-07 3.78917e-08 0 0 0 0 0 0 0 0 0 0 0 0 0 0 0 0 0 0 0 0 0 0 0 0 0 0 0 0 0 0 0 0 0 0 0 0 0 0 0 0 0 0 0 0 0 0
131271 131271 131271 93891.5 89729.3 70699.3 70699.3 66003.6 51324.8 45598.7 33180.3 22664.3 15948.7 10367.2 6952.84 4901.17 3336.55 2339.38 1885.13 890.866 628.634 270.522 229.824 111.076 54.9472 52.4944 22.1172 11.9782 7.40878 3.80295 1.55806 1.10456 0.594488 0.248969 0.163817 0.0719149 0.0344665 0.0155922 0.00707758 0.000849182 0.000282583 5.38399e-05 1.94951e-05 6.68936e-06 1.87969e-06 6.04483e-07 2.35283e-07 8.24526e-08 2.39418e-08 1.20594e-08 0 0 0 0 0 0 0 0 0 0 0 0 0 0 0 0 0 0 0 0 0 0 0 0 0 0 0 0 0 0 0 0 0 0 0 0 0 0 0 0 0 0 0 0 0
221215 99089.6 97468.8 97468.8 92072.4 92072.4 80095.1 67643.6 59833 34013.7 29889.5 21740.2 18064.4 11848.1 8424.97 5586.64 2701.49 2196.46 1039.8 914.013 503.461 195.673 128.299 90.9568 42.7242 25.9072 13.0849 8.09546 4.39794 2.67615 1.36807 0.687724 0.299551 0.0969992 0.0832092 0.0436923 0.0144967 0.0101815 0.00465616 0.000529446 0.00015419 5.36364e-05 2.02693e-05 6.63495e-06 1.73852e-06 4.88449e-07 1.18322e-07 3.3434e-08 0 0 0 0 0 0 0 0 0 0 0 0 0 0 0 0 0 0 0 0 0 0 0 0 0 0 0 0 0 0 0 0 0 0 0 0 0 0 0 0 0 0 0 0 0 0 0
157662 131521 131521 111841 74731.3 63214.9 63214.9 57304.4 40144.6 26988.1 20616.6 12664.7 11127.7 5934.91 4038.57 3500.17 2212.54 1402.96 1074.46 546.931 394.053 165.997 127.275 77.1798 32.7292 19.5547 11.2722 7.14865 2.69785 1.72935 1.03498 0.364357 0.221418 0.127869 0.0586196 0.0235347 0.0151322 0.00726338 0.00355443 0.000355819 0.000109424 3.44367e-05 1.0859e-05 4.0115e-06 1.39651e-06 4.47183e-07 8.20929e-08 3.71361e-08 1.21906e-08 0 0 0 0 0 0 0 0 0 0 0 0 0 0 0 0 0 0 0 0 0 0 0 0 0 0 0 0 0 0 0 0 0 0 0 0 0 0 0 0 0 0 0 0 0 0
147230 143136 135698 86082.5 86082.5 80950.8 80950.8 73011.6 51909.8 45047.1 33453.8 21388.3 12061.3 9505.03 6244.01 4122.77 2856.38 2133.46 1311.85 791.174 504.787 273.424 189.925 93.8237 49.4409 29.9258 12.7838 8.09236 5.0021 2.67801 1.6373 0.728947 0.237483 0.181748 0.109019 0.0534381 0.0229249 0.01148 0.00650904 0.000689151 0.000254828 9.88405e-05 3.38907e-05 1.30522e-05 4.98517e-06 1.81923e-06 6.48766e-07 1.91932e-07 6.06091e-08 1.33048e-08 0 0 0 0 0 0 0 0 0 0 0 0 0 0 0 0 0 0 0 0 0 0 0 0 0 0 0 0 0 0 0 0 0 0 0 0 0 0 0 0 0 0 0 0 0
179144 144478 123524 111410 111410 71143 66542.8 63859.1 61077.1 42115.1 26601.1 22472.4 15967.2 8828.54 6453.63 5280.22 3139.13 2470.59 1272.43 809.438 617.863 312.728 187.874 100.072 31.1795 27.8308 17.736 11.7835 5.90115 3.28893 1.50055 0.926691 0.402127 0.218348 0.114253 0.0609041 0.0301803 0.0142323 0.00723269 0.000679454 0.000262283 9.79185e-05 2.76696e-05 9.88973e-06 2.96145e-06 6.44764e-07 2.38861e-07 7.5044e-08 2.79266e-08 0 0 0 0 0 0 0 0 0 0 0 0 0 0 0 0 0 0 0 0 0 0 0 0 0 0 0 0 0 0 0 0 0 0 0 0 0 0 0 0 0 0 0 0 0 0
176772 119191 119191 101265 101265 99297 73216.3 49101.6 44344.3 34811.8 17272.8 15065.9 11785.3 8442.53 5245.93 3122.47 2284.33 1539.49 1131.88 554.54 342.613 232.298 124.241 71.5054 41.622 20.0806 9.08992 5.47771 3.55377 1.86675 0.99684 0.490686 0.257648 0.139419 0.0583411 0.0279765 0.0128716 0.00760311 0.00427937 0.000240636 7.74241e-05 2.66609e-05 1.23002e-05 3.78108e-06 1.26851e-06 3.20781e-07 1.40026e-07 4.1516e-08 1.43192e-08 0 0 0 0 0 0 0 0 0 0 0 0 0 0 0 0 0 0 0 0 0 0 0 0 0 0 0 0 0 0 0 0 0 0 0 0 0 0 0 0 0 0 0 0 0 0
141765 117889 117889 94022.5 82107.7 53800.3 53800.3 53800.3 46269.9 41012.4 25788.6 20732.1 11529.8 7250.78 5634.5 3676.47 2643 2064.22 1025.31 710.868 402.609 237.26 98.9383 71.4788 46.48 23.4247 12.1847 6.08389 4.09976 2.70574 1.3117 0.525164 0.404087 0.200397 0.10303 0.0331033 0.0251215 0.0117297 0.00562029 0.00043308 0.000105833 3.17742e-05 1.12056e-05 4.32555e-06 1.21286e-06 3.64788e-07 7.63975e-08 2.50479e-08 0 0 0 0 0 0 0 0 0 0 0 0 0 0 0 0 0 0 0 0 0 0 0 0 0 0 0 0 0 0 0 0 0 0 0 0 0 0 0 0 0 0 0 0 0 0 0
164226 113569 85769.7 85769.7 85769.7 85769.7 74769.6 72719.1 54156.9 37179.4 27729 22338.7 16311 7868.46 5604.89 4799.32 2827.8 1798.58 1118.8 751.865 512.119 253.573 156.435 112.662 57.9711 31.5493 13.9733 7.90337 4.68255 1.83245 1.36254 0.566553 0.293208 0.13162 0.0654608 0.0470828 0.020765 0.0106669 0.00498937 0.000334347 0.000123843 3.73732e-05 1.26062e-05 4.19657e-06 1.53575e-06 5.77785e-07 1.77005e-07 5.0336e-08 1.8867e-08 0 0 0 0 0 0 0 0 0 0 0 0 0 0 0 0 0 0 0 0 0 0 0 0 0 0 0 0 0 0 0 0 0 0 0 0 0 0 0 0 0 0 0 0 0 0
114360 114360 114360 113720 98847.6 98847.6 77278 50818 46257.7 31660.6 19609.1 16583.3 11467.6 5719.37 4319.71 3474.36 1845.67 1105.24 836.517 543.093 330.123 184.119 83.4907 53.4515 30.0524 14.6714 10.7537 5.94647 3.31897 2.02757 1.13588 0.464441 0.244689 0.108068 0.0696345 0.032491 0.013991 0.00625316 0.00337809 0.000404761 6.43757e-05 2.9115e-05 9.6178e-06 2.40346e-06 8.94877e-07 3.12437e-07 6.47935e-08 1.54935e-08 0 0 0 0 0 0 0 0 0 0 0 0 0 0 0 0 0 0 0 0 0 0 0 0 0 0 0 0 0 0 0 0 0 0 0 0 0 0 0 0 0 0 0 0 0 0 0
183321 125580 125580 89440 76318.5 76318.5 76318.5 67499.2 56742.5 38791.5 35556.7 21483.3 17404.4 11783.2 7452.32 5508.56 3173.62 1912.47 1614.66 765.555 516.138 271.401 165.587 100.742 47.1653 20.2831 14.4708 8.25516 4.24011 2.60977 1.09619 0.676554 0.391259 0.16342 0.0974167 0.0416106 0.0279992 0.0111342 0.00392695 0.000445861 0.000184495 5.41136e-05 1.80173e-05 6.56661e-06 1.88136e-06 4.02135e-07 1.58632e-07 6.69966e-08 2.73015e-08 0 0 0 0 0 0 0 0 0 0 0 0 0 0 0 0 0 0 0 0 0 0 0 0 0 0 0 0 0 0 0 0 0 0 0 0 0 0 0 0 0 0 0 0 0 0
166681 143010 143010 106883 98122.2 98122.2 85194.9 64584 50334.2 43535.6 27872.1 20363.4 14986.5 9655.14 6162.94 3932.37 2022.77 1720.97 1190.5 736.686 419.379 173.777 127.287 48.299 39.315 24.5451 9.90354 5.33883 2.33912 1.81848 0.747396 0.429805 0.209204 0.135929 0.0659965 0.0235569 0.0114599 0.00518964 0.00311665 0.000247653 9.54812e-05 3.72101e-05 1.31803e-05 5.64e-06 1.22565e-06 4.22217e-07 1.35178e-07 2.79838e-08 1.09799e-08 0 0 0 0 0 0 0 0 0 0 0 0 0 0 0 0 0 0 0 0 0 0 0 0 0 0 0 0 0 0 0 0 0 0 0 0 0 0 0 0 0 0 0 0 0 0
147491 127227 127227 91610.5 91610.5 91610.5 89581.5 72539.1 49470.5 44601.4 21474.5 17918.6 9625.02 7885.6 5589.09 3606.96 2693.44 1916.95 1191.39 605.238 426.527 237.468 128.15 59.461 45.1473 22.644 10.1799 5.5446 3.03103 2.01126 0.713672 0.422911 0.269215 0.127246 0.0736406 0.0372663 0.0171832 0.00774668 0.00377386 0.000436413 0.000128037 5.04951e-05 1.40986e-05 4.56761e-06 1.13798e-06 3.47922e-07 9.52195e-08 3.19548e-08 1.19254e-08 0 0 0 0 0 0 0 0 0 0 0 0 0 0 0 0 0 0 0 0 0 0 0 0 0 0 0 0 0 0 0 0 0 0 0 0 0 0 0 0 0 0 0 0 0 0
77849.9 77849.9 77849.9 73187.4 73187.4 73187.4 56713.6 55047.5 53031.8 44686.1 31123.8 24520.7 16849.3 12958.6 8876.69 5214.69 2940 2031.92 1563.85 817.906 507.483 273.781 173.01 74.9709 51.438 31.4426 17.2017 9.87324 5.78228 2.72534 1.66717 0.834172 0.442181 0.247771 0.0824251 0.0487927 0.0298956 0.0121002 0.0066044 0.000593262 0.000153574 5.33914e-05 2.78005e-05 1.02313e-05 3.97842e-06 8.58467e-07 4.49346e-07 1.41788e-07 3.08491e-08 1.22898e-08 0 0 0 0 0 0 0 0 0 0 0 0 0 0 0 0 0 0 0 0 0 0 0 0 0 0 0 0 0 0 0 0 0 0 0 0 0 0 0 0 0 0 0 0 0
199712 148577 148577 112228 78920.7 78920.7 72045.9 63478.1 55532.9 44664.9 26216 22958 15170.8 10753.8 7166.52 5545.44 3194.36 2219.31 1795.44 824.373 455.953 325.726 171.067 124.421 69.7475 38.3643 16.6638 10.6657 6.44941 2.78742 1.55376 0.755451 0.449295 0.244088 0.080248 0.0575878 0.021697 0.0122493 0.00537418 0.000526637 0.000170559 5.66144e-05 1.67514e-05 6.21726e-06 2.05384e-06 7.79009e-07 2.99603e-07 5.65007e-08 2.18021e-08 0 0 0 0 0 0 0 0 0 0 0 0 0 0 0 0 0 0 0 0 0 0 0 0 0 0 0 0 0 0 0 0 0 0 0 0 0 0 0 0 0 0 0 0 0 0
200381 126206 126206 101512 89583 75749.1 60882.7 49306.6 27890.2 25188.6 22849.1 9500.91 9354.68 6567.88 3351.11 2507.47 1370.75 1138.96 672.131 417.857 267.918 180.866 75.636 43.9704 25.2342 18.4875 7.49308 5.39454 2.60713 1.27192 0.617043 0.330513 0.18112 0.0760149 0.0417547 0.0198776 0.0132236 0.00479215 0.0030834 0.000275144 0.000112365 2.89398e-05 9.84247e-06 2.70121e-06 6.42953e-07 2.12244e-07 7.31915e-08 2.01965e-08 0 0 0 0 0 0 0 0 0 0 0 0 0 0 0 0 0 0 0 0 0 0 0 0 0 0 0 0 0 0 0 0 0 0 0 0 0 0 0 0 0 0 0 0 0 0 0
157837 128913 107120 107120 107120 97192 57756.4 54112.2 49177.5 34466.6 25326 18900.5 10966.7 10966.7 8549.17 4277.43 3282.36 2109.72 1366.48 936.487 468.234 350.091 188.087 108.933 75.2885 35.9865 17.1687 11.0494 5.83006 3.16557 1.62758 1.06854 0.466228 0.196983 0.130178 0.0556963 0.0215754 0.0172074 0.00863866 0.000610048 0.000188797 4.76964e-05 1.35207e-05 4.32467e-06 1.62149e-06 6.05178e-07 1.68636e-07 3.89542e-08 1.59132e-08 0 0 0 0 0 0 0 0 0 0 0 0 0 0 0 0 0 0 0 0 0 0 0 0 0 0 0 0 0 0 0 0 0 0 0 0 0 0 0 0 0 0 0 0 0 0
195202 144230 123607 87627.9 87627.9 69679.3 68556.2 42843.7 42843.7 19606.2 15764 15764 9937.58 6579.53 5543.39 4609.73 2798.44 1671.25 907.284 668.313 437.287 199.883 143.699 72.8478 29.6527 22.4116 11.6222 7.01586 3.05723 1.63256 1.17091 0.670401 0.226689 0.183446 0.102445 0.0580221 0.0221061 0.0117437 0.00466706 0.000502674 0.00018978 4.4061e-05 1.51927e-05 5.05663e-06 1.71173e-06 5.59033e-07 1.58292e-07 5.37133e-08 2.08469e-08 0 0 0 0 0 0 0 0 0 0 0 0 0 0 0 0 0 0 0 0 0 0 0 0 0 0 0 0 0 0 0 0 0 0 0 0 0 0 0 0 0 0 0 0 0 0
137592 127147 127147 75534.5 75534.5 70815.8 48503.5 48503.5 38013.6 33266.9 20680.3 14174.8 11911.7 5462.41 5192.14 3988.8 2297.54 1494.02 1051.71 514.969 335.448 168.664 72.6762 57.5917 36.8672 14.0192 10.6951 6.499 3.7231 1.76292 0.959682 0.442374 0.202396 0.111913 0.0697273 0.0290027 0.0152637 0.00669017 0.00413412 0.000290909 0.000120242 3.60185e-05 8.00651e-06 3.74553e-06 9.9879e-07 2.7685e-07 1.14302e-07 3.3e-08 1.08305e-08 0 0 0 0 0 0 0 0 0 0 0 0 0 0 0 0 0 0 0 0 0 0 0 0 0 0 0 0 0 0 0 0 0 0 0 0 0 0 0 0 0 0 0 0 0 0
165030 160487 160487 122421 110445 91339.6 81879.2 39634.2 33154.8 28478.9 22773.1 14019.2 11367.4 8998.18 5498.56 4480.44 2847.44 1715.72 1271.66 673.44 221.492 219.842 160.926 107.862 35.5342 35.5342 16.8479 8.45683 5.14766 1.86638 1.58844 0.78821 0.393046 0.237977 0.109563 0.0404318 0.0275542 0.0115723 0.00702027 0.000730076 0.00028803 9.66714e-05 3.19613e-05 1.08604e-05 4.78788e-06 1.48109e-06 5.78803e-07 1.65031e-07 4.27412e-08 1.28583e-08 0 0 0 0 0 0 0 0 0 0 0 0 0 0 0 0 0 0 0 0 0 0 0 0 0 0 0 0 0 0 0 0 0 0 0 0 0 0 0 0 0 0 0 0 0
133294 133294 117347 115171 102515 100674 70792.6 56023.2 45466.9 25715.7 21767.1 14454.7 11961.4 7468.64 5037.4 2414.9 2267.12 1632.79 1071.23 601.141 308.513 214.816 80.9957 65.0547 42.0758 24.3709 9.97654 6.48312 3.21258 2.29566 1.14583 0.6194 0.317596 0.196291 0.0873106 0.0413315 0.0218369 0.0101115 0.00403231 0.000479946 0.000137913 4.021e-05 1.8468e-05 6.02166e-06 2.08571e-06 4.47983e-07 1.50362e-07 5.3895e-08 1.6119e-08 0 0 0 0 0 0 0 0 0 0 0 0 0 0 0 0 0 0 0 0 0 0 0 0 0 0 0 0 0 0 0 0 0 0 0 0 0 0 0 0 0 0 0 0 0 0
154896 152161 152161 112073 106701 94746.8 94746.8 72497.9 46286.1 34776.2 29519.6 20301.3 15408.6 7125.76 6826.35 4802.7 3274.13 1692.51 1156.55 776.56 381.27 222.396 124.165 69.5154 29.7082 21.9705 15.0252 4.94789 4.25765 1.37974 1.06766 0.510743 0.31111 0.181187 0.084994 0.0299695 0.0194102 0.00917732 0.00466389 0.000556066 9.0113e-05 3.28718e-05 1.2288e-05 4.32182e-06 1.50832e-06 4.98718e-07 1.48338e-07 4.96697e-08 1.41761e-08 0 0 0 0 0 0 0 0 0 0 0 0 0 0 0 0 0 0 0 0 0 0 0 0 0 0 0 0 0 0 0 0 0 0 0 0 0 0 0 0 0 0 0 0 0 0
149873 136290 136290 102563 89677.9 76726.9 68453 50157.8 50157.8 36461.5 24313.3 17817.4 14173.1 9811.04 6244.84 3411.01 2760.27 1847.18 1025.32 620.466 446.644 175.839 163.661 50.5636 35.7573 16.6185 11.2948 8.20478 4.39249 2.10314 1.36066 0.537479 0.317978 0.154762 0.103624 0.0449435 0.0213565 0.0119062 0.00440092 0.000453383 0.000109222 4.32545e-05 1.68876e-05 5.59593e-06 1.34472e-06 4.85233e-07 1.70102e-07 6.12732e-08 2.01189e-08 0 0 0 0 0 0 0 0 0 0 0 0 0 0 0 0 0 0 0 0 0 0 0 0 0 0 0 0 0 0 0 0 0 0 0 0 0 0 0 0 0 0 0 0 0 0
145362 145362 118513 111640 102075 79663.1 65868.3 53430.4 38844.3 37152.8 23207.7 13523.1 11607.2 8412.12 4906.63 3462.18 2385.36 1343.89 692.219 536.076 208.245 187.92 80.8596 71.3389 34.4966 19.479 12.2013 4.51145 3.83617 2.03322 0.795974 0.446737 0.188059 0.079496 0.0523563 0.0184787 0.0124905 0.00392295 0.00274497 0.000296453 7.73606e-05 2.88101e-05 5.43953e-06 2.39496e-06 7.93181e-07 2.94542e-07 8.93867e-08 2.36751e-08 0 0 0 0 0 0 0 0 0 0 0 0 0 0 0 0 0 0 0 0 0 0 0 0 0 0 0 0 0 0 0 0 0 0 0 0 0 0 0 0 0 0 0 0 0 0 0
150012 134228 116703 104913 102127 72570.7 69783.9 40435 40394.9 37565.2 28719.2 17367.4 13858 8397.92 5957.23 4933.18 2721.49 2199.46 1491.07 747.434 494.043 313.084 187.424 102.427 59.7197 36.2409 25.2214 9.25215 6.34247 3.72989 2.01617 0.911892 0.465429 0.319081 0.142468 0.0934037 0.0381462 0.0193546 0.0111561 0.000608025 0.000322916 0.000142173 6.27114e-05 2.95476e-05 9.92686e-06 3.38159e-06 1.09249e-06 3.61586e-07 1.11246e-07 4.28155e-08 1.46186e-08 0 0 0 0 0 0 0 0 0 0 0 0 0 0 0 0 0 0 0 0 0 0 0 0 0 0 0 0 0 0 0 0 0 0 0 0 0 0 0 0 0 0 0 0
179081 123872 123872 103847 103847 95435.6 81075.6 66425 66425 52478 37549.2 29412.5 15070.4 12427.3 9453.02 5456.39 3123.1 2641.94 1554.49 949.07 602.294 329.054 183.097 137.715 74.9759 42.559 21.2329 13.9052 7.15026 4.79159 2.48671 1.28452 0.608784 0.258222 0.124015 0.0605185 0.0290827 0.02042 0.00948146 0.000815403 0.00024561 8.06484e-05 1.97443e-05 8.51562e-06 2.20763e-06 9.81586e-07 4.37582e-07 1.03339e-07 2.86147e-08 1.04318e-08 0 0 0 0 0 0 0 0 0 0 0 0 0 0 0 0 0 0 0 0 0 0 0 0 0 0 0 0 0 0 0 0 0 0 0 0 0 0 0 0 0 0 0 0 0
173738 101004 81632.1 81632.1 44579.3 44579.3 44579.3 44579.3 31543.2 22435.3 22435.3 13546.6 10399.7 8206 4593.6 2500.71 2178.3 1254.71 1032.17 591.806 347.131 115.715 66.4406 66.4406 35.0098 23.2763 14.8363 6.35519 3.01002 2.18427 0.957791 0.5181 0.279505 0.113959 0.0683152 0.0316502 0.0196361 0.00947418 0.00480106 0.000349667 7.20619e-05 2.6642e-05 7.61782e-06 2.07492e-06 8.07118e-07 2.64045e-07 9.58388e-08 3.83361e-08 1.27235e-08 0 0 0 0 0 0 0 0 0 0 0 0 0 0 0 0 0 0 0 0 0 0 0 0 0 0 0 0 0 0 0 0 0 0 0 0 0 0 0 0 0 0 0 0 0 0
152224 127990 127990 116531 102300 86223.1 59965.3 50313.6 50313.6 28465.2 25040.4 15947.1 12455.3 8255.62 4122.74 3274.24 2422.98 1753.8 1064.1 678.375 328.593 239.383 123.6 68.7937 35.6196 25.5648 9.95817 5.28524 3.45344 2.03474 0.882463 0.544734 0.249243 0.104127 0.0516224 0.0274048 0.0183506 0.00912397 0.00493594 0.000443306 0.00013978 4.71253e-05 1.35656e-05 4.25263e-06 9.96702e-07 3.80409e-07 1.07506e-07 3.59223e-08 1.20031e-08 0 0 0 0 0 0 0 0 0 0 0 0 0 0 0 0 0 0 0 0 0 0 0 0 0 0 0 0 0 0 0 0 0 0 0 0 0 0 0 0 0 0 0 0 0 0
166421 141958 73685.1 73685.1 73685.1 73685.1 73685.1 68466.6 39213.4 39213.4 32952.8 24516.7 19777.1 14326.1 6911.5 6883.76 3806.14 2940.02 1667.92 1116.15 481.771 389.483 217.139 53.2492 53.2492 38.8887 20.2668 9.69951 5.51454 3.08096 1.70439 0.895646 0.36099 0.210321 0.10965 0.0576437 0.0283187 0.0100509 0.00485685 0.000311319 0.000151766 4.29387e-05 1.52099e-05 4.22338e-06 1.34069e-06 4.61178e-07 1.64007e-07 6.71139e-08 3.10972e-08 1.13852e-08 0 0 0 0 0 0 0 0 0 0 0 0 0 0 0 0 0 0 0 0 0 0 0 0 0 0 0 0 0 0 0 0 0 0 0 0 0 0 0 0 0 0 0 0 0
206795 153544 109839 109839 109839 81915.4 81915.4 71354.3 47378.1 44386.4 29663.3 20501.8 13836.2 9772.28 7776.45 5476.69 3242.12 2048.89 1561.07 635.255 550.652 159.229 159.229 83.0676 41.9859 31.9181 19.351 8.63111 5.77597 2.72456 1.3023 0.799424 0.454796 0.188419 0.133735 0.0589522 0.0285511 0.0119899 0.00671133 0.000652391 0.00022722 5.64829e-05 1.54622e-05 7.79533e-06 2.16941e-06 4.63882e-07 1.6533e-07 4.1318e-08 1.22736e-08 0 0 0 0 0 0 0 0 0 0 0 0 0 0 0 0 0 0 0 0 0 0 0 0 0 0 0 0 0 0 0 0 0 0 0 0 0 0 0 0 0 0 0 0 0 0
154649 83236 83236 83236 82615.4 72683.2 57358.7 30628.4 30628.4 28334.8 19522.5 12793 9469.28 4877.04 4600.56 2130.48 1300.53 1201.2 775.879 402.516 262.083 125.196 75.1605 38.2578 31.0506 10.4202 5.42728 4.21524 2.31944 0.987177 0.551469 0.285453 0.154232 0.0836964 0.04388 0.0204194 0.00850694 0.00386 0.00253812 0.000189207 6.2355e-05 1.90474e-05 6.38204e-06 2.87942e-06 1.1364e-06 3.32132e-07 9.593e-08 4.88888e-08 1.77575e-08 0 0 0 0 0 0 0 0 0 0 0 0 0 0 0 0 0 0 0 0 0 0 0 0 0 0 0 0 0 0 0 0 0 0 0 0 0 0 0 0 0 0 0 0 0 0
147316 147316 125584 101630 101403 89623.1 83470.1 56294.6 44221.2 25924.5 23672.7 16020.9 9297.76 7900.55 4678.14 3545 1978.74 1379.72 1082.97 455.212 348.133 211.413 103.481 76.3152 43.1116 18.691 12.0375 7.28077 3.69973 2.19844 0.823643 0.406468 0.281961 0.133061 0.0612849 0.0371817 0.0159384 0.00762126 0.00356151 0.000334616 0.000104644 3.36382e-05 9.04936e-06 2.70932e-06 8.23275e-07 2.62765e-07 6.91211e-08 2.61196e-08 0 0 0 0 0 0 0 0 0 0 0 0 0 0 0 0 0 0 0 0 0 0 0 0 0 0 0 0 0 0 0 0 0 0 0 0 0 0 0 0 0 0 0 0 0 0 0
135810 128711 107500 91349.5 91349.5 68851.3 51744.1 41244.8 41244.8 21037 18532.8 12986.9 8216.84 7968.14 2438.68 2438.68 2345.51 1138.13 669.96 453.486 359.393 170.276 103.772 55.6682 17.4461 14.1319 7.89241 5.01129 2.7724 1.09404 0.542458 0.443055 0.132917 0.090451 0.0485442 0.0174123 0.0104439 0.00527095 0.00285198 0.000320669 0.000125858 3.55953e-05 1.59555e-05 3.0673e-06 1.38658e-06 3.85275e-07 1.17709e-07 4.73199e-08 0 0 0 0 0 0 0 0 0 0 0 0 0 0 0 0 0 0 0 0 0 0 0 0 0 0 0 0 0 0 0 0 0 0 0 0 0 0 0 0 0 0 0 0 0 0 0
152955 127614 127614 108146 58580.9 58580.9 51359.9 51359.9 41761 31640.2 13522 11621.9 9490.86 6534.71 4856.69 3622.15 2012.81 1260.3 873.718 531.223 292.531 165.886 83.1415 67.5944 43.0714 17.7977 10.1147 5.68287 2.74607 1.74481 0.868038 0.508692 0.198942 0.124788 0.0379544 0.0290622 0.013176 0.00836862 0.00265016 0.000350017 0.00011898 3.14827e-05 1.17189e-05 3.45601e-06 1.30022e-06 3.88323e-07 1.60774e-07 4.66282e-08 1.3648e-08 0 0 0 0 0 0 0 0 0 0 0 0 0 0 0 0 0 0 0 0 0 0 0 0 0 0 0 0 0 0 0 0 0 0 0 0 0 0 0 0 0 0 0 0 0 0
173953 148233 101604 101604 101604 78705.1 78705.1 60267.3 53268.9 36895.2 27613.3 17522.5 16154.1 8999.48 5945.97 4737.09 3279.44 1902.67 1334.79 652.058 350.345 238.247 165.618 89.3261 53.5123 25.7561 15.1469 8.52974 3.48789 1.68655 1.06368 0.576333 0.3353 0.132968 0.0843923 0.0408109 0.0190242 0.0116263 0.00292131 0.000428285 0.000169977 4.36109e-05 1.69506e-05 5.32995e-06 1.32739e-06 4.72641e-07 1.62303e-07 5.7886e-08 2.16045e-08 0 0 0 0 0 0 0 0 0 0 0 0 0 0 0 0 0 0 0 0 0 0 0 0 0 0 0 0 0 0 0 0 0 0 0 0 0 0 0 0 0 0 0 0 0 0
182155 130868 104679 104679 70564.1 69126.2 69126.2 59519.7 48078 41475.2 30219 20757.8 16496.3 8909.29 6537.22 4454.66 3262.82 2044.83 1495.08 882.964 542.407 319.573 180.08 113.561 54.9309 34.2543 18.64 11.7967 7.03121 4.01198 1.60793 0.966743 0.485033 0.213344 0.124136 0.0445516 0.0198908 0.0128575 0.00648631 0.000516685 0.000188213 4.9429e-05 2.21401e-05 5.36716e-06 2.01238e-06 4.92144e-07 1.30654e-07 3.21029e-08 1.12036e-08 0 0 0 0 0 0 0 0 0 0 0 0 0 0 0 0 0 0 0 0 0 0 0 0 0 0 0 0 0 0 0 0 0 0 0 0 0 0 0 0 0 0 0 0 0 0
155864 117201 116665 80061.1 80061.1 80061.1 63732.9 43321.6 35693.4 31507.2 20998.1 13158.5 12543.5 6968.68 3823.8 3113.34 1966.25 1274.25 704.918 573.403 281.203 164.771 118.086 58.7121 41.3144 20.8829 12.9172 4.90346 2.74394 1.6856 0.973254 0.389015 0.23413 0.138095 0.0587132 0.0337385 0.0141429 0.00650072 0.00311726 0.000349489 0.000149672 4.79932e-05 1.66862e-05 6.91038e-06 1.92779e-06 5.87445e-07 2.80224e-07 8.54924e-08 1.88293e-08 0 0 0 0 0 0 0 0 0 0 0 0 0 0 0 0 0 0 0 0 0 0 0 0 0 0 0 0 0 0 0 0 0 0 0 0 0 0 0 0 0 0 0 0 0 0
171283 119180 112091 102402 94668.2 83632.5 72582.2 54976.7 43916.1 26762.7 26762.7 14326 11495 8696.49 5490.64 3772.59 1693.99 1312.8 878.661 481.436 356.813 225.072 113.602 74.5894 41.8317 20.0532 10.7097 5.97534 3.64842 2.18007 1.17043 0.43949 0.303449 0.113878 0.0553333 0.0357559 0.0137329 0.00772335 0.00297474 0.000389347 0.000114736 4.58848e-05 1.88308e-05 4.51653e-06 1.66345e-06 4.34946e-07 9.76117e-08 3.64289e-08 1.06839e-08 0 0 0 0 0 0 0 0 0 0 0 0 0 0 0 0 0 0 0 0 0 0 0 0 0 0 0 0 0 0 0 0 0 0 0 0 0 0 0 0 0 0 0 0 0 0
146646 95841.9 95841.9 95841.9 89393.2 82243.7 66061.4 61707.7 43479.3 39913.4 23473 20537.6 12109.9 11070 5975.34 5109.11 2324.77 2002.75 1213.78 904.733 459.286 298.036 137.473 97.5366 48.0924 32.3889 15.6216 8.76086 4.07318 2.71527 1.53585 0.791724 0.419685 0.20097 0.0894777 0.0496724 0.0314629 0.0124022 0.00633739 0.00059714 0.000209418 3.96146e-05 1.27519e-05 6.05328e-06 1.8458e-06 4.62735e-07 1.8414e-07 8.36896e-08 2.92797e-08 1.08884e-08 0 0 0 0 0 0 0 0 0 0 0 0 0 0 0 0 0 0 0 0 0 0 0 0 0 0 0 0 0 0 0 0 0 0 0 0 0 0 0 0 0 0 0 0 0
