10.5714 5.94343 2.66881 0.634229 0.321952 0.125929 0.0473562 0.027761 0.00552524 0.00221523 0.0013835 0.000771926 0.000313443 0.000102426 2.28743e-05 1.39954e-05 4.85502e-06 1.94286e-06 9.66583e-07 2.5518e-07 1.0818e-07 2.99651e-08 1.22402e-08 0 0 0 0 0 0 0 0 0 0 0 0 0 0 0 0 0 0 0 0 0 0 0 0 0 0 0 0 0 0 0 0 0 0 0 0 0 0 0 0 0 0 0 0 0 0 0 0 0 0 0 0 0 0 0 0 0 0 0 0 0 0 0 0 0 0 0 0 0 0 0 0 0
19.0741 8.62585 4.33548 1.00248 0.570898 0.225498 0.0953018 0.0577958 0.029294 0.0046324 0.0046324 0.000946533 0.000398251 0.000110502 5.88736e-05 3.96522e-05 1.34833e-05 6.3012e-06 1.91471e-06 8.32018e-07 3.92711e-07 2.23216e-07 4.44779e-08 1.40276e-08 0 0 0 0 0 0 0 0 0 0 0 0 0 0 0 0 0 0 0 0 0 0 0 0 0 0 0 0 0 0 0 0 0 0 0 0 0 0 0 0 0 0 0 0 0 0 0 0 0 0 0 0 0 0 0 0 0 0 0 0 0 0 0 0 0 0 0 0 0 0 0 0
18.3766 1.34258 1.34258 0.503908 0.177166 0.134239 0.0340006 0.0151979 0.00567343 0.00307211 0.00163569 0.000892128 0.000407814 9.9799e-05 3.40569e-05 1.42726e-05 3.698e-06 2.74367e-06 1.24195e-06 6.13829e-07 1.83262e-07 7.08064e-08 1.90269e-08 0 0 0 0 0 0 0 0 0 0 0 0 0 0 0 0 0 0 0 0 0 0 0 0 0 0 0 0 0 0 0 0 0 0 0 0 0 0 0 0 0 0 0 0 0 0 0 0 0 0 0 0 0 0 0 0 0 0 0 0 0 0 0 0 0 0 0 0 0 0 0 0 0
14.56 4.14904 1.09126 0.438587 0.145363 0.0903692 0.0314988 0.0188475 0.0082914 0.00320081 0.000746609 0.000746609 0.000131564 7.71624e-05 5.72219e-05 2.47068e-05 1.24353e-05 4.61342e-06 1.36633e-06 7.90692e-07 3.19543e-07 1.32495e-07 4.8253e-08 0 0 0 0 0 0 0 0 0 0 0 0 0 0 0 0 0 0 0 0 0 0 0 0 0 0 0 0 0 0 0 0 0 0 0 0 0 0 0 0 0 0 0 0 0 0 0 0 0 0 0 0 0 0 0 0 0 0 0 0 0 0 0 0 0 0 0 0 0 0 0 0 0
15.2444 7.96375 2.79339 0.744364 0.326959 0.122349 0.0372112 0.0127442 0.0117318 0.00401932 0.00184138 0.000562977 0.000253145 0.000133994 8.72972e-05 1.2929e-05 7.05888e-06 4.2645e-06 2.02018e-06 9.69188e-07 2.94554e-07 6.11825e-08 4.45955e-08 1.21427e-08 0 0 0 0 0 0 0 0 0 0 0 0 0 0 0 0 0 0 0 0 0 0 0 0 0 0 0 0 0 0 0 0 0 0 0 0 0 0 0 0 0 0 0 0 0 0 0 0 0 0 0 0 0 0 0 0 0 0 0 0 0 0 0 0 0 0 0 0 0 0 0 0
13.6474 3.82962 2.91785 0.432095 0.177994 0.0860498 0.0466578 0.0196507 0.0111364 0.0016093 0.00144632 0.000635534 0.000292932 0.000134137 3.33427e-05 2.15641e-05 4.4241e-06 2.59217e-06 1.01223e-06 3.03639e-07 8.66533e-08 2.85599e-08 0 0 0 0 0 0 0 0 0 0 0 0 0 0 0 0 0 0 0 0 0 0 0 0 0 0 0 0 0 0 0 0 0 0 0 0 0 0 0 0 0 0 0 0 0 0 0 0 0 0 0 0 0 0 0 0 0 0 0 0 0 0 0 0 0 0 0 0 0 0 0 0 0 0
9.23112 3.00423 1.10507 0.202877 0.0862163 0.0374421 0.01467 0.00652251 0.00227964 0.00140983 0.000499148 0.000222222 8.66694e-05 2.63664e-05 1.28429e-05 4.76897e-06 1.34615e-06 2.37754e-07 9.67438e-08 1.54135e-08 0 0 0 0 0 0 0 0 0 0 0 0 0 0 0 0 0 0 0 0 0 0 0 0 0 0 0 0 0 0 0 0 0 0 0 0 0 0 0 0 0 0 0 0 0 0 0 0 0 0 0 0 0 0 0 0 0 0 0 0 0 0 0 0 0 0 0 0 0 0 0 0 0 0 0 0
7.70089 6.6882 2.75489 0.726726 0.28445 0.17098 0.043851 0.043851 0.0179002 0.00469626 0.00278682 0.00107518 0.000683238 0.000129447 5.77159e-05 3.91491e-05 2.3551e-05 9.65204e-06 3.03006e-06 1.30143e-06 3.94611e-07 1.13313e-07 1.61167e-08 0 0 0 0 0 0 0 0 0 0 0 0 0 0 0 0 0 0 0 0 0 0 0 0 0 0 0 0 0 0 0 0 0 0 0 0 0 0 0 0 0 0 0 0 0 0 0 0 0 0 0 0 0 0 0 0 0 0 0 0 0 0 0 0 0 0 0 0 0 0 0 0 0
15.6765 9.10061 3.18604 0.791918 0.316559 0.182598 0.0898592 0.0381388 0.0173182 0.00776908 0.00595878 0.00255102 0.000909392 0.000395452 0.000270083 8.0701e-05 1.4484e-05 1.14838e-05 3.95053e-06 2.18931e-06 8.06511e-07 5.06563e-07 1.71937e-07 6.21274e-08 1.54524e-08 0 0 0 0 0 0 0 0 0 0 0 0 0 0 0 0 0 0 0 0 0 0 0 0 0 0 0 0 0 0 0 0 0 0 0 0 0 0 0 0 0 0 0 0 0 0 0 0 0 0 0 0 0 0 0 0 0 0 0 0 0 0 0 0 0 0 0 0 0 0 0
6.24455 6.24455 2.12599 0.728904 0.240944 0.103569 0.039379 0.00890601 0.00890601 0.0072544 0.00362526 0.00128537 0.000338158 0.000240611 0.000109483 5.50408e-05 2.02038e-05 1.53223e-05 3.36746e-06 1.88653e-06 7.36295e-07 8.39742e-08 5.10247e-08 2.19409e-08 0 0 0 0 0 0 0 0 0 0 0 0 0 0 0 0 0 0 0 0 0 0 0 0 0 0 0 0 0 0 0 0 0 0 0 0 0 0 0 0 0 0 0 0 0 0 0 0 0 0 0 0 0 0 0 0 0 0 0 0 0 0 0 0 0 0 0 0 0 0 0 0
11.378 6.63469 4.36551 0.7625 0.429577 0.189265 0.0724329 0.0180928 0.00985754 0.00517955 0.00088305 0.000463101 0.000217583 9.35673e-05 3.80911e-05 9.67356e-06 1.65298e-06 1.65298e-06 1.08185e-06 5.30968e-07 8.13914e-08 6.71901e-08 1.26716e-08 0 0 0 0 0 0 0 0 0 0 0 0 0 0 0 0 0 0 0 0 0 0 0 0 0 0 0 0 0 0 0 0 0 0 0 0 0 0 0 0 0 0 0 0 0 0 0 0 0 0 0 0 0 0 0 0 0 0 0 0 0 0 0 0 0 0 0 0 0 0 0 0 0
12.1789 5.51423 1.91868 0.251061 0.246972 0.0959474 0.0334084 0.0230609 0.0153217 0.008499 0.00340783 0.00115095 0.000686516 0.000199209 0.000140363 2.93783e-05 2.24318e-05 1.03687e-05 6.26822e-06 2.74676e-06 8.74831e-07 3.05057e-07 1.04339e-07 3.64891e-08 1.93166e-08 0 0 0 0 0 0 0 0 0 0 0 0 0 0 0 0 0 0 0 0 0 0 0 0 0 0 0 0 0 0 0 0 0 0 0 0 0 0 0 0 0 0 0 0 0 0 0 0 0 0 0 0 0 0 0 0 0 0 0 0 0 0 0 0 0 0 0 0 0 0 0
7.43911 5.2998 3.17625 0.706694 0.269893 0.136877 0.055403 0.0299417 0.0104984 0.00469909 0.00447459 0.0023031 0.000353942 0.000141149 0.000106499 2.15703e-05 3.53861e-06 3.53861e-06 1.02523e-06 3.27057e-07 1.37677e-07 2.62696e-08 0 0 0 0 0 0 0 0 0 0 0 0 0 0 0 0 0 0 0 0 0 0 0 0 0 0 0 0 0 0 0 0 0 0 0 0 0 0 0 0 0 0 0 0 0 0 0 0 0 0 0 0 0 0 0 0 0 0 0 0 0 0 0 0 0 0 0 0 0 0 0 0 0 0
13.3829 4.59496 1.12354 0.174721 0.166008 0.0542602 0.025883 0.00871043 0.00264498 0.00164872 0.000914199 0.00037206 0.000157785 0.000111123 4.92232e-05 1.23404e-05 4.9779e-06 1.7871e-06 5.17482e-07 5.10159e-08 1.43691e-08 0 0 0 0 0 0 0 0 0 0 0 0 0 0 0 0 0 0 0 0 0 0 0 0 0 0 0 0 0 0 0 0 0 0 0 0 0 0 0 0 0 0 0 0 0 0 0 0 0 0 0 0 0 0 0 0 0 0 0 0 0 0 0 0 0 0 0 0 0 0 0 0 0 0 0
17.0115 7.54134 4.07363 0.628171 0.0615365 0.0615365 0.0324765 0.0120017 0.00255777 0.000714066 0.000714066 0.000173123 5.72864e-05 2.94116e-05 8.85698e-06 3.91556e-06 1.49443e-06 4.52695e-07 2.52542e-07 1.17299e-07 5.60291e-08 1.85039e-08 0 0 0 0 0 0 0 0 0 0 0 0 0 0 0 0 0 0 0 0 0 0 0 0 0 0 0 0 0 0 0 0 0 0 0 0 0 0 0 0 0 0 0 0 0 0 0 0 0 0 0 0 0 0 0 0 0 0 0 0 0 0 0 0 0 0 0 0 0 0 0 0 0 0
22.4885 6.66036 4.76307 0.692239 0.366368 0.131585 0.0542841 0.0300272 0.0115527 0.00683418 0.00371766 0.00142277 0.000806789 0.000164198 5.71948e-05 2.7568e-05 1.26138e-05 4.48033e-06 1.54431e-06 5.60561e-07 1.78468e-07 2.71669e-08 1.41712e-08 1.10807e-08 0 0 0 0 0 0 0 0 0 0 0 0 0 0 0 0 0 0 0 0 0 0 0 0 0 0 0 0 0 0 0 0 0 0 0 0 0 0 0 0 0 0 0 0 0 0 0 0 0 0 0 0 0 0 0 0 0 0 0 0 0 0 0 0 0 0 0 0 0 0 0 0
14.5185 9.33246 2.66664 0.511039 0.152701 0.0964806 0.0668642 0.0163758 0.00566733 0.00177164 0.000448698 9.44851e-05 3.90774e-05 1.21106e-05 8.98411e-06 1.28894e-06 1.06079e-06 3.74839e-07 2.15837e-07 5.90471e-08 2.44963e-08 1.04707e-08 0 0 0 0 0 0 0 0 0 0 0 0 0 0 0 0 0 0 0 0 0 0 0 0 0 0 0 0 0 0 0 0 0 0 0 0 0 0 0 0 0 0 0 0 0 0 0 0 0 0 0 0 0 0 0 0 0 0 0 0 0 0 0 0 0 0 0 0 0 0 0 0 0 0
15.4335 3.39236 2.40896 0.460572 0.294072 0.124701 0.0398139 0.0234962 0.0122078 0.0046567 0.00237876 0.000575678 0.000436032 0.000128123 3.81774e-05 1.51763e-05 7.92089e-06 4.36597e-06 2.1257e-06 1.00214e-06 3.84434e-07 1.30156e-07 4.68499e-08 1.57898e-08 0 0 0 0 0 0 0 0 0 0 0 0 0 0 0 0 0 0 0 0 0 0 0 0 0 0 0 0 0 0 0 0 0 0 0 0 0 0 0 0 0 0 0 0 0 0 0 0 0 0 0 0 0 0 0 0 0 0 0 0 0 0 0 0 0 0 0 0 0 0 0 0
14.4962 7.40923 1.89988 0.569931 0.315344 0.155578 0.0896187 0.0323072 0.0184841 0.00972547 0.00444778 0.00212664 0.000867667 0.000332131 0.000195871 8.5643e-05 3.57114e-05 1.65795e-05 9.12527e-06 4.76668e-06 9.36411e-07 3.63409e-07 1.48265e-07 1.90005e-08 0 0 0 0 0 0 0 0 0 0 0 0 0 0 0 0 0 0 0 0 0 0 0 0 0 0 0 0 0 0 0 0 0 0 0 0 0 0 0 0 0 0 0 0 0 0 0 0 0 0 0 0 0 0 0 0 0 0 0 0 0 0 0 0 0 0 0 0 0 0 0 0
11.9858 4.35112 1.97262 0.235754 0.0818347 0.0559183 0.0208516 0.00750335 0.00380892 0.00133271 0.000441156 0.000210981 3.9618e-05 1.48136e-05 1.48136e-05 4.83135e-06 1.37849e-06 5.30548e-07 1.31314e-07 7.56374e-08 2.63658e-08 0 0 0 0 0 0 0 0 0 0 0 0 0 0 0 0 0 0 0 0 0 0 0 0 0 0 0 0 0 0 0 0 0 0 0 0 0 0 0 0 0 0 0 0 0 0 0 0 0 0 0 0 0 0 0 0 0 0 0 0 0 0 0 0 0 0 0 0 0 0 0 0 0 0 0
8.1803 4.28474 1.6504 0.245537 0.118437 0.0603903 0.0429159 0.0147298 0.0117167 0.00502554 0.00351482 0.00166739 0.000573545 0.00033111 0.000103885 4.44896e-05 1.94156e-05 1.03359e-05 3.24449e-06 1.00053e-06 4.60221e-07 6.5666e-08 3.34657e-08 1.34832e-08 0 0 0 0 0 0 0 0 0 0 0 0 0 0 0 0 0 0 0 0 0 0 0 0 0 0 0 0 0 0 0 0 0 0 0 0 0 0 0 0 0 0 0 0 0 0 0 0 0 0 0 0 0 0 0 0 0 0 0 0 0 0 0 0 0 0 0 0 0 0 0 0
15.7678 7.15343 3.06887 0.721728 0.277749 0.182526 0.118562 0.058243 0.0263179 0.00521229 0.00401396 0.00139447 0.000668955 0.000169313 6.46057e-05 3.5835e-05 1.22814e-05 6.44877e-06 2.58187e-06 9.75835e-07 3.32251e-07 1.01946e-07 3.87254e-08 1.47536e-08 0 0 0 0 0 0 0 0 0 0 0 0 0 0 0 0 0 0 0 0 0 0 0 0 0 0 0 0 0 0 0 0 0 0 0 0 0 0 0 0 0 0 0 0 0 0 0 0 0 0 0 0 0 0 0 0 0 0 0 0 0 0 0 0 0 0 0 0 0 0 0 0
18.9703 7.00839 1.73225 0.669665 0.186263 0.129718 0.0648774 0.034656 0.0105367 0.00707216 0.00159277 0.00111872 0.000336206 0.00015568 4.96054e-05 1.20535e-05 3.5609e-06 3.5609e-06 1.77462e-06 4.29952e-07 1.43176e-07 3.92304e-08 1.15544e-08 0 0 0 0 0 0 0 0 0 0 0 0 0 0 0 0 0 0 0 0 0 0 0 0 0 0 0 0 0 0 0 0 0 0 0 0 0 0 0 0 0 0 0 0 0 0 0 0 0 0 0 0 0 0 0 0 0 0 0 0 0 0 0 0 0 0 0 0 0 0 0 0 0
16.8158 5.5964 3.06367 0.478347 0.370984 0.135141 0.0914896 0.0454297 0.0150798 0.00857535 0.00317759 0.00207974 0.000997948 0.000439645 0.000234184 0.000148011 6.27878e-05 2.34957e-05 8.81147e-06 2.42333e-06 7.71928e-07 2.79719e-07 6.1773e-08 1.64794e-08 0 0 0 0 0 0 0 0 0 0 0 0 0 0 0 0 0 0 0 0 0 0 0 0 0 0 0 0 0 0 0 0 0 0 0 0 0 0 0 0 0 0 0 0 0 0 0 0 0 0 0 0 0 0 0 0 0 0 0 0 0 0 0 0 0 0 0 0 0 0 0 0
13.6461 6.03707 3.74587 0.816108 0.357483 0.168441 0.102266 0.0545392 0.0121124 0.00485273 0.00391566 0.00138783 0.000505893 0.000188793 6.13317e-05 3.72688e-05 1.01011e-05 4.29755e-06 2.09613e-06 7.32097e-07 2.4074e-07 9.54933e-08 3.16081e-08 0 0 0 0 0 0 0 0 0 0 0 0 0 0 0 0 0 0 0 0 0 0 0 0 0 0 0 0 0 0 0 0 0 0 0 0 0 0 0 0 0 0 0 0 0 0 0 0 0 0 0 0 0 0 0 0 0 0 0 0 0 0 0 0 0 0 0 0 0 0 0 0 0
14.351 3.82629 1.03654 0.569908 0.289385 0.206871 0.089422 0.0424851 0.0138058 0.00266065 0.0015392 9.68594e-05 8.40925e-05 4.24904e-05 2.49521e-05 9.57576e-06 8.97028e-06 4.56166e-06 1.99061e-06 1.89005e-07 1.89005e-07 6.1656e-08 0 0 0 0 0 0 0 0 0 0 0 0 0 0 0 0 0 0 0 0 0 0 0 0 0 0 0 0 0 0 0 0 0 0 0 0 0 0 0 0 0 0 0 0 0 0 0 0 0 0 0 0 0 0 0 0 0 0 0 0 0 0 0 0 0 0 0 0 0 0 0 0 0 0
11.1415 4.42991 0.525591 0.334434 0.147665 0.0669351 0.0446058 0.0122348 0.00360421 0.00167032 0.000739428 0.00027906 0.000125076 6.2174e-05 2.40159e-05 1.40943e-05 5.27318e-06 2.40547e-06 1.03348e-06 3.80426e-07 1.96528e-07 2.81886e-08 1.46052e-08 0 0 0 0 0 0 0 0 0 0 0 0 0 0 0 0 0 0 0 0 0 0 0 0 0 0 0 0 0 0 0 0 0 0 0 0 0 0 0 0 0 0 0 0 0 0 0 0 0 0 0 0 0 0 0 0 0 0 0 0 0 0 0 0 0 0 0 0 0 0 0 0 0
15.6169 7.64113 1.48763 0.464165 0.232454 0.0700244 0.0389321 0.0112817 0.00584803 0.000665252 0.00044922 0.000303965 0.000162381 4.08662e-05 9.89668e-06 3.34927e-06 8.22812e-07 7.24887e-07 2.9069e-07 1.97077e-07 4.88722e-08 1.89492e-08 0 0 0 0 0 0 0 0 0 0 0 0 0 0 0 0 0 0 0 0 0 0 0 0 0 0 0 0 0 0 0 0 0 0 0 0 0 0 0 0 0 0 0 0 0 0 0 0 0 0 0 0 0 0 0 0 0 0 0 0 0 0 0 0 0 0 0 0 0 0 0 0 0 0
11.6813 3.60981 1.98671 0.264029 0.165328 0.0980231 0.0320963 0.0174793 0.00822042 0.00302711 0.00169219 0.000573997 9.44072e-05 9.21265e-05 2.87084e-05 1.1839e-05 9.02927e-06 2.7312e-06 1.04229e-06 2.23773e-07 6.52174e-08 4.39959e-08 1.74203e-08 0 0 0 0 0 0 0 0 0 0 0 0 0 0 0 0 0 0 0 0 0 0 0 0 0 0 0 0 0 0 0 0 0 0 0 0 0 0 0 0 0 0 0 0 0 0 0 0 0 0 0 0 0 0 0 0 0 0 0 0 0 0 0 0 0 0 0 0 0 0 0 0 0
16.2809 9.65858 4.77543 0.876149 0.368295 0.216681 0.0533081 0.0387824 0.0105049 0.00806782 0.00312684 0.00185231 0.000940175 0.000385932 0.000122871 8.08756e-05 3.96815e-05 1.81854e-05 5.20106e-06 2.34523e-06 4.71632e-07 2.65102e-07 1.33161e-07 4.9226e-08 1.84608e-08 0 0 0 0 0 0 0 0 0 0 0 0 0 0 0 0 0 0 0 0 0 0 0 0 0 0 0 0 0 0 0 0 0 0 0 0 0 0 0 0 0 0 0 0 0 0 0 0 0 0 0 0 0 0 0 0 0 0 0 0 0 0 0 0 0 0 0 0 0 0 0
14.8468 6.30944 2.73825 0.474542 0.395206 0.114536 0.0776719 0.0126271 0.0126271 0.00458126 0.00330772 0.00107457 0.000218216 7.82008e-05 4.13211e-05 1.62924e-05 7.91689e-06 2.51459e-06 1.39643e-06 4.61065e-07 1.43212e-07 6.32837e-08 1.88086e-08 0 0 0 0 0 0 0 0 0 0 0 0 0 0 0 0 0 0 0 0 0 0 0 0 0 0 0 0 0 0 0 0 0 0 0 0 0 0 0 0 0 0 0 0 0 0 0 0 0 0 0 0 0 0 0 0 0 0 0 0 0 0 0 0 0 0 0 0 0 0 0 0 0
11.694 4.90566 2.53069 0.449779 0.22308 0.0850434 0.0213458 0.00819254 0.00510824 0.00380066 0.00163226 0.000579944 0.00038305 0.000188954 8.74879e-05 3.35138e-05 9.17772e-06 4.3531e-06 9.54585e-07 7.43295e-07 2.36099e-07 4.20084e-08 1.94918e-08 0 0 0 0 0 0 0 0 0 0 0 0 0 0 0 0 0 0 0 0 0 0 0 0 0 0 0 0 0 0 0 0 0 0 0 0 0 0 0 0 0 0 0 0 0 0 0 0 0 0 0 0 0 0 0 0 0 0 0 0 0 0 0 0 0 0 0 0 0 0 0 0 0
8.77229 4.34313 1.85103 0.411912 0.138854 0.0810649 0.0362537 0.0231149 0.00496791 0.00298422 0.00114878 0.000791393 0.000294084 0.00015833 3.85477e-05 2.13491e-05 7.07785e-06 5.77937e-06 2.01797e-06 7.47338e-07 3.58572e-07 1.5174e-07 8.00658e-08 2.5503e-08 0 0 0 0 0 0 0 0 0 0 0 0 0 0 0 0 0 0 0 0 0 0 0 0 0 0 0 0 0 0 0 0 0 0 0 0 0 0 0 0 0 0 0 0 0 0 0 0 0 0 0 0 0 0 0 0 0 0 0 0 0 0 0 0 0 0 0 0 0 0 0 0
11.0119 5.9106 2.78158 0.480562 0.167388 0.0764026 0.0267625 0.0219194 0.00671175 0.00135443 0.000702016 0.000484826 0.000173002 4.87866e-05 2.21305e-05 1.29935e-05 3.83516e-06 1.03663e-06 3.7153e-07 7.37572e-08 2.0661e-08 0 0 0 0 0 0 0 0 0 0 0 0 0 0 0 0 0 0 0 0 0 0 0 0 0 0 0 0 0 0 0 0 0 0 0 0 0 0 0 0 0 0 0 0 0 0 0 0 0 0 0 0 0 0 0 0 0 0 0 0 0 0 0 0 0 0 0 0 0 0 0 0 0 0 0
10.5124 6.04444 2.60566 0.67978 0.483623 0.084022 0.0804812 0.0276732 0.0115285 0.00277382 0.00191788 0.000425484 0.000292517 2.71582e-05 2.71582e-05 1.62938e-05 5.77775e-06 1.64652e-06 6.8382e-07 4.8794e-08 4.8794e-08 1.1944e-08 0 0 0 0 0 0 0 0 0 0 0 0 0 0 0 0 0 0 0 0 0 0 0 0 0 0 0 0 0 0 0 0 0 0 0 0 0 0 0 0 0 0 0 0 0 0 0 0 0 0 0 0 0 0 0 0 0 0 0 0 0 0 0 0 0 0 0 0 0 0 0 0 0 0
15.5673 4.13779 2.1192 0.388477 0.179199 0.107738 0.0460695 0.0218695 0.00741406 0.0046264 0.00268549 0.00104099 0.000528756 0.000309754 0.000136558 7.8225e-05 2.84401e-05 1.02262e-05 4.85403e-06 1.42083e-06 2.88114e-07 9.97185e-08 3.80254e-08 1.66368e-08 0 0 0 0 0 0 0 0 0 0 0 0 0 0 0 0 0 0 0 0 0 0 0 0 0 0 0 0 0 0 0 0 0 0 0 0 0 0 0 0 0 0 0 0 0 0 0 0 0 0 0 0 0 0 0 0 0 0 0 0 0 0 0 0 0 0 0 0 0 0 0 0
13.323 4.55822 0.87207 0.265605 0.213426 0.0524426 0.031833 0.00401253 0.00371853 0.00219792 0.000623279 0.000276854 9.92531e-05 3.46253e-05 1.74973e-05 6.64456e-06 5.31856e-06 1.47545e-06 5.16523e-07 1.67711e-07 8.41558e-08 4.00743e-08 1.30451e-08 0 0 0 0 0 0 0 0 0 0 0 0 0 0 0 0 0 0 0 0 0 0 0 0 0 0 0 0 0 0 0 0 0 0 0 0 0 0 0 0 0 0 0 0 0 0 0 0 0 0 0 0 0 0 0 0 0 0 0 0 0 0 0 0 0 0 0 0 0 0 0 0 0
9.50787 7.0831 2.6201 0.394465 0.0751821 0.0751821 0.0468348 0.00904307 0.00439961 0.00193313 0.00121493 0.000624167 0.000321415 0.000135723 3.13594e-05 1.80582e-05 1.8489e-06 1.34263e-06 4.20602e-07 1.41233e-07 4.15099e-08 1.55263e-08 0 0 0 0 0 0 0 0 0 0 0 0 0 0 0 0 0 0 0 0 0 0 0 0 0 0 0 0 0 0 0 0 0 0 0 0 0 0 0 0 0 0 0 0 0 0 0 0 0 0 0 0 0 0 0 0 0 0 0 0 0 0 0 0 0 0 0 0 0 0 0 0 0 0
18.5601 8.14014 3.03737 0.811511 0.263007 0.108996 0.0549294 0.0204108 0.00328974 0.0016809 0.000789074 0.000625268 0.000123836 5.48123e-05 5.29172e-05 2.16625e-05 8.57217e-06 3.4654e-06 1.80833e-06 9.01968e-07 2.82181e-07 9.55922e-08 2.87376e-08 1.08672e-08 0 0 0 0 0 0 0 0 0 0 0 0 0 0 0 0 0 0 0 0 0 0 0 0 0 0 0 0 0 0 0 0 0 0 0 0 0 0 0 0 0 0 0 0 0 0 0 0 0 0 0 0 0 0 0 0 0 0 0 0 0 0 0 0 0 0 0 0 0 0 0 0
10.7313 4.53946 2.02381 0.305179 0.188346 0.078106 0.0248524 0.00730921 0.00619231 0.00163442 0.00111728 0.000795778 0.000237658 0.000108144 4.60509e-05 2.48141e-05 1.02478e-05 5.22049e-06 1.25505e-06 4.7853e-07 1.26358e-07 3.17734e-08 1.16832e-08 0 0 0 0 0 0 0 0 0 0 0 0 0 0 0 0 0 0 0 0 0 0 0 0 0 0 0 0 0 0 0 0 0 0 0 0 0 0 0 0 0 0 0 0 0 0 0 0 0 0 0 0 0 0 0 0 0 0 0 0 0 0 0 0 0 0 0 0 0 0 0 0 0
14.5324 6.06155 3.11927 0.487846 0.179217 0.0727102 0.0259183 0.0102609 0.00400316 0.00196684 0.000628698 0.000249089 0.000160082 9.00795e-05 2.85926e-05 6.7869e-06 5.28895e-06 2.22207e-06 1.16913e-06 3.04614e-07 7.17281e-08 1.83148e-08 0 0 0 0 0 0 0 0 0 0 0 0 0 0 0 0 0 0 0 0 0 0 0 0 0 0 0 0 0 0 0 0 0 0 0 0 0 0 0 0 0 0 0 0 0 0 0 0 0 0 0 0 0 0 0 0 0 0 0 0 0 0 0 0 0 0 0 0 0 0 0 0 0 0
7.55947 3.25503 2.69654 0.401339 0.365663 0.145072 0.079899 0.0348431 0.0172916 0.00782341 0.00534048 0.00153941 0.000378714 0.000206646 5.7052e-05 1.50596e-05 5.75556e-06 3.09548e-06 1.28219e-06 3.40111e-07 9.49105e-08 4.59432e-08 1.18864e-08 0 0 0 0 0 0 0 0 0 0 0 0 0 0 0 0 0 0 0 0 0 0 0 0 0 0 0 0 0 0 0 0 0 0 0 0 0 0 0 0 0 0 0 0 0 0 0 0 0 0 0 0 0 0 0 0 0 0 0 0 0 0 0 0 0 0 0 0 0 0 0 0 0
14.2196 6.36001 2.9774 0.797422 0.475435 0.254936 0.08316 0.0378706 0.00438387 0.00438387 0.00275498 0.00124808 0.000702316 0.000347823 0.000129086 7.2378e-05 2.4e-05 1.16097e-05 1.93511e-06 8.14451e-07 5.58793e-07 1.09669e-07 2.258e-08 1.00332e-08 0 0 0 0 0 0 0 0 0 0 0 0 0 0 0 0 0 0 0 0 0 0 0 0 0 0 0 0 0 0 0 0 0 0 0 0 0 0 0 0 0 0 0 0 0 0 0 0 0 0 0 0 0 0 0 0 0 0 0 0 0 0 0 0 0 0 0 0 0 0 0 0
14.8579 6.22184 2.20887 0.349643 0.110924 0.0705493 0.0360093 0.0119803 0.00439726 0.00333075 0.000631746 0.000297773 0.00010325 3.97263e-05 1.28344e-05 6.73155e-06 2.93781e-06 7.29612e-07 2.30479e-07 1.28969e-07 4.39187e-08 2.04309e-08 0 0 0 0 0 0 0 0 0 0 0 0 0 0 0 0 0 0 0 0 0 0 0 0 0 0 0 0 0 0 0 0 0 0 0 0 0 0 0 0 0 0 0 0 0 0 0 0 0 0 0 0 0 0 0 0 0 0 0 0 0 0 0 0 0 0 0 0 0 0 0 0 0 0
7.92286 3.19776 2.0076 0.233635 0.138047 0.0426081 0.0207673 0.0156479 0.00608754 0.0027802 0.0019547 0.000892443 0.00032965 0.000202389 9.07598e-05 3.62993e-05 1.63647e-05 4.80311e-06 3.06437e-06 1.10878e-06 4.02578e-07 1.09639e-07 6.97606e-08 1.06619e-08 0 0 0 0 0 0 0 0 0 0 0 0 0 0 0 0 0 0 0 0 0 0 0 0 0 0 0 0 0 0 0 0 0 0 0 0 0 0 0 0 0 0 0 0 0 0 0 0 0 0 0 0 0 0 0 0 0 0 0 0 0 0 0 0 0 0 0 0 0 0 0 0
16.9881 7.26635 1.48813 0.232764 0.0883977 0.0133149 0.0133149 0.00677379 0.00233794 0.000805392 0.000394796 0.000171849 9.93247e-05 3.49294e-05 2.02712e-05 8.38504e-06 3.4932e-06 1.94506e-06 8.52457e-07 1.45878e-07 4.08621e-08 1.43226e-08 0 0 0 0 0 0 0 0 0 0 0 0 0 0 0 0 0 0 0 0 0 0 0 0 0 0 0 0 0 0 0 0 0 0 0 0 0 0 0 0 0 0 0 0 0 0 0 0 0 0 0 0 0 0 0 0 0 0 0 0 0 0 0 0 0 0 0 0 0 0 0 0 0 0
11.3948 5.72648 2.02162 0.733726 0.391926 0.215329 0.0811016 0.0321501 0.0187922 0.00638431 0.00373533 0.000451605 0.000347188 0.000160643 6.97735e-05 2.46508e-05 7.68539e-06 3.73864e-06 2.15178e-06 5.34297e-07 1.33054e-07 5.87273e-08 2.51965e-08 1.36467e-08 0 0 0 0 0 0 0 0 0 0 0 0 0 0 0 0 0 0 0 0 0 0 0 0 0 0 0 0 0 0 0 0 0 0 0 0 0 0 0 0 0 0 0 0 0 0 0 0 0 0 0 0 0 0 0 0 0 0 0 0 0 0 0 0 0 0 0 0 0 0 0 0
17.6501 7.22112 3.70157 0.882996 0.401941 0.163051 0.0621781 0.0400827 0.0163423 0.00602738 0.0034943 0.00214366 0.000890285 0.000586588 0.000200319 0.000123032 3.98592e-05 1.97876e-05 5.87754e-06 5.43248e-06 5.19163e-07 2.66358e-07 9.781e-08 2.44322e-08 0 0 0 0 0 0 0 0 0 0 0 0 0 0 0 0 0 0 0 0 0 0 0 0 0 0 0 0 0 0 0 0 0 0 0 0 0 0 0 0 0 0 0 0 0 0 0 0 0 0 0 0 0 0 0 0 0 0 0 0 0 0 0 0 0 0 0 0 0 0 0 0
10.1115 7.1509 1.55852 0.616632 0.20396 0.0783354 0.0389519 0.0170648 0.00653133 0.00424862 0.00170371 0.000691584 0.000270156 8.63356e-05 3.28526e-05 1.35054e-05 5.98375e-06 2.43352e-06 8.61031e-07 6.19472e-07 3.02909e-07 1.3981e-07 4.1012e-08 1.47853e-08 0 0 0 0 0 0 0 0 0 0 0 0 0 0 0 0 0 0 0 0 0 0 0 0 0 0 0 0 0 0 0 0 0 0 0 0 0 0 0 0 0 0 0 0 0 0 0 0 0 0 0 0 0 0 0 0 0 0 0 0 0 0 0 0 0 0 0 0 0 0 0 0
8.076 5.33249 2.91028 0.299842 0.206264 0.0291846 0.0119987 0.00444203 0.00371758 0.00163679 0.000629974 0.000297597 0.000118925 8.28712e-05 1.7164e-05 1.37202e-05 1.11821e-06 9.38505e-07 2.14135e-07 1.6236e-07 4.76425e-08 0 0 0 0 0 0 0 0 0 0 0 0 0 0 0 0 0 0 0 0 0 0 0 0 0 0 0 0 0 0 0 0 0 0 0 0 0 0 0 0 0 0 0 0 0 0 0 0 0 0 0 0 0 0 0 0 0 0 0 0 0 0 0 0 0 0 0 0 0 0 0 0 0 0 0
10.7936 6.80276 2.23443 0.601398 0.150146 0.0984552 0.0174318 0.0159893 0.00835681 0.00305722 0.000684229 0.000247005 0.000117666 4.21238e-05 1.54353e-05 3.80029e-06 1.67784e-06 3.22345e-07 1.86991e-07 5.16454e-08 3.37697e-08 1.06105e-08 0 0 0 0 0 0 0 0 0 0 0 0 0 0 0 0 0 0 0 0 0 0 0 0 0 0 0 0 0 0 0 0 0 0 0 0 0 0 0 0 0 0 0 0 0 0 0 0 0 0 0 0 0 0 0 0 0 0 0 0 0 0 0 0 0 0 0 0 0 0 0 0 0 0
