6.65471 2.89313 0.647673 0.211094 0.0912543 0.0714939 0.0117438 0.00750437 0.00295062 0.000845213 0.000461964 0.000163036 1.07121e-05 7.89446e-08 0 0 0 0 0 0 0 0 0 0 0 0 0 0 0 0 0 0 0 0 0 0 0 0 0 0 0 0 0 0 0 0 0 0 0 0 0 0 0 0 0 0 0 0 0 0 0 0 0 0 0 0 0 0 0 0 0 0 0 0 0 0 0 0 0 0 0 0 0 0 0 0 0 0 0 0 0 0 0 0 0 0
13.284 8.53166 1.33134 0.335111 0.176528 0.064501 0.0209572 0.0132392 0.00423356 0.002841 0.000555177 0.000321131 7.96735e-05 2.76796e-06 9.25776e-08 0 0 0 0 0 0 0 0 0 0 0 0 0 0 0 0 0 0 0 0 0 0 0 0 0 0 0 0 0 0 0 0 0 0 0 0 0 0 0 0 0 0 0 0 0 0 0 0 0 0 0 0 0 0 0 0 0 0 0 0 0 0 0 0 0 0 0 0 0 0 0 0 0 0 0 0 0 0 0 0 0
15.2386 5.15349 1.2197 0.205314 0.19841 0.0941238 0.0512585 0.0159592 0.00436579 0.00167118 0.00115147 0.000300122 8.63173e-05 0 0 0 0 0 0 0 0 0 0 0 0 0 0 0 0 0 0 0 0 0 0 0 0 0 0 0 0 0 0 0 0 0 0 0 0 0 0 0 0 0 0 0 0 0 0 0 0 0 0 0 0 0 0 0 0 0 0 0 0 0 0 0 0 0 0 0 0 0 0 0 0 0 0 0 0 0 0 0 0 0 0 0
4.75504 4.32121 2.52589 0.272034 0.130339 0.0426888 0.02469 0.0164503 0.00692629 0.00427885 0.00123137 0.000654124 8.67392e-05 2.92945e-05 4.55537e-06 0 0 0 0 0 0 0 0 0 0 0 0 0 0 0 0 0 0 0 0 0 0 0 0 0 0 0 0 0 0 0 0 0 0 0 0 0 0 0 0 0 0 0 0 0 0 0 0 0 0 0 0 0 0 0 0 0 0 0 0 0 0 0 0 0 0 0 0 0 0 0 0 0 0 0 0 0 0 0 0 0
12.2138 5.9576 2.32919 0.529143 0.370951 0.0877297 0.0366683 0.00844562 0.00165889 3.8549e-05 3.8549e-05 2.04648e-06 3.83255e-07 0 0 0 0 0 0 0 0 0 0 0 0 0 0 0 0 0 0 0 0 0 0 0 0 0 0 0 0 0 0 0 0 0 0 0 0 0 0 0 0 0 0 0 0 0 0 0 0 0 0 0 0 0 0 0 0 0 0 0 0 0 0 0 0 0 0 0 0 0 0 0 0 0 0 0 0 0 0 0 0 0 0 0
14.4334 5.77408 2.71875 0.467419 0.161639 0.0520314 0.0324457 0.0126201 0.00628453 0.00325055 0.0013764 0.000413874 7.22073e-05 2.76198e-05 1.31854e-07 0 0 0 0 0 0 0 0 0 0 0 0 0 0 0 0 0 0 0 0 0 0 0 0 0 0 0 0 0 0 0 0 0 0 0 0 0 0 0 0 0 0 0 0 0 0 0 0 0 0 0 0 0 0 0 0 0 0 0 0 0 0 0 0 0 0 0 0 0 0 0 0 0 0 0 0 0 0 0 0 0
19.1858 6.22577 3.1983 0.883787 0.268801 0.120044 0.0416219 0.0251928 0.0123312 0.0045083 0.00124366 0.000199957 8.92718e-05 2.14705e-05 7.90087e-08 0 0 0 0 0 0 0 0 0 0 0 0 0 0 0 0 0 0 0 0 0 0 0 0 0 0 0 0 0 0 0 0 0 0 0 0 0 0 0 0 0 0 0 0 0 0 0 0 0 0 0 0 0 0 0 0 0 0 0 0 0 0 0 0 0 0 0 0 0 0 0 0 0 0 0 0 0 0 0 0 0
9.07683 2.58622 1.67592 0.643787 0.176973 0.0709048 0.0120117 0.00687615 0.00289228 0.00097537 0.000244103 0.000114039 1.59288e-05 0 0 0 0 0 0 0 0 0 0 0 0 0 0 0 0 0 0 0 0 0 0 0 0 0 0 0 0 0 0 0 0 0 0 0 0 0 0 0 0 0 0 0 0 0 0 0 0 0 0 0 0 0 0 0 0 0 0 0 0 0 0 0 0 0 0 0 0 0 0 0 0 0 0 0 0 0 0 0 0 0 0 0
8.46261 7.63364 3.09235 0.602328 0.209987 0.124813 0.0662237 0.0291079 0.00209712 0.00200221 0.00163826 0.000414447 6.2933e-05 8.74726e-07 6.10608e-08 0 0 0 0 0 0 0 0 0 0 0 0 0 0 0 0 0 0 0 0 0 0 0 0 0 0 0 0 0 0 0 0 0 0 0 0 0 0 0 0 0 0 0 0 0 0 0 0 0 0 0 0 0 0 0 0 0 0 0 0 0 0 0 0 0 0 0 0 0 0 0 0 0 0 0 0 0 0 0 0 0
11.6861 5.90883 2.19287 0.748777 0.30003 0.132642 0.0458855 0.0217863 0.00790939 0.00180138 0.000936347 0.000348603 7.40867e-05 3.4014e-06 0 0 0 0 0 0 0 0 0 0 0 0 0 0 0 0 0 0 0 0 0 0 0 0 0 0 0 0 0 0 0 0 0 0 0 0 0 0 0 0 0 0 0 0 0 0 0 0 0 0 0 0 0 0 0 0 0 0 0 0 0 0 0 0 0 0 0 0 0 0 0 0 0 0 0 0 0 0 0 0 0 0
9.17488 2.64943 1.79355 0.362672 0.121975 0.0855936 0.0394669 0.0199062 0.00693433 0.00363348 0.00133656 0.000175794 8.2777e-06 6.69205e-06 1.78737e-08 0 0 0 0 0 0 0 0 0 0 0 0 0 0 0 0 0 0 0 0 0 0 0 0 0 0 0 0 0 0 0 0 0 0 0 0 0 0 0 0 0 0 0 0 0 0 0 0 0 0 0 0 0 0 0 0 0 0 0 0 0 0 0 0 0 0 0 0 0 0 0 0 0 0 0 0 0 0 0 0 0
16.3998 5.69401 3.22139 0.232956 0.221024 0.0961843 0.0418802 0.0140942 0.00549655 0.00283565 0.00131311 0.000509844 0.000152958 5.67298e-07 5.67298e-07 0 0 0 0 0 0 0 0 0 0 0 0 0 0 0 0 0 0 0 0 0 0 0 0 0 0 0 0 0 0 0 0 0 0 0 0 0 0 0 0 0 0 0 0 0 0 0 0 0 0 0 0 0 0 0 0 0 0 0 0 0 0 0 0 0 0 0 0 0 0 0 0 0 0 0 0 0 0 0 0 0
10.5398 3.48083 2.38727 0.483381 0.144868 0.113207 0.045149 0.0218736 0.00767037 0.000658413 0.000303154 0.000129399 1.74478e-06 4.6674e-08 0 0 0 0 0 0 0 0 0 0 0 0 0 0 0 0 0 0 0 0 0 0 0 0 0 0 0 0 0 0 0 0 0 0 0 0 0 0 0 0 0 0 0 0 0 0 0 0 0 0 0 0 0 0 0 0 0 0 0 0 0 0 0 0 0 0 0 0 0 0 0 0 0 0 0 0 0 0 0 0 0 0
5.95489 5.11664 2.22799 0.490494 0.192138 0.168116 0.0740013 0.0326576 0.0228876 0.006899 0.00362499 0.00140335 0.000689769 0.000111052 1.43786e-05 5.16604e-07 0 0 0 0 0 0 0 0 0 0 0 0 0 0 0 0 0 0 0 0 0 0 0 0 0 0 0 0 0 0 0 0 0 0 0 0 0 0 0 0 0 0 0 0 0 0 0 0 0 0 0 0 0 0 0 0 0 0 0 0 0 0 0 0 0 0 0 0 0 0 0 0 0 0 0 0 0 0 0 0
11.0969 6.78931 3.80024 0.539231 0.220643 0.112637 0.0596633 0.0277381 0.00249826 0.00186989 0.00127077 0.0004639 0.000126279 7.40978e-06 6.16124e-08 0 0 0 0 0 0 0 0 0 0 0 0 0 0 0 0 0 0 0 0 0 0 0 0 0 0 0 0 0 0 0 0 0 0 0 0 0 0 0 0 0 0 0 0 0 0 0 0 0 0 0 0 0 0 0 0 0 0 0 0 0 0 0 0 0 0 0 0 0 0 0 0 0 0 0 0 0 0 0 0 0
13.3281 7.06249 1.98455 0.384786 0.200003 0.123849 0.0365016 0.0204074 0.00594037 0.0016366 0.000261298 0.000136008 1.63292e-05 7.23738e-07 0 0 0 0 0 0 0 0 0 0 0 0 0 0 0 0 0 0 0 0 0 0 0 0 0 0 0 0 0 0 0 0 0 0 0 0 0 0 0 0 0 0 0 0 0 0 0 0 0 0 0 0 0 0 0 0 0 0 0 0 0 0 0 0 0 0 0 0 0 0 0 0 0 0 0 0 0 0 0 0 0 0
9.17401 4.96876 2.09629 0.516555 0.209393 0.0305169 0.0235009 0.012717 0.00470887 0.00242604 0.00042514 0.000174561 8.72225e-06 0 0 0 0 0 0 0 0 0 0 0 0 0 0 0 0 0 0 0 0 0 0 0 0 0 0 0 0 0 0 0 0 0 0 0 0 0 0 0 0 0 0 0 0 0 0 0 0 0 0 0 0 0 0 0 0 0 0 0 0 0 0 0 0 0 0 0 0 0 0 0 0 0 0 0 0 0 0 0 0 0 0 0
17.8005 6.32855 3.37621 0.657418 0.226347 0.0851867 0.0311684 0.0176413 0.00387714 0.00092078 5.17352e-05 3.40556e-06 0 0 0 0 0 0 0 0 0 0 0 0 0 0 0 0 0 0 0 0 0 0 0 0 0 0 0 0 0 0 0 0 0 0 0 0 0 0 0 0 0 0 0 0 0 0 0 0 0 0 0 0 0 0 0 0 0 0 0 0 0 0 0 0 0 0 0 0 0 0 0 0 0 0 0 0 0 0 0 0 0 0 0 0
7.23427 6.06654 3.68333 0.380062 0.185491 0.109917 0.056695 0.0134561 0.00755343 0.00142268 0.00129122 0.000274489 0.000104817 4.57481e-05 1.04028e-06 0 0 0 0 0 0 0 0 0 0 0 0 0 0 0 0 0 0 0 0 0 0 0 0 0 0 0 0 0 0 0 0 0 0 0 0 0 0 0 0 0 0 0 0 0 0 0 0 0 0 0 0 0 0 0 0 0 0 0 0 0 0 0 0 0 0 0 0 0 0 0 0 0 0 0 0 0 0 0 0 0
15.5228 5.87666 1.37819 0.273657 0.121181 0.0189876 0.0116506 0.00417885 0.00405283 0.00100697 0.000247754 6.33645e-05 1.35602e-05 0 0 0 0 0 0 0 0 0 0 0 0 0 0 0 0 0 0 0 0 0 0 0 0 0 0 0 0 0 0 0 0 0 0 0 0 0 0 0 0 0 0 0 0 0 0 0 0 0 0 0 0 0 0 0 0 0 0 0 0 0 0 0 0 0 0 0 0 0 0 0 0 0 0 0 0 0 0 0 0 0 0 0
21.4933 8.96692 3.97304 0.762281 0.183905 0.105902 0.0795062 0.0335309 0.0160992 0.00659154 0.0032619 0.00129223 0.000256761 0.000139291 2.08331e-05 6.6546e-06 0 0 0 0 0 0 0 0 0 0 0 0 0 0 0 0 0 0 0 0 0 0 0 0 0 0 0 0 0 0 0 0 0 0 0 0 0 0 0 0 0 0 0 0 0 0 0 0 0 0 0 0 0 0 0 0 0 0 0 0 0 0 0 0 0 0 0 0 0 0 0 0 0 0 0 0 0 0 0 0
9.94039 5.13988 2.8568 0.658018 0.394384 0.105965 0.0580397 0.0220558 0.00950581 0.0047795 0.00208106 0.000759397 6.35858e-05 9.63493e-06 1.56211e-07 0 0 0 0 0 0 0 0 0 0 0 0 0 0 0 0 0 0 0 0 0 0 0 0 0 0 0 0 0 0 0 0 0 0 0 0 0 0 0 0 0 0 0 0 0 0 0 0 0 0 0 0 0 0 0 0 0 0 0 0 0 0 0 0 0 0 0 0 0 0 0 0 0 0 0 0 0 0 0 0 0
15.1041 7.28478 2.48147 0.391615 0.116492 0.0424764 0.0272232 0.0129567 0.00688535 0.00261766 0.00068088 0.000138309 4.35747e-05 0 0 0 0 0 0 0 0 0 0 0 0 0 0 0 0 0 0 0 0 0 0 0 0 0 0 0 0 0 0 0 0 0 0 0 0 0 0 0 0 0 0 0 0 0 0 0 0 0 0 0 0 0 0 0 0 0 0 0 0 0 0 0 0 0 0 0 0 0 0 0 0 0 0 0 0 0 0 0 0 0 0 0
4.9199 4.9199 0.881212 0.499184 0.142955 0.0853176 0.0416232 0.00975925 0.00606329 0.00269713 0.000940682 0.000601226 6.1259e-05 1.62323e-05 6.40281e-06 0 0 0 0 0 0 0 0 0 0 0 0 0 0 0 0 0 0 0 0 0 0 0 0 0 0 0 0 0 0 0 0 0 0 0 0 0 0 0 0 0 0 0 0 0 0 0 0 0 0 0 0 0 0 0 0 0 0 0 0 0 0 0 0 0 0 0 0 0 0 0 0 0 0 0 0 0 0 0 0 0
11.574 1.35225 1.13081 0.214456 0.086321 0.0249985 0.0108128 0.00681662 0.00259002 0.00111594 0.000245445 2.87969e-05 1.85558e-06 1.54882e-08 0 0 0 0 0 0 0 0 0 0 0 0 0 0 0 0 0 0 0 0 0 0 0 0 0 0 0 0 0 0 0 0 0 0 0 0 0 0 0 0 0 0 0 0 0 0 0 0 0 0 0 0 0 0 0 0 0 0 0 0 0 0 0 0 0 0 0 0 0 0 0 0 0 0 0 0 0 0 0 0 0 0
15.9463 8.48195 2.71551 0.899765 0.239935 0.239935 0.0806396 0.0217805 0.000390855 0.000390855 0.000243895 2.55287e-05 1.39398e-05 0 0 0 0 0 0 0 0 0 0 0 0 0 0 0 0 0 0 0 0 0 0 0 0 0 0 0 0 0 0 0 0 0 0 0 0 0 0 0 0 0 0 0 0 0 0 0 0 0 0 0 0 0 0 0 0 0 0 0 0 0 0 0 0 0 0 0 0 0 0 0 0 0 0 0 0 0 0 0 0 0 0 0
10.3879 5.9581 2.80365 0.596749 0.161953 0.0289104 0.0289104 0.0102435 0.0084246 0.00356398 0.00205615 0.000434269 4.8858e-05 4.31343e-05 8.60093e-07 0 0 0 0 0 0 0 0 0 0 0 0 0 0 0 0 0 0 0 0 0 0 0 0 0 0 0 0 0 0 0 0 0 0 0 0 0 0 0 0 0 0 0 0 0 0 0 0 0 0 0 0 0 0 0 0 0 0 0 0 0 0 0 0 0 0 0 0 0 0 0 0 0 0 0 0 0 0 0 0 0
9.06769 4.10949 2.41566 0.195875 0.114232 0.017819 0.017819 0.00745039 0.00289044 0.00194916 0.000597814 0.000263904 9.74066e-05 2.29463e-06 5.46083e-08 0 0 0 0 0 0 0 0 0 0 0 0 0 0 0 0 0 0 0 0 0 0 0 0 0 0 0 0 0 0 0 0 0 0 0 0 0 0 0 0 0 0 0 0 0 0 0 0 0 0 0 0 0 0 0 0 0 0 0 0 0 0 0 0 0 0 0 0 0 0 0 0 0 0 0 0 0 0 0 0 0
11.2541 7.47165 3.07751 0.431311 0.268452 0.157423 0.04964 0.0292914 0.00711522 0.00539658 0.00256085 0.000952324 0.000230773 5.26188e-05 1.89032e-06 0 0 0 0 0 0 0 0 0 0 0 0 0 0 0 0 0 0 0 0 0 0 0 0 0 0 0 0 0 0 0 0 0 0 0 0 0 0 0 0 0 0 0 0 0 0 0 0 0 0 0 0 0 0 0 0 0 0 0 0 0 0 0 0 0 0 0 0 0 0 0 0 0 0 0 0 0 0 0 0 0
8.42831 3.08862 1.30862 0.246131 0.117286 0.0607667 0.013233 0.0092123 0.00186102 0.00123069 0.000155152 1.7863e-05 6.97451e-08 0 0 0 0 0 0 0 0 0 0 0 0 0 0 0 0 0 0 0 0 0 0 0 0 0 0 0 0 0 0 0 0 0 0 0 0 0 0 0 0 0 0 0 0 0 0 0 0 0 0 0 0 0 0 0 0 0 0 0 0 0 0 0 0 0 0 0 0 0 0 0 0 0 0 0 0 0 0 0 0 0 0 0
19.0981 5.68337 2.08207 0.108984 0.053273 0.028654 0.00540602 0.00190342 0.00151514 0.000431963 0.000308225 3.94754e-05 1.71843e-05 2.6311e-08 0 0 0 0 0 0 0 0 0 0 0 0 0 0 0 0 0 0 0 0 0 0 0 0 0 0 0 0 0 0 0 0 0 0 0 0 0 0 0 0 0 0 0 0 0 0 0 0 0 0 0 0 0 0 0 0 0 0 0 0 0 0 0 0 0 0 0 0 0 0 0 0 0 0 0 0 0 0 0 0 0 0
19.8339 9.4659 4.0297 0.978862 0.518829 0.23075 0.0914173 0.0499982 0.0187798 0.00881905 0.00199848 0.00199848 0.000778374 0.000199167 4.55211e-05 4.3146e-06 1.48265e-07 0 0 0 0 0 0 0 0 0 0 0 0 0 0 0 0 0 0 0 0 0 0 0 0 0 0 0 0 0 0 0 0 0 0 0 0 0 0 0 0 0 0 0 0 0 0 0 0 0 0 0 0 0 0 0 0 0 0 0 0 0 0 0 0 0 0 0 0 0 0 0 0 0 0 0 0 0 0 0
10.1315 1.89437 1.32353 0.211956 0.0579509 0.032726 0.0170333 0.00854155 0.0026273 0.000915663 0.000437869 0.000101323 6.20402e-05 1.88312e-06 0 0 0 0 0 0 0 0 0 0 0 0 0 0 0 0 0 0 0 0 0 0 0 0 0 0 0 0 0 0 0 0 0 0 0 0 0 0 0 0 0 0 0 0 0 0 0 0 0 0 0 0 0 0 0 0 0 0 0 0 0 0 0 0 0 0 0 0 0 0 0 0 0 0 0 0 0 0 0 0 0 0
12.3012 8.25679 4.52299 0.205953 0.177579 0.0601117 0.0289635 0.00898511 0.00898511 0.00228173 0.00108458 0.000425221 2.74752e-05 1.04501e-05 3.05168e-07 0 0 0 0 0 0 0 0 0 0 0 0 0 0 0 0 0 0 0 0 0 0 0 0 0 0 0 0 0 0 0 0 0 0 0 0 0 0 0 0 0 0 0 0 0 0 0 0 0 0 0 0 0 0 0 0 0 0 0 0 0 0 0 0 0 0 0 0 0 0 0 0 0 0 0 0 0 0 0 0 0
9.82831 5.01582 2.00713 0.284235 0.0806443 0.0288872 0.013913 0.00222961 0.000932752 0.000371223 4.56273e-05 1.07742e-05 1.78531e-07 0 0 0 0 0 0 0 0 0 0 0 0 0 0 0 0 0 0 0 0 0 0 0 0 0 0 0 0 0 0 0 0 0 0 0 0 0 0 0 0 0 0 0 0 0 0 0 0 0 0 0 0 0 0 0 0 0 0 0 0 0 0 0 0 0 0 0 0 0 0 0 0 0 0 0 0 0 0 0 0 0 0 0
12.3452 4.88036 1.55186 0.378769 0.0899139 0.0366554 0.0103349 0.00492653 0.00277359 0.00098896 0.000424812 0.000122858 7.90559e-06 4.76701e-08 0 0 0 0 0 0 0 0 0 0 0 0 0 0 0 0 0 0 0 0 0 0 0 0 0 0 0 0 0 0 0 0 0 0 0 0 0 0 0 0 0 0 0 0 0 0 0 0 0 0 0 0 0 0 0 0 0 0 0 0 0 0 0 0 0 0 0 0 0 0 0 0 0 0 0 0 0 0 0 0 0 0
14.5102 7.42478 3.79725 0.366411 0.13107 0.0625402 0.0314283 0.0136658 0.0081388 0.00304414 0.00104042 0.000254945 3.48085e-05 2.22288e-06 0 0 0 0 0 0 0 0 0 0 0 0 0 0 0 0 0 0 0 0 0 0 0 0 0 0 0 0 0 0 0 0 0 0 0 0 0 0 0 0 0 0 0 0 0 0 0 0 0 0 0 0 0 0 0 0 0 0 0 0 0 0 0 0 0 0 0 0 0 0 0 0 0 0 0 0 0 0 0 0 0 0
12.319 5.64153 0.858112 0.284637 0.139578 0.0468325 0.00947629 0.00625149 0.00287844 0.0007915 5.29673e-05 8.25416e-06 8.25416e-06 4.00675e-07 0 0 0 0 0 0 0 0 0 0 0 0 0 0 0 0 0 0 0 0 0 0 0 0 0 0 0 0 0 0 0 0 0 0 0 0 0 0 0 0 0 0 0 0 0 0 0 0 0 0 0 0 0 0 0 0 0 0 0 0 0 0 0 0 0 0 0 0 0 0 0 0 0 0 0 0 0 0 0 0 0 0
14.3348 6.62063 2.66693 0.403671 0.148549 0.0818794 0.0548682 0.012867 0.00694844 0.00394384 0.000909578 0.000737154 0.000106958 1.72192e-05 3.12657e-06 0 0 0 0 0 0 0 0 0 0 0 0 0 0 0 0 0 0 0 0 0 0 0 0 0 0 0 0 0 0 0 0 0 0 0 0 0 0 0 0 0 0 0 0 0 0 0 0 0 0 0 0 0 0 0 0 0 0 0 0 0 0 0 0 0 0 0 0 0 0 0 0 0 0 0 0 0 0 0 0 0
11.1802 4.69715 1.86808 0.334485 0.171011 0.0840046 0.0292395 0.0177918 0.00742666 0.00521808 0.00159467 0.000865193 0.000158712 2.40205e-05 0 0 0 0 0 0 0 0 0 0 0 0 0 0 0 0 0 0 0 0 0 0 0 0 0 0 0 0 0 0 0 0 0 0 0 0 0 0 0 0 0 0 0 0 0 0 0 0 0 0 0 0 0 0 0 0 0 0 0 0 0 0 0 0 0 0 0 0 0 0 0 0 0 0 0 0 0 0 0 0 0 0
9.69103 7.85662 2.24719 0.478779 0.308833 0.154689 0.0461083 0.0211065 0.0137373 0.00692403 0.00266418 0.00201547 0.000568603 0.00016904 2.83799e-05 1.39901e-06 0 0 0 0 0 0 0 0 0 0 0 0 0 0 0 0 0 0 0 0 0 0 0 0 0 0 0 0 0 0 0 0 0 0 0 0 0 0 0 0 0 0 0 0 0 0 0 0 0 0 0 0 0 0 0 0 0 0 0 0 0 0 0 0 0 0 0 0 0 0 0 0 0 0 0 0 0 0 0 0
9.34643 5.11809 3.36666 0.334767 0.274337 0.122088 0.0397685 0.0261981 0.00909403 0.00214853 0.0014668 0.000393136 8.37201e-05 1.21201e-05 5.92935e-08 0 0 0 0 0 0 0 0 0 0 0 0 0 0 0 0 0 0 0 0 0 0 0 0 0 0 0 0 0 0 0 0 0 0 0 0 0 0 0 0 0 0 0 0 0 0 0 0 0 0 0 0 0 0 0 0 0 0 0 0 0 0 0 0 0 0 0 0 0 0 0 0 0 0 0 0 0 0 0 0 0
19.5417 5.81749 0.990687 0.234199 0.114804 0.060229 0.0257381 0.00750791 0.00416506 0.00114418 0.000377426 0.000126963 4.5829e-05 5.91158e-07 0 0 0 0 0 0 0 0 0 0 0 0 0 0 0 0 0 0 0 0 0 0 0 0 0 0 0 0 0 0 0 0 0 0 0 0 0 0 0 0 0 0 0 0 0 0 0 0 0 0 0 0 0 0 0 0 0 0 0 0 0 0 0 0 0 0 0 0 0 0 0 0 0 0 0 0 0 0 0 0 0 0
12.3552 6.59598 1.90447 0.431441 0.161256 0.077128 0.0378855 0.014482 0.00999447 0.00394029 0.00157607 0.000221016 0.000179471 2.90031e-05 3.58728e-08 0 0 0 0 0 0 0 0 0 0 0 0 0 0 0 0 0 0 0 0 0 0 0 0 0 0 0 0 0 0 0 0 0 0 0 0 0 0 0 0 0 0 0 0 0 0 0 0 0 0 0 0 0 0 0 0 0 0 0 0 0 0 0 0 0 0 0 0 0 0 0 0 0 0 0 0 0 0 0 0 0
12.7904 4.04762 3.95697 0.792697 0.472248 0.244383 0.0995337 0.0620951 0.027619 0.00946695 0.00447481 0.00105697 0.000383309 0.000133884 6.57122e-05 5.9523e-08 0 0 0 0 0 0 0 0 0 0 0 0 0 0 0 0 0 0 0 0 0 0 0 0 0 0 0 0 0 0 0 0 0 0 0 0 0 0 0 0 0 0 0 0 0 0 0 0 0 0 0 0 0 0 0 0 0 0 0 0 0 0 0 0 0 0 0 0 0 0 0 0 0 0 0 0 0 0 0 0
5.11414 4.52392 2.72676 0.773733 0.319479 0.185652 0.100641 0.0507437 0.0304028 0.0138749 0.00547213 0.00187206 0.000680936 0.000216936 4.67058e-05 6.24539e-06 2.35885e-08 0 0 0 0 0 0 0 0 0 0 0 0 0 0 0 0 0 0 0 0 0 0 0 0 0 0 0 0 0 0 0 0 0 0 0 0 0 0 0 0 0 0 0 0 0 0 0 0 0 0 0 0 0 0 0 0 0 0 0 0 0 0 0 0 0 0 0 0 0 0 0 0 0 0 0 0 0 0 0
16.3538 5.42991 1.58807 0.596529 0.192252 0.114976 0.0417368 0.0133957 0.00819067 0.00261661 0.000459792 0.000235656 0.000103543 1.35917e-05 0 0 0 0 0 0 0 0 0 0 0 0 0 0 0 0 0 0 0 0 0 0 0 0 0 0 0 0 0 0 0 0 0 0 0 0 0 0 0 0 0 0 0 0 0 0 0 0 0 0 0 0 0 0 0 0 0 0 0 0 0 0 0 0 0 0 0 0 0 0 0 0 0 0 0 0 0 0 0 0 0 0
10.1963 6.77138 1.44502 0.188867 0.0657761 0.0402571 0.0175024 0.00983797 0.00490463 0.00146243 0.000397904 0.000114305 6.22774e-06 1.19845e-08 0 0 0 0 0 0 0 0 0 0 0 0 0 0 0 0 0 0 0 0 0 0 0 0 0 0 0 0 0 0 0 0 0 0 0 0 0 0 0 0 0 0 0 0 0 0 0 0 0 0 0 0 0 0 0 0 0 0 0 0 0 0 0 0 0 0 0 0 0 0 0 0 0 0 0 0 0 0 0 0 0 0
6.24559 5.07866 1.54464 0.124277 0.10988 0.0498204 0.0202441 0.00896479 0.00307895 0.00105858 0.000552579 6.31712e-05 1.68901e-05 2.1531e-07 0 0 0 0 0 0 0 0 0 0 0 0 0 0 0 0 0 0 0 0 0 0 0 0 0 0 0 0 0 0 0 0 0 0 0 0 0 0 0 0 0 0 0 0 0 0 0 0 0 0 0 0 0 0 0 0 0 0 0 0 0 0 0 0 0 0 0 0 0 0 0 0 0 0 0 0 0 0 0 0 0 0
13.4159 6.80262 2.35983 0.684242 0.323308 0.168486 0.0389746 0.0215339 0.0104207 0.00780491 0.00261733 0.000861587 0.00045036 0.000107257 2.50467e-06 0 0 0 0 0 0 0 0 0 0 0 0 0 0 0 0 0 0 0 0 0 0 0 0 0 0 0 0 0 0 0 0 0 0 0 0 0 0 0 0 0 0 0 0 0 0 0 0 0 0 0 0 0 0 0 0 0 0 0 0 0 0 0 0 0 0 0 0 0 0 0 0 0 0 0 0 0 0 0 0 0
19.1573 5.48244 2.17543 1.07962 0.304448 0.102883 0.020473 0.0166186 0.0107558 0.00565818 0.00158703 0.000656298 0.000244814 1.54095e-05 3.13548e-08 0 0 0 0 0 0 0 0 0 0 0 0 0 0 0 0 0 0 0 0 0 0 0 0 0 0 0 0 0 0 0 0 0 0 0 0 0 0 0 0 0 0 0 0 0 0 0 0 0 0 0 0 0 0 0 0 0 0 0 0 0 0 0 0 0 0 0 0 0 0 0 0 0 0 0 0 0 0 0 0 0
