7004.64 4111.19 1967.86 1077.2 663.823 537.661 451.203 318.277 263.216 218.754 175.539 148.121 145.428 135.845 124.992 124.484 119.926 117.539 115.556 113.778 109.955 108.297 103.706 102.465 101.493 100.786 100.51 100.294 100.177 100.114 100.066 100.043 100.027 100.016 100.01 100.006 100.003 100.003 100.002 100 100 100 100 100 100 100 100 100 100 100 100 100 100 100 100 100 100 100 100 100 100 100 100 100 100 100 100 100 100 100 100 100 100 100 100 100 100 100 100 100 100 100 100 100 100 100 100 100 100 100 100 100 100 100 100
6667.62 5076.62 2368.94 1361.86 938.274 659.387 433.341 401.81 297.826 262.057 209.845 173.786 158.092 139.811 133.727 128.027 123.814 118.303 116.521 115.008 113.049 108.356 105.302 103.483 101.374 101.113 100.655 100.432 100.244 100.146 100.086 100.052 100.033 100.019 100.01 100.006 100.004 100.003 100.002 100 100 100 100 100 100 100 100 100 100 100 100 100 100 100 100 100 100 100 100 100 100 100 100 100 100 100 100 100 100 100 100 100 100 100 100 100 100 100 100 100 100 100 100 100 100 100 100 100 100 100 100 100 100 100 100
6813.84 3883.86 1775.84 1247.11 712.238 630.907 454.625 356.981 269.796 224.154 202.755 172.472 147.368 139.59 132.444 124.329 120.819 116.374 115.994 113.914 111.399 107.78 104.343 102.075 101.333 100.774 100.498 100.265 100.158 100.116 100.069 100.04 100.021 100.017 100.011 100.006 100.004 100.002 100.001 100 100 100 100 100 100 100 100 100 100 100 100 100 100 100 100 100 100 100 100 100 100 100 100 100 100 100 100 100 100 100 100 100 100 100 100 100 100 100 100 100 100 100 100 100 100 100 100 100 100 100 100 100 100 100 100
7277.33 5797.23 3945.32 1615.1 1108.93 858.02 542.181 477.404 333.619 277.184 207.661 193.19 162.553 149.864 139.31 131.852 124.644 121.048 116.659 115.387 112.443 110.128 106.056 102.809 102.023 101.286 100.655 100.378 100.234 100.127 100.078 100.054 100.031 100.02 100.012 100.007 100.004 100.003 100.002 100 100 100 100 100 100 100 100 100 100 100 100 100 100 100 100 100 100 100 100 100 100 100 100 100 100 100 100 100 100 100 100 100 100 100 100 100 100 100 100 100 100 100 100 100 100 100 100 100 100 100 100 100 100 100 100
7373.27 7017.16 3179.04 1565.35 1034.06 779.71 590.888 454.03 331.112 258.575 223.894 186.584 159.722 149.701 137.647 129.406 123.228 118.83 117.362 114.819 113.24 109.311 105.762 103.014 101.739 100.983 100.488 100.337 100.212 100.137 100.093 100.053 100.032 100.02 100.013 100.007 100.003 100.003 100.002 100 100 100 100 100 100 100 100 100 100 100 100 100 100 100 100 100 100 100 100 100 100 100 100 100 100 100 100 100 100 100 100 100 100 100 100 100 100 100 100 100 100 100 100 100 100 100 100 100 100 100 100 100 100 100 100
5074.22 4926.44 2775.95 1481.45 1076.61 701.079 590.756 403.18 337.305 269.468 225.957 191.133 165.276 146.877 136.039 129.741 123.712 119.129 116.723 115.282 113.359 110.25 107.143 103.468 102.463 101.198 100.719 100.314 100.276 100.137 100.092 100.052 100.028 100.018 100.011 100.007 100.005 100.003 100.002 100 100 100 100 100 100 100 100 100 100 100 100 100 100 100 100 100 100 100 100 100 100 100 100 100 100 100 100 100 100 100 100 100 100 100 100 100 100 100 100 100 100 100 100 100 100 100 100 100 100 100 100 100 100 100 100
8089.68 5622.95 3311.41 1519.96 878.278 700.905 516.556 388.772 305.772 244.664 205.978 184.018 153.862 138.766 130.764 126.547 123.39 118.347 116.756 114.259 111.872 108.078 105.392 103.261 101.874 100.874 100.634 100.267 100.221 100.136 100.071 100.047 100.032 100.02 100.013 100.007 100.005 100.004 100.002 100 100 100 100 100 100 100 100 100 100 100 100 100 100 100 100 100 100 100 100 100 100 100 100 100 100 100 100 100 100 100 100 100 100 100 100 100 100 100 100 100 100 100 100 100 100 100 100 100 100 100 100 100 100 100 100
5955.58 3333.24 2095.5 1012.12 819.222 542.829 414.603 330.766 246.009 213.365 173.598 156.393 147.081 134.873 129.991 123.033 118.207 116.929 115.156 112.396 110.327 106.435 103.848 101.888 101.116 100.697 100.45 100.213 100.144 100.084 100.057 100.026 100.022 100.01 100.008 100.005 100.003 100.002 100.001 100 100 100 100 100 100 100 100 100 100 100 100 100 100 100 100 100 100 100 100 100 100 100 100 100 100 100 100 100 100 100 100 100 100 100 100 100 100 100 100 100 100 100 100 100 100 100 100 100 100 100 100 100 100 100 100
7323.08 5337.49 3494.44 1474.58 949.086 705.363 547.862 514.949 332.124 277.867 212.66 187.287 160.781 150.495 141.001 127.879 125.256 119.843 118.082 115.101 113.397 109.16 106.927 103.54 102.109 101.304 100.699 100.449 100.243 100.148 100.08 100.054 100.033 100.021 100.013 100.007 100.004 100.003 100.002 100 100 100 100 100 100 100 100 100 100 100 100 100 100 100 100 100 100 100 100 100 100 100 100 100 100 100 100 100 100 100 100 100 100 100 100 100 100 100 100 100 100 100 100 100 100 100 100 100 100 100 100 100 100 100 100
7347.23 5208.27 2915.43 1274.76 728.094 547.85 490.631 427.555 290.754 260.766 218.411 179.498 154.864 147.727 135.888 129.447 123.199 119.921 116.128 114.966 112.69 109.353 104.975 102.937 101.433 100.923 100.596 100.305 100.192 100.124 100.08 100.054 100.029 100.018 100.012 100.006 100.004 100.003 100.002 100 100 100 100 100 100 100 100 100 100 100 100 100 100 100 100 100 100 100 100 100 100 100 100 100 100 100 100 100 100 100 100 100 100 100 100 100 100 100 100 100 100 100 100 100 100 100 100 100 100 100 100 100 100 100 100
6986.46 4838.32 3083.82 1300.77 860.307 732.367 566.854 346.684 325.697 255.06 197.971 173.613 155.084 144.247 131.634 127.7 121.85 119.416 116.416 114.744 111.168 108.348 105.416 102.034 101.45 100.822 100.544 100.3 100.188 100.116 100.061 100.041 100.024 100.016 100.011 100.006 100.004 100.003 100.002 100 100 100 100 100 100 100 100 100 100 100 100 100 100 100 100 100 100 100 100 100 100 100 100 100 100 100 100 100 100 100 100 100 100 100 100 100 100 100 100 100 100 100 100 100 100 100 100 100 100 100 100 100 100 100 100
7389.68 4557.36 2916.71 1179.17 807.518 600.374 466.772 367.838 292.784 250.072 193.322 173.043 155.694 142.94 133.548 127.337 121.841 118.795 116.973 114.311 113.195 107.959 105.31 103.568 101.752 101.032 100.552 100.358 100.21 100.137 100.081 100.043 100.032 100.018 100.012 100.007 100.004 100.003 100.002 100 100 100 100 100 100 100 100 100 100 100 100 100 100 100 100 100 100 100 100 100 100 100 100 100 100 100 100 100 100 100 100 100 100 100 100 100 100 100 100 100 100 100 100 100 100 100 100 100 100 100 100 100 100 100 100
7472.56 4646.78 2789.9 1323.12 701.897 605.461 508.381 398.31 302.141 222.025 190.351 169.816 154.562 142.948 133.674 126.453 121.359 118.711 115.779 114.061 111.185 108.424 104.021 102.771 101.555 100.878 100.456 100.312 100.176 100.111 100.069 100.045 100.027 100.019 100.011 100.007 100.004 100.003 100.001 100 100 100 100 100 100 100 100 100 100 100 100 100 100 100 100 100 100 100 100 100 100 100 100 100 100 100 100 100 100 100 100 100 100 100 100 100 100 100 100 100 100 100 100 100 100 100 100 100 100 100 100 100 100 100 100
5551.78 3662.82 1908.55 1163.67 842.368 617.772 432.372 363.778 276.378 225.889 185.522 164.479 150.732 137.046 128.732 124.318 121.289 117.606 115.991 113.915 111.526 108.286 104.458 102.132 101.346 100.885 100.482 100.241 100.174 100.101 100.074 100.043 100.027 100.017 100.012 100.005 100.004 100.003 100.002 100 100 100 100 100 100 100 100 100 100 100 100 100 100 100 100 100 100 100 100 100 100 100 100 100 100 100 100 100 100 100 100 100 100 100 100 100 100 100 100 100 100 100 100 100 100 100 100 100 100 100 100 100 100 100 100
6207.89 4442.9 2404.97 1270.96 1003.18 693.005 480.758 392.689 297.687 223.076 195.649 169.344 148.426 137.286 135.303 125.21 122.634 120.099 116.914 115.301 109.962 109.245 105.211 103.161 101.894 101.205 100.609 100.291 100.153 100.132 100.069 100.052 100.031 100.02 100.011 100.008 100.005 100.003 100.002 100 100 100 100 100 100 100 100 100 100 100 100 100 100 100 100 100 100 100 100 100 100 100 100 100 100 100 100 100 100 100 100 100 100 100 100 100 100 100 100 100 100 100 100 100 100 100 100 100 100 100 100 100 100 100 100
5905.21 4982.01 2587.62 1252.9 905.035 765.837 509.918 380.686 349.534 265.917 232.784 173.618 162.113 147.427 137.658 128.971 122.896 118.708 116.408 115.309 112.48 108.551 105.349 102.509 101.395 100.969 100.569 100.355 100.189 100.112 100.071 100.051 100.032 100.019 100.011 100.007 100.005 100.003 100.002 100 100 100 100 100 100 100 100 100 100 100 100 100 100 100 100 100 100 100 100 100 100 100 100 100 100 100 100 100 100 100 100 100 100 100 100 100 100 100 100 100 100 100 100 100 100 100 100 100 100 100 100 100 100 100 100
5500.01 3672.6 2464.58 1139.1 919.082 755.381 454.136 392.168 329.256 231.242 203.665 165.774 156.203 141.193 132.96 125.589 121.588 119.432 116.575 114.299 111.584 107.616 105.486 102.245 101.453 100.667 100.408 100.28 100.179 100.095 100.064 100.041 100.028 100.017 100.01 100.006 100.004 100.002 100.001 100 100 100 100 100 100 100 100 100 100 100 100 100 100 100 100 100 100 100 100 100 100 100 100 100 100 100 100 100 100 100 100 100 100 100 100 100 100 100 100 100 100 100 100 100 100 100 100 100 100 100 100 100 100 100 100
5150.89 4083.83 2521.63 1215.05 815.989 595.554 477.928 390.064 295.048 206.65 196.59 158.581 147.935 140.957 132.009 124.001 120.526 117.812 115.536 114.087 110.252 106.439 104.621 102.676 101.497 100.644 100.498 100.247 100.157 100.116 100.063 100.045 100.027 100.017 100.009 100.007 100.004 100.002 100.001 100 100 100 100 100 100 100 100 100 100 100 100 100 100 100 100 100 100 100 100 100 100 100 100 100 100 100 100 100 100 100 100 100 100 100 100 100 100 100 100 100 100 100 100 100 100 100 100 100 100 100 100 100 100 100 100
6704.61 3606.05 2029.66 920.086 742.738 652.505 494.787 366.274 283.97 215.372 171.579 166.285 149.492 137.733 127.279 124.009 119.237 116.989 115.47 112.661 111.049 107.285 103.696 102.715 101.426 100.766 100.295 100.275 100.184 100.105 100.061 100.041 100.027 100.016 100.01 100.007 100.004 100.002 100.001 100 100 100 100 100 100 100 100 100 100 100 100 100 100 100 100 100 100 100 100 100 100 100 100 100 100 100 100 100 100 100 100 100 100 100 100 100 100 100 100 100 100 100 100 100 100 100 100 100 100 100 100 100 100 100 100
7066.36 4746.1 2482.07 995.596 713.349 404.378 404.378 318.306 233.71 222.199 188.234 162.788 142.491 135.575 128.454 119.833 119.833 117.515 115.595 113.228 109.044 107.412 103.904 102.096 101.204 100.668 100.352 100.192 100.153 100.093 100.055 100.033 100.022 100.012 100.009 100.006 100.003 100.002 100.001 100 100 100 100 100 100 100 100 100 100 100 100 100 100 100 100 100 100 100 100 100 100 100 100 100 100 100 100 100 100 100 100 100 100 100 100 100 100 100 100 100 100 100 100 100 100 100 100 100 100 100 100 100 100 100 100
7033.53 3201.59 2208.1 1131.43 766.57 640.184 440.465 368.391 270.055 224.107 189.589 163.846 152.426 134.012 128.252 122.418 119.368 117.223 115.275 111.634 110.325 107.274 103.825 102.121 100.983 100.697 100.429 100.187 100.158 100.097 100.049 100.032 100.023 100.013 100.01 100.005 100.003 100.002 100.001 100 100 100 100 100 100 100 100 100 100 100 100 100 100 100 100 100 100 100 100 100 100 100 100 100 100 100 100 100 100 100 100 100 100 100 100 100 100 100 100 100 100 100 100 100 100 100 100 100 100 100 100 100 100 100 100
5295.49 3267.78 2659.79 1249.95 892.589 505.949 444.258 337.358 253.971 216.59 187.102 165.96 147.158 137.974 131.895 120.696 119.535 117.93 115.058 113.68 110.288 106.34 103.446 102.207 101.452 100.795 100.442 100.257 100.185 100.101 100.06 100.038 100.024 100.012 100.009 100.005 100.004 100.002 100.001 100 100 100 100 100 100 100 100 100 100 100 100 100 100 100 100 100 100 100 100 100 100 100 100 100 100 100 100 100 100 100 100 100 100 100 100 100 100 100 100 100 100 100 100 100 100 100 100 100 100 100 100 100 100 100 100
8668.53 6052.18 3671.57 1586.96 1111.25 791.126 577.986 381.818 355.487 284.987 217.369 188.402 166.499 155.974 136.056 129.567 123.915 120.561 117.42 115.257 113.355 110.341 106.288 103.927 101.943 101.184 100.63 100.403 100.235 100.128 100.081 100.053 100.031 100.02 100.012 100.008 100.005 100.003 100.002 100 100 100 100 100 100 100 100 100 100 100 100 100 100 100 100 100 100 100 100 100 100 100 100 100 100 100 100 100 100 100 100 100 100 100 100 100 100 100 100 100 100 100 100 100 100 100 100 100 100 100 100 100 100 100 100
6061.64 3555.35 2485.07 1235.32 837.738 708.273 398.367 243.377 243.377 231.913 190.636 162.207 148.746 141.637 131.838 125.202 120.024 118.359 115.575 112.615 111.57 106.896 104.861 103.028 101.544 100.849 100.542 100.297 100.174 100.113 100.071 100.05 100.032 100.017 100.009 100.007 100.004 100.003 100.002 100 100 100 100 100 100 100 100 100 100 100 100 100 100 100 100 100 100 100 100 100 100 100 100 100 100 100 100 100 100 100 100 100 100 100 100 100 100 100 100 100 100 100 100 100 100 100 100 100 100 100 100 100 100 100 100
6775.31 4242.73 2303.62 1042.12 851.449 634.585 430.293 375.883 279.842 238.592 190.582 172.057 151.203 137.662 129.59 125.097 120.825 117.302 115.572 113.403 111.012 107.396 104.417 101.957 101.345 100.701 100.43 100.263 100.183 100.108 100.071 100.038 100.028 100.013 100.01 100.007 100.004 100.002 100.001 100 100 100 100 100 100 100 100 100 100 100 100 100 100 100 100 100 100 100 100 100 100 100 100 100 100 100 100 100 100 100 100 100 100 100 100 100 100 100 100 100 100 100 100 100 100 100 100 100 100 100 100 100 100 100 100
6704.87 4768.6 2764.8 1436.65 930.009 662.068 503.608 389.534 309.854 242.495 192.687 172.819 153.289 143.58 136.451 129.135 123.119 119.393 117.199 114.804 111.553 107.696 105.924 102.339 101.604 100.931 100.56 100.295 100.177 100.098 100.081 100.048 100.031 100.017 100.01 100.007 100.004 100.003 100.002 100 100 100 100 100 100 100 100 100 100 100 100 100 100 100 100 100 100 100 100 100 100 100 100 100 100 100 100 100 100 100 100 100 100 100 100 100 100 100 100 100 100 100 100 100 100 100 100 100 100 100 100 100 100 100 100
5936.6 4674.65 2545.3 1072.54 746.832 649.518 412.884 332.725 305.664 247.794 196.152 172.963 149.237 137.359 133.244 123.856 120.515 119.281 115.856 114.323 110.606 106.033 104.345 102.536 101.229 100.875 100.515 100.315 100.183 100.11 100.066 100.04 100.026 100.016 100.01 100.006 100.004 100.002 100.001 100 100 100 100 100 100 100 100 100 100 100 100 100 100 100 100 100 100 100 100 100 100 100 100 100 100 100 100 100 100 100 100 100 100 100 100 100 100 100 100 100 100 100 100 100 100 100 100 100 100 100 100 100 100 100 100
5371.78 3055.79 2339.38 1009.82 714.84 714.84 462.488 371.956 301.126 238.805 206.567 166.838 154.693 136.731 130.672 127.433 121.527 119.416 116.328 113.878 111.01 107.466 103.049 102.503 101.528 100.877 100.385 100.291 100.153 100.114 100.075 100.039 100.028 100.015 100.012 100.007 100.005 100.002 100.002 100 100 100 100 100 100 100 100 100 100 100 100 100 100 100 100 100 100 100 100 100 100 100 100 100 100 100 100 100 100 100 100 100 100 100 100 100 100 100 100 100 100 100 100 100 100 100 100 100 100 100 100 100 100 100 100
6883.69 3885.91 2036.9 1276.37 660.11 589.823 447.657 346.202 276.695 217.579 182.705 164.263 145.367 132.281 129.025 122.824 120.241 117.752 115.217 112.006 110.651 106.322 103.558 102.013 101.26 100.567 100.418 100.246 100.145 100.079 100.058 100.031 100.022 100.013 100.009 100.005 100.003 100.002 100.001 100 100 100 100 100 100 100 100 100 100 100 100 100 100 100 100 100 100 100 100 100 100 100 100 100 100 100 100 100 100 100 100 100 100 100 100 100 100 100 100 100 100 100 100 100 100 100 100 100 100 100 100 100 100 100 100
4875.74 4875.74 3074.93 1433.66 942.253 711.939 534.382 348.874 239.962 233.036 208.155 168.309 160.014 145.375 134.037 127.726 122.54 117.61 116.318 114.032 111.274 107.018 103.988 102.493 101.432 100.819 100.341 100.27 100.141 100.098 100.064 100.037 100.023 100.017 100.01 100.006 100.004 100.002 100.002 100 100 100 100 100 100 100 100 100 100 100 100 100 100 100 100 100 100 100 100 100 100 100 100 100 100 100 100 100 100 100 100 100 100 100 100 100 100 100 100 100 100 100 100 100 100 100 100 100 100 100 100 100 100 100 100
6509.85 3478.98 1828.5 1182.48 893.213 576.153 437.418 337.198 254.758 212.048 189.483 172.951 156.094 137.787 130.582 124.15 120.96 117.12 115.278 113.766 110.898 107.122 104.548 102.878 101.485 100.788 100.525 100.252 100.205 100.115 100.073 100.047 100.028 100.018 100.011 100.007 100.004 100.002 100.002 100 100 100 100 100 100 100 100 100 100 100 100 100 100 100 100 100 100 100 100 100 100 100 100 100 100 100 100 100 100 100 100 100 100 100 100 100 100 100 100 100 100 100 100 100 100 100 100 100 100 100 100 100 100 100 100
6322.01 3464.06 2207.34 1096.2 776.02 604.34 439.249 298.342 242.93 201.856 176.992 157.86 143.277 138.482 130.932 125.868 120.867 117.666 114.357 112.011 109.457 107.435 103.912 102.37 101.472 100.835 100.511 100.297 100.155 100.113 100.072 100.039 100.026 100.015 100.009 100.006 100.004 100.002 100.001 100 100 100 100 100 100 100 100 100 100 100 100 100 100 100 100 100 100 100 100 100 100 100 100 100 100 100 100 100 100 100 100 100 100 100 100 100 100 100 100 100 100 100 100 100 100 100 100 100 100 100 100 100 100 100 100
7099.69 5228.85 2918.15 1156.11 757.823 612.231 416.208 375.874 274.413 229.393 202.184 171.395 150.871 143.073 129.94 123.781 121.976 119.026 115.886 114.43 110.853 107.002 104.687 102.644 101.674 100.752 100.545 100.281 100.206 100.112 100.078 100.035 100.024 100.017 100.01 100.006 100.004 100.003 100.002 100 100 100 100 100 100 100 100 100 100 100 100 100 100 100 100 100 100 100 100 100 100 100 100 100 100 100 100 100 100 100 100 100 100 100 100 100 100 100 100 100 100 100 100 100 100 100 100 100 100 100 100 100 100 100 100
7212.75 4344.66 3067.6 1229.46 920.351 664.214 425.105 366.213 294.15 242.822 179.371 173.499 154.234 143.705 134.504 125.928 122.539 119.423 116.793 113.965 112.321 106.672 104.755 102.635 101.75 101.068 100.622 100.387 100.229 100.128 100.072 100.051 100.03 100.019 100.01 100.008 100.005 100.003 100.002 100 100 100 100 100 100 100 100 100 100 100 100 100 100 100 100 100 100 100 100 100 100 100 100 100 100 100 100 100 100 100 100 100 100 100 100 100 100 100 100 100 100 100 100 100 100 100 100 100 100 100 100 100 100 100 100
5211.59 3686.7 1854.36 1116.9 613.798 484.144 420.613 295.728 271.357 229.054 176.742 167.908 145.867 141.763 132.346 125.084 120.471 118.534 115.954 114.217 111.189 108.474 104.677 102.533 101.723 100.76 100.53 100.347 100.198 100.124 100.071 100.046 100.026 100.018 100.011 100.007 100.004 100.003 100.002 100 100 100 100 100 100 100 100 100 100 100 100 100 100 100 100 100 100 100 100 100 100 100 100 100 100 100 100 100 100 100 100 100 100 100 100 100 100 100 100 100 100 100 100 100 100 100 100 100 100 100 100 100 100 100 100
6217.63 4344.41 3152.47 1409.44 845.502 604.32 545 401.528 296.85 248.995 205.842 171.537 155.923 140.565 132.355 127.854 123.639 118.766 116.231 114.941 112.433 108.635 103.395 102.257 101.755 100.941 100.631 100.351 100.192 100.135 100.079 100.038 100.029 100.019 100.009 100.007 100.004 100.003 100.002 100 100 100 100 100 100 100 100 100 100 100 100 100 100 100 100 100 100 100 100 100 100 100 100 100 100 100 100 100 100 100 100 100 100 100 100 100 100 100 100 100 100 100 100 100 100 100 100 100 100 100 100 100 100 100 100
6819.3 4261.41 2282.06 1059.81 809.5 618.031 428.914 355.973 268.207 216.131 189.076 158.518 152.467 138.996 129.089 124.282 120.857 117.769 115.316 113.671 110.752 106.931 103.984 102.145 101.258 100.821 100.418 100.254 100.13 100.096 100.055 100.034 100.023 100.013 100.009 100.006 100.004 100.002 100.001 100 100 100 100 100 100 100 100 100 100 100 100 100 100 100 100 100 100 100 100 100 100 100 100 100 100 100 100 100 100 100 100 100 100 100 100 100 100 100 100 100 100 100 100 100 100 100 100 100 100 100 100 100 100 100 100
6638.97 3381.41 2269.89 1206.46 687.868 596.337 428.725 359.662 225.713 215.075 190.16 167.308 150.485 134.452 130.811 124.463 121.677 117.972 116.141 113.716 109.484 105.137 103.972 102.18 101.057 100.717 100.46 100.25 100.109 100.098 100.051 100.032 100.022 100.013 100.009 100.004 100.003 100.002 100.001 100 100 100 100 100 100 100 100 100 100 100 100 100 100 100 100 100 100 100 100 100 100 100 100 100 100 100 100 100 100 100 100 100 100 100 100 100 100 100 100 100 100 100 100 100 100 100 100 100 100 100 100 100 100 100 100
7112.97 5053.72 3242.16 1094.35 902.913 573.071 497.663 359.579 280.618 235.793 187.151 174.233 156.53 138.999 129.662 125.416 121.652 117.337 116.165 113.838 109.683 106.108 104.42 102.745 101.834 100.919 100.566 100.286 100.187 100.124 100.072 100.043 100.027 100.016 100.011 100.005 100.004 100.003 100.002 100 100 100 100 100 100 100 100 100 100 100 100 100 100 100 100 100 100 100 100 100 100 100 100 100 100 100 100 100 100 100 100 100 100 100 100 100 100 100 100 100 100 100 100 100 100 100 100 100 100 100 100 100 100 100 100
7951.87 4735.09 2991.53 1295.14 857.141 667.125 458.175 360.362 283.661 246.808 183.044 163.604 150.998 139.304 130.188 125.179 119.811 117.865 114.471 113.402 109.153 106.181 103.718 102.353 101.231 100.852 100.448 100.244 100.148 100.099 100.063 100.042 100.024 100.015 100.008 100.006 100.004 100.002 100.001 100 100 100 100 100 100 100 100 100 100 100 100 100 100 100 100 100 100 100 100 100 100 100 100 100 100 100 100 100 100 100 100 100 100 100 100 100 100 100 100 100 100 100 100 100 100 100 100 100 100 100 100 100 100 100 100
6623.13 3460.71 2607.75 1189.66 692.742 581.836 437.978 318.197 246.421 215.803 179.126 160.801 147.754 135.43 127.394 123.586 119.543 117.015 114.764 112.476 109.576 105.681 103.097 101.777 100.762 100.589 100.355 100.22 100.125 100.084 100.051 100.031 100.016 100.013 100.007 100.005 100.003 100.002 100.001 100 100 100 100 100 100 100 100 100 100 100 100 100 100 100 100 100 100 100 100 100 100 100 100 100 100 100 100 100 100 100 100 100 100 100 100 100 100 100 100 100 100 100 100 100 100 100 100 100 100 100 100 100 100 100 100
5905.18 3569.65 3265.91 1203.06 926.436 651.364 458.05 402.772 279.001 221.334 191.676 174.956 157.052 143.332 130.383 126.199 120.734 118.442 116.843 114.126 111.746 109.479 106.008 103.164 101.747 101.023 100.559 100.371 100.219 100.146 100.091 100.052 100.034 100.02 100.013 100.009 100.006 100.004 100.002 100 100 100 100 100 100 100 100 100 100 100 100 100 100 100 100 100 100 100 100 100 100 100 100 100 100 100 100 100 100 100 100 100 100 100 100 100 100 100 100 100 100 100 100 100 100 100 100 100 100 100 100 100 100 100 100
5750.06 2901.51 2455.54 865.495 825.241 642.628 469.365 347.763 276.882 239.138 210.544 170.756 156.294 137.319 132.947 126.236 122.202 119.041 115.744 114.239 110.153 107.894 104.667 102.767 101.549 100.477 100.395 100.257 100.162 100.094 100.052 100.032 100.024 100.016 100.009 100.005 100.004 100.002 100.001 100 100 100 100 100 100 100 100 100 100 100 100 100 100 100 100 100 100 100 100 100 100 100 100 100 100 100 100 100 100 100 100 100 100 100 100 100 100 100 100 100 100 100 100 100 100 100 100 100 100 100 100 100 100 100 100
7560.04 4554.53 2344.03 934.317 864.753 545.738 437.331 310.752 299.093 213.049 184.963 170.811 153.014 140.723 130.673 125.497 120.631 117.989 115.858 113.77 110.488 108.211 104.387 102.679 101.48 100.804 100.525 100.274 100.196 100.115 100.069 100.04 100.026 100.016 100.01 100.006 100.004 100.002 100.001 100 100 100 100 100 100 100 100 100 100 100 100 100 100 100 100 100 100 100 100 100 100 100 100 100 100 100 100 100 100 100 100 100 100 100 100 100 100 100 100 100 100 100 100 100 100 100 100 100 100 100 100 100 100 100 100
6156.79 5125.28 3366.15 1564.99 801.846 704.396 558.869 452.476 330.151 233.812 216.031 184.821 160.481 152.194 138.514 130.643 123.615 120.247 117.557 114.751 112.901 109.288 105.063 103.69 101.835 100.985 100.657 100.433 100.223 100.119 100.087 100.05 100.03 100.017 100.012 100.007 100.005 100.003 100.002 100 100 100 100 100 100 100 100 100 100 100 100 100 100 100 100 100 100 100 100 100 100 100 100 100 100 100 100 100 100 100 100 100 100 100 100 100 100 100 100 100 100 100 100 100 100 100 100 100 100 100 100 100 100 100 100
7832.44 4983.34 3118.39 1461.49 1108.31 786.438 605.685 450.528 339.979 247.023 224.648 184.483 160.059 148.697 138.295 132.103 124.928 120.56 117.666 115.095 112.781 109.78 105.811 103.581 102.433 101.274 100.661 100.421 100.232 100.146 100.086 100.058 100.03 100.019 100.013 100.008 100.004 100.003 100.002 100 100 100 100 100 100 100 100 100 100 100 100 100 100 100 100 100 100 100 100 100 100 100 100 100 100 100 100 100 100 100 100 100 100 100 100 100 100 100 100 100 100 100 100 100 100 100 100 100 100 100 100 100 100 100 100
6854.14 4067.84 2644.57 989.363 895.496 607.394 501.522 362.483 274.917 233.626 185.953 164.724 151.375 137.684 130.83 124.356 119.962 117.023 115.81 112.629 111.252 107.239 104.484 102.692 101.457 100.73 100.454 100.292 100.166 100.107 100.057 100.042 100.028 100.016 100.01 100.007 100.004 100.002 100.002 100 100 100 100 100 100 100 100 100 100 100 100 100 100 100 100 100 100 100 100 100 100 100 100 100 100 100 100 100 100 100 100 100 100 100 100 100 100 100 100 100 100 100 100 100 100 100 100 100 100 100 100 100 100 100 100
7157.37 4915.42 2382.34 1428.87 1041.71 648.38 540.666 394.7 305.096 252.415 206.588 175.234 148.839 142.781 130.511 126.178 122.258 118.746 116.855 113.253 112.315 107.817 105.236 102.337 101.694 101.115 100.654 100.369 100.202 100.113 100.083 100.05 100.027 100.019 100.01 100.007 100.004 100.002 100.002 100 100 100 100 100 100 100 100 100 100 100 100 100 100 100 100 100 100 100 100 100 100 100 100 100 100 100 100 100 100 100 100 100 100 100 100 100 100 100 100 100 100 100 100 100 100 100 100 100 100 100 100 100 100 100 100
5891.71 3745.47 2882.98 1369.55 870.169 582.343 492.402 346.27 284.79 239.714 196.581 163.083 148.926 136.728 133.292 124.696 121.558 119.108 116.617 114.54 111.179 107.457 105.185 102.485 101.639 100.788 100.558 100.342 100.177 100.105 100.073 100.048 100.023 100.016 100.01 100.007 100.004 100.003 100.002 100 100 100 100 100 100 100 100 100 100 100 100 100 100 100 100 100 100 100 100 100 100 100 100 100 100 100 100 100 100 100 100 100 100 100 100 100 100 100 100 100 100 100 100 100 100 100 100 100 100 100 100 100 100 100 100
7128.88 3977.7 2556.78 1072.09 742.19 524.712 459.014 338.195 291.118 233.337 189.038 172.228 151.585 140.334 129.175 125.989 121.211 117.838 115.189 113.222 111.795 106.528 104.275 101.951 101.405 100.836 100.486 100.271 100.151 100.099 100.065 100.034 100.025 100.016 100.01 100.005 100.004 100.002 100.001 100 100 100 100 100 100 100 100 100 100 100 100 100 100 100 100 100 100 100 100 100 100 100 100 100 100 100 100 100 100 100 100 100 100 100 100 100 100 100 100 100 100 100 100 100 100 100 100 100 100 100 100 100 100 100 100
6118.97 4582.09 2819.44 1282.3 933.094 730.063 476.862 402.295 302.559 242.766 199.518 178.887 155.568 142.301 134.011 127.109 120.402 118.779 115.523 114.175 109.875 108.315 103.811 103.176 101.633 100.8 100.5 100.313 100.206 100.127 100.071 100.035 100.026 100.015 100.01 100.007 100.004 100.003 100.002 100 100 100 100 100 100 100 100 100 100 100 100 100 100 100 100 100 100 100 100 100 100 100 100 100 100 100 100 100 100 100 100 100 100 100 100 100 100 100 100 100 100 100 100 100 100 100 100 100 100 100 100 100 100 100 100
