1.10537e+40 7.70616e+36 2.95143e+34 1.30156e+30 7.45682e+29 1.30898e+28 1.18286e+27 1.18286e+27 6.54393e+23 5.26116e+23 9.58948e+22 3.49122e+21 1.74583e+20 1.0647e+19 2.9851e+18 1.5721e+18 1.90872e+17 1.90872e+17 1.89356e+17 1.65193e+16 1.47524e+15 1.02039e+14 3.21771e+12 3.21771e+12 9.43837e+11 1.11048e+11 1.78293e+09 1.16313e+08 6.28258e+07 1.15958e+07 2.2543e+06 51692 3032 248 75 48 15 2 1 0 0 0 0 0 0 0 0 0 0 0 0 0 0 0 0 0 0 0 0 0 0 0 0 0 0 0 0 0 0 0 0 0 0 0 0 0 0 0 0 0 0 0 0 0 0 0 0 0 0 0 0 0 0 0 0
1.01892e+41 3.60814e+37 1.1202e+32 2.38923e+29 9.82989e+28 1.20748e+28 7.99526e+25 1.92622e+24 2.66031e+22 2.66031e+22 5.58244e+21 2.13014e+20 4.25051e+19 2.89631e+18 1.21078e+18 1.73104e+17 9.34313e+16 5.42227e+15 4.5936e+15 7.22751e+14 4.4197e+14 1.07439e+13 2.4907e+12 4.81781e+11 2.05123e+10 1.67511e+09 2.74486e+08 7.0743e+07 3.25135e+06 202861 40246 5880 2781 1384 900 19 4 2 1 0 0 0 0 0 0 0 0 0 0 0 0 0 0 0 0 0 0 0 0 0 0 0 0 0 0 0 0 0 0 0 0 0 0 0 0 0 0 0 0 0 0 0 0 0 0 0 0 0 0 0 0 0 0 0 0
1.04925e+41 6.98543e+36 3.60488e+33 1.34958e+30 3.0774e+28 1.45166e+26 3.93684e+24 8.07243e+22 2.13271e+21 1.39493e+19 3.73924e+18 9.97242e+17 3.32026e+17 3.65182e+16 3.65182e+16 4.09947e+15 9.76554e+14 2.21608e+14 6.15913e+12 1.15349e+12 9.50337e+10 6.87545e+09 3.09027e+09 1.67792e+08 9.3129e+07 1.22475e+07 8.34059e+06 2.70203e+06 80444 13639 3113 1430 577 15 8 5 2 0 0 0 0 0 0 0 0 0 0 0 0 0 0 0 0 0 0 0 0 0 0 0 0 0 0 0 0 0 0 0 0 0 0 0 0 0 0 0 0 0 0 0 0 0 0 0 0 0 0 0 0 0 0 0 0 0 0
8.92076e+41 1.18735e+36 1.60241e+34 2.33986e+31 1.59985e+24 1.59985e+24 1.59985e+24 7.07973e+22 7.07973e+22 7.07973e+22 3.95582e+21 2.27357e+20 1.59023e+18 1.21663e+18 1.20862e+18 1.87331e+17 6.55254e+16 1.18422e+16 5.69684e+14 1.85253e+14 2.74147e+12 1.63678e+12 3.37408e+11 4.41302e+10 1.8303e+09 4.32829e+08 1.24698e+07 2.91584e+06 435418 115847 13639 6756 1145 264 23 2 2 1 0 0 0 0 0 0 0 0 0 0 0 0 0 0 0 0 0 0 0 0 0 0 0 0 0 0 0 0 0 0 0 0 0 0 0 0 0 0 0 0 0 0 0 0 0 0 0 0 0 0 0 0 0 0 0 0 0
1.29097e+39 4.24197e+35 1.44924e+33 2.64775e+31 5.12705e+28 2.76797e+25 2.76797e+25 1.69465e+25 3.87264e+23 2.66591e+22 1.80228e+22 3.34655e+20 8.68837e+18 4.75644e+18 9.98508e+17 9.98345e+16 9.98345e+16 7.56425e+15 1.65472e+15 1.02309e+14 7.52423e+12 3.49123e+12 2.05999e+11 4.83995e+10 1.29639e+09 2.92707e+07 2.92707e+07 6.48923e+06 495471 81483 41842 5400 911 80 52 39 22 1 0 0 0 0 0 0 0 0 0 0 0 0 0 0 0 0 0 0 0 0 0 0 0 0 0 0 0 0 0 0 0 0 0 0 0 0 0 0 0 0 0 0 0 0 0 0 0 0 0 0 0 0 0 0 0 0 0
5.48185e+40 9.72124e+36 1.17109e+34 1.17334e+29 1.17334e+29 6.80169e+27 1.26479e+27 7.73412e+25 1.30838e+25 7.10735e+23 1.11065e+22 6.7174e+20 3.32553e+19 1.57001e+19 4.77483e+17 9.86027e+16 1.69277e+16 1.59866e+16 2.25814e+14 1.39255e+14 2.82873e+12 6.16895e+11 1.68636e+11 1.89251e+09 9.58146e+08 4.23093e+08 2.40443e+07 1.13402e+06 90015 28448 8855 4472 2501 216 33 6 4 0 0 0 0 0 0 0 0 0 0 0 0 0 0 0 0 0 0 0 0 0 0 0 0 0 0 0 0 0 0 0 0 0 0 0 0 0 0 0 0 0 0 0 0 0 0 0 0 0 0 0 0 0 0 0 0 0 0
1.06957e+40 2.5422e+36 9.29106e+32 1.11864e+29 1.11864e+29 3.50231e+27 1.0501e+25 1.94097e+24 9.31071e+22 1.68535e+22 4.67431e+19 2.05663e+19 4.35645e+18 2.71278e+17 9.41701e+16 5.08957e+15 5.08957e+15 5.52577e+14 1.52996e+14 8.46484e+12 4.76066e+11 5.20578e+09 5.20578e+09 5.20578e+09 1.51627e+09 3.3691e+08 2.56201e+07 601429 404426 13552 6559 3425 1859 302 39 32 12 1 0 0 0 0 0 0 0 0 0 0 0 0 0 0 0 0 0 0 0 0 0 0 0 0 0 0 0 0 0 0 0 0 0 0 0 0 0 0 0 0 0 0 0 0 0 0 0 0 0 0 0 0 0 0 0 0 0
1.93872e+38 1.22792e+36 1.01038e+32 2.27602e+31 1.49217e+30 1.10163e+29 1.16009e+27 5.3996e+25 7.27832e+23 1.44467e+23 2.20661e+22 1.77748e+20 4.48835e+19 5.81932e+17 9.51859e+16 9.51859e+16 9.51859e+16 5.62858e+16 2.67644e+15 4.239e+14 8.21246e+13 4.43169e+12 4.62183e+11 1.0997e+10 2.61867e+09 1.03337e+08 1.83097e+07 7.6802e+06 358794 60152 12978 12629 3336 406 118 29 12 3 0 0 0 0 0 0 0 0 0 0 0 0 0 0 0 0 0 0 0 0 0 0 0 0 0 0 0 0 0 0 0 0 0 0 0 0 0 0 0 0 0 0 0 0 0 0 0 0 0 0 0 0 0 0 0 0 0
1.05572e+38 1.25758e+36 4.53492e+33 2.35976e+31 1.17168e+29 7.53066e+27 2.37617e+26 2.41773e+25 5.45682e+24 1.07621e+23 4.68461e+21 1.31706e+20 1.03647e+20 8.55945e+19 1.10604e+18 4.66705e+16 4.66705e+16 7.01811e+15 4.39394e+14 7.75771e+13 1.43289e+13 1.87679e+12 1.27222e+12 1.34314e+11 1.20735e+09 1.04923e+08 6.50419e+06 3.07052e+06 1.44824e+06 205507 47302 4457 1490 99 28 4 3 0 0 0 0 0 0 0 0 0 0 0 0 0 0 0 0 0 0 0 0 0 0 0 0 0 0 0 0 0 0 0 0 0 0 0 0 0 0 0 0 0 0 0 0 0 0 0 0 0 0 0 0 0 0 0 0 0 0
4.27046e+41 1.5559e+36 9.38043e+34 1.5556e+30 1.5556e+30 1.06665e+28 1.71704e+27 4.49385e+25 8.85137e+22 4.69741e+22 7.0462e+21 1.57304e+20 1.70625e+19 1.78087e+17 1.78087e+17 1.10461e+16 1.10461e+16 6.3934e+15 9.83163e+13 3.13754e+13 1.08015e+13 2.98289e+11 9.0684e+10 2.08487e+10 1.48136e+09 1.21852e+08 846611 226904 44429 9792 2748 214 39 14 5 2 1 0 0 0 0 0 0 0 0 0 0 0 0 0 0 0 0 0 0 0 0 0 0 0 0 0 0 0 0 0 0 0 0 0 0 0 0 0 0 0 0 0 0 0 0 0 0 0 0 0 0 0 0 0 0 0 0 0 0
1.39858e+41 4.04709e+36 2.18472e+33 2.55306e+29 3.41225e+28 4.80644e+27 4.09647e+25 2.79515e+21 2.79515e+21 1.37836e+19 1.37836e+19 6.2765e+18 1.81895e+18 2.38481e+17 1.20018e+17 1.15447e+17 5.1691e+16 2.54383e+15 1.85744e+15 9.46577e+13 1.24821e+13 3.84584e+11 5.04216e+09 2.85641e+08 8.08114e+07 6.24332e+06 79943 8403 8403 999 579 79 7 4 3 0 0 0 0 0 0 0 0 0 0 0 0 0 0 0 0 0 0 0 0 0 0 0 0 0 0 0 0 0 0 0 0 0 0 0 0 0 0 0 0 0 0 0 0 0 0 0 0 0 0 0 0 0 0 0 0 0 0 0 0
3.85515e+40 1.77452e+36 1.8788e+34 5.18899e+30 1.63145e+29 4.12926e+28 1.71033e+25 4.10772e+24 4.65249e+23 3.13727e+22 3.10687e+21 1.88205e+21 4.97973e+19 1.80722e+18 8.88343e+17 1.55254e+17 1.81481e+15 1.81481e+15 1.23697e+14 1.16399e+14 9.09567e+12 1.47787e+12 2.8264e+11 2.8264e+11 4.20608e+10 4.59898e+09 2.98031e+09 5.57145e+08 4.14591e+06 745736 5518 1511 896 354 40 20 10 3 0 0 0 0 0 0 0 0 0 0 0 0 0 0 0 0 0 0 0 0 0 0 0 0 0 0 0 0 0 0 0 0 0 0 0 0 0 0 0 0 0 0 0 0 0 0 0 0 0 0 0 0 0 0 0 0 0
1.87362e+40 1.42262e+35 5.88303e+32 3.37782e+31 1.84952e+29 4.87884e+28 1.78521e+26 1.01682e+26 3.02263e+24 5.80997e+23 6.35337e+21 4.07563e+21 4.52727e+20 7.58675e+18 7.58675e+18 2.3539e+16 2.3539e+16 2.94624e+15 4.84764e+14 4.84764e+14 3.31896e+13 2.16465e+13 4.66844e+12 7.66704e+11 1.12909e+11 1.56188e+10 7.10162e+08 5.08904e+07 1.92965e+06 522673 188353 11276 2278 115 114 15 3 3 0 0 0 0 0 0 0 0 0 0 0 0 0 0 0 0 0 0 0 0 0 0 0 0 0 0 0 0 0 0 0 0 0 0 0 0 0 0 0 0 0 0 0 0 0 0 0 0 0 0 0 0 0 0 0 0 0
4.10909e+41 1.46552e+37 7.89894e+33 4.5508e+30 1.45488e+29 8.13253e+28 1.18376e+27 2.69817e+25 1.1898e+24 3.80211e+21 3.80211e+21 4.71556e+20 4.71556e+20 4.31174e+17 3.75655e+17 3.75655e+17 3.52869e+16 2.0775e+16 1.31031e+15 2.7758e+13 8.4556e+11 7.50725e+11 2.14102e+11 6.43062e+09 3.93347e+08 4.67898e+07 7.68681e+06 526228 102327 7405 4704 524 87 8 2 2 1 0 0 0 0 0 0 0 0 0 0 0 0 0 0 0 0 0 0 0 0 0 0 0 0 0 0 0 0 0 0 0 0 0 0 0 0 0 0 0 0 0 0 0 0 0 0 0 0 0 0 0 0 0 0 0 0 0 0
2.23888e+40 1.20361e+37 1.19193e+33 1.42376e+29 4.66544e+28 1.27045e+28 1.88633e+26 1.42917e+23 1.42917e+23 1.46187e+21 4.38706e+20 3.53362e+19 2.61401e+17 1.71073e+17 9.51184e+16 1.17604e+16 1.17604e+16 2.40047e+15 1.52944e+14 1.24873e+12 1.24873e+12 2.47923e+11 1.21689e+11 1.12141e+10 5.3078e+09 1.32558e+09 2.21094e+07 8.60633e+06 1.22002e+06 161066 16414 5514 1503 322 34 19 5 1 0 0 0 0 0 0 0 0 0 0 0 0 0 0 0 0 0 0 0 0 0 0 0 0 0 0 0 0 0 0 0 0 0 0 0 0 0 0 0 0 0 0 0 0 0 0 0 0 0 0 0 0 0 0 0 0 0
1.84842e+37 7.56164e+36 4.87988e+32 4.49203e+31 5.84469e+30 2.16219e+29 1.5739e+27 3.83954e+26 7.51512e+24 1.0508e+23 4.34583e+21 3.7726e+20 6.962e+18 6.962e+18 6.8786e+17 1.11182e+17 1.11182e+17 3.34431e+16 8.63444e+14 2.09656e+14 1.13382e+13 5.36151e+12 4.51893e+11 2.77441e+10 1.49661e+09 5.64706e+08 5.24741e+07 2.27849e+06 82528 34425 2554 1976 132 42 27 9 4 1 0 0 0 0 0 0 0 0 0 0 0 0 0 0 0 0 0 0 0 0 0 0 0 0 0 0 0 0 0 0 0 0 0 0 0 0 0 0 0 0 0 0 0 0 0 0 0 0 0 0 0 0 0 0 0 0 0
1.92826e+40 4.47227e+36 1.75576e+34 1.47815e+31 4.20947e+29 1.55149e+27 1.88798e+25 1.38389e+25 9.22767e+22 3.82536e+20 3.82536e+20 1.04877e+20 1.37438e+18 1.37438e+18 2.8045e+17 1.07425e+17 5.29551e+15 2.76393e+15 1.4079e+15 3.96058e+13 1.21729e+12 9.75388e+11 2.96304e+10 2.36735e+09 2.56879e+08 7.56912e+06 2.97117e+06 94019 14587 1866 442 298 33 10 3 1 0 0 0 0 0 0 0 0 0 0 0 0 0 0 0 0 0 0 0 0 0 0 0 0 0 0 0 0 0 0 0 0 0 0 0 0 0 0 0 0 0 0 0 0 0 0 0 0 0 0 0 0 0 0 0 0 0 0 0
1.4629e+41 2.4115e+36 5.28437e+34 2.05575e+30 1.92238e+29 2.84168e+28 4.785e+27 7.45627e+25 7.83883e+22 2.42354e+22 2.42354e+22 1.20829e+21 2.14152e+19 1.99082e+17 1.99082e+17 1.99082e+17 1.42595e+16 5.30294e+15 5.04218e+14 8.64206e+13 3.29452e+12 7.59407e+11 2.11879e+11 3.71317e+10 1.8605e+09 1.02418e+08 3.12621e+07 3.28058e+06 1.09949e+06 153134 9691 3119 669 133 19 8 4 1 0 0 0 0 0 0 0 0 0 0 0 0 0 0 0 0 0 0 0 0 0 0 0 0 0 0 0 0 0 0 0 0 0 0 0 0 0 0 0 0 0 0 0 0 0 0 0 0 0 0 0 0 0 0 0 0 0
2.99784e+38 4.36778e+37 1.56882e+35 1.73002e+31 2.29049e+30 3.59923e+28 7.10141e+27 2.35116e+25 3.8565e+24 9.6227e+21 9.6227e+21 1.96752e+21 7.23335e+20 5.54064e+19 2.01227e+18 2.51047e+17 1.49294e+17 1.36697e+16 2.78247e+15 2.4906e+14 1.74545e+12 1.33567e+12 1.94701e+11 3.19862e+09 2.23061e+09 9.52267e+07 5.31548e+06 987472 649558 138516 32409 7463 365 54 32 13 4 1 0 0 0 0 0 0 0 0 0 0 0 0 0 0 0 0 0 0 0 0 0 0 0 0 0 0 0 0 0 0 0 0 0 0 0 0 0 0 0 0 0 0 0 0 0 0 0 0 0 0 0 0 0 0 0 0 0
8.26706e+39 8.40507e+37 9.00719e+32 5.25867e+28 5.25867e+28 1.16009e+26 2.26925e+25 7.23747e+24 3.73078e+23 3.13982e+22 2.00392e+20 1.01278e+20 1.01278e+20 6.26623e+18 1.12153e+18 1.43377e+17 5.03278e+15 9.45215e+14 3.87739e+13 3.84944e+13 1.76563e+13 7.03476e+11 2.95979e+11 8.5286e+10 1.33344e+10 2.0629e+09 4.2723e+07 812668 812668 89019 16632 2904 601 77 50 41 33 3 0 0 0 0 0 0 0 0 0 0 0 0 0 0 0 0 0 0 0 0 0 0 0 0 0 0 0 0 0 0 0 0 0 0 0 0 0 0 0 0 0 0 0 0 0 0 0 0 0 0 0 0 0 0 0 0 0
1.80173e+41 1.76563e+34 1.76563e+34 3.18562e+31 8.29744e+30 4.93179e+28 9.17063e+27 5.70126e+26 1.42324e+25 9.06793e+23 2.41264e+21 2.41264e+21 5.92581e+20 3.07776e+20 4.54056e+18 1.29606e+18 2.70227e+17 4.95968e+15 2.30012e+15 2.30012e+15 1.11702e+14 1.18437e+13 8.61102e+11 5.63203e+10 8.3538e+09 4.96368e+08 9.25089e+07 4.29763e+07 8.89006e+06 1.07023e+06 588339 246242 66825 7777 744 43 34 34 11 0 0 0 0 0 0 0 0 0 0 0 0 0 0 0 0 0 0 0 0 0 0 0 0 0 0 0 0 0 0 0 0 0 0 0 0 0 0 0 0 0 0 0 0 0 0 0 0 0 0 0 0 0 0 0 0
7.75289e+40 2.10904e+34 9.20003e+32 2.01258e+30 2.23225e+26 3.87871e+25 3.45854e+25 3.35455e+23 3.32334e+23 1.86887e+21 3.80845e+19 3.80845e+19 2.54848e+19 3.04726e+18 3.82523e+16 2.41548e+16 1.03786e+16 1.03786e+16 5.55147e+14 1.04424e+14 6.50146e+12 2.14799e+11 1.54726e+11 1.64706e+10 1.59981e+09 7.31795e+07 1.41495e+07 5.00249e+06 672749 286263 6684 921 76 23 8 4 1 0 0 0 0 0 0 0 0 0 0 0 0 0 0 0 0 0 0 0 0 0 0 0 0 0 0 0 0 0 0 0 0 0 0 0 0 0 0 0 0 0 0 0 0 0 0 0 0 0 0 0 0 0 0 0 0 0 0
4.23631e+41 3.10156e+37 7.01338e+32 2.04938e+29 4.8835e+27 4.8835e+27 4.30057e+25 5.50521e+22 3.67697e+22 2.43007e+22 4.01055e+19 3.86381e+19 9.549e+17 1.65068e+17 1.27975e+17 6.52064e+16 4.91617e+15 3.01196e+15 3.79372e+14 7.67434e+13 5.53243e+12 2.16453e+12 8.74457e+11 6.96132e+10 4.67483e+08 1.71398e+07 766190 600480 40148 26286 6126 476 83 10 4 0 0 0 0 0 0 0 0 0 0 0 0 0 0 0 0 0 0 0 0 0 0 0 0 0 0 0 0 0 0 0 0 0 0 0 0 0 0 0 0 0 0 0 0 0 0 0 0 0 0 0 0 0 0 0 0 0 0 0 0
5.98266e+41 1.11896e+37 2.54649e+34 8.93926e+29 1.30323e+29 2.48991e+28 7.30533e+26 3.93639e+24 3.93639e+24 2.12786e+24 3.16462e+21 1.01043e+21 7.83484e+18 4.05099e+18 1.81458e+18 1.28227e+17 1.28227e+17 1.71312e+16 8.82238e+14 3.90904e+13 1.88571e+12 7.04919e+10 3.95476e+09 5.0249e+08 1.75171e+08 1.32966e+07 1.58249e+06 20571 20571 7028 274 94 18 13 6 1 0 0 0 0 0 0 0 0 0 0 0 0 0 0 0 0 0 0 0 0 0 0 0 0 0 0 0 0 0 0 0 0 0 0 0 0 0 0 0 0 0 0 0 0 0 0 0 0 0 0 0 0 0 0 0 0 0 0 0
2.20392e+42 1.86974e+36 1.08467e+33 6.83112e+29 7.03387e+27 7.03387e+27 4.451e+27 1.29889e+25 6.70937e+24 1.27645e+23 5.99499e+22 8.82778e+20 2.09591e+18 2.09591e+18 1.50017e+18 1.07029e+17 9.13356e+16 2.39129e+16 4.16782e+15 4.61716e+14 1.13323e+13 5.33405e+12 2.41144e+12 4.08782e+11 7.86709e+09 6.08892e+08 2.02326e+07 2.02326e+07 4.25714e+06 23861 23861 1704 1704 1101 658 15 5 3 0 0 0 0 0 0 0 0 0 0 0 0 0 0 0 0 0 0 0 0 0 0 0 0 0 0 0 0 0 0 0 0 0 0 0 0 0 0 0 0 0 0 0 0 0 0 0 0 0 0 0 0 0 0 0 0 0
1.34473e+39 4.83866e+37 1.28781e+34 6.2651e+29 6.2651e+29 8.82286e+27 9.30611e+25 9.30611e+25 2.05902e+25 1.52401e+24 1.16734e+22 1.05302e+21 9.52307e+20 4.31583e+18 4.23321e+18 1.34807e+17 9.7904e+16 4.69728e+16 2.52426e+16 4.60884e+15 9.08986e+13 2.7274e+13 1.47135e+13 5.335e+12 2.9852e+11 1.52581e+10 4.00433e+09 3.88768e+08 3.75609e+07 3.46281e+06 1.15429e+06 51768 2814 913 81 8 6 2 0 0 0 0 0 0 0 0 0 0 0 0 0 0 0 0 0 0 0 0 0 0 0 0 0 0 0 0 0 0 0 0 0 0 0 0 0 0 0 0 0 0 0 0 0 0 0 0 0 0 0 0 0 0 0 0 0
2.90769e+40 4.43596e+35 1.78381e+33 5.85097e+28 5.85097e+28 5.85097e+28 7.61453e+25 7.61453e+25 6.69247e+21 6.69247e+21 1.70203e+20 1.70203e+20 1.01291e+19 1.24262e+18 1.58121e+17 1.2489e+17 1.3013e+16 8.28692e+14 8.28692e+14 1.21806e+14 5.68371e+12 3.05171e+11 3.05171e+11 8.17526e+09 2.50263e+09 7.33791e+07 2.49682e+07 4.83573e+06 1.08097e+06 18183 18183 1185 325 53 7 5 2 0 0 0 0 0 0 0 0 0 0 0 0 0 0 0 0 0 0 0 0 0 0 0 0 0 0 0 0 0 0 0 0 0 0 0 0 0 0 0 0 0 0 0 0 0 0 0 0 0 0 0 0 0 0 0 0 0 0
7.08884e+37 7.49707e+35 1.87385e+33 6.221e+28 6.01307e+28 1.11982e+28 4.59772e+26 6.03467e+24 5.20999e+23 2.8679e+20 2.8679e+20 1.79576e+19 3.13356e+18 3.81384e+17 1.98758e+17 2.00373e+16 3.98737e+15 9.16259e+14 2.13519e+14 8.14175e+12 2.38011e+12 5.97454e+11 1.39903e+11 3.8882e+09 5.18388e+08 1.81559e+07 1.42856e+06 564354 6548 2071 1530 36 7 7 5 3 1 0 0 0 0 0 0 0 0 0 0 0 0 0 0 0 0 0 0 0 0 0 0 0 0 0 0 0 0 0 0 0 0 0 0 0 0 0 0 0 0 0 0 0 0 0 0 0 0 0 0 0 0 0 0 0 0 0 0
6.91129e+37 2.62294e+37 9.15987e+34 7.80383e+31 2.89174e+29 3.16482e+27 1.0108e+25 1.0108e+25 3.5619e+23 4.11916e+22 3.08104e+20 1.15103e+20 1.14243e+18 7.27614e+15 7.27614e+15 1.3758e+15 3.75549e+14 2.20137e+14 2.22992e+13 3.11427e+12 2.36187e+12 2.90863e+11 2.39655e+10 4.87387e+08 3.80657e+07 961807 568475 105650 6649 2344 1232 144 18 10 4 0 0 0 0 0 0 0 0 0 0 0 0 0 0 0 0 0 0 0 0 0 0 0 0 0 0 0 0 0 0 0 0 0 0 0 0 0 0 0 0 0 0 0 0 0 0 0 0 0 0 0 0 0 0 0 0 0 0 0 0
1.03149e+41 3.89163e+36 4.15498e+33 7.37187e+29 5.37446e+27 5.37446e+27 4.65371e+26 8.21559e+24 4.75501e+23 2.94877e+22 1.14605e+21 1.13572e+21 9.10443e+17 9.10443e+17 2.08422e+17 1.51733e+17 1.92351e+16 6.93674e+15 1.01142e+15 1.7389e+14 9.95501e+11 6.65236e+11 3.11551e+11 5.1616e+09 1.22949e+09 4.39136e+07 3.69449e+06 191705 191705 39730 7200 2887 112 16 5 3 1 0 0 0 0 0 0 0 0 0 0 0 0 0 0 0 0 0 0 0 0 0 0 0 0 0 0 0 0 0 0 0 0 0 0 0 0 0 0 0 0 0 0 0 0 0 0 0 0 0 0 0 0 0 0 0 0 0 0
2.95835e+40 1.93322e+34 2.41588e+31 4.25109e+30 2.10939e+29 1.12762e+27 1.12762e+27 1.12762e+27 8.41191e+22 3.56107e+22 3.56107e+22 5.5067e+21 3.44467e+20 9.05225e+18 2.29026e+18 1.60845e+17 4.78227e+15 1.14928e+15 2.57204e+14 1.71911e+14 1.13591e+13 3.08715e+10 1.01228e+10 1.01228e+10 7.77428e+08 7.54593e+07 7.42123e+06 358415 58706 33771 10668 1842 28 28 12 6 2 0 0 0 0 0 0 0 0 0 0 0 0 0 0 0 0 0 0 0 0 0 0 0 0 0 0 0 0 0 0 0 0 0 0 0 0 0 0 0 0 0 0 0 0 0 0 0 0 0 0 0 0 0 0 0 0 0 0
5.55193e+37 5.2055e+33 5.2055e+33 2.86463e+31 2.43075e+30 3.59234e+28 5.19912e+25 5.5537e+24 8.13914e+22 8.13914e+22 1.72512e+21 4.22831e+20 4.41249e+19 1.29033e+19 4.91856e+18 4.14368e+17 9.00788e+16 6.17556e+16 6.13638e+15 1.27855e+15 9.08437e+13 6.66054e+12 9.5767e+11 3.40144e+11 1.26966e+10 1.54409e+09 2.14642e+07 1.61286e+06 135224 63249 19652 1445 260 14 12 5 0 0 0 0 0 0 0 0 0 0 0 0 0 0 0 0 0 0 0 0 0 0 0 0 0 0 0 0 0 0 0 0 0 0 0 0 0 0 0 0 0 0 0 0 0 0 0 0 0 0 0 0 0 0 0 0 0 0 0
1.67989e+38 1.41291e+35 1.22711e+34 2.19263e+31 3.8847e+29 1.22197e+28 5.06402e+25 7.87362e+24 1.85398e+23 1.07207e+23 3.09078e+22 1.98359e+21 1.19793e+20 1.10205e+19 9.87263e+17 9.87263e+17 2.52268e+17 1.14485e+17 2.72674e+16 1.53754e+15 3.88805e+14 1.04386e+13 6.65212e+12 8.28911e+11 1.17777e+11 8.9111e+09 2.62183e+09 9.21289e+07 7.74919e+06 549129 155050 13586 5996 371 44 15 6 1 0 0 0 0 0 0 0 0 0 0 0 0 0 0 0 0 0 0 0 0 0 0 0 0 0 0 0 0 0 0 0 0 0 0 0 0 0 0 0 0 0 0 0 0 0 0 0 0 0 0 0 0 0 0 0 0 0
1.62704e+38 3.78815e+36 2.50899e+31 1.33697e+31 9.26148e+28 1.28064e+27 5.91026e+25 2.35849e+23 9.49456e+22 6.86462e+20 6.86462e+20 6.86462e+20 2.46848e+19 7.10137e+18 4.90283e+16 4.90283e+16 5.83022e+15 4.54879e+14 2.41348e+14 5.27134e+12 1.38753e+12 2.86356e+11 5.55408e+09 1.18888e+09 1.20586e+08 4.07905e+07 999521 141358 80367 580 428 139 18 14 5 2 0 0 0 0 0 0 0 0 0 0 0 0 0 0 0 0 0 0 0 0 0 0 0 0 0 0 0 0 0 0 0 0 0 0 0 0 0 0 0 0 0 0 0 0 0 0 0 0 0 0 0 0 0 0 0 0 0 0 0
5.59759e+41 8.79693e+35 1.09234e+35 1.54389e+31 9.9063e+28 3.07172e+27 1.38326e+27 4.41272e+25 2.41453e+23 1.09163e+22 1.08782e+21 9.84774e+20 3.18377e+19 1.79576e+17 1.79576e+17 3.01902e+16 3.01902e+16 3.49933e+15 4.56576e+14 1.30976e+13 8.27084e+12 1.15763e+12 6.09408e+10 8.68047e+07 8.68047e+07 3.35779e+07 1.08538e+07 2.25806e+06 168518 30166 3967 218 94 43 7 5 1 0 0 0 0 0 0 0 0 0 0 0 0 0 0 0 0 0 0 0 0 0 0 0 0 0 0 0 0 0 0 0 0 0 0 0 0 0 0 0 0 0 0 0 0 0 0 0 0 0 0 0 0 0 0 0 0 0 0
2.75054e+42 2.97579e+36 7.31831e+33 1.18603e+31 1.61316e+25 1.61316e+25 1.61316e+25 1.05275e+24 1.05275e+24 1.59584e+23 1.04113e+21 3.27301e+20 2.77966e+20 1.51222e+19 7.83389e+18 3.40803e+17 1.55875e+17 2.55768e+16 1.10009e+15 1.38009e+14 1.01091e+13 3.07474e+12 9.24346e+11 1.87496e+11 5.83735e+09 1.23159e+09 1.81675e+07 2.39328e+06 599066 13299 13299 2313 625 308 27 25 7 3 0 0 0 0 0 0 0 0 0 0 0 0 0 0 0 0 0 0 0 0 0 0 0 0 0 0 0 0 0 0 0 0 0 0 0 0 0 0 0 0 0 0 0 0 0 0 0 0 0 0 0 0 0 0 0 0 0
1.89929e+40 1.05488e+36 1.31593e+35 5.36214e+30 7.90035e+29 7.02321e+26 2.65011e+25 2.03068e+24 4.06413e+23 4.24081e+22 2.85424e+19 4.87206e+18 4.87206e+18 1.19589e+18 1.08072e+17 3.20807e+16 2.70763e+16 3.39896e+15 1.61949e+15 7.82387e+13 1.4886e+12 4.3954e+11 1.01436e+11 1.87103e+09 1.33507e+08 7.67415e+06 2.25697e+06 331686 68742 5384 748 312 59 21 8 3 1 0 0 0 0 0 0 0 0 0 0 0 0 0 0 0 0 0 0 0 0 0 0 0 0 0 0 0 0 0 0 0 0 0 0 0 0 0 0 0 0 0 0 0 0 0 0 0 0 0 0 0 0 0 0 0 0 0 0
4.42025e+39 5.81889e+31 7.29757e+30 2.69077e+29 2.89524e+27 2.89524e+27 2.02579e+25 8.76625e+22 6.80886e+22 1.01566e+22 4.99731e+19 1.40109e+19 9.44417e+17 9.01001e+17 2.87272e+17 2.95445e+16 4.75119e+15 2.40916e+14 7.91419e+13 2.66795e+13 1.70058e+12 1.70058e+12 3.52782e+11 6.6916e+10 4.07214e+09 2.06216e+08 6.70315e+06 4.21999e+06 197478 31612 11766 629 94 25 14 3 1 0 0 0 0 0 0 0 0 0 0 0 0 0 0 0 0 0 0 0 0 0 0 0 0 0 0 0 0 0 0 0 0 0 0 0 0 0 0 0 0 0 0 0 0 0 0 0 0 0 0 0 0 0 0 0 0 0 0
5.41729e+40 9.60141e+33 1.93987e+33 3.79199e+29 3.79199e+29 1.29085e+27 1.29085e+27 1.54219e+26 6.14871e+23 5.97703e+23 8.29595e+22 5.29424e+21 5.4925e+20 1.04165e+19 1.04165e+19 6.74514e+17 2.07136e+16 2.07136e+16 1.24127e+16 8.63954e+13 7.60684e+13 1.63331e+13 4.43273e+12 5.98453e+11 8.82102e+10 1.93538e+09 1.90624e+08 7.04022e+06 2.36863e+06 299540 136376 10563 10563 6303 2535 143 23 4 3 0 0 0 0 0 0 0 0 0 0 0 0 0 0 0 0 0 0 0 0 0 0 0 0 0 0 0 0 0 0 0 0 0 0 0 0 0 0 0 0 0 0 0 0 0 0 0 0 0 0 0 0 0 0 0 0
3.46985e+40 2.00152e+35 1.46825e+34 2.05355e+31 1.05074e+28 2.29775e+27 1.09402e+27 4.81291e+24 1.42162e+24 6.00843e+21 1.25756e+20 9.20943e+19 6.12373e+18 1.59592e+18 3.40597e+17 6.18869e+16 2.28644e+16 2.94308e+15 4.29161e+14 2.06526e+13 3.38123e+12 1.9511e+11 4.16116e+10 2.43502e+09 1.14312e+08 2.99474e+07 5.07532e+06 2.37386e+06 231389 24641 1683 708 29 13 8 5 0 0 0 0 0 0 0 0 0 0 0 0 0 0 0 0 0 0 0 0 0 0 0 0 0 0 0 0 0 0 0 0 0 0 0 0 0 0 0 0 0 0 0 0 0 0 0 0 0 0 0 0 0 0 0 0 0 0 0
5.40282e+37 3.27753e+36 1.02334e+33 1.12137e+31 2.17515e+29 1.23397e+27 1.30912e+25 1.30912e+25 2.58027e+23 2.58027e+23 1.09392e+22 1.40525e+21 3.09009e+20 5.7622e+17 9.38872e+16 9.38872e+16 6.47006e+16 1.59569e+16 1.83658e+15 1.55749e+14 3.14596e+12 3.14596e+12 4.14998e+11 2.19307e+11 1.77133e+10 1.18884e+09 6.8234e+06 1.34718e+06 94630 8208 2707 1053 176 65 18 9 3 1 0 0 0 0 0 0 0 0 0 0 0 0 0 0 0 0 0 0 0 0 0 0 0 0 0 0 0 0 0 0 0 0 0 0 0 0 0 0 0 0 0 0 0 0 0 0 0 0 0 0 0 0 0 0 0 0 0
3.15043e+39 2.60173e+37 1.67733e+31 1.91044e+30 4.53729e+28 4.03381e+27 1.74606e+27 1.46728e+24 1.46728e+24 1.46422e+23 6.52571e+22 4.16615e+20 1.44062e+20 3.49885e+18 1.80698e+17 1.00527e+17 1.44818e+16 2.96063e+15 5.17903e+14 3.35769e+13 5.88661e+12 4.30181e+11 4.30181e+11 1.5839e+10 2.51085e+09 4.64865e+07 1.54654e+07 108887 9318 2723 1811 82 82 19 5 3 0 0 0 0 0 0 0 0 0 0 0 0 0 0 0 0 0 0 0 0 0 0 0 0 0 0 0 0 0 0 0 0 0 0 0 0 0 0 0 0 0 0 0 0 0 0 0 0 0 0 0 0 0 0 0 0 0 0 0
7.63669e+39 8.69865e+37 2.60285e+35 9.88012e+29 8.4169e+29 1.22694e+28 2.11594e+27 2.68721e+25 2.24497e+23 4.52935e+22 1.31919e+21 2.51599e+20 3.62561e+18 2.46752e+18 4.85279e+17 5.63987e+16 3.39222e+16 2.2843e+15 2.2843e+15 1.65886e+14 4.68591e+12 2.26245e+12 1.65308e+12 4.34754e+10 3.01691e+09 1.27141e+09 1.18686e+07 3.86564e+06 129712 44215 7596 4586 727 61 6 6 2 1 0 0 0 0 0 0 0 0 0 0 0 0 0 0 0 0 0 0 0 0 0 0 0 0 0 0 0 0 0 0 0 0 0 0 0 0 0 0 0 0 0 0 0 0 0 0 0 0 0 0 0 0 0 0 0 0 0
2.11677e+40 3.2689e+36 4.33544e+34 1.67317e+30 7.81143e+28 1.84555e+28 2.3994e+25 1.05408e+24 4.31998e+22 9.25404e+21 5.51726e+19 2.14958e+19 1.27309e+19 4.00014e+17 4.00014e+17 3.21619e+16 3.17034e+15 2.313e+15 1.56188e+15 1.80543e+13 2.33449e+12 8.80949e+11 3.43139e+10 1.70438e+10 4.44525e+08 5.71044e+07 2.1449e+06 164998 52415 4872 1482 510 84 15 8 1 0 0 0 0 0 0 0 0 0 0 0 0 0 0 0 0 0 0 0 0 0 0 0 0 0 0 0 0 0 0 0 0 0 0 0 0 0 0 0 0 0 0 0 0 0 0 0 0 0 0 0 0 0 0 0 0 0 0 0
3.68807e+38 8.14742e+35 3.40808e+32 1.69318e+31 1.18514e+30 8.01694e+29 1.0621e+28 3.47847e+26 3.25119e+24 1.21513e+22 1.21513e+22 2.40584e+20 2.34564e+19 5.62682e+17 1.05977e+17 1.05977e+17 2.72823e+16 3.92279e+15 1.02863e+15 3.42737e+13 1.32258e+13 1.07014e+12 4.96236e+11 1.02642e+11 8.5829e+09 4.6147e+07 2.07412e+07 4.02506e+06 479042 93518 11896 1039 931 53 17 5 3 0 0 0 0 0 0 0 0 0 0 0 0 0 0 0 0 0 0 0 0 0 0 0 0 0 0 0 0 0 0 0 0 0 0 0 0 0 0 0 0 0 0 0 0 0 0 0 0 0 0 0 0 0 0 0 0 0 0
1.13296e+41 3.57529e+37 2.32404e+33 1.73085e+31 4.03479e+29 1.28251e+27 6.75297e+26 1.25995e+26 1.72577e+23 1.72577e+23 7.72051e+21 1.26105e+21 1.19644e+20 1.27963e+19 1.03443e+18 5.26598e+15 5.26598e+15 1.92471e+15 8.83992e+14 2.52265e+14 6.50382e+12 3.5453e+11 2.30868e+11 1.0099e+10 1.99314e+09 1.04299e+08 8.0095e+06 443427 79703 1408 585 55 55 24 18 10 1 0 0 0 0 0 0 0 0 0 0 0 0 0 0 0 0 0 0 0 0 0 0 0 0 0 0 0 0 0 0 0 0 0 0 0 0 0 0 0 0 0 0 0 0 0 0 0 0 0 0 0 0 0 0 0 0 0 0
2.60856e+41 1.26969e+36 2.82173e+34 2.92402e+28 2.92402e+28 1.31755e+26 1.31755e+26 4.33294e+24 3.7127e+21 3.46827e+21 7.47669e+20 1.18183e+19 2.19957e+18 9.95333e+17 9.95333e+17 1.9356e+17 1.26854e+16 1.059e+16 1.88183e+15 5.21533e+14 1.76915e+13 1.22063e+13 3.6651e+11 1.27776e+11 2.10584e+10 9.20771e+08 1.77249e+08 3.56508e+07 485182 265080 12087 9854 1478 525 29 6 4 0 0 0 0 0 0 0 0 0 0 0 0 0 0 0 0 0 0 0 0 0 0 0 0 0 0 0 0 0 0 0 0 0 0 0 0 0 0 0 0 0 0 0 0 0 0 0 0 0 0 0 0 0 0 0 0 0 0
4.97854e+41 4.58503e+37 2.32541e+34 2.96482e+30 5.48691e+28 1.09735e+28 8.55869e+26 3.90752e+25 1.23431e+25 1.53213e+23 2.9143e+22 3.41461e+20 2.89519e+20 1.76396e+19 7.27517e+18 6.83023e+17 5.03883e+17 4.04121e+16 2.52347e+16 8.7793e+15 1.79569e+14 2.21175e+13 6.17106e+12 1.55037e+11 1.55037e+11 2.29263e+10 8.97913e+08 1.21346e+08 4.02755e+07 2.302e+06 156298 25394 772 772 262 33 9 3 1 0 0 0 0 0 0 0 0 0 0 0 0 0 0 0 0 0 0 0 0 0 0 0 0 0 0 0 0 0 0 0 0 0 0 0 0 0 0 0 0 0 0 0 0 0 0 0 0 0 0 0 0 0 0 0 0
2.58885e+40 2.29775e+33 2.29775e+33 1.19609e+31 1.01291e+30 4.30959e+27 1.49654e+26 6.52977e+24 1.03275e+24 8.36996e+22 8.36996e+22 9.73146e+21 2.91844e+19 7.86721e+18 8.20972e+17 5.70038e+16 4.59506e+16 4.77495e+15 5.20404e+14 7.25091e+13 1.12584e+12 7.40266e+11 2.13122e+10 2.53263e+09 2.04136e+08 4.08673e+07 286967 99294 24081 1612 151 110 22 11 3 2 0 0 0 0 0 0 0 0 0 0 0 0 0 0 0 0 0 0 0 0 0 0 0 0 0 0 0 0 0 0 0 0 0 0 0 0 0 0 0 0 0 0 0 0 0 0 0 0 0 0 0 0 0 0 0 0 0 0 0
8.50417e+39 5.65251e+36 7.24879e+33 5.45028e+30 5.28834e+28 3.60958e+28 1.677e+27 7.73967e+25 9.67763e+24 1.14955e+22 2.27484e+21 5.11187e+20 5.65468e+19 2.19475e+18 2.4478e+17 2.4478e+17 8.85209e+16 4.15678e+16 1.29467e+16 3.64943e+14 1.63386e+13 7.17601e+12 4.85814e+12 3.69941e+11 1.19875e+11 9.16657e+09 1.73065e+08 9.2623e+06 2.18639e+06 39406 20498 8330 1647 732 29 12 3 3 0 0 0 0 0 0 0 0 0 0 0 0 0 0 0 0 0 0 0 0 0 0 0 0 0 0 0 0 0 0 0 0 0 0 0 0 0 0 0 0 0 0 0 0 0 0 0 0 0 0 0 0 0 0 0 0 0
4.11118e+40 3.57605e+34 3.24049e+34 1.72875e+31 2.03544e+30 2.96588e+29 1.12704e+27 8.11316e+26 8.77334e+24 3.1361e+24 1.07008e+21 1.07008e+21 6.46442e+20 5.65113e+19 6.5205e+17 3.07603e+17 5.23793e+16 4.12276e+15 7.8916e+14 1.98915e+14 2.45626e+13 1.00579e+13 1.47438e+12 2.6231e+11 3.37393e+09 4.86954e+08 1.69211e+07 5.37452e+06 370146 87534 65418 5840 1565 71 50 21 3 2 0 0 0 0 0 0 0 0 0 0 0 0 0 0 0 0 0 0 0 0 0 0 0 0 0 0 0 0 0 0 0 0 0 0 0 0 0 0 0 0 0 0 0 0 0 0 0 0 0 0 0 0 0 0 0 0 0
