16858.2 5747.41 4541.8 3461.47 1421.53 1023.68 641.52 187.827 130.639 73.696 55.0756 31.4222 17.0076 11.6393 5.11476 3.09843 1.04647 0.418705 0.252321 0.0459252 0.0459252 0.0270527 0.00711015 0.00427036 0.00099752 0.000706772 0.000263885 3.60341e-05 1.74827e-05 5.76794e-06 3.37389e-06 4.77623e-07 3.51491e-07 1.23252e-07 4.84208e-08 1.78535e-08 0 0 0 0 0 0 0 0 0 0 0 0 0 0 0 0 0 0 0 0 0 0 0 0 0 0 0 0 0 0 0 0 0 0 0 0 0 0 0 0 0 0 0 0 0 0 0 0 0 0 0 0 0 0 0 0 0 0 0 0
11196.9 11196.9 7243.98 3633.72 1802.71 560.747 560.393 313.937 150.73 80.9316 43.1424 24.9482 17.4363 4.87396 3.8232 1.66869 1.36667 0.704526 0.40991 0.064504 0.0622167 0.027608 0.0146797 0.00426268 0.00219274 0.000881796 0.000364047 6.40951e-05 1.81968e-05 1.024e-05 3.4789e-06 1.02371e-06 2.9235e-07 2.19436e-07 5.64044e-08 2.54037e-08 0 0 0 0 0 0 0 0 0 0 0 0 0 0 0 0 0 0 0 0 0 0 0 0 0 0 0 0 0 0 0 0 0 0 0 0 0 0 0 0 0 0 0 0 0 0 0 0 0 0 0 0 0 0 0 0 0 0 0 0
20454.1 9259.35 9259.35 3849.64 2778.63 1814.55 927.358 343.42 343.42 127.172 47.5692 44.2593 23.2243 9.40194 5.48393 3.87085 1.26874 0.827037 0.41745 0.138296 0.0525396 0.0198187 0.0198187 0.00728317 0.00265773 0.00150031 0.000636278 0.000136178 3.436e-05 2.05231e-05 4.41538e-06 2.77231e-06 6.00618e-07 2.16739e-07 1.1092e-07 6.62304e-08 1.83477e-08 0 0 0 0 0 0 0 0 0 0 0 0 0 0 0 0 0 0 0 0 0 0 0 0 0 0 0 0 0 0 0 0 0 0 0 0 0 0 0 0 0 0 0 0 0 0 0 0 0 0 0 0 0 0 0 0 0 0 0
16169.7 12333.3 12333.3 4147.04 1810.49 1810.49 761.365 309.97 259.974 128.331 74.1921 46.8153 34.5663 9.50473 5.9195 2.76021 2.12863 0.891704 0.374033 0.204953 0.10391 0.0465078 0.0119846 0.00642055 0.0036635 0.00121211 0.00055973 7.2986e-05 3.10088e-05 1.29418e-05 2.62503e-06 2.36738e-06 9.12785e-07 3.37655e-07 1.20471e-07 2.24417e-08 1.35284e-08 0 0 0 0 0 0 0 0 0 0 0 0 0 0 0 0 0 0 0 0 0 0 0 0 0 0 0 0 0 0 0 0 0 0 0 0 0 0 0 0 0 0 0 0 0 0 0 0 0 0 0 0 0 0 0 0 0 0 0
7645.39 7645.39 5611.5 2599.87 2439.84 799.92 737.374 301.41 135.299 64.7282 57.7421 40.6962 17.3974 11.2873 2.91299 1.66066 1.58022 0.808171 0.365079 0.111117 0.0498082 0.0337594 0.0159382 0.00710715 0.00347617 0.00113417 0.000447176 0.000108846 4.16228e-05 7.93311e-06 7.39527e-06 2.43052e-06 1.11976e-06 3.34101e-07 2.0233e-07 5.84596e-08 1.91275e-08 0 0 0 0 0 0 0 0 0 0 0 0 0 0 0 0 0 0 0 0 0 0 0 0 0 0 0 0 0 0 0 0 0 0 0 0 0 0 0 0 0 0 0 0 0 0 0 0 0 0 0 0 0 0 0 0 0 0 0
12111.3 10801.9 10801.9 3780.67 2022.05 1623.06 1063.18 697.562 129.121 129.121 98.7904 38.0661 17.0855 17.0855 7.22948 2.78106 1.48739 1.30873 0.406693 0.166159 0.0754774 0.0364428 0.0174645 0.00362196 0.00348332 0.00113472 0.000561375 7.17589e-05 1.84412e-05 9.74802e-06 6.45015e-06 1.95029e-06 5.79886e-07 1.34727e-07 6.56157e-08 2.05729e-08 1.20666e-08 0 0 0 0 0 0 0 0 0 0 0 0 0 0 0 0 0 0 0 0 0 0 0 0 0 0 0 0 0 0 0 0 0 0 0 0 0 0 0 0 0 0 0 0 0 0 0 0 0 0 0 0 0 0 0 0 0 0 0
17295.4 14146.2 10289.5 3402.28 2223.92 1278.41 1023.82 581.356 117.476 109.943 86.7855 27.0077 22.4402 13.0314 4.77878 3.11802 1.604 0.532914 0.26524 0.152112 0.0430279 0.0217187 0.00785749 0.00313351 0.0019584 0.000713195 0.000340056 7.91798e-05 1.97037e-05 1.10064e-05 3.42813e-06 1.59874e-06 6.69558e-07 2.46627e-07 1.04923e-07 4.17607e-08 1.42402e-08 0 0 0 0 0 0 0 0 0 0 0 0 0 0 0 0 0 0 0 0 0 0 0 0 0 0 0 0 0 0 0 0 0 0 0 0 0 0 0 0 0 0 0 0 0 0 0 0 0 0 0 0 0 0 0 0 0 0 0
17422.2 3766.79 3766.79 3196.77 1908 997.01 640.963 305.949 238.966 64.1611 64.1611 22.6104 17.8539 11.0816 5.98638 2.80402 1.11521 0.329167 0.329167 0.0686017 0.0443072 0.0191093 0.00405306 0.00388265 0.00171246 0.000190708 0.000190708 4.87397e-05 1.17278e-05 6.73369e-06 2.47094e-06 6.46958e-07 3.36946e-07 1.0145e-07 3.52669e-08 1.52855e-08 0 0 0 0 0 0 0 0 0 0 0 0 0 0 0 0 0 0 0 0 0 0 0 0 0 0 0 0 0 0 0 0 0 0 0 0 0 0 0 0 0 0 0 0 0 0 0 0 0 0 0 0 0 0 0 0 0 0 0 0
23356.5 9802.03 8134.12 5272.46 2889.46 1838.92 1122.93 602.872 366.909 259.903 134.782 45.4067 32.2371 20.9727 5.84601 3.00055 3.00055 1.05858 0.603917 0.293488 0.164436 0.0427367 0.0166233 0.0112534 0.00204226 0.00204226 0.000899723 0.00010593 5.16746e-05 1.46293e-05 6.27755e-06 2.8382e-06 5.7286e-07 3.87177e-07 9.66429e-08 4.927e-08 1.75893e-08 0 0 0 0 0 0 0 0 0 0 0 0 0 0 0 0 0 0 0 0 0 0 0 0 0 0 0 0 0 0 0 0 0 0 0 0 0 0 0 0 0 0 0 0 0 0 0 0 0 0 0 0 0 0 0 0 0 0 0
27013.3 11052.4 11052.4 4822.06 3715.33 1599.14 982.692 725.907 273.411 171.781 127.331 55.461 28.2659 7.23977 2.97788 2.97788 1.74894 0.793122 0.503127 0.215721 0.0696418 0.0411867 0.0155583 0.00604502 0.000949532 0.000949532 0.000563902 0.000101497 4.59188e-05 1.13114e-05 2.87323e-06 7.4821e-07 7.4821e-07 3.00174e-07 1.24632e-07 5.13673e-08 1.38829e-08 0 0 0 0 0 0 0 0 0 0 0 0 0 0 0 0 0 0 0 0 0 0 0 0 0 0 0 0 0 0 0 0 0 0 0 0 0 0 0 0 0 0 0 0 0 0 0 0 0 0 0 0 0 0 0 0 0 0 0
14377.2 7036.14 7036.14 2181.03 2043.1 972.34 429.118 311.763 199.769 148.799 101.749 41.7181 16.7661 16.7661 9.50603 4.11315 1.28443 0.750408 0.259268 0.167543 0.12268 0.0230467 0.0154291 0.0064432 0.00301083 0.00125195 0.000345655 6.46108e-05 1.69085e-05 1.24567e-05 3.7879e-06 1.98287e-06 8.749e-07 2.40472e-07 1.38266e-07 4.19583e-08 1.61895e-08 0 0 0 0 0 0 0 0 0 0 0 0 0 0 0 0 0 0 0 0 0 0 0 0 0 0 0 0 0 0 0 0 0 0 0 0 0 0 0 0 0 0 0 0 0 0 0 0 0 0 0 0 0 0 0 0 0 0 0
24637 9088.62 9088.62 1049.08 1049.08 885.765 650.308 319.65 273.05 128.927 56.7397 25.128 25.128 13.8225 2.74187 2.74187 1.57678 0.87961 0.332497 0.117748 0.0527786 0.0197075 0.00958464 0.00496222 0.0013686 0.000662976 0.000410898 4.22969e-05 1.98035e-05 7.2698e-06 2.19447e-06 1.40371e-06 4.41164e-07 1.48915e-07 4.13003e-08 2.19897e-08 0 0 0 0 0 0 0 0 0 0 0 0 0 0 0 0 0 0 0 0 0 0 0 0 0 0 0 0 0 0 0 0 0 0 0 0 0 0 0 0 0 0 0 0 0 0 0 0 0 0 0 0 0 0 0 0 0 0 0 0
26265.8 14791.9 10202.8 3961.21 1975.82 819.314 338.793 311.32 253.62 187.408 76.5098 44.4113 15.6007 14.5388 5.71427 2.06699 1.10436 0.69886 0.355757 0.181144 0.0775507 0.0400451 0.0163307 0.00334194 0.00240906 0.00113303 0.000428033 4.95423e-05 3.73223e-05 8.31192e-06 5.17332e-06 2.31926e-06 4.66676e-07 2.05862e-07 7.05098e-08 2.37033e-08 0 0 0 0 0 0 0 0 0 0 0 0 0 0 0 0 0 0 0 0 0 0 0 0 0 0 0 0 0 0 0 0 0 0 0 0 0 0 0 0 0 0 0 0 0 0 0 0 0 0 0 0 0 0 0 0 0 0 0 0
28911.8 20346.5 8854.03 5278.29 1900.93 1441.49 750.281 478.65 171.639 62.2812 62.2812 62.2812 33.2823 23.0974 6.81583 6.08795 1.67064 1.32898 0.307985 0.307985 0.141235 0.056551 0.0194972 0.00710854 0.00366607 0.00153165 0.000493563 0.000130183 2.82361e-05 1.54022e-05 4.79898e-06 1.62157e-06 4.58727e-07 2.44922e-07 1.12257e-07 2.31357e-08 1.4413e-08 0 0 0 0 0 0 0 0 0 0 0 0 0 0 0 0 0 0 0 0 0 0 0 0 0 0 0 0 0 0 0 0 0 0 0 0 0 0 0 0 0 0 0 0 0 0 0 0 0 0 0 0 0 0 0 0 0 0 0
15141.4 15141.4 12578.7 3848.89 2439.85 1479.5 962.001 437.43 233.602 93.1105 84.4586 36.9433 17.762 7.52414 5.03332 2.3791 1.02737 0.59582 0.279223 0.220266 0.114102 0.0225889 0.0147084 0.00577124 0.0030893 0.000265291 0.000265291 0.000109325 4.78939e-05 1.43354e-05 7.91642e-06 2.74832e-06 1.06992e-06 5.63354e-07 9.96968e-08 4.08425e-08 1.45001e-08 0 0 0 0 0 0 0 0 0 0 0 0 0 0 0 0 0 0 0 0 0 0 0 0 0 0 0 0 0 0 0 0 0 0 0 0 0 0 0 0 0 0 0 0 0 0 0 0 0 0 0 0 0 0 0 0 0 0 0
22920.1 12371 12157.6 2203.9 2170 1392.66 356.029 251.612 168.165 116.973 54.1455 43.2883 6.7378 6.7378 6.7378 5.98228 2.19519 1.50172 1.00151 0.368058 0.131874 0.0612695 0.0277284 0.0147646 0.00667375 0.00266468 0.000931001 0.000142491 4.64692e-05 1.40372e-05 6.13831e-06 3.54757e-06 1.6083e-06 2.52987e-07 1.42572e-07 3.9327e-08 1.0889e-08 0 0 0 0 0 0 0 0 0 0 0 0 0 0 0 0 0 0 0 0 0 0 0 0 0 0 0 0 0 0 0 0 0 0 0 0 0 0 0 0 0 0 0 0 0 0 0 0 0 0 0 0 0 0 0 0 0 0 0
43048 17086.4 9332.13 3886.5 2044.31 816.131 374.998 94.8794 94.8794 94.8794 58.7967 38.5012 13.4833 9.96034 3.98691 2.04081 1.24151 0.687639 0.309342 0.129295 0.035267 0.0339698 0.0117371 0.00403756 0.00174428 0.00118749 0.000345238 8.22908e-05 2.653e-05 1.26667e-05 4.03132e-06 1.60873e-06 4.5117e-07 1.45457e-07 6.41583e-08 2.85522e-08 0 0 0 0 0 0 0 0 0 0 0 0 0 0 0 0 0 0 0 0 0 0 0 0 0 0 0 0 0 0 0 0 0 0 0 0 0 0 0 0 0 0 0 0 0 0 0 0 0 0 0 0 0 0 0 0 0 0 0 0
21079.5 7963.28 7963.28 6466.63 4385.24 1583.42 521.935 493.472 338.061 260.551 158.907 43.2309 36.8411 15.2283 12.947 5.66685 2.65335 1.03953 0.480351 0.262573 0.143802 0.0662598 0.0225402 0.00811187 0.00312547 0.00214413 0.000520618 0.000109877 5.03162e-05 2.20357e-05 6.60819e-06 2.34659e-06 9.51285e-07 3.83735e-07 8.77932e-08 2.531e-08 1.28209e-08 0 0 0 0 0 0 0 0 0 0 0 0 0 0 0 0 0 0 0 0 0 0 0 0 0 0 0 0 0 0 0 0 0 0 0 0 0 0 0 0 0 0 0 0 0 0 0 0 0 0 0 0 0 0 0 0 0 0 0
18461.3 9449 7564.44 2959.25 1433.29 1433.29 683.948 575.512 226.733 192.63 45.5111 45.5111 24.1946 11.7959 8.13211 5.65048 0.862934 0.862934 0.637521 0.168399 0.101722 0.0428208 0.0237734 0.0101093 0.00191499 0.00181246 0.000648801 0.000110844 5.76543e-05 2.69157e-05 1.03058e-05 3.27853e-06 1.32599e-06 5.76168e-07 1.58629e-07 5.05725e-08 2.64419e-08 0 0 0 0 0 0 0 0 0 0 0 0 0 0 0 0 0 0 0 0 0 0 0 0 0 0 0 0 0 0 0 0 0 0 0 0 0 0 0 0 0 0 0 0 0 0 0 0 0 0 0 0 0 0 0 0 0 0 0
19042.1 8465.97 8465.97 4170.2 3496.68 894.781 522.511 489.734 309.506 120.372 92.5582 28.5214 15.2153 13.0576 6.78548 3.44217 1.23607 0.633707 0.507001 0.157746 0.0736771 0.028766 0.0105873 0.00591092 0.00333055 0.00156233 0.000578336 6.78045e-05 3.84883e-05 1.28126e-05 6.03519e-06 1.48757e-06 1.06166e-06 3.21129e-07 8.1297e-08 4.67417e-08 1.9479e-08 0 0 0 0 0 0 0 0 0 0 0 0 0 0 0 0 0 0 0 0 0 0 0 0 0 0 0 0 0 0 0 0 0 0 0 0 0 0 0 0 0 0 0 0 0 0 0 0 0 0 0 0 0 0 0 0 0 0 0
27330.8 13565.8 7389.66 3018.44 2457.87 1247.26 566.668 178.636 142.683 112.996 74.3004 33.6705 16.9598 6.45175 3.26433 2.83449 0.752282 0.752282 0.581165 0.212127 0.0731352 0.03553 0.0177318 0.00671157 0.0028983 0.00109714 0.000445014 9.45576e-05 2.88372e-05 8.77131e-06 5.7996e-06 1.4859e-06 5.8539e-07 2.4584e-07 6.32357e-08 2.72312e-08 0 0 0 0 0 0 0 0 0 0 0 0 0 0 0 0 0 0 0 0 0 0 0 0 0 0 0 0 0 0 0 0 0 0 0 0 0 0 0 0 0 0 0 0 0 0 0 0 0 0 0 0 0 0 0 0 0 0 0 0
23729.1 14886 4864.21 2416.92 2416.92 1746.92 472.44 220.142 112.595 112.595 73.6691 54.6862 15.0379 11.9025 4.8828 1.7934 1.45835 1.01464 0.537159 0.32396 0.0638926 0.0330172 0.0136666 0.00774473 0.00292019 0.00102988 0.000559249 8.94606e-05 2.9673e-05 1.0074e-05 2.59251e-06 1.42461e-06 3.63969e-07 1.60697e-07 7.01577e-08 3.17779e-08 0 0 0 0 0 0 0 0 0 0 0 0 0 0 0 0 0 0 0 0 0 0 0 0 0 0 0 0 0 0 0 0 0 0 0 0 0 0 0 0 0 0 0 0 0 0 0 0 0 0 0 0 0 0 0 0 0 0 0 0
23852.5 13621 13488.7 2517.53 2147.97 1111.21 688.07 433.496 269.957 201.813 79.4334 14.496 14.461 9.86794 3.83731 2.64777 1.29439 0.763299 0.514518 0.172389 0.0862271 0.0347328 0.0196713 0.0102343 0.00359637 0.000780489 0.0007253 8.15376e-05 4.32971e-05 2.30411e-05 9.73218e-06 3.06614e-06 9.6002e-07 2.62895e-07 1.11538e-07 5.54589e-08 1.51804e-08 0 0 0 0 0 0 0 0 0 0 0 0 0 0 0 0 0 0 0 0 0 0 0 0 0 0 0 0 0 0 0 0 0 0 0 0 0 0 0 0 0 0 0 0 0 0 0 0 0 0 0 0 0 0 0 0 0 0 0
25200.6 10494.6 10494.6 2338.81 2338.81 984.296 836.182 373.282 373.282 245.799 135.797 47.5728 30.1006 12.1553 7.55084 4.24992 1.43431 0.951874 0.538581 0.193936 0.0786144 0.0284363 0.0246189 0.00462606 0.00308904 0.00161587 0.000607245 8.7239e-05 3.68748e-05 4.01125e-06 4.01125e-06 3.25288e-06 7.19751e-07 3.21841e-07 1.1632e-07 4.44095e-08 0 0 0 0 0 0 0 0 0 0 0 0 0 0 0 0 0 0 0 0 0 0 0 0 0 0 0 0 0 0 0 0 0 0 0 0 0 0 0 0 0 0 0 0 0 0 0 0 0 0 0 0 0 0 0 0 0 0 0 0
16546.2 8321.58 8321.58 3032.58 1407.49 499.298 499.298 499.298 263.883 149.057 73.8212 23.1387 13.2896 12.7623 4.12161 3.3204 1.46387 0.711796 0.279322 0.232226 0.0861037 0.033343 0.0202969 0.00569539 0.00254981 0.00173663 0.000593717 7.07487e-05 3.64016e-05 1.09264e-05 4.81441e-06 7.3741e-07 4.4955e-07 9.32781e-08 5.9828e-08 1.99599e-08 1.13967e-08 0 0 0 0 0 0 0 0 0 0 0 0 0 0 0 0 0 0 0 0 0 0 0 0 0 0 0 0 0 0 0 0 0 0 0 0 0 0 0 0 0 0 0 0 0 0 0 0 0 0 0 0 0 0 0 0 0 0 0
22670.5 15009.1 2017.73 2017.73 1486.64 1311.19 1187.23 437.018 133.07 64.0923 49.4508 47.1191 26.947 9.67709 6.99761 4.49698 1.95625 0.968593 0.31958 0.136422 0.0618757 0.0544206 0.0220518 0.00515266 0.00280849 0.00103406 0.000639159 0.000111219 2.84905e-05 1.61328e-05 7.57465e-06 3.5236e-06 1.24043e-06 3.55686e-07 1.27343e-07 2.40721e-08 1.46537e-08 0 0 0 0 0 0 0 0 0 0 0 0 0 0 0 0 0 0 0 0 0 0 0 0 0 0 0 0 0 0 0 0 0 0 0 0 0 0 0 0 0 0 0 0 0 0 0 0 0 0 0 0 0 0 0 0 0 0 0
20416.7 11673.2 8785.44 2667.23 2129.75 687.081 687.081 467.623 243.685 193.671 92.5115 59.1987 22.0874 12.026 6.2978 3.55182 2.08272 1.40726 0.474663 0.129019 0.129019 0.0523686 0.0265979 0.00799623 0.00343918 0.00219016 0.00048129 0.000112766 6.71127e-05 3.49071e-05 1.09274e-05 1.67347e-06 1.18484e-06 6.56481e-07 1.61732e-07 7.03167e-08 1.94688e-08 0 0 0 0 0 0 0 0 0 0 0 0 0 0 0 0 0 0 0 0 0 0 0 0 0 0 0 0 0 0 0 0 0 0 0 0 0 0 0 0 0 0 0 0 0 0 0 0 0 0 0 0 0 0 0 0 0 0 0
19862.7 19167.2 6191.92 4310.94 3042.55 1967.37 925.35 591.65 228.882 166.239 80.803 37.604 21.5455 14.5499 6.64312 4.91206 1.56737 0.443054 0.443054 0.14817 0.0425684 0.0324115 0.0113394 0.00913909 0.00205072 0.00149806 0.000282082 1.34485e-05 1.34485e-05 7.82409e-06 4.71179e-06 1.14537e-06 9.84275e-07 3.7295e-07 1.19413e-07 4.79552e-08 1.19847e-08 0 0 0 0 0 0 0 0 0 0 0 0 0 0 0 0 0 0 0 0 0 0 0 0 0 0 0 0 0 0 0 0 0 0 0 0 0 0 0 0 0 0 0 0 0 0 0 0 0 0 0 0 0 0 0 0 0 0 0
10960.3 10960.3 6409.87 4006.66 3614.83 1524.08 1163.73 516.395 444.149 197.736 147.335 39.2069 39.2069 13.8441 6.57501 4.1046 3.13471 1.09405 0.648348 0.251475 0.175413 0.0544282 0.0239763 0.0139202 0.00409292 0.00173447 0.000292715 0.000131837 3.20454e-05 1.51671e-05 6.136e-06 4.71666e-06 1.48857e-06 4.74887e-07 1.14701e-07 5.20851e-08 0 0 0 0 0 0 0 0 0 0 0 0 0 0 0 0 0 0 0 0 0 0 0 0 0 0 0 0 0 0 0 0 0 0 0 0 0 0 0 0 0 0 0 0 0 0 0 0 0 0 0 0 0 0 0 0 0 0 0 0
21491.4 19840 11415.2 5277.61 2699.64 1854.07 313.464 291.024 291.024 228.552 77.6219 49.3648 16.0402 15.1938 10.5304 4.40894 2.65942 1.0243 0.4591 0.24201 0.139706 0.0751278 0.0227785 0.0166746 0.00555359 0.00200997 0.000809239 9.70782e-05 4.73866e-05 2.26714e-05 5.43926e-06 2.65529e-06 9.90013e-07 3.70183e-07 1.30739e-07 5.62388e-08 1.33964e-08 0 0 0 0 0 0 0 0 0 0 0 0 0 0 0 0 0 0 0 0 0 0 0 0 0 0 0 0 0 0 0 0 0 0 0 0 0 0 0 0 0 0 0 0 0 0 0 0 0 0 0 0 0 0 0 0 0 0 0
23001.6 12674.1 4975.1 3361.89 2233.22 1009.49 551.539 440.332 219.016 74.9413 74.9413 37.725 16.0456 10.7075 7.72847 3.7381 1.47576 0.666938 0.394138 0.189052 0.0801145 0.0244184 0.0231457 0.00642632 0.00360707 0.00140577 0.000644087 6.7319e-05 2.75806e-05 1.53105e-05 7.10477e-06 2.13833e-06 6.87152e-07 2.99134e-07 7.71438e-08 3.61926e-08 1.17661e-08 0 0 0 0 0 0 0 0 0 0 0 0 0 0 0 0 0 0 0 0 0 0 0 0 0 0 0 0 0 0 0 0 0 0 0 0 0 0 0 0 0 0 0 0 0 0 0 0 0 0 0 0 0 0 0 0 0 0 0
28272.1 23153.8 15435.8 6129.47 3303.57 2670.71 819.57 467.125 194.798 194.798 112.651 52.4572 37.3638 9.43191 9.43191 7.58397 2.22806 0.854064 0.411527 0.203656 0.0419078 0.0419078 0.0295858 0.0043166 0.0043166 0.00192954 0.0010989 0.000125701 5.51253e-05 1.84737e-05 5.58741e-06 3.44793e-06 1.2059e-06 4.2718e-07 1.27751e-07 8.23121e-08 1.51783e-08 0 0 0 0 0 0 0 0 0 0 0 0 0 0 0 0 0 0 0 0 0 0 0 0 0 0 0 0 0 0 0 0 0 0 0 0 0 0 0 0 0 0 0 0 0 0 0 0 0 0 0 0 0 0 0 0 0 0 0
22528.2 13460.9 9647.98 3040.42 1772.89 774.163 774.163 465.586 153.072 60.7291 55.2482 40.5983 19.5731 16.6146 5.47253 2.81222 1.40593 0.410171 0.224146 0.153568 0.0695956 0.0515939 0.00901455 0.00521701 0.00260498 0.00141061 0.000539683 6.89228e-05 2.09487e-05 1.35331e-05 4.81696e-06 1.13395e-06 4.9339e-07 2.30125e-07 8.96435e-08 2.22169e-08 1.077e-08 0 0 0 0 0 0 0 0 0 0 0 0 0 0 0 0 0 0 0 0 0 0 0 0 0 0 0 0 0 0 0 0 0 0 0 0 0 0 0 0 0 0 0 0 0 0 0 0 0 0 0 0 0 0 0 0 0 0 0
19807.4 10053.2 8671.13 2957.23 1648.76 1004 854.541 391 335.481 119.595 111.239 45.0719 27.6909 13.4618 7.18322 2.86747 2.05683 0.981994 0.408967 0.187453 0.112937 0.0478157 0.0228978 0.00560281 0.00500227 0.00187089 0.000707472 0.000123111 3.66062e-05 1.35978e-05 4.6288e-06 3.10944e-06 7.90366e-07 2.788e-07 1.6261e-07 4.6866e-08 2.25696e-08 0 0 0 0 0 0 0 0 0 0 0 0 0 0 0 0 0 0 0 0 0 0 0 0 0 0 0 0 0 0 0 0 0 0 0 0 0 0 0 0 0 0 0 0 0 0 0 0 0 0 0 0 0 0 0 0 0 0 0
24134.1 22067 9683.62 4326.91 1119.35 1119.35 617.981 617.981 238.214 127.066 113.114 74.5007 29.4043 11.7147 11.0653 2.81234 2.62149 1.08554 0.957628 0.279099 0.209943 0.0494858 0.0266814 0.0140912 0.0052101 0.00205109 0.000722994 0.000213774 5.97872e-05 2.10294e-05 8.95737e-06 2.19212e-06 1.86647e-06 3.37506e-07 1.00561e-07 3.2795e-08 2.17507e-08 0 0 0 0 0 0 0 0 0 0 0 0 0 0 0 0 0 0 0 0 0 0 0 0 0 0 0 0 0 0 0 0 0 0 0 0 0 0 0 0 0 0 0 0 0 0 0 0 0 0 0 0 0 0 0 0 0 0 0
19769.2 16694.5 9936.82 4348.11 763.127 763.127 763.127 310.771 310.771 128.249 126.77 76.5924 19.3391 16.2131 7.5094 4.18817 1.59057 1.0541 0.660135 0.285369 0.126026 0.0720618 0.0270137 0.011678 0.00244356 0.00165537 0.000585494 0.000283098 5.71364e-05 3.60563e-05 4.0679e-06 3.75656e-06 1.29806e-06 6.90692e-07 2.30653e-07 6.63698e-08 2.06444e-08 0 0 0 0 0 0 0 0 0 0 0 0 0 0 0 0 0 0 0 0 0 0 0 0 0 0 0 0 0 0 0 0 0 0 0 0 0 0 0 0 0 0 0 0 0 0 0 0 0 0 0 0 0 0 0 0 0 0 0
14498.6 8621.83 8621.83 2675.05 2675.05 1130.05 910.409 701.891 209.38 126.261 48.0567 12.7588 12.7588 12.5799 5.92149 4.13544 1.20856 0.646279 0.397228 0.188026 0.106009 0.0422505 0.0144706 0.00432333 0.00209158 0.0011805 0.00048949 7.42999e-05 1.88313e-05 6.21678e-06 3.596e-06 1.25026e-06 5.46012e-07 1.27922e-07 7.15084e-08 2.83681e-08 0 0 0 0 0 0 0 0 0 0 0 0 0 0 0 0 0 0 0 0 0 0 0 0 0 0 0 0 0 0 0 0 0 0 0 0 0 0 0 0 0 0 0 0 0 0 0 0 0 0 0 0 0 0 0 0 0 0 0 0
24230 15124.4 12795.1 5072.81 2096.03 1418.92 1201.44 647.991 345.988 291.51 77.1403 45.6578 35.0583 14.7364 6.64621 4.5753 4.5753 1.80715 0.534071 0.318297 0.0821483 0.0558927 0.021389 0.0126021 0.00365911 0.00165408 0.00074216 0.000122945 6.5751e-05 1.43634e-05 6.47039e-06 3.5062e-06 1.1605e-06 4.43391e-07 1.16409e-07 6.39733e-08 0 0 0 0 0 0 0 0 0 0 0 0 0 0 0 0 0 0 0 0 0 0 0 0 0 0 0 0 0 0 0 0 0 0 0 0 0 0 0 0 0 0 0 0 0 0 0 0 0 0 0 0 0 0 0 0 0 0 0 0
24356 14553.8 11142.5 2500.15 2128.83 1906.95 785.785 636.28 206.57 134.439 95.2668 60.5739 37.0427 9.19756 8.5617 3.38367 2.85157 0.987719 0.492112 0.165437 0.0637057 0.0464283 0.0149263 0.00579427 0.00341474 0.00160685 0.000613344 7.22731e-05 3.46301e-05 1.45185e-05 5.35017e-06 1.74532e-06 5.09415e-07 1.55698e-07 7.02333e-08 2.69837e-08 1.16818e-08 0 0 0 0 0 0 0 0 0 0 0 0 0 0 0 0 0 0 0 0 0 0 0 0 0 0 0 0 0 0 0 0 0 0 0 0 0 0 0 0 0 0 0 0 0 0 0 0 0 0 0 0 0 0 0 0 0 0 0
15824.4 15824.4 7832.22 4251.92 1453.78 1318.95 584.552 292.295 272.856 129.189 112.19 47.7534 36.1931 18.5393 13.2016 5.55948 2.12093 1.60398 0.653399 0.231551 0.0909539 0.0676851 0.0206645 0.0157981 0.00565211 0.00202115 0.000817473 9.22767e-05 7.1806e-05 4.28116e-05 1.19745e-05 2.24792e-06 1.64561e-06 5.85549e-07 1.95747e-07 7.50218e-08 1.51767e-08 1.02908e-08 0 0 0 0 0 0 0 0 0 0 0 0 0 0 0 0 0 0 0 0 0 0 0 0 0 0 0 0 0 0 0 0 0 0 0 0 0 0 0 0 0 0 0 0 0 0 0 0 0 0 0 0 0 0 0 0 0 0
15445.3 11129.2 3581.77 3581.77 1874.56 1445.17 729.048 729.048 226.931 208.367 68.4992 59.636 43.3813 12.3904 7.05173 3.55686 2.52195 1.51142 0.681428 0.177194 0.112546 0.0587551 0.0235817 0.00851565 0.0052507 0.00164252 0.000681852 0.000127016 5.95472e-05 3.14691e-05 1.07271e-05 2.42315e-06 1.27569e-06 4.192e-07 1.34224e-07 5.44729e-08 1.4728e-08 0 0 0 0 0 0 0 0 0 0 0 0 0 0 0 0 0 0 0 0 0 0 0 0 0 0 0 0 0 0 0 0 0 0 0 0 0 0 0 0 0 0 0 0 0 0 0 0 0 0 0 0 0 0 0 0 0 0 0
24912.1 11123.4 6266.77 5044.6 1893.32 1612.24 471.884 471.884 296.345 122.87 73.7516 61.9821 33.8588 14.353 11.762 7.33761 1.10502 1.10032 0.611935 0.201284 0.157517 0.0550441 0.0265486 0.0098755 0.00214523 0.00126459 0.000352844 0.000128151 4.38049e-05 1.81885e-05 1.89326e-06 1.89326e-06 6.27243e-07 3.27672e-07 1.2745e-07 3.00767e-08 1.23347e-08 0 0 0 0 0 0 0 0 0 0 0 0 0 0 0 0 0 0 0 0 0 0 0 0 0 0 0 0 0 0 0 0 0 0 0 0 0 0 0 0 0 0 0 0 0 0 0 0 0 0 0 0 0 0 0 0 0 0 0
21768 8799.23 8799.23 2896.67 1633.47 883.357 570.995 324.34 89.0456 89.0456 42.5564 40.8918 24.0613 9.4863 4.71527 2.93888 1.40289 0.639566 0.159972 0.143611 0.0664516 0.0370639 0.00591437 0.00387337 0.00111 0.000342847 0.000280846 4.948e-05 1.60316e-05 6.29348e-06 2.80588e-06 4.36904e-07 2.86315e-07 8.82399e-08 5.09042e-08 1.65722e-08 0 0 0 0 0 0 0 0 0 0 0 0 0 0 0 0 0 0 0 0 0 0 0 0 0 0 0 0 0 0 0 0 0 0 0 0 0 0 0 0 0 0 0 0 0 0 0 0 0 0 0 0 0 0 0 0 0 0 0 0
18694.8 11771.8 6175.36 2496.93 2496.93 1137.29 652.737 435.38 223.7 124.083 75.0343 43.856 20.7168 9.41042 6.25223 2.36118 1.27495 0.75484 0.459158 0.1383 0.0671204 0.035616 0.0150459 0.00912818 0.00211771 0.00135152 0.000313935 7.85903e-05 1.65767e-05 1.00542e-05 5.72995e-06 1.45668e-06 3.39713e-07 1.69478e-07 3.94418e-08 2.45238e-08 0 0 0 0 0 0 0 0 0 0 0 0 0 0 0 0 0 0 0 0 0 0 0 0 0 0 0 0 0 0 0 0 0 0 0 0 0 0 0 0 0 0 0 0 0 0 0 0 0 0 0 0 0 0 0 0 0 0 0 0
24906.5 14588.6 6032.37 4576.93 1757.78 1120.39 697.857 329.44 280.794 101.668 76.4026 33.7298 24.6139 8.11096 8.08401 1.53799 0.662662 0.662662 0.294072 0.19171 0.055301 0.0330751 0.015516 0.00439267 0.0033445 0.00104428 0.000612574 7.26291e-05 3.76778e-05 1.47975e-05 3.49625e-06 1.27258e-06 5.72056e-07 2.49004e-07 1.33945e-07 3.42713e-08 1.24821e-08 0 0 0 0 0 0 0 0 0 0 0 0 0 0 0 0 0 0 0 0 0 0 0 0 0 0 0 0 0 0 0 0 0 0 0 0 0 0 0 0 0 0 0 0 0 0 0 0 0 0 0 0 0 0 0 0 0 0 0
30184 17095 6804.32 2408.8 2408.8 2138.56 949.648 689.21 230.803 103.023 38.3869 35.1597 21.1789 7.34554 6.34819 2.69012 1.4176 0.94981 0.379649 0.251711 0.0755948 0.0383605 0.017463 0.00539247 0.00228437 0.00112006 0.000550891 4.22341e-05 2.96754e-05 1.79466e-05 7.32331e-06 2.23351e-06 6.05675e-07 2.02293e-07 1.37893e-07 4.94485e-08 0 0 0 0 0 0 0 0 0 0 0 0 0 0 0 0 0 0 0 0 0 0 0 0 0 0 0 0 0 0 0 0 0 0 0 0 0 0 0 0 0 0 0 0 0 0 0 0 0 0 0 0 0 0 0 0 0 0 0 0
13185.9 12221.7 8495.92 3365.76 2822.21 943.535 306.031 306.031 219.275 134.625 110.755 34.398 15.22 14.9078 4.41633 2.41611 0.926797 0.202191 0.202191 0.138114 0.0355057 0.0292158 0.00377578 0.00283156 0.00214423 0.000932899 0.000181174 4.97025e-05 1.69708e-05 1.022e-05 1.46003e-06 7.3249e-07 2.39126e-07 1.82802e-07 1.84739e-08 1.84739e-08 0 0 0 0 0 0 0 0 0 0 0 0 0 0 0 0 0 0 0 0 0 0 0 0 0 0 0 0 0 0 0 0 0 0 0 0 0 0 0 0 0 0 0 0 0 0 0 0 0 0 0 0 0 0 0 0 0 0 0 0
11176.3 11176.3 10142.1 4449.67 2053.43 1069.8 481.74 445.798 175.308 101.719 85.4307 39.9302 15.9534 15.9534 3.17357 2.7852 0.838048 0.838048 0.321175 0.0956996 0.0787589 0.0476637 0.0178715 0.00677412 0.00178997 0.00115737 0.000394517 0.000101475 2.91179e-05 1.30955e-05 3.73078e-06 1.06486e-06 6.48951e-07 1.32992e-07 1.19665e-07 2.58074e-08 0 0 0 0 0 0 0 0 0 0 0 0 0 0 0 0 0 0 0 0 0 0 0 0 0 0 0 0 0 0 0 0 0 0 0 0 0 0 0 0 0 0 0 0 0 0 0 0 0 0 0 0 0 0 0 0 0 0 0 0
29948.7 15896.7 7673.11 2858.72 1997.06 1069.74 1049.3 382.094 206.804 113.196 65.1291 46.0931 13.2529 13.2529 4.50406 3.24117 1.32885 1.01188 0.409523 0.302294 0.0952585 0.0645622 0.0224208 0.00684076 0.00357663 0.00131389 0.000374503 8.62895e-05 3.81799e-05 1.57945e-05 7.01017e-06 1.10735e-06 6.91569e-07 4.29999e-07 1.5266e-07 6.84098e-08 1.51135e-08 0 0 0 0 0 0 0 0 0 0 0 0 0 0 0 0 0 0 0 0 0 0 0 0 0 0 0 0 0 0 0 0 0 0 0 0 0 0 0 0 0 0 0 0 0 0 0 0 0 0 0 0 0 0 0 0 0 0 0
27759.6 6815.6 5536.07 2882.98 1584.54 1154.79 463.051 442.143 199.504 130.226 33.2022 33.2022 19.2546 11.1822 2.9331 2.11317 0.875224 0.875224 0.265626 0.119674 0.0316085 0.0316085 0.0174522 0.00585841 0.00208476 0.00112159 0.000345892 6.69418e-05 2.14351e-05 6.27689e-06 2.91134e-06 3.75796e-07 2.98585e-07 2.61562e-07 7.75572e-08 2.93085e-08 1.14288e-08 0 0 0 0 0 0 0 0 0 0 0 0 0 0 0 0 0 0 0 0 0 0 0 0 0 0 0 0 0 0 0 0 0 0 0 0 0 0 0 0 0 0 0 0 0 0 0 0 0 0 0 0 0 0 0 0 0 0 0
9383.11 9383.11 4619.3 3505.35 3009.46 1416.26 796.09 460.178 162.055 162.055 72.7845 39.604 23.12 8.67413 6.44454 0.99438 0.99438 0.663179 0.350803 0.120079 0.077686 0.0431791 0.00973229 0.00535905 0.0031398 0.000847537 0.000261937 7.72585e-05 3.82023e-05 1.02125e-05 5.08753e-06 1.89079e-06 4.72e-07 2.78038e-07 1.04484e-07 4.10082e-08 2.04091e-08 0 0 0 0 0 0 0 0 0 0 0 0 0 0 0 0 0 0 0 0 0 0 0 0 0 0 0 0 0 0 0 0 0 0 0 0 0 0 0 0 0 0 0 0 0 0 0 0 0 0 0 0 0 0 0 0 0 0 0
