4.06275e+09 9.61055e+08 5.37637e+08 8.79941e+07 8.05549e+07 3.36505e+07 1.72442e+07 1.12687e+07 6.27271e+06 2.04453e+06 696837 615758 316943 95279.9 44639 44264.8 22386.3 4719.05 3222.39 1608.93 1027.31 342.366 109.825 79.1346 31.0524 16.1478 5.77598 0.660357 0.448716 0.102672 0.0792316 0.0267351 0.0101506 0.00133472 0.00110811 0.000454197 0.000103615 5.43481e-05 1.17508e-05 2.74726e-06 8.67736e-07 7.7848e-08 2.51508e-08 0 0 0 0 0 0 0 0 0 0 0 0 0 0 0 0 0 0 0 0 0 0 0 0 0 0 0 0 0 0 0 0 0 0 0 0 0 0 0 0 0 0 0 0 0 0 0 0 0 0 0 0 0
3.29503e+09 1.19218e+09 3.68178e+08 1.05178e+08 6.39455e+07 4.05307e+07 1.78795e+07 9.56014e+06 5.01357e+06 2.92247e+06 2.00263e+06 721267 333690 152128 147935 52756.7 29257.7 8849.18 4436.29 1461.42 1059.69 611.081 212.298 145.272 56.9712 20.8161 7.26194 1.91298 0.649738 0.33659 0.135722 0.0476465 0.0139462 0.00612379 0.00248295 0.000516932 0.00017662 0.000114223 2.86046e-05 8.64566e-06 1.68394e-06 5.49865e-07 6.1772e-08 2.03293e-08 0 0 0 0 0 0 0 0 0 0 0 0 0 0 0 0 0 0 0 0 0 0 0 0 0 0 0 0 0 0 0 0 0 0 0 0 0 0 0 0 0 0 0 0 0 0 0 0 0 0 0 0
3.70389e+09 1.89427e+09 8.89045e+08 9.5597e+07 6.88264e+07 1.60022e+07 1.60022e+07 1.25481e+07 6.11166e+06 2.8591e+06 1.43599e+06 850520 351120 152171 73656.2 38230.9 6663.93 5616.55 3113.39 1377.74 1072.85 291.042 156.966 71.8765 42.7341 14.6591 6.23876 0.629931 0.377235 0.107066 0.0537851 0.0180866 0.00885298 0.00245509 0.000574601 0.000192719 0.000184036 7.39761e-05 1.89212e-05 5.30126e-06 6.06748e-07 1.96621e-07 3.32194e-08 0 0 0 0 0 0 0 0 0 0 0 0 0 0 0 0 0 0 0 0 0 0 0 0 0 0 0 0 0 0 0 0 0 0 0 0 0 0 0 0 0 0 0 0 0 0 0 0 0 0 0 0 0
1.88773e+09 1.55109e+09 6.6901e+08 1.07553e+08 6.8174e+07 4.33934e+07 1.49693e+07 6.22179e+06 4.53888e+06 1.70999e+06 1.10105e+06 632909 376244 142295 53021.2 20950.3 20452.9 10856.4 6834.07 2125.67 617.084 357.595 144.943 63.9105 34.2989 12.5361 5.9704 1.07716 0.159181 0.159181 0.0318784 0.0228397 0.0108332 0.00276791 0.00140582 0.000590448 0.0002008 7.95953e-05 1.46602e-05 5.84324e-06 1.07063e-06 2.05957e-07 5.58101e-08 1.64144e-08 0 0 0 0 0 0 0 0 0 0 0 0 0 0 0 0 0 0 0 0 0 0 0 0 0 0 0 0 0 0 0 0 0 0 0 0 0 0 0 0 0 0 0 0 0 0 0 0 0 0 0 0
4.09267e+09 1.20685e+09 5.29505e+08 7.61621e+07 4.39949e+07 1.83479e+07 1.14849e+07 6.446e+06 2.67298e+06 1.69246e+06 903119 501159 117377 117377 60034.2 33351 24249.2 9685.67 2863.75 1576.54 991.793 336.57 153.276 90.6832 33.5517 11.2166 6.22938 1.26721 0.336181 0.166251 0.0715067 0.0365836 0.0166989 0.00486662 0.00112205 0.000765363 0.000304956 7.69646e-05 3.46913e-05 4.81499e-06 1.17119e-06 3.59704e-07 6.81105e-08 2.58186e-08 0 0 0 0 0 0 0 0 0 0 0 0 0 0 0 0 0 0 0 0 0 0 0 0 0 0 0 0 0 0 0 0 0 0 0 0 0 0 0 0 0 0 0 0 0 0 0 0 0 0 0 0
7.39792e+09 1.4572e+09 4.34992e+08 1.17402e+08 7.50339e+07 1.49054e+07 1.08136e+07 1.01184e+07 3.65497e+06 3.10362e+06 1.33863e+06 727349 337017 222974 97099.8 48410.9 20508.8 13833.1 8446.3 3795.38 1399.03 687.55 182.378 135.933 21.7144 13.3225 6.82119 1.84565 0.62375 0.377108 0.149637 0.0465673 0.0145291 0.00347256 0.00104409 0.000722699 0.000328224 0.000128217 4.52726e-05 3.31927e-06 8.23331e-07 5.99145e-07 1.50623e-07 2.31289e-08 0 0 0 0 0 0 0 0 0 0 0 0 0 0 0 0 0 0 0 0 0 0 0 0 0 0 0 0 0 0 0 0 0 0 0 0 0 0 0 0 0 0 0 0 0 0 0 0 0 0 0 0
4.54108e+09 1.63122e+09 8.22693e+08 1.03913e+08 7.43347e+07 5.03495e+07 7.80035e+06 7.80035e+06 2.22409e+06 2.22409e+06 999819 562385 198186 181387 56524.3 35136.9 29583.3 13020.1 6794.61 2583.2 1264.8 557.033 286.402 120.122 49.4937 17.292 8.61211 1.77564 0.57095 0.308862 0.0767688 0.0373075 0.00976733 0.00491675 0.00194673 0.000401908 0.000256717 9.70159e-05 3.4871e-05 7.39126e-06 1.3992e-06 4.44358e-07 1.40738e-07 1.29661e-08 0 0 0 0 0 0 0 0 0 0 0 0 0 0 0 0 0 0 0 0 0 0 0 0 0 0 0 0 0 0 0 0 0 0 0 0 0 0 0 0 0 0 0 0 0 0 0 0 0 0 0 0
3.0111e+09 1.87028e+09 5.66978e+08 6.0747e+07 6.0747e+07 9.77485e+06 9.77485e+06 5.17402e+06 3.31285e+06 918683 918683 441108 147624 117579 70167.6 33924.8 26537.9 10109.7 6719.43 1914.02 534.38 534.38 210.269 70.874 45.1641 15.0001 6.56831 0.914707 0.548395 0.209111 0.077164 0.0328723 0.0102011 0.00452062 0.000744623 0.000563725 0.000149962 3.40427e-05 9.70839e-06 2.32364e-06 1.21012e-06 2.59106e-07 1.87218e-08 1.13546e-08 0 0 0 0 0 0 0 0 0 0 0 0 0 0 0 0 0 0 0 0 0 0 0 0 0 0 0 0 0 0 0 0 0 0 0 0 0 0 0 0 0 0 0 0 0 0 0 0 0 0 0 0
2.93033e+09 1.53016e+09 3.23974e+08 5.46362e+07 5.16954e+07 3.95269e+07 1.92701e+07 7.8775e+06 5.49789e+06 3.17959e+06 1.35648e+06 535660 338346 236995 69529.9 69420.7 25393.8 11962.5 6976.37 2143.69 661.246 241.765 226.721 77.8113 65.0131 21.9744 9.80268 1.68336 0.962867 0.251382 0.0889612 0.0423508 0.0182099 0.00659984 0.00138291 0.00114126 0.000318291 0.000101871 2.24083e-05 3.46343e-06 1.36216e-06 4.37317e-07 1.43856e-07 2.27238e-08 0 0 0 0 0 0 0 0 0 0 0 0 0 0 0 0 0 0 0 0 0 0 0 0 0 0 0 0 0 0 0 0 0 0 0 0 0 0 0 0 0 0 0 0 0 0 0 0 0 0 0 0
1.76447e+09 1.76447e+09 4.64648e+08 1.16751e+08 6.06513e+07 3.4029e+07 1.71019e+07 1.0665e+07 4.31294e+06 2.1704e+06 576750 576750 325416 123141 67310 62802.6 26009.2 7294.88 4330.13 1438.03 1046.33 475.349 200.683 89.6011 34.8777 13.0888 8.06413 1.33447 0.57159 0.258806 0.109487 0.0485008 0.0174279 0.00614391 0.00277282 0.000822134 0.000226771 7.50242e-05 1.40949e-05 6.56847e-06 8.45404e-07 3.37539e-07 4.99468e-08 2.51478e-08 0 0 0 0 0 0 0 0 0 0 0 0 0 0 0 0 0 0 0 0 0 0 0 0 0 0 0 0 0 0 0 0 0 0 0 0 0 0 0 0 0 0 0 0 0 0 0 0 0 0 0 0
6.20789e+09 1.04061e+09 4.3041e+08 1.37881e+08 7.68997e+07 2.99272e+07 2.07163e+07 9.98767e+06 6.05639e+06 2.05228e+06 1.28256e+06 615000 231182 200515 123104 21544.8 21544.8 12161 7247.3 2735.18 1126.42 516.923 260.122 143.328 69.2309 25.1206 14.8362 1.15535 0.870602 0.168041 0.13508 0.0402583 0.0167067 0.00652637 0.0015491 0.000900211 0.00032079 0.000108662 1.82994e-05 7.07334e-06 1.75084e-06 1.52038e-07 7.82873e-08 2.02572e-08 0 0 0 0 0 0 0 0 0 0 0 0 0 0 0 0 0 0 0 0 0 0 0 0 0 0 0 0 0 0 0 0 0 0 0 0 0 0 0 0 0 0 0 0 0 0 0 0 0 0 0 0
3.93729e+09 2.27158e+09 3.4127e+08 1.28921e+08 6.11018e+07 3.0624e+07 1.92859e+07 1.07578e+07 6.16248e+06 3.2844e+06 1.44213e+06 588764 263853 197499 92013.8 27863 21652.7 13615.2 5667.83 946.503 946.503 543.018 217.155 72.1805 27.7751 17.762 6.48609 1.05248 0.385718 0.167686 0.0731544 0.0281667 0.0135353 0.00402715 0.00172024 0.000528764 0.000120522 6.6481e-05 3.26516e-05 6.73243e-06 2.00028e-06 3.81453e-07 7.31777e-08 1.76924e-08 0 0 0 0 0 0 0 0 0 0 0 0 0 0 0 0 0 0 0 0 0 0 0 0 0 0 0 0 0 0 0 0 0 0 0 0 0 0 0 0 0 0 0 0 0 0 0 0 0 0 0 0
4.63656e+09 7.44304e+08 7.44304e+08 8.44719e+07 8.3128e+07 5.18211e+07 1.75754e+07 9.47609e+06 7.59419e+06 3.52826e+06 2.34947e+06 1.08585e+06 297096 248317 112905 56766.1 43694.1 11363.7 5881.48 2966.76 1420.17 368.519 255.342 61.2384 60.147 17.6102 5.16758 1.12482 0.526576 0.261736 0.0833741 0.0134362 0.0134362 0.00577367 0.00280291 0.000895264 0.000189297 0.00010532 3.53364e-05 6.60388e-06 1.06954e-06 4.12448e-07 5.64882e-08 1.51077e-08 0 0 0 0 0 0 0 0 0 0 0 0 0 0 0 0 0 0 0 0 0 0 0 0 0 0 0 0 0 0 0 0 0 0 0 0 0 0 0 0 0 0 0 0 0 0 0 0 0 0 0 0
7.05166e+09 1.351e+09 5.70805e+08 1.50113e+08 5.79192e+07 2.645e+07 2.60564e+07 6.96955e+06 5.36215e+06 1.394e+06 1.394e+06 506809 292146 197094 118371 40529.3 25389.3 10164 5537.3 2379.49 987.279 528.326 305.75 83.7407 48.6674 18.4053 9.02625 1.71344 0.41629 0.342313 0.0687143 0.0415939 0.0176561 0.00361149 0.00186058 0.000566851 0.000250492 0.000105494 2.40355e-05 6.47147e-06 1.48729e-06 2.45633e-07 5.30368e-08 0 0 0 0 0 0 0 0 0 0 0 0 0 0 0 0 0 0 0 0 0 0 0 0 0 0 0 0 0 0 0 0 0 0 0 0 0 0 0 0 0 0 0 0 0 0 0 0 0 0 0 0 0
3.89734e+09 1.53379e+09 7.63633e+08 1.96015e+08 1.09355e+08 4.65379e+07 1.31401e+07 1.06994e+07 6.83277e+06 2.26124e+06 1.77393e+06 1.22406e+06 533539 312729 148570 55878.5 33556.1 10873.1 7397.73 3504.24 1259.14 806.008 500.06 122.85 23.6124 19.1592 7.13586 2.67588 1.13759 0.508769 0.125043 0.0813886 0.0350209 0.0120111 0.00472947 0.00194161 0.000386887 0.000223643 5.66442e-05 1.50319e-05 4.54579e-06 9.158e-07 1.27727e-07 2.23316e-08 1.28395e-08 0 0 0 0 0 0 0 0 0 0 0 0 0 0 0 0 0 0 0 0 0 0 0 0 0 0 0 0 0 0 0 0 0 0 0 0 0 0 0 0 0 0 0 0 0 0 0 0 0 0 0
5.62276e+09 2.27389e+09 6.67443e+08 1.21208e+08 7.58951e+07 3.90851e+07 2.02192e+07 8.81351e+06 5.1336e+06 2.0404e+06 652022 652022 317116 260241 86256.3 40266.9 28173.1 12152.7 8786.17 3192.26 1025.51 772.617 201.502 120.83 39.978 14.7171 8.33234 1.70389 0.716916 0.220908 0.0891621 0.0446075 0.0186735 0.0109129 0.00156138 0.00156138 0.000589107 0.000179678 5.13936e-05 1.31325e-05 1.916e-06 5.0789e-07 1.00621e-07 2.38054e-08 0 0 0 0 0 0 0 0 0 0 0 0 0 0 0 0 0 0 0 0 0 0 0 0 0 0 0 0 0 0 0 0 0 0 0 0 0 0 0 0 0 0 0 0 0 0 0 0 0 0 0 0
3.47874e+09 1.31954e+09 4.73832e+08 1.15503e+08 7.88318e+07 3.08726e+07 1.2413e+07 7.59986e+06 3.28673e+06 2.66049e+06 1.71025e+06 693937 234334 218316 107637 26592.1 10924.4 10924.4 5061.44 2806.69 1129.46 397.876 161.937 108.465 43.3002 22.5492 7.82522 1.37532 0.679493 0.121702 0.0850601 0.0289117 0.00734472 0.00261365 0.00123894 0.000817776 0.00014785 0.000105552 1.62693e-05 5.80793e-06 1.00156e-06 3.10636e-07 7.47697e-08 1.10854e-08 0 0 0 0 0 0 0 0 0 0 0 0 0 0 0 0 0 0 0 0 0 0 0 0 0 0 0 0 0 0 0 0 0 0 0 0 0 0 0 0 0 0 0 0 0 0 0 0 0 0 0 0
3.05079e+09 1.38694e+09 4.77588e+08 1.35097e+08 6.08489e+07 2.64979e+07 9.15932e+06 4.46663e+06 2.80305e+06 1.30202e+06 1.14178e+06 379128 214323 79449.9 52715.9 31030.4 19396.8 6728.19 4170.39 3141.8 631.545 546.663 194.449 126.553 35.7433 15.737 9.39375 1.09732 0.61226 0.279483 0.120595 0.0535815 0.0158844 0.0043461 0.00166966 0.0010109 0.000284555 0.000105302 2.75083e-05 7.64198e-06 1.53202e-06 2.20926e-07 8.55035e-08 1.46449e-08 0 0 0 0 0 0 0 0 0 0 0 0 0 0 0 0 0 0 0 0 0 0 0 0 0 0 0 0 0 0 0 0 0 0 0 0 0 0 0 0 0 0 0 0 0 0 0 0 0 0 0 0
4.56764e+09 1.16892e+09 4.07712e+08 4.96617e+07 4.96617e+07 4.96617e+07 1.60006e+07 1.477e+07 3.54278e+06 2.57217e+06 838527 460310 264145 120012 69412.9 41222.7 28503.3 11507.7 6142.29 2734.3 1931.98 707.845 299.853 147.26 61.1869 21.2531 14.0936 1.92584 0.890562 0.269011 0.184365 0.0522828 0.0108667 0.0107621 0.00460814 0.00107891 0.000379488 0.000139342 4.43309e-05 6.6155e-06 2.18604e-06 5.94297e-07 1.95339e-07 4.1706e-08 0 0 0 0 0 0 0 0 0 0 0 0 0 0 0 0 0 0 0 0 0 0 0 0 0 0 0 0 0 0 0 0 0 0 0 0 0 0 0 0 0 0 0 0 0 0 0 0 0 0 0 0
6.00609e+09 1.27727e+09 5.38123e+08 1.49111e+08 1.35268e+08 5.50786e+07 1.45683e+07 1.15771e+07 2.31627e+06 2.31627e+06 1.5818e+06 329324 329324 264323 152010 85366.6 36218.2 20369.3 6363.27 2640.96 1466.74 874.386 206.784 108.032 24.2229 24.2229 11.0228 2.33042 0.902221 0.277892 0.0814938 0.0156151 0.00521862 0.00521862 0.000959223 0.000552828 0.000358554 8.51758e-05 1.9229e-05 3.79249e-06 1.02766e-06 2.07401e-07 4.50841e-08 0 0 0 0 0 0 0 0 0 0 0 0 0 0 0 0 0 0 0 0 0 0 0 0 0 0 0 0 0 0 0 0 0 0 0 0 0 0 0 0 0 0 0 0 0 0 0 0 0 0 0 0 0
4.36496e+09 1.50246e+09 7.78972e+08 1.82613e+08 6.1195e+07 3.5902e+07 1.31841e+07 1.30479e+07 8.25212e+06 2.86016e+06 1.59246e+06 809670 284409 165797 88762.9 58680.2 17119.8 13631.2 7162.25 2908.74 1616.02 523.75 128.388 44.318 44.318 21.5426 6.72419 0.923734 0.919301 0.234008 0.0718016 0.0356964 0.0196734 0.00723087 0.0022928 0.000739393 0.000367168 0.000128065 3.7291e-05 1.16921e-05 3.34493e-06 4.08017e-07 1.79117e-07 4.26298e-08 1.00855e-08 0 0 0 0 0 0 0 0 0 0 0 0 0 0 0 0 0 0 0 0 0 0 0 0 0 0 0 0 0 0 0 0 0 0 0 0 0 0 0 0 0 0 0 0 0 0 0 0 0 0 0
3.53404e+09 8.73901e+08 4.75328e+08 8.11168e+07 6.18752e+07 3.15601e+07 1.71255e+07 8.99193e+06 4.64482e+06 2.7127e+06 904245 375216 368950 242017 140803 33950.5 29306.6 11917.4 7964.56 3849.28 1098.03 433.076 222.483 127.941 73.2437 21.5213 7.21378 1.43573 0.67975 0.295147 0.0998109 0.0223675 0.0171193 0.00353647 0.00134562 0.000544615 0.000259177 0.000107587 1.49857e-05 5.67915e-06 1.68025e-06 3.16357e-07 6.99234e-08 0 0 0 0 0 0 0 0 0 0 0 0 0 0 0 0 0 0 0 0 0 0 0 0 0 0 0 0 0 0 0 0 0 0 0 0 0 0 0 0 0 0 0 0 0 0 0 0 0 0 0 0 0
4.32591e+09 1.15487e+09 6.58104e+08 1.16074e+08 4.86182e+07 2.77539e+07 1.72425e+07 1.0382e+07 4.22806e+06 907076 907076 642515 462126 164184 64268.9 27894.3 20305.3 10797.8 5046.61 2551.25 1023.63 491.932 275.06 90.3387 49.5862 13.6668 7.98276 1.06552 0.409522 0.226315 0.0442759 0.0378159 0.0125377 0.00668541 0.00166007 0.000531368 0.000204574 5.40168e-05 1.27431e-05 5.36945e-06 6.56417e-07 1.50801e-07 4.93439e-08 0 0 0 0 0 0 0 0 0 0 0 0 0 0 0 0 0 0 0 0 0 0 0 0 0 0 0 0 0 0 0 0 0 0 0 0 0 0 0 0 0 0 0 0 0 0 0 0 0 0 0 0 0
3.72522e+09 8.09059e+08 5.54788e+08 1.55561e+08 6.08355e+07 3.34025e+07 4.62583e+06 4.62583e+06 3.36293e+06 1.57863e+06 1.20435e+06 412273 412273 108271 88252.1 19433.5 8260.35 8260.35 4691.48 1969.55 904.336 236.298 236.298 83.1899 26.9553 19.6578 6.56613 0.945845 0.410661 0.181997 0.0733267 0.041967 0.0207517 0.00776998 0.00114065 0.000972256 0.00030774 7.51828e-05 2.27192e-05 5.4543e-06 9.78522e-07 3.29609e-07 8.29391e-08 1.23774e-08 0 0 0 0 0 0 0 0 0 0 0 0 0 0 0 0 0 0 0 0 0 0 0 0 0 0 0 0 0 0 0 0 0 0 0 0 0 0 0 0 0 0 0 0 0 0 0 0 0 0 0 0
4.36167e+09 1.35242e+09 6.87123e+08 1.68466e+08 5.66815e+07 5.43682e+07 2.07856e+07 1.02115e+07 6.53193e+06 2.15865e+06 1.70089e+06 514100 206569 92582.7 68245.7 41065.5 20936.9 7738.4 1832.21 1797.96 884.489 360.155 172.429 59.9236 22.2628 14.6634 5.67644 0.945477 0.573711 0.143437 0.0804919 0.0263273 0.00548497 0.00373867 0.00161547 0.000681061 0.00037175 0.00010407 2.97269e-05 9.21272e-06 1.14555e-06 5.54246e-07 8.87904e-08 3.90503e-08 0 0 0 0 0 0 0 0 0 0 0 0 0 0 0 0 0 0 0 0 0 0 0 0 0 0 0 0 0 0 0 0 0 0 0 0 0 0 0 0 0 0 0 0 0 0 0 0 0 0 0 0
3.71866e+09 1.63413e+09 3.4627e+08 1.11454e+08 2.46342e+07 1.15356e+07 1.15356e+07 6.55133e+06 1.24988e+06 1.24988e+06 1.15207e+06 527885 324778 143389 91642.1 66677.3 21162.3 11534 5780.98 3601.97 1342.54 789.356 230.355 93.3245 17.2759 17.2759 12.6097 1.86331 0.633298 0.420624 0.0737045 0.0680386 0.0297136 0.00739194 0.00274179 0.00079609 0.000330421 0.000106459 3.97876e-05 5.85898e-06 2.12983e-06 4.1051e-07 1.01174e-07 1.08024e-08 0 0 0 0 0 0 0 0 0 0 0 0 0 0 0 0 0 0 0 0 0 0 0 0 0 0 0 0 0 0 0 0 0 0 0 0 0 0 0 0 0 0 0 0 0 0 0 0 0 0 0 0
3.96901e+09 2.18822e+09 7.13814e+08 1.31861e+08 6.05127e+07 4.31712e+07 1.66533e+07 5.01924e+06 1.80725e+06 1.80725e+06 1.17937e+06 536218 279587 38791.5 38791.5 38791.5 19726.8 6829.49 4485.76 1200.11 840.409 394.571 150.542 78.4085 36.919 13.4973 5.76481 1.0453 0.406331 0.274624 0.0624228 0.0320496 0.00736492 0.00311204 0.000910443 0.000304641 0.00014951 4.99354e-05 2.37687e-05 5.47484e-06 1.09293e-06 2.69144e-07 6.52775e-08 1.60409e-08 0 0 0 0 0 0 0 0 0 0 0 0 0 0 0 0 0 0 0 0 0 0 0 0 0 0 0 0 0 0 0 0 0 0 0 0 0 0 0 0 0 0 0 0 0 0 0 0 0 0 0 0
6.47489e+09 1.52517e+09 6.2003e+08 1.62293e+08 6.34e+07 5.774e+07 2.56313e+07 1.25042e+07 4.99968e+06 2.93871e+06 1.35523e+06 1.09517e+06 498897 323464 169298 42107.7 26528.1 10900.8 9745.88 3242.77 1585.69 503.672 325.36 190.662 71.5751 22.9529 13.8176 2.05254 0.779382 0.332486 0.156229 0.0611761 0.0123318 0.00775925 0.00233683 0.00155546 0.000336355 0.000212173 6.34371e-05 8.13127e-06 3.8656e-06 3.75649e-07 2.01764e-07 2.9664e-08 0 0 0 0 0 0 0 0 0 0 0 0 0 0 0 0 0 0 0 0 0 0 0 0 0 0 0 0 0 0 0 0 0 0 0 0 0 0 0 0 0 0 0 0 0 0 0 0 0 0 0 0
4.06701e+09 1.25543e+09 6.96574e+08 1.35076e+08 6.84627e+07 5.55266e+07 9.63495e+06 9.63495e+06 4.70665e+06 1.41192e+06 1.07713e+06 351987 337873 103507 45820.4 36545.2 23929.1 12414.4 2687.03 1840.44 690.294 518.635 200.19 84.6117 62.0356 14.5968 7.23566 1.27663 0.865771 0.227621 0.098619 0.038453 0.0181968 0.00548657 0.00167591 0.000889792 0.000261945 0.000100806 1.53197e-05 4.20854e-06 1.61461e-06 3.62447e-07 4.24308e-08 1.4146e-08 0 0 0 0 0 0 0 0 0 0 0 0 0 0 0 0 0 0 0 0 0 0 0 0 0 0 0 0 0 0 0 0 0 0 0 0 0 0 0 0 0 0 0 0 0 0 0 0 0 0 0 0
4.06462e+09 1.02139e+09 5.15877e+08 1.50721e+08 7.66885e+07 2.05892e+07 2.05892e+07 8.79834e+06 3.74929e+06 2.76762e+06 1.16626e+06 641997 248128 207677 63503.1 34554.7 19140.3 15506.9 2976.46 1006.42 595.255 344.69 232.078 67.6852 37.7151 24.0627 7.3391 1.04507 0.613643 0.174631 0.111549 0.0366903 0.0150119 0.00291972 0.00137337 0.000341573 0.00015383 8.00557e-05 8.72303e-06 4.79491e-06 1.63939e-06 2.42268e-07 1.30291e-07 1.06734e-08 0 0 0 0 0 0 0 0 0 0 0 0 0 0 0 0 0 0 0 0 0 0 0 0 0 0 0 0 0 0 0 0 0 0 0 0 0 0 0 0 0 0 0 0 0 0 0 0 0 0 0 0
4.42483e+09 1.55176e+09 4.57498e+08 9.98971e+07 9.98971e+07 3.37776e+07 1.25499e+07 7.57722e+06 4.22816e+06 3.5235e+06 1.02937e+06 903462 453004 222631 71840.1 19312 17968.7 9402.63 6066.58 4213.83 1453.23 338.036 192.68 84.3853 42.2075 22.4132 12.5488 1.76676 0.988904 0.514628 0.218452 0.0804568 0.0182946 0.0159127 0.00546995 0.00151708 0.000557609 0.000210738 4.57224e-05 9.73447e-06 2.57446e-06 4.61113e-07 1.51879e-07 4.75616e-08 0 0 0 0 0 0 0 0 0 0 0 0 0 0 0 0 0 0 0 0 0 0 0 0 0 0 0 0 0 0 0 0 0 0 0 0 0 0 0 0 0 0 0 0 0 0 0 0 0 0 0 0
8.28814e+09 2.52304e+09 5.2924e+08 9.64058e+07 7.11076e+07 4.20092e+07 2.12473e+07 1.14561e+07 4.81036e+06 3.10426e+06 1.17167e+06 503855 377053 199778 71697.3 41947.4 17813.4 11086.9 4064.95 2081.85 1152.77 690.525 203.391 102.652 31.1691 20.6843 6.01418 1.12346 0.621581 0.232207 0.0807074 0.0239973 0.0111843 0.00459021 0.00158067 0.000709738 0.000220791 0.000107765 2.11926e-05 2.28648e-06 1.10542e-06 2.96422e-07 1.24424e-08 0 0 0 0 0 0 0 0 0 0 0 0 0 0 0 0 0 0 0 0 0 0 0 0 0 0 0 0 0 0 0 0 0 0 0 0 0 0 0 0 0 0 0 0 0 0 0 0 0 0 0 0 0
3.05896e+09 1.51254e+09 3.05039e+08 1.42993e+08 5.04598e+07 4.08353e+07 1.42e+07 9.26862e+06 4.9406e+06 1.17881e+06 1.17881e+06 441930 346920 112018 62641.3 42484.8 22869.3 10184.8 5457.65 2723.97 381.035 381.035 178.189 102.153 47.6545 17.1087 5.57955 1.26237 0.591383 0.14012 0.0736205 0.0197827 0.00941985 0.00462181 0.00142041 0.00055956 0.00020909 9.08215e-05 2.38591e-05 5.18267e-06 1.69354e-06 2.09462e-07 6.45008e-08 1.32238e-08 0 0 0 0 0 0 0 0 0 0 0 0 0 0 0 0 0 0 0 0 0 0 0 0 0 0 0 0 0 0 0 0 0 0 0 0 0 0 0 0 0 0 0 0 0 0 0 0 0 0 0 0
4.89982e+09 1.85849e+09 5.3403e+08 1.63035e+08 5.68726e+07 1.41933e+07 6.94384e+06 2.12566e+06 2.12566e+06 2.12566e+06 1.524e+06 599042 599042 258159 127693 70086 25503.6 9578.41 3376.46 3376.46 1731.25 941.378 241.525 49.8285 36.6661 25.1792 5.45894 1.86797 0.726177 0.142486 0.121685 0.0496288 0.0191373 0.00630996 0.00211492 0.00105687 0.000225151 0.000103145 1.99446e-05 6.09033e-06 1.32764e-06 2.42642e-07 5.73321e-08 1.43178e-08 0 0 0 0 0 0 0 0 0 0 0 0 0 0 0 0 0 0 0 0 0 0 0 0 0 0 0 0 0 0 0 0 0 0 0 0 0 0 0 0 0 0 0 0 0 0 0 0 0 0 0 0
4.54203e+09 1.69855e+09 5.46392e+08 1.35161e+08 6.42734e+07 3.78073e+07 2.83295e+07 8.37464e+06 3.22156e+06 1.95361e+06 1.24382e+06 1.02211e+06 561755 217460 113126 32494.9 31333.2 7223.69 6650.69 760.141 760.141 468.313 236.544 119.409 39.2958 22.4633 7.78235 1.72377 0.638662 0.205559 0.0842173 0.0429262 0.00864294 0.0035968 0.00235165 0.000715945 0.000174324 6.63243e-05 1.41886e-05 6.08844e-06 7.92861e-07 3.30395e-07 6.64479e-08 1.69432e-08 0 0 0 0 0 0 0 0 0 0 0 0 0 0 0 0 0 0 0 0 0 0 0 0 0 0 0 0 0 0 0 0 0 0 0 0 0 0 0 0 0 0 0 0 0 0 0 0 0 0 0 0
5.97108e+09 1.35114e+09 4.68511e+08 1.22173e+08 2.82665e+07 1.73665e+07 6.56103e+06 6.56103e+06 5.92371e+06 1.68325e+06 1.43775e+06 662435 343730 163589 50299.5 32530.7 15549 11311.3 4388.2 1325.09 1135.53 524.979 227.546 113.911 36.4772 19.9023 7.74993 1.34124 0.523352 0.226592 0.0873944 0.0449781 0.0187029 0.00333759 0.00191445 0.000204259 0.00019149 7.29973e-05 1.19716e-05 2.72821e-06 7.02206e-07 1.8345e-07 6.53501e-08 1.22587e-08 0 0 0 0 0 0 0 0 0 0 0 0 0 0 0 0 0 0 0 0 0 0 0 0 0 0 0 0 0 0 0 0 0 0 0 0 0 0 0 0 0 0 0 0 0 0 0 0 0 0 0 0
3.74254e+09 1.37755e+09 6.29118e+08 9.5374e+07 6.73131e+07 2.3745e+07 7.68575e+06 5.28126e+06 4.40746e+06 1.08081e+06 1.00117e+06 702039 223566 70723.7 70723.7 48891 17294.2 10542.5 4389.85 2649.53 1402.68 429.371 234.65 62.3401 42.2872 16.6558 5.16504 1.18789 0.500876 0.122421 0.0874785 0.0254465 0.0111822 0.00262304 0.00157236 0.00053199 0.000143267 5.70829e-05 2.18852e-05 5.20404e-06 1.59359e-06 2.6666e-07 6.52788e-08 1.65419e-08 0 0 0 0 0 0 0 0 0 0 0 0 0 0 0 0 0 0 0 0 0 0 0 0 0 0 0 0 0 0 0 0 0 0 0 0 0 0 0 0 0 0 0 0 0 0 0 0 0 0 0 0
5.82017e+09 1.33747e+09 5.45075e+08 8.5661e+07 4.35958e+07 3.74082e+07 1.74181e+07 8.04672e+06 3.92831e+06 2.60323e+06 1.13209e+06 395004 395004 145114 76021.5 29617.9 22473.4 8286.43 3900.16 2101.24 701.327 361.823 130.122 49.4745 23.7367 4.75207 4.75207 0.926901 0.274302 0.0799457 0.0449373 0.0241307 0.00847548 0.00234475 0.0014208 0.000488246 0.000170916 5.26646e-05 1.54389e-05 2.95746e-06 9.72044e-07 1.95044e-07 3.79968e-08 0 0 0 0 0 0 0 0 0 0 0 0 0 0 0 0 0 0 0 0 0 0 0 0 0 0 0 0 0 0 0 0 0 0 0 0 0 0 0 0 0 0 0 0 0 0 0 0 0 0 0 0 0
6.91121e+09 2.05636e+09 3.64011e+08 8.31718e+07 5.75602e+07 1.93521e+07 1.1294e+07 7.11887e+06 2.78196e+06 2.64183e+06 1.09467e+06 478837 227681 78301.1 78301.1 48974.7 16393.8 4840.63 2511.47 2511.47 1359.28 403.021 266.215 84.4416 30.9232 15.1332 6.46986 0.927835 0.480348 0.105154 0.0362041 0.0188666 0.00706694 0.0031521 0.00103019 0.000414798 8.76484e-05 3.3286e-05 8.82161e-06 2.32883e-06 6.26831e-07 1.42846e-07 1.54696e-08 0 0 0 0 0 0 0 0 0 0 0 0 0 0 0 0 0 0 0 0 0 0 0 0 0 0 0 0 0 0 0 0 0 0 0 0 0 0 0 0 0 0 0 0 0 0 0 0 0 0 0 0 0
5.37529e+09 1.14637e+09 6.73087e+08 1.19078e+08 2.23735e+07 2.23735e+07 1.6908e+07 5.76325e+06 5.76325e+06 2.14143e+06 1.70624e+06 434933 351626 323289 65359.6 44428.5 22148.7 10793.3 6208.85 2577.96 782.282 464.271 285.203 109.922 53.6242 21.963 11.825 1.7111 0.626242 0.187193 0.10478 0.06346 0.0163823 0.00396581 0.0023007 0.00102616 0.000241877 5.42889e-05 2.5558e-05 6.96975e-06 1.63386e-06 4.13654e-07 4.6557e-08 1.54822e-08 0 0 0 0 0 0 0 0 0 0 0 0 0 0 0 0 0 0 0 0 0 0 0 0 0 0 0 0 0 0 0 0 0 0 0 0 0 0 0 0 0 0 0 0 0 0 0 0 0 0 0 0
4.14422e+09 1.71787e+09 5.93424e+08 1.24647e+08 9.4638e+07 3.78348e+07 1.05128e+07 4.76078e+06 3.34165e+06 2.48063e+06 1.38695e+06 377276 326563 137309 80180.5 19796.3 19796.3 8950.33 4253.76 2338.73 762.659 336.223 127.925 73.6397 44.4113 12.6313 4.99069 0.63143 0.511076 0.148043 0.0827043 0.0321535 0.0104343 0.00362478 0.00153344 0.000285953 7.57459e-05 4.49294e-05 1.1716e-05 2.80339e-06 7.58771e-07 2.37356e-07 3.51825e-08 1.14352e-08 0 0 0 0 0 0 0 0 0 0 0 0 0 0 0 0 0 0 0 0 0 0 0 0 0 0 0 0 0 0 0 0 0 0 0 0 0 0 0 0 0 0 0 0 0 0 0 0 0 0 0 0
6.44953e+09 1.13504e+09 4.81506e+08 1.17845e+08 6.27299e+07 2.55366e+07 1.6122e+07 8.20897e+06 4.13086e+06 1.87948e+06 1.30615e+06 676191 238635 171550 16514.1 16514.1 15403.6 10546.2 3677.44 1470.1 1263.27 469.284 241.812 45.9212 31.086 8.88606 7.2435 0.878517 0.258797 0.183372 0.0430353 0.0246511 0.0111805 0.00356651 0.000961666 0.000553316 0.000166398 9.68721e-05 1.50561e-05 3.54945e-06 6.34127e-07 2.52855e-07 5.71211e-08 1.20572e-08 0 0 0 0 0 0 0 0 0 0 0 0 0 0 0 0 0 0 0 0 0 0 0 0 0 0 0 0 0 0 0 0 0 0 0 0 0 0 0 0 0 0 0 0 0 0 0 0 0 0 0 0
4.67553e+09 1.70756e+09 7.61604e+08 1.3546e+08 4.40846e+07 4.40846e+07 2.3562e+07 5.71428e+06 4.10537e+06 2.8769e+06 977140 702823 335753 163420 72615.6 43355.8 21364.4 4052.07 3826.68 1258.26 611.783 427.188 193.805 52.1992 24.5611 5.38524 2.25603 1.24608 0.36883 0.151897 0.0940865 0.029133 0.00744728 0.00482748 0.00153798 0.00024682 9.98144e-05 8.00277e-05 1.57029e-05 4.14825e-06 1.14134e-06 7.12961e-08 4.57308e-08 1.50833e-08 0 0 0 0 0 0 0 0 0 0 0 0 0 0 0 0 0 0 0 0 0 0 0 0 0 0 0 0 0 0 0 0 0 0 0 0 0 0 0 0 0 0 0 0 0 0 0 0 0 0 0 0
4.85901e+09 2.42171e+09 8.5914e+08 7.70342e+07 6.1405e+07 4.28364e+07 1.31941e+07 5.43107e+06 3.14828e+06 2.07865e+06 787721 719284 115638 114938 52999 49929.4 12772.2 10618.6 5009.89 2097.37 1045.32 485.436 219.174 63.0676 41.3919 18.8623 6.06166 0.904727 0.216752 0.158737 0.0682 0.0311172 0.0156721 0.00542029 0.00318704 0.00109442 0.000370042 5.68189e-05 2.2626e-05 5.47254e-06 1.68217e-06 4.79724e-07 1.09887e-07 2.87222e-08 0 0 0 0 0 0 0 0 0 0 0 0 0 0 0 0 0 0 0 0 0 0 0 0 0 0 0 0 0 0 0 0 0 0 0 0 0 0 0 0 0 0 0 0 0 0 0 0 0 0 0 0
4.83826e+09 1.78812e+09 2.71314e+08 1.14168e+08 6.21929e+07 2.08058e+07 2.08058e+07 1.37516e+07 7.06218e+06 1.35752e+06 1.32334e+06 984518 586937 111703 68934.6 54418.5 12427.4 7957.01 7198.71 3480.17 1301.25 330.204 294.371 116.54 71.3734 16.7957 9.61328 1.18239 0.616437 0.193835 0.0665666 0.0343568 0.0161915 0.0069062 0.00194853 0.000586182 0.000285945 0.000116054 4.86959e-05 7.46724e-06 2.52176e-06 4.03198e-07 1.15049e-07 3.83765e-08 0 0 0 0 0 0 0 0 0 0 0 0 0 0 0 0 0 0 0 0 0 0 0 0 0 0 0 0 0 0 0 0 0 0 0 0 0 0 0 0 0 0 0 0 0 0 0 0 0 0 0 0
7.58385e+09 1.38076e+09 3.26503e+08 1.50191e+08 6.77706e+07 3.09946e+07 1.3077e+07 7.26685e+06 2.26725e+06 1.56416e+06 976090 538306 203964 97021.2 76770.1 44656.7 16160.2 12015.6 6237.72 789.674 789.674 183.276 182.231 67.5448 42.8362 14.2235 5.19071 1.20581 0.156325 0.150339 0.0950836 0.0391085 0.00765859 0.0062914 0.00201113 0.000690942 0.000200812 6.9917e-05 7.39074e-06 5.78068e-06 1.02952e-06 1.36342e-07 4.71961e-08 0 0 0 0 0 0 0 0 0 0 0 0 0 0 0 0 0 0 0 0 0 0 0 0 0 0 0 0 0 0 0 0 0 0 0 0 0 0 0 0 0 0 0 0 0 0 0 0 0 0 0 0 0
6.14536e+09 1.40337e+09 4.47564e+08 1.56356e+08 9.28957e+07 3.81116e+07 1.83433e+07 8.83575e+06 3.21802e+06 2.25728e+06 1.16877e+06 734830 261266 166464 73413 35392 26435.3 5661.11 5661.11 1688.84 1423.77 343.909 144.265 65.6666 46.1018 15.2808 10.9479 2.26865 0.620432 0.186556 0.113961 0.0569634 0.01206 0.00738518 0.00411379 0.00103326 0.000394517 0.000132656 3.37707e-05 1.00512e-05 3.02893e-06 4.59663e-07 1.18501e-07 2.35455e-08 0 0 0 0 0 0 0 0 0 0 0 0 0 0 0 0 0 0 0 0 0 0 0 0 0 0 0 0 0 0 0 0 0 0 0 0 0 0 0 0 0 0 0 0 0 0 0 0 0 0 0 0
3.34003e+09 1.81382e+09 8.54526e+08 1.03057e+08 9.81926e+07 5.37613e+07 2.75371e+07 1.75265e+07 4.77767e+06 3.3214e+06 1.24845e+06 1.02217e+06 380344 199726 47208.8 47208.8 32331 17175.8 5292.98 4138.42 2115.18 639.946 538.703 105.823 59.1217 25.5245 11.9548 0.98803 0.94162 0.217257 0.0723882 0.0387655 0.0094874 0.00818212 0.00225859 0.00126616 0.000407455 8.35586e-05 1.14848e-05 8.07868e-06 1.80957e-06 4.08199e-07 8.13818e-08 2.87765e-08 0 0 0 0 0 0 0 0 0 0 0 0 0 0 0 0 0 0 0 0 0 0 0 0 0 0 0 0 0 0 0 0 0 0 0 0 0 0 0 0 0 0 0 0 0 0 0 0 0 0 0 0
4.14758e+09 7.1117e+08 3.40777e+08 1.14338e+08 3.66655e+07 3.01131e+07 1.40471e+07 6.77541e+06 3.86249e+06 1.72503e+06 1.25788e+06 251424 251424 72486 45954.7 31688.5 12980.3 5048 2651.32 1109.16 767.117 358.238 137.207 57.1812 22.3026 12.8202 5.07191 0.673728 0.203437 0.133759 0.0536476 0.0102115 0.00425323 0.00288616 0.00112392 0.000408894 0.000131966 6.21582e-05 9.18064e-06 1.97125e-06 3.17076e-07 1.55147e-07 4.07851e-08 0 0 0 0 0 0 0 0 0 0 0 0 0 0 0 0 0 0 0 0 0 0 0 0 0 0 0 0 0 0 0 0 0 0 0 0 0 0 0 0 0 0 0 0 0 0 0 0 0 0 0 0 0
4.6427e+09 1.50127e+09 5.98894e+08 1.29184e+08 5.92847e+07 2.05185e+07 2.05185e+07 4.43701e+06 3.26721e+06 1.6605e+06 1.2695e+06 732205 291115 207927 117251 32707.9 22125.9 5138.3 5138.3 2812.04 1723.68 834.466 362.516 166.341 58.0166 23.1358 13.295 2.88409 0.450821 0.353956 0.145813 0.0543022 0.00734751 0.00734751 0.00268655 0.000850189 0.000552134 0.000115983 4.05283e-05 1.20942e-05 1.427e-06 4.31574e-07 8.8539e-08 1.15103e-08 0 0 0 0 0 0 0 0 0 0 0 0 0 0 0 0 0 0 0 0 0 0 0 0 0 0 0 0 0 0 0 0 0 0 0 0 0 0 0 0 0 0 0 0 0 0 0 0 0 0 0 0
4.35364e+09 8.43392e+08 3.79343e+08 1.22896e+08 4.24882e+07 4.18594e+07 2.05792e+07 8.33508e+06 2.74946e+06 1.99599e+06 1.61999e+06 665401 229507 86508.3 74671.7 35771.3 6259.69 6259.69 4734.75 2690.3 617.658 617.658 191.695 57.1176 40.5318 14.6819 6.11092 1.21068 0.424679 0.114564 0.0732926 0.0180436 0.00809587 0.00413754 0.00128393 0.000369506 0.000257628 7.16649e-05 2.38682e-05 5.44948e-06 6.86333e-07 2.20888e-07 8.47115e-08 1.6709e-08 0 0 0 0 0 0 0 0 0 0 0 0 0 0 0 0 0 0 0 0 0 0 0 0 0 0 0 0 0 0 0 0 0 0 0 0 0 0 0 0 0 0 0 0 0 0 0 0 0 0 0 0
