615.329 246.428 246.428 135.861 122.948 118.011 113.699 113.227 111.606 109.308 109.308 108.903 108.812 106.803 106.803 105.397 105.397 105.063 105.063 105.063 104.034 104.034 102.96 102.881 102.881 102.881 102.881 102.881 102.458 101.565 101.565 101.565 101.565 101.565 101.285 101.198 101.198 100.693 100.693 100.693 100.693 100.693 100.693 100.693 100.693 100.624 100.338 100.162 100.078 100.027 100.008 100.003 100.001 100 100 100 100 100 100 100 100 100 100 100 100 100 100 100 100 100 100 100 100 100 100 100 100 100 100 100 100 100 100 100 100 100 100 100 100 100 100 100 100 100 100 100
668.3 332.994 168.934 140.113 123.995 117.667 115.823 112.582 111.141 110.574 107.684 107.684 106.404 106.22 106.22 106.22 105.963 105.946 104.834 102.837 102.837 102.837 102.68 102.612 102.612 102.443 101.895 101.448 101.448 101.448 100.821 100.821 100.821 100.821 100.622 100.622 100.622 100.302 100.302 100.302 100.217 100.146 100.146 100.146 100.057 100.012 100.006 100.002 100 100 100 100 100 100 100 100 100 100 100 100 100 100 100 100 100 100 100 100 100 100 100 100 100 100 100 100 100 100 100 100 100 100 100 100 100 100 100 100 100 100 100 100 100 100 100 100
519.231 380.738 219.26 140.537 122.466 119.924 113.31 111.236 110.739 110.694 109.144 106.258 106.258 106.258 106.258 106.138 106.138 106.138 106.138 104.023 104.023 104.023 104.023 104.023 102.838 102.838 102.838 102.701 101.922 101.922 101.922 101.922 101.567 101.567 101.567 101.303 101.171 100.994 100.967 100.967 100.967 100.887 100.748 100.736 100.27 100.27 100.27 100.131 100.042 100.041 100.009 100.003 100.001 100 100 100 100 100 100 100 100 100 100 100 100 100 100 100 100 100 100 100 100 100 100 100 100 100 100 100 100 100 100 100 100 100 100 100 100 100 100 100 100 100 100 100
619.115 234.358 196.095 131.431 124.78 114.066 113.875 112.662 110.696 110.102 109.271 108.924 108.089 108.089 107.053 107.053 106.829 106.829 105.467 104.288 104.288 104.288 104.288 104.288 104.288 104.288 104.288 103.211 102.511 102.118 102.118 101.548 101.548 101.548 100.757 100.559 100.559 100.559 100.559 100.559 100.425 100.29 100.077 100.032 100.009 100.002 100.001 100 100 100 100 100 100 100 100 100 100 100 100 100 100 100 100 100 100 100 100 100 100 100 100 100 100 100 100 100 100 100 100 100 100 100 100 100 100 100 100 100 100 100 100 100 100 100 100 100
649.078 297.402 193.181 144.109 119.803 116.91 113.94 111.273 111.156 110.622 109.67 109.67 107.818 107.342 105.027 105.027 104.951 103.692 103.692 103.692 103.293 103.121 103.121 103.121 103.121 102.383 102.084 101.716 101.258 101.258 101.167 100.747 100.747 100.747 100.657 100.289 100.289 100.118 100.081 100.045 100.023 100.007 100.001 100.001 100 100 100 100 100 100 100 100 100 100 100 100 100 100 100 100 100 100 100 100 100 100 100 100 100 100 100 100 100 100 100 100 100 100 100 100 100 100 100 100 100 100 100 100 100 100 100 100 100 100 100 100
622.534 322.733 162.95 135.98 121.956 115.55 113.864 112.901 111.502 110.826 108.049 108.049 106.508 106.508 105.431 105.431 103.069 103.069 103.069 102.648 102.648 102.648 102.648 102.648 101.902 101.902 101.902 101.639 101.639 101.639 101.368 101.256 101.11 100.83 100.675 100.415 100.415 100.315 100.167 100.132 100.069 100.064 100.024 100.011 100.004 100.001 100 100 100 100 100 100 100 100 100 100 100 100 100 100 100 100 100 100 100 100 100 100 100 100 100 100 100 100 100 100 100 100 100 100 100 100 100 100 100 100 100 100 100 100 100 100 100 100 100 100
636.678 391.414 184.871 142.87 120 119.126 114.406 112.703 109.858 109.858 109.074 108.451 106.642 105.241 105.241 105.241 105.241 105.241 105.136 105.136 104.903 104.397 104.397 104.397 103.247 103.247 103.247 101.889 101.889 101.56 101.56 101.56 101.557 101.536 101.225 101.225 101.225 100.511 100.511 100.511 100.511 100.285 100.285 100.279 100.198 100.125 100.043 100.012 100.002 100.001 100 100 100 100 100 100 100 100 100 100 100 100 100 100 100 100 100 100 100 100 100 100 100 100 100 100 100 100 100 100 100 100 100 100 100 100 100 100 100 100 100 100 100 100 100 100
679.822 372.56 225.407 130.472 118.528 115.719 114.422 112.263 111.43 109.969 108.196 108.196 108.196 107.539 106.275 106.275 106.275 105.483 105.423 105.423 105.423 105.085 103.742 102.959 102.959 102.959 101.826 101.826 101.826 101.826 101.826 101.59 101.155 100.775 100.775 100.775 100.775 100.753 100.753 100.745 100.745 100.745 100.745 100.401 100.336 100.199 100.072 100.067 100.029 100.013 100.005 100.001 100 100 100 100 100 100 100 100 100 100 100 100 100 100 100 100 100 100 100 100 100 100 100 100 100 100 100 100 100 100 100 100 100 100 100 100 100 100 100 100 100 100 100 100
604 292.65 200.946 126.181 120.44 115.524 111.842 110.352 110.352 106.161 106.161 106.161 106.161 106.161 106.161 106.161 106.161 105.289 104.929 104.929 104.603 104.334 104.334 104.232 103.737 102.861 102.861 102.423 102.423 102.27 101.857 101.857 101.705 101.176 101.176 100.757 100.757 100.757 100.675 100.663 100.63 100.63 100.63 100.253 100.253 100.168 100.047 100.013 100.002 100.001 100 100 100 100 100 100 100 100 100 100 100 100 100 100 100 100 100 100 100 100 100 100 100 100 100 100 100 100 100 100 100 100 100 100 100 100 100 100 100 100 100 100 100 100 100 100
483.969 271.642 218.532 132.663 119.351 114.623 113.741 112.092 108.29 108.29 107.98 107.323 107.323 107.323 107.323 106.974 106.974 106.974 106.616 106.253 105.776 102.768 102.768 101.948 101.948 101.948 101.948 101.533 101.533 101.533 101.533 101.441 101.441 101.291 101.101 100.734 100.734 100.714 100.678 100.442 100.442 100.442 100.411 100.301 100.204 100.067 100.052 100.02 100.01 100.002 100.001 100 100 100 100 100 100 100 100 100 100 100 100 100 100 100 100 100 100 100 100 100 100 100 100 100 100 100 100 100 100 100 100 100 100 100 100 100 100 100 100 100 100 100 100 100
685.531 388.583 197.878 136.207 123.782 117.633 113.287 112.311 107.216 107.211 107.211 107.211 107.211 107.211 103.651 103.651 103.651 103.651 103.651 103.651 102.784 102.784 102.784 102.784 102.463 102.463 102.463 101.989 101.989 101.954 101.316 101.212 101.212 100.738 100.738 100.514 100.439 100.394 100.284 100.284 100.128 100.058 100.014 100.005 100.002 100 100 100 100 100 100 100 100 100 100 100 100 100 100 100 100 100 100 100 100 100 100 100 100 100 100 100 100 100 100 100 100 100 100 100 100 100 100 100 100 100 100 100 100 100 100 100 100 100 100 100
661.992 279.635 180.616 134.866 124.36 117.541 114.426 111.609 111.099 109.165 108.49 108.49 108.356 108.356 108.356 107.609 107.609 106.222 106.188 105.638 105.638 104.496 104.496 104.496 104.496 103.654 102.634 102.634 102.634 101.521 101.521 101.454 101.454 101.454 101.454 101.252 100.831 100.831 100.831 100.709 100.494 100.229 100.024 100.017 100.004 100.002 100 100 100 100 100 100 100 100 100 100 100 100 100 100 100 100 100 100 100 100 100 100 100 100 100 100 100 100 100 100 100 100 100 100 100 100 100 100 100 100 100 100 100 100 100 100 100 100 100 100
601.857 282.463 211.254 141.849 126.692 118.992 113.332 111.826 111.076 110.07 109.113 108.828 107.913 107.272 105.513 104.628 104.628 104.628 104.628 104.488 104.328 104.328 103.072 103.072 102.424 102.424 102.334 102.062 102.062 101.537 101.537 101.537 101.323 100.875 100.875 100.61 100.61 100.61 100.581 100.391 100.109 100.081 100.019 100.005 100.001 100 100 100 100 100 100 100 100 100 100 100 100 100 100 100 100 100 100 100 100 100 100 100 100 100 100 100 100 100 100 100 100 100 100 100 100 100 100 100 100 100 100 100 100 100 100 100 100 100 100 100
710.589 341.956 224.241 146.293 125.047 119.869 114.7 111.971 111.409 110.142 108.929 108.929 106.116 106.116 106.116 105.238 105.068 105.068 105.068 104.468 104.468 103.247 103.247 103.247 102.566 102.554 101.841 101.771 101.771 101.553 101.312 101.074 101.007 100.999 100.961 100.365 100.365 100.365 100.365 100.236 100.072 100.031 100.006 100.003 100.001 100 100 100 100 100 100 100 100 100 100 100 100 100 100 100 100 100 100 100 100 100 100 100 100 100 100 100 100 100 100 100 100 100 100 100 100 100 100 100 100 100 100 100 100 100 100 100 100 100 100 100
446.646 334.76 194.527 141.516 121.161 116.48 114.563 111.355 111.355 110.525 110.198 107.419 107.419 107.419 107.053 106.114 106.114 106.114 106.114 104.51 104.51 104.51 104.51 103.977 103.519 103.519 102.977 102.326 102.326 101.547 101.547 101.38 101.38 101.38 101.054 100.69 100.575 100.575 100.575 100.248 100.248 100.073 100.019 100.007 100.001 100.001 100 100 100 100 100 100 100 100 100 100 100 100 100 100 100 100 100 100 100 100 100 100 100 100 100 100 100 100 100 100 100 100 100 100 100 100 100 100 100 100 100 100 100 100 100 100 100 100 100 100
769.307 382.895 180.671 129.467 121.005 114.821 113.013 112.352 111.271 108.589 108.589 107.485 107.485 107.048 107.048 107.048 105.773 105.773 104.124 104.124 104.124 102.808 102.808 102.808 101.838 101.838 101.838 101.556 101.556 101.556 101.556 101.541 101.437 101.437 101.355 101.186 101.186 101.186 100.701 100.639 100.438 100.304 100.074 100.054 100.011 100.004 100.001 100 100 100 100 100 100 100 100 100 100 100 100 100 100 100 100 100 100 100 100 100 100 100 100 100 100 100 100 100 100 100 100 100 100 100 100 100 100 100 100 100 100 100 100 100 100 100 100 100
181.497 176.644 176.644 112.949 112.949 106.102 106.102 106.102 106.102 106.102 106.102 106.102 106.102 106.102 106.102 106.102 106.102 106.064 103.433 103.433 103.433 103.433 103.178 102.816 102.816 102.816 102.576 102.335 102.335 101.551 101.551 101.551 101.329 100.649 100.649 100.649 100.649 100.649 100.649 100.649 100.649 100.581 100.357 100.27 100.223 100.069 100.02 100.007 100.002 100.001 100 100 100 100 100 100 100 100 100 100 100 100 100 100 100 100 100 100 100 100 100 100 100 100 100 100 100 100 100 100 100 100 100 100 100 100 100 100 100 100 100 100 100 100 100 100
445.729 279.863 206.189 136.487 122.118 118.823 114.798 111.589 111.107 110.088 109.801 109.749 108.459 108.459 107.043 107.043 107.043 103.72 103.72 103.72 103.72 103.72 103.72 102.84 102.84 102.84 102.506 101.697 101.697 101.59 101.59 100.739 100.739 100.587 100.446 100.433 100.269 100.269 100.269 100.269 100.075 100.016 100.007 100.002 100 100 100 100 100 100 100 100 100 100 100 100 100 100 100 100 100 100 100 100 100 100 100 100 100 100 100 100 100 100 100 100 100 100 100 100 100 100 100 100 100 100 100 100 100 100 100 100 100 100 100 100
563.505 219.594 215.07 131.244 123.267 115.764 113.256 111.664 109.332 109.332 109.139 108.19 108.19 105.819 105.807 105.807 105.393 104.443 102.093 102.093 102.093 101.417 101.417 101.417 101.417 101.417 101.386 101.077 101.044 101.044 100.576 100.477 100.477 100.294 100.203 100.135 100.1 100.058 100.036 100.016 100.006 100.003 100.001 100 100 100 100 100 100 100 100 100 100 100 100 100 100 100 100 100 100 100 100 100 100 100 100 100 100 100 100 100 100 100 100 100 100 100 100 100 100 100 100 100 100 100 100 100 100 100 100 100 100 100 100 100
591.592 295.302 252.346 143.41 116.846 115.405 113.042 112.291 108.194 108.194 107.16 107.091 107.091 105.699 104.513 104.513 104.068 104.068 104.068 104.068 104.068 104.068 104.068 103.537 103.537 102.645 102.051 101.745 101.512 101.291 101.291 100.468 100.468 100.468 100.447 100.347 100.184 100.184 100.184 100.184 100.111 100.086 100.017 100.009 100.003 100.001 100 100 100 100 100 100 100 100 100 100 100 100 100 100 100 100 100 100 100 100 100 100 100 100 100 100 100 100 100 100 100 100 100 100 100 100 100 100 100 100 100 100 100 100 100 100 100 100 100 100
427.878 345.729 195.898 143.284 120.329 115.932 113.497 111.93 111.296 110.521 109.731 108.712 107.314 105.851 105.714 105.714 105.714 105.714 102.861 102.861 102.861 102.861 102.861 102.861 102.861 102.861 102.861 102.001 101.882 101.882 101.655 101.655 101.655 101.519 101.112 100.819 100.819 100.819 100.534 100.383 100.383 100.383 100.239 100.113 100.031 100.018 100.004 100.001 100 100 100 100 100 100 100 100 100 100 100 100 100 100 100 100 100 100 100 100 100 100 100 100 100 100 100 100 100 100 100 100 100 100 100 100 100 100 100 100 100 100 100 100 100 100 100 100
628.67 312.468 235.323 129.108 124.678 116.785 112.432 112.069 109.998 109.015 109.001 109.001 107.938 107.374 107.209 106.511 103.578 103.578 103.578 103.578 103.216 103.216 103.216 102.93 102.93 102.93 101.688 101.688 101.143 101.143 101.143 101.143 100.986 100.986 100.885 100.885 100.873 100.452 100.452 100.452 100.452 100.452 100.294 100.191 100.041 100.017 100.004 100.001 100.001 100 100 100 100 100 100 100 100 100 100 100 100 100 100 100 100 100 100 100 100 100 100 100 100 100 100 100 100 100 100 100 100 100 100 100 100 100 100 100 100 100 100 100 100 100 100 100
331.459 147.471 147.471 139.306 123.054 115.543 112.019 110.265 110.265 109.717 109.007 108.28 105.722 105.722 105.722 105.544 105.544 105.544 104.738 104.738 101.623 101.623 101.623 101.623 101.623 101.623 101.623 101.623 101.623 101.091 101.091 101.091 100.914 100.897 100.754 100.754 100.66 100.393 100.229 100.229 100.029 100.029 100.019 100.005 100.001 100 100 100 100 100 100 100 100 100 100 100 100 100 100 100 100 100 100 100 100 100 100 100 100 100 100 100 100 100 100 100 100 100 100 100 100 100 100 100 100 100 100 100 100 100 100 100 100 100 100 100
439.649 239.819 188.651 130.136 120.505 116.252 113.227 112.044 111.137 109.691 108.871 108.148 107.666 107.446 107.176 107.014 107.014 103.446 103.446 102.044 102.044 102.044 102.044 102.044 102.044 102.044 102.044 101.648 101.648 101.648 101.648 101.046 101.046 100.746 100.746 100.743 100.384 100.367 100.203 100.104 100.047 100.006 100.005 100.001 100.001 100 100 100 100 100 100 100 100 100 100 100 100 100 100 100 100 100 100 100 100 100 100 100 100 100 100 100 100 100 100 100 100 100 100 100 100 100 100 100 100 100 100 100 100 100 100 100 100 100 100 100
330.435 228.098 196.082 132.476 122.06 117.937 114.326 111.652 111.218 109.763 109.086 107.176 107.176 105.897 105.897 105.897 105.897 105.897 105.111 104.091 104.091 102.325 102.325 102.325 102.325 102.325 102.325 101.978 101.306 101.306 101.277 101.081 101.081 101.057 101.013 100.694 100.694 100.426 100.426 100.176 100.176 100.057 100.035 100.009 100.003 100.002 100 100 100 100 100 100 100 100 100 100 100 100 100 100 100 100 100 100 100 100 100 100 100 100 100 100 100 100 100 100 100 100 100 100 100 100 100 100 100 100 100 100 100 100 100 100 100 100 100 100
594.306 269.881 211.071 140.352 126.79 113.564 113.117 111.842 108.245 108.245 108.245 107.592 106.787 106.47 106.47 106.47 105.514 105.514 105.514 103.723 103.723 103.723 103.723 103.723 103.723 103.09 103.09 102.879 101.938 101.938 101.938 101.871 101.871 101.111 101.067 101.067 101.067 100.423 100.423 100.423 100.423 100.119 100.113 100.032 100.019 100.005 100.002 100.001 100 100 100 100 100 100 100 100 100 100 100 100 100 100 100 100 100 100 100 100 100 100 100 100 100 100 100 100 100 100 100 100 100 100 100 100 100 100 100 100 100 100 100 100 100 100 100 100
740.704 314.33 266.567 147.826 131.289 117.622 114.571 113.211 111.101 109.484 109.484 109.484 108.104 108.104 105.416 105.416 105.416 105.416 104.494 104.494 104.494 104.494 104.494 104.366 104.366 103.889 103.773 103.012 102.333 101.805 101.805 101.805 101.805 101.805 101.805 101.407 101.407 100.602 100.602 100.602 100.363 100.363 100.094 100.032 100.01 100.003 100.001 100 100 100 100 100 100 100 100 100 100 100 100 100 100 100 100 100 100 100 100 100 100 100 100 100 100 100 100 100 100 100 100 100 100 100 100 100 100 100 100 100 100 100 100 100 100 100 100 100
533.441 247.819 199.479 136.992 124.624 116.109 112.881 112.586 111.33 108.26 105.416 105.416 105.416 105.416 105.344 105.344 105.344 105.344 105.344 105.344 105.344 104.98 104.98 104.698 104.698 104.698 104.698 102.501 102.501 102.444 102.028 101.896 101.896 101.896 101.886 101.886 101.474 101.417 101.23 100.847 100.847 100.651 100.539 100.297 100.045 100.035 100.008 100.003 100.001 100 100 100 100 100 100 100 100 100 100 100 100 100 100 100 100 100 100 100 100 100 100 100 100 100 100 100 100 100 100 100 100 100 100 100 100 100 100 100 100 100 100 100 100 100 100 100
750.593 313.682 241.164 120.278 120.278 116.747 113.614 112.331 109.361 109.361 108.634 108.634 108.475 108.112 108.112 106.798 106.798 106.798 106.798 105.035 104.443 103.891 103.891 103.891 103.891 103.798 103.035 102.611 101.963 101.963 101.96 101.767 101.141 101.141 101.141 100.911 100.911 100.911 100.911 100.911 100.887 100.562 100.562 100.511 100.503 100.268 100.268 100.268 100.228 100.221 100.095 100.092 100.048 100.014 100.001 100.001 100 100 100 100 100 100 100 100 100 100 100 100 100 100 100 100 100 100 100 100 100 100 100 100 100 100 100 100 100 100 100 100 100 100 100 100 100 100 100 100
287.63 200.525 156.059 136.114 122.688 116.745 113.094 111.873 111.74 108.668 108.167 107.733 107.288 107.288 106.462 106.462 106.462 106.462 106.264 104.622 104.622 104.622 104.622 104.622 104.622 104.622 102.602 102.602 102.547 102.547 102.217 101.888 101.888 101.273 101.273 100.879 100.879 100.879 100.879 100.879 100.879 100.846 100.588 100.367 100.166 100.06 100.017 100.006 100.002 100 100 100 100 100 100 100 100 100 100 100 100 100 100 100 100 100 100 100 100 100 100 100 100 100 100 100 100 100 100 100 100 100 100 100 100 100 100 100 100 100 100 100 100 100 100 100
418.88 374.677 193.344 132.316 126.274 115.646 113.62 112.662 111.229 110.038 109.092 108.206 106.85 106.85 106.85 106.85 106.314 106.314 105.422 104.146 104.1 104.1 104.1 103.291 103.156 103.08 101.66 101.66 101.66 101.66 101.3 101.186 101.186 101.042 101.042 101.042 101.042 100.448 100.448 100.448 100.392 100.253 100.103 100.022 100.011 100.002 100.001 100 100 100 100 100 100 100 100 100 100 100 100 100 100 100 100 100 100 100 100 100 100 100 100 100 100 100 100 100 100 100 100 100 100 100 100 100 100 100 100 100 100 100 100 100 100 100 100 100
512.463 235.227 192.855 136.184 118.39 115.948 115.599 111.65 110.826 110.279 107.101 107.101 107.101 105.218 105.218 105.218 105.218 105.218 105.218 105.218 105.218 105.218 105.005 103.401 103.401 103.401 103.03 103.03 103.03 103.03 100.831 100.831 100.831 100.831 100.831 100.831 100.831 100.831 100.757 100.693 100.693 100.481 100.423 100.423 100.325 100.236 100.161 100.093 100.038 100.009 100.004 100.001 100 100 100 100 100 100 100 100 100 100 100 100 100 100 100 100 100 100 100 100 100 100 100 100 100 100 100 100 100 100 100 100 100 100 100 100 100 100 100 100 100 100 100 100
915.863 224.931 205.319 132.824 123.244 115.695 112.874 111.409 111.158 108.984 108.922 108.922 108.689 107.443 107.443 106.805 105.547 105.547 105.049 103.878 103.878 103.878 103.753 103.753 103.753 103.753 103.455 102.296 102.296 102.296 102.016 101.896 101.896 101.896 101.114 100.805 100.805 100.743 100.743 100.683 100.683 100.683 100.683 100.683 100.683 100.683 100.683 100.587 100.35 100.35 100.333 100.316 100.23 100.162 100.019 100.009 100.004 100.002 100.001 100 100 100 100 100 100 100 100 100 100 100 100 100 100 100 100 100 100 100 100 100 100 100 100 100 100 100 100 100 100 100 100 100 100 100 100 100
626.94 378.7 175.296 123.711 118.71 116.434 113.168 111.598 111.191 109.042 107.884 107.884 107.047 107.047 102.363 102.363 102.363 102.363 102.363 102.363 102.363 102.363 102.228 102.222 102.222 101.73 101.73 101.599 101.599 100.53 100.388 100.388 100.204 100.204 100.204 100.204 100.204 100.204 100.204 100.204 100.204 100.073 100.016 100.011 100.004 100.002 100.001 100 100 100 100 100 100 100 100 100 100 100 100 100 100 100 100 100 100 100 100 100 100 100 100 100 100 100 100 100 100 100 100 100 100 100 100 100 100 100 100 100 100 100 100 100 100 100 100 100
424.923 303.155 245.796 122.581 122.559 116.946 113.866 112.516 111.124 109.997 108.81 108.81 107.981 107.382 107.331 107.331 106.643 106.643 104.032 104.032 104.032 104.032 103.748 103.748 103.748 102.788 102.788 102.788 102.755 102.755 102.384 102.384 102.384 101.592 101.592 101.592 101.592 101.592 100.854 100.854 100.644 100.644 100.644 100.644 100.346 100.203 100.203 100.098 100.033 100.011 100.003 100.001 100 100 100 100 100 100 100 100 100 100 100 100 100 100 100 100 100 100 100 100 100 100 100 100 100 100 100 100 100 100 100 100 100 100 100 100 100 100 100 100 100 100 100 100
465.844 202.761 202.761 126.088 123.128 117.422 113.145 111.749 110.522 110.18 109.785 107.718 107.047 106.955 104.172 104.172 104.172 104.172 104.172 103.633 103.386 103.386 103.386 103.293 103.293 102.479 101.935 101.935 101.887 101.316 101.316 101.238 100.464 100.464 100.464 100.464 100.411 100.411 100.411 100.236 100.16 100.12 100.071 100.018 100.006 100.002 100.001 100 100 100 100 100 100 100 100 100 100 100 100 100 100 100 100 100 100 100 100 100 100 100 100 100 100 100 100 100 100 100 100 100 100 100 100 100 100 100 100 100 100 100 100 100 100 100 100 100
472.379 248.167 191.943 137.341 119.979 118.9 114.03 112.031 111.428 110.203 110.203 108.047 106.691 106.691 106.691 105.314 105.314 105.314 104.192 104.192 104.192 104.192 104.192 103.705 103.223 103.223 102.441 102.27 101.219 101.219 101.147 101.147 100.781 100.781 100.72 100.604 100.475 100.475 100.475 100.475 100.095 100.095 100.04 100.014 100.005 100.002 100.001 100 100 100 100 100 100 100 100 100 100 100 100 100 100 100 100 100 100 100 100 100 100 100 100 100 100 100 100 100 100 100 100 100 100 100 100 100 100 100 100 100 100 100 100 100 100 100 100 100
362.254 287.434 162.037 127.242 120.643 117.633 112.941 112.394 109.119 108.349 108.029 107.404 107.404 107.024 107.024 107.024 107.024 103.547 103.547 103.547 103.547 103.547 103.547 103.547 103.547 103.345 102.77 101.499 101.499 101.499 100.916 100.412 100.412 100.412 100.412 100.412 100.412 100.412 100.412 100.412 100.286 100.101 100.025 100.008 100.001 100.001 100 100 100 100 100 100 100 100 100 100 100 100 100 100 100 100 100 100 100 100 100 100 100 100 100 100 100 100 100 100 100 100 100 100 100 100 100 100 100 100 100 100 100 100 100 100 100 100 100 100
473.624 189.013 189.013 129.503 119.355 119.071 113.446 112.235 109.345 109.345 109.302 108.373 106.549 106.549 106.2 105.674 105.425 104.075 104.075 104.075 104.075 103.416 103.416 103.079 103.079 101.97 101.95 101.462 101.462 101.462 101.462 101.462 101.164 101.164 100.603 100.603 100.603 100.603 100.602 100.602 100.506 100.288 100.243 100.111 100.04 100.015 100.004 100.001 100 100 100 100 100 100 100 100 100 100 100 100 100 100 100 100 100 100 100 100 100 100 100 100 100 100 100 100 100 100 100 100 100 100 100 100 100 100 100 100 100 100 100 100 100 100 100 100
748.129 309.275 215.631 132.367 125.8 116.41 113.383 111.763 110.367 110.339 109.472 108.128 107.793 107.144 106.49 106.49 103.753 103.753 103.753 103.753 103.753 103.753 103.753 103.753 103.753 103.753 103.579 102.933 102.933 102.764 102.022 101.009 100.847 100.431 100.349 100.349 100.349 100.349 100.349 100.349 100.183 100.072 100.018 100.003 100.001 100 100 100 100 100 100 100 100 100 100 100 100 100 100 100 100 100 100 100 100 100 100 100 100 100 100 100 100 100 100 100 100 100 100 100 100 100 100 100 100 100 100 100 100 100 100 100 100 100 100 100
424.533 303.974 214.196 133.153 121.4 117.353 113.502 111.535 110.377 109.394 109.157 106.632 105.91 105.91 105.91 105.91 105.91 105.91 105.91 105.91 105.758 105.758 102.21 102.21 102.21 102.21 102.21 102.21 102.025 101.572 101.215 101.215 101.215 101.215 101.215 101.215 101.215 101.215 101.01 101.01 101.01 100.838 100.838 100.838 100.716 100.643 100.643 100.643 100.351 100.272 100.272 100.272 100.272 100.272 100.155 100.155 100.155 100.155 100.074 100.061 100.034 100.016 100.002 100.001 100 100 100 100 100 100 100 100 100 100 100 100 100 100 100 100 100 100 100 100 100 100 100 100 100 100 100 100 100 100 100 100
530.485 293.007 222.975 140.797 128.411 117.534 113.784 112.9 111.038 109.044 108.751 108.15 107.978 106.844 106.844 106.844 106.844 105.104 105.104 105.104 105.104 105.104 105.104 105.104 105.104 105.063 104.851 102.211 101.047 100.978 100.978 100.978 100.971 100.734 100.734 100.734 100.734 100.734 100.677 100.677 100.677 100.677 100.552 100.552 100.252 100.248 100.158 100.052 100.021 100.004 100.001 100 100 100 100 100 100 100 100 100 100 100 100 100 100 100 100 100 100 100 100 100 100 100 100 100 100 100 100 100 100 100 100 100 100 100 100 100 100 100 100 100 100 100 100 100
553.127 352.7 210.958 146.78 130.418 117.509 116.162 111.815 111.26 110.969 108.519 108.056 106.269 106.269 106.269 105.976 104.744 103.7 103.67 103.67 103.67 103.67 103.67 103.67 102.488 102.488 102.488 102.488 102.351 101.824 101.528 101.528 101.528 100.957 100.957 100.957 100.957 100.91 100.674 100.636 100.376 100.151 100.141 100.035 100.01 100.01 100.003 100.001 100 100 100 100 100 100 100 100 100 100 100 100 100 100 100 100 100 100 100 100 100 100 100 100 100 100 100 100 100 100 100 100 100 100 100 100 100 100 100 100 100 100 100 100 100 100 100 100
395.514 220.339 215.979 135.499 124.632 118.613 112.566 111.376 111.255 110.042 108.875 108.875 108.838 107.66 105.881 105.881 105.841 105.841 105.841 105.841 105.841 105.841 105.8 103.359 103.359 103.359 103.146 103.146 103.146 103.146 102.507 101.745 101.745 101.627 101.58 101.135 100.812 100.548 100.548 100.548 100.535 100.369 100.22 100.12 100.029 100.009 100.002 100.001 100 100 100 100 100 100 100 100 100 100 100 100 100 100 100 100 100 100 100 100 100 100 100 100 100 100 100 100 100 100 100 100 100 100 100 100 100 100 100 100 100 100 100 100 100 100 100 100
518.022 288.031 248.13 134.987 123.281 116.618 115.076 112.238 110.777 110.147 109.45 108.822 106.644 106.644 106.644 106.644 106.292 105.443 105.443 105.443 103.775 103.775 103.19 103.19 103.19 103.19 103.166 101.966 101.602 101.602 101.602 101.602 101.602 100.929 100.929 100.929 100.929 100.929 100.392 100.376 100.376 100.376 100.376 100.353 100.15 100.068 100.03 100.009 100.003 100.002 100.001 100 100 100 100 100 100 100 100 100 100 100 100 100 100 100 100 100 100 100 100 100 100 100 100 100 100 100 100 100 100 100 100 100 100 100 100 100 100 100 100 100 100 100 100 100
329.051 265.81 200.874 142.686 121.761 117.818 114.193 111.414 111.063 109.867 109.05 107.424 107.424 106.62 106.62 106.62 106.62 105.926 105.225 105.225 104.707 104.292 104.292 103.148 103.148 103.148 103.148 103.148 102.427 101.896 101.628 101.128 101.128 101.128 101.086 101.041 100.254 100.254 100.254 100.254 100.254 100.157 100.069 100.022 100.005 100.002 100.001 100 100 100 100 100 100 100 100 100 100 100 100 100 100 100 100 100 100 100 100 100 100 100 100 100 100 100 100 100 100 100 100 100 100 100 100 100 100 100 100 100 100 100 100 100 100 100 100 100
375.554 320.833 205.079 135.124 123.532 118.737 113.957 111.862 110.378 109.386 109.059 108.305 106.228 106.228 106.228 106.228 106.228 104.985 104.985 104.985 104.985 104.911 104.911 104.911 104.911 104.57 103.65 102.955 101.742 101.742 101.742 101.742 101.307 101.307 101.193 101.193 100.827 100.827 100.827 100.827 100.776 100.31 100.289 100.093 100.039 100.013 100.005 100.001 100 100 100 100 100 100 100 100 100 100 100 100 100 100 100 100 100 100 100 100 100 100 100 100 100 100 100 100 100 100 100 100 100 100 100 100 100 100 100 100 100 100 100 100 100 100 100 100
286.573 270.221 236.456 131.114 122.687 117.689 114.792 112.165 108.534 108.534 108.534 108.534 106.134 106.134 106.134 106.134 105.848 105.848 103.755 103.755 103.755 103.755 103.212 103.212 103.212 103.212 103.212 101.138 101.138 101.039 101.011 100.787 100.787 100.787 100.704 100.704 100.607 100.329 100.25 100.209 100.209 100.157 100.084 100.067 100.016 100.01 100.003 100.002 100.001 100 100 100 100 100 100 100 100 100 100 100 100 100 100 100 100 100 100 100 100 100 100 100 100 100 100 100 100 100 100 100 100 100 100 100 100 100 100 100 100 100 100 100 100 100 100 100
668.805 282.096 197.677 131.632 121.133 119.53 114.733 112.049 111.101 107.776 107.776 107.776 107.776 106.433 106.433 106.433 106.433 106.383 106.174 105.662 105.284 105.284 104.879 104.114 104.114 104.114 103.943 103.008 102.734 102.734 102.734 102.734 102.734 101.985 101.288 101.288 101.288 101.288 101.288 101.288 101.081 100.572 100.572 100.464 100.358 100.243 100.142 100.133 100.031 100.013 100.003 100.002 100 100 100 100 100 100 100 100 100 100 100 100 100 100 100 100 100 100 100 100 100 100 100 100 100 100 100 100 100 100 100 100 100 100 100 100 100 100 100 100 100 100 100 100
540.579 342.262 173.405 137.335 120.612 116.298 112.743 112.332 111.301 106.823 106.823 106.823 106.823 106.823 106.464 105.292 105.292 105.292 105.292 104.803 104.803 103.008 103.008 103.008 103.008 103.008 103.008 102.952 102.825 101.508 101.508 101.508 101.508 100.945 100.945 100.809 100.809 100.809 100.809 100.363 100.363 100.349 100.133 100.055 100.015 100.002 100.001 100 100 100 100 100 100 100 100 100 100 100 100 100 100 100 100 100 100 100 100 100 100 100 100 100 100 100 100 100 100 100 100 100 100 100 100 100 100 100 100 100 100 100 100 100 100 100 100 100
552.293 329.943 164.561 140.173 121.086 115.288 112.387 112.054 110.189 108.766 108.766 108.766 108.071 106.618 106.217 106.217 106.217 106.034 104.609 104.609 104.609 104.609 103.753 103.753 103.753 103.731 102.681 102.27 102.27 102.237 101.316 101.316 101.316 101.316 100.761 100.761 100.761 100.761 100.761 100.761 100.761 100.746 100.12 100.12 100.12 100.044 100.016 100.005 100.002 100 100 100 100 100 100 100 100 100 100 100 100 100 100 100 100 100 100 100 100 100 100 100 100 100 100 100 100 100 100 100 100 100 100 100 100 100 100 100 100 100 100 100 100 100 100 100
