1226.47 749.298 663.247 410.201 393.139 356.771 334.565 318.459 314.431 310.91 307.768 305.551 303.796 301.429 301.15 300.631 300.579 300.387 300.18 300.164 300.093 300.063 300.033 300.018 300.014 300.008 300.006 300.002 300.001 300.001 300 300 300 300 300 300 300 300 300 300 300 300 300 300 300 300 300 300 300 300 300 300 300 300 300 300 300 300 300 300 300 300 300 300 300 300 300 300 300 300 300 300 300 300 300 300 300 300 300 300 300 300 300 300 300 300 300 300 300 300 300 300 300 300 300 300
1388.55 946.91 763.845 453.629 431.259 372.794 346.228 325.976 323.256 317.52 308.3 304.715 303.486 302.706 301.54 301.033 300.793 300.491 300.36 300.206 300.126 300.069 300.049 300.025 300.018 300.006 300.005 300.002 300.001 300.001 300 300 300 300 300 300 300 300 300 300 300 300 300 300 300 300 300 300 300 300 300 300 300 300 300 300 300 300 300 300 300 300 300 300 300 300 300 300 300 300 300 300 300 300 300 300 300 300 300 300 300 300 300 300 300 300 300 300 300 300 300 300 300 300 300 300
1255.26 785.108 519.034 395.305 371.731 353.965 322.365 322.111 312.383 308.766 305.567 303.742 302.171 301.742 300.833 300.559 300.312 300.312 300.166 300.098 300.076 300.044 300.027 300.018 300.01 300.006 300.004 300.001 300.001 300 300 300 300 300 300 300 300 300 300 300 300 300 300 300 300 300 300 300 300 300 300 300 300 300 300 300 300 300 300 300 300 300 300 300 300 300 300 300 300 300 300 300 300 300 300 300 300 300 300 300 300 300 300 300 300 300 300 300 300 300 300 300 300 300 300 300
879.043 798.712 541.546 390.965 348.683 348.683 328.697 319.781 313.181 307.957 304.202 303.017 302.354 301.37 300.865 300.545 300.447 300.263 300.134 300.104 300.064 300.016 300.016 300.015 300.009 300.005 300.003 300.001 300.001 300 300 300 300 300 300 300 300 300 300 300 300 300 300 300 300 300 300 300 300 300 300 300 300 300 300 300 300 300 300 300 300 300 300 300 300 300 300 300 300 300 300 300 300 300 300 300 300 300 300 300 300 300 300 300 300 300 300 300 300 300 300 300 300 300 300 300
1378.1 833.315 633.651 415.424 387.22 360.301 339.694 328.048 316.382 310.232 306.192 303.987 302.541 301.658 301.219 300.783 300.463 300.332 300.205 300.095 300.085 300.06 300.033 300.016 300.011 300.007 300.005 300.001 300.001 300 300 300 300 300 300 300 300 300 300 300 300 300 300 300 300 300 300 300 300 300 300 300 300 300 300 300 300 300 300 300 300 300 300 300 300 300 300 300 300 300 300 300 300 300 300 300 300 300 300 300 300 300 300 300 300 300 300 300 300 300 300 300 300 300 300 300
1246.45 747.6 577.691 431.943 397.079 349.317 336.789 321.31 316.204 310.889 306.005 303.812 302.254 301.717 301.035 300.694 300.491 300.333 300.194 300.157 300.078 300.04 300.033 300.016 300.011 300.006 300.004 300.001 300.001 300.001 300 300 300 300 300 300 300 300 300 300 300 300 300 300 300 300 300 300 300 300 300 300 300 300 300 300 300 300 300 300 300 300 300 300 300 300 300 300 300 300 300 300 300 300 300 300 300 300 300 300 300 300 300 300 300 300 300 300 300 300 300 300 300 300 300 300
1267.17 680.407 485.419 401.498 360.632 334.682 316.102 312.353 311.704 307.101 304.887 303.034 301.601 300.863 300.596 300.46 300.309 300.281 300.163 300.074 300.064 300.035 300.021 300.011 300.006 300.005 300.003 300.001 300.001 300 300 300 300 300 300 300 300 300 300 300 300 300 300 300 300 300 300 300 300 300 300 300 300 300 300 300 300 300 300 300 300 300 300 300 300 300 300 300 300 300 300 300 300 300 300 300 300 300 300 300 300 300 300 300 300 300 300 300 300 300 300 300 300 300 300 300
953.5 757.357 554.599 416.144 378.458 335.879 327.868 320.97 312.209 308.852 306.079 303.32 302.013 301.386 300.633 300.546 300.457 300.309 300.17 300.115 300.071 300.029 300.024 300.018 300.01 300.005 300.003 300.001 300.001 300 300 300 300 300 300 300 300 300 300 300 300 300 300 300 300 300 300 300 300 300 300 300 300 300 300 300 300 300 300 300 300 300 300 300 300 300 300 300 300 300 300 300 300 300 300 300 300 300 300 300 300 300 300 300 300 300 300 300 300 300 300 300 300 300 300 300
1584.5 1048.84 508.622 406.572 406.572 367.412 349.71 334.952 322.163 310.755 308.28 305.193 303.177 302.006 301.237 300.851 300.597 300.478 300.281 300.182 300.108 300.077 300.047 300.022 300.018 300.01 300.007 300.002 300.001 300.001 300 300 300 300 300 300 300 300 300 300 300 300 300 300 300 300 300 300 300 300 300 300 300 300 300 300 300 300 300 300 300 300 300 300 300 300 300 300 300 300 300 300 300 300 300 300 300 300 300 300 300 300 300 300 300 300 300 300 300 300 300 300 300 300 300 300
1038.92 703.907 529.76 416.632 368.42 343.006 337.304 312.945 312.945 308.664 304.302 302.716 302.002 301.298 301.089 300.656 300.28 300.135 300.135 300.076 300.066 300.046 300.024 300.015 300.01 300.005 300.003 300.001 300.001 300 300 300 300 300 300 300 300 300 300 300 300 300 300 300 300 300 300 300 300 300 300 300 300 300 300 300 300 300 300 300 300 300 300 300 300 300 300 300 300 300 300 300 300 300 300 300 300 300 300 300 300 300 300 300 300 300 300 300 300 300 300 300 300 300 300 300
1353.63 771.63 565.76 432.707 409.772 383.998 370.958 337.609 319.12 314.975 308.966 307.236 303.637 303.054 300.9 300.9 300.746 300.463 300.266 300.194 300.11 300.08 300.045 300.028 300.015 300.009 300.006 300.002 300.001 300.001 300 300 300 300 300 300 300 300 300 300 300 300 300 300 300 300 300 300 300 300 300 300 300 300 300 300 300 300 300 300 300 300 300 300 300 300 300 300 300 300 300 300 300 300 300 300 300 300 300 300 300 300 300 300 300 300 300 300 300 300 300 300 300 300 300 300
807.117 665.669 482.146 415.112 374.916 355.01 343.526 317.35 315.565 308.152 307.6 304.453 302.925 301.847 301.139 300.71 300.418 300.341 300.21 300.121 300.066 300.061 300.035 300.022 300.015 300.008 300.005 300.001 300.001 300.001 300 300 300 300 300 300 300 300 300 300 300 300 300 300 300 300 300 300 300 300 300 300 300 300 300 300 300 300 300 300 300 300 300 300 300 300 300 300 300 300 300 300 300 300 300 300 300 300 300 300 300 300 300 300 300 300 300 300 300 300 300 300 300 300 300 300
1310.19 1107.31 681.601 442.293 395.903 355.763 345.107 329.416 315.357 312.538 306.307 304.51 302.539 301.97 301.286 300.773 300.561 300.412 300.232 300.124 300.108 300.055 300.036 300.024 300.015 300.008 300.005 300.002 300.001 300.001 300 300 300 300 300 300 300 300 300 300 300 300 300 300 300 300 300 300 300 300 300 300 300 300 300 300 300 300 300 300 300 300 300 300 300 300 300 300 300 300 300 300 300 300 300 300 300 300 300 300 300 300 300 300 300 300 300 300 300 300 300 300 300 300 300 300
1267.38 741.791 503.449 406.749 356.051 356.051 328.788 317.883 313.168 311.007 305.151 303.391 302.385 301.341 300.954 300.75 300.35 300.343 300.173 300.122 300.055 300.04 300.024 300.019 300.012 300.007 300.004 300.002 300.001 300.001 300 300 300 300 300 300 300 300 300 300 300 300 300 300 300 300 300 300 300 300 300 300 300 300 300 300 300 300 300 300 300 300 300 300 300 300 300 300 300 300 300 300 300 300 300 300 300 300 300 300 300 300 300 300 300 300 300 300 300 300 300 300 300 300 300 300
909.929 669.613 615.202 425.703 365.232 346.585 323.871 323.871 316.277 310.734 305.003 304.502 302.669 301.58 301.322 300.608 300.483 300.294 300.181 300.115 300.082 300.038 300.024 300.019 300.008 300.005 300.003 300.001 300.001 300 300 300 300 300 300 300 300 300 300 300 300 300 300 300 300 300 300 300 300 300 300 300 300 300 300 300 300 300 300 300 300 300 300 300 300 300 300 300 300 300 300 300 300 300 300 300 300 300 300 300 300 300 300 300 300 300 300 300 300 300 300 300 300 300 300 300
1514.7 749.722 562.067 410.419 384.478 351.998 326.369 316.337 312.272 305.165 305.165 303.468 302.432 301.342 300.843 300.58 300.457 300.151 300.135 300.132 300.074 300.041 300.027 300.015 300.008 300.006 300.004 300.001 300.001 300 300 300 300 300 300 300 300 300 300 300 300 300 300 300 300 300 300 300 300 300 300 300 300 300 300 300 300 300 300 300 300 300 300 300 300 300 300 300 300 300 300 300 300 300 300 300 300 300 300 300 300 300 300 300 300 300 300 300 300 300 300 300 300 300 300 300
765.924 765.924 548.262 406.898 363.314 327.406 316.297 316.297 312.151 310.077 304.43 303.428 302.139 301.132 300.74 300.594 300.391 300.279 300.167 300.106 300.067 300.046 300.031 300.012 300.008 300.005 300.003 300.001 300.001 300 300 300 300 300 300 300 300 300 300 300 300 300 300 300 300 300 300 300 300 300 300 300 300 300 300 300 300 300 300 300 300 300 300 300 300 300 300 300 300 300 300 300 300 300 300 300 300 300 300 300 300 300 300 300 300 300 300 300 300 300 300 300 300 300 300 300
1109.94 572.698 572.698 397.499 359.906 341.638 326.752 321.254 312.751 307.492 303.858 303.858 301.984 301.408 301.087 300.694 300.254 300.147 300.146 300.112 300.069 300.047 300.021 300.014 300.01 300.007 300.003 300.001 300.001 300.001 300 300 300 300 300 300 300 300 300 300 300 300 300 300 300 300 300 300 300 300 300 300 300 300 300 300 300 300 300 300 300 300 300 300 300 300 300 300 300 300 300 300 300 300 300 300 300 300 300 300 300 300 300 300 300 300 300 300 300 300 300 300 300 300 300 300
1342.62 890.679 548.078 404.62 381.875 351.505 329.488 317.451 313.115 311.035 305.979 302.915 302.878 301.929 301.25 300.79 300.624 300.355 300.226 300.162 300.074 300.064 300.046 300.024 300.015 300.009 300.004 300.002 300.001 300.001 300 300 300 300 300 300 300 300 300 300 300 300 300 300 300 300 300 300 300 300 300 300 300 300 300 300 300 300 300 300 300 300 300 300 300 300 300 300 300 300 300 300 300 300 300 300 300 300 300 300 300 300 300 300 300 300 300 300 300 300 300 300 300 300 300 300
1002.48 969.844 619.221 433.037 394.11 353.418 333.988 328.851 315.229 309.109 305.488 304.218 303.017 301.748 301.253 300.879 300.366 300.245 300.227 300.147 300.065 300.052 300.03 300.017 300.011 300.007 300.003 300.001 300.001 300 300 300 300 300 300 300 300 300 300 300 300 300 300 300 300 300 300 300 300 300 300 300 300 300 300 300 300 300 300 300 300 300 300 300 300 300 300 300 300 300 300 300 300 300 300 300 300 300 300 300 300 300 300 300 300 300 300 300 300 300 300 300 300 300 300 300
1498.82 736.375 570.625 419.579 371.8 340.556 335.747 319.774 313.146 307.536 304.937 303.218 301.073 301.073 301.073 300.712 300.369 300.319 300.195 300.112 300.068 300.051 300.02 300.014 300.009 300.005 300.002 300.001 300.001 300 300 300 300 300 300 300 300 300 300 300 300 300 300 300 300 300 300 300 300 300 300 300 300 300 300 300 300 300 300 300 300 300 300 300 300 300 300 300 300 300 300 300 300 300 300 300 300 300 300 300 300 300 300 300 300 300 300 300 300 300 300 300 300 300 300 300
1445.24 899.633 466.291 444.305 392.943 357.07 335.223 325.354 319.203 310.127 307.473 304.873 302.974 301.774 301.258 300.776 300.596 300.403 300.256 300.156 300.109 300.049 300.033 300.022 300.011 300.006 300.004 300.001 300.001 300.001 300 300 300 300 300 300 300 300 300 300 300 300 300 300 300 300 300 300 300 300 300 300 300 300 300 300 300 300 300 300 300 300 300 300 300 300 300 300 300 300 300 300 300 300 300 300 300 300 300 300 300 300 300 300 300 300 300 300 300 300 300 300 300 300 300 300
1300.95 635.422 522.401 447.916 399.899 372.688 347.641 328.419 315.054 309.297 305.247 305.247 303.22 301.897 301.323 300.839 300.494 300.378 300.212 300.137 300.076 300.047 300.03 300.018 300.01 300.007 300.005 300.002 300.001 300.001 300 300 300 300 300 300 300 300 300 300 300 300 300 300 300 300 300 300 300 300 300 300 300 300 300 300 300 300 300 300 300 300 300 300 300 300 300 300 300 300 300 300 300 300 300 300 300 300 300 300 300 300 300 300 300 300 300 300 300 300 300 300 300 300 300 300
1195.13 659.358 586.446 424.382 360.539 348.144 326.316 317.655 312.413 309.575 305.756 304.28 303.119 301.246 301.204 300.69 300.496 300.325 300.207 300.12 300.069 300.042 300.023 300.015 300.011 300.007 300.003 300.001 300.001 300 300 300 300 300 300 300 300 300 300 300 300 300 300 300 300 300 300 300 300 300 300 300 300 300 300 300 300 300 300 300 300 300 300 300 300 300 300 300 300 300 300 300 300 300 300 300 300 300 300 300 300 300 300 300 300 300 300 300 300 300 300 300 300 300 300 300
1038.71 818.26 564.49 430.271 360.379 357.623 335.222 319.662 308.55 308.243 305.296 303.941 302.159 301.017 300.843 300.71 300.475 300.316 300.175 300.106 300.062 300.043 300.026 300.015 300.012 300.007 300.003 300.002 300.001 300.001 300 300 300 300 300 300 300 300 300 300 300 300 300 300 300 300 300 300 300 300 300 300 300 300 300 300 300 300 300 300 300 300 300 300 300 300 300 300 300 300 300 300 300 300 300 300 300 300 300 300 300 300 300 300 300 300 300 300 300 300 300 300 300 300 300 300
1042.99 729.866 495.676 394.23 364.464 341.203 330.312 320.294 309.203 306.529 303.958 302.906 301.786 300.749 300.749 300.693 300.449 300.241 300.215 300.109 300.071 300.048 300.033 300.015 300.01 300.007 300.002 300.001 300.001 300 300 300 300 300 300 300 300 300 300 300 300 300 300 300 300 300 300 300 300 300 300 300 300 300 300 300 300 300 300 300 300 300 300 300 300 300 300 300 300 300 300 300 300 300 300 300 300 300 300 300 300 300 300 300 300 300 300 300 300 300 300 300 300 300 300 300
1369.48 696.874 541.556 425.974 360.516 358.357 330.52 327.588 313.04 309.113 306.801 302.915 302.235 301.242 300.996 300.727 300.542 300.375 300.163 300.094 300.082 300.059 300.035 300.019 300.013 300.006 300.003 300.002 300.001 300.001 300 300 300 300 300 300 300 300 300 300 300 300 300 300 300 300 300 300 300 300 300 300 300 300 300 300 300 300 300 300 300 300 300 300 300 300 300 300 300 300 300 300 300 300 300 300 300 300 300 300 300 300 300 300 300 300 300 300 300 300 300 300 300 300 300 300
823.301 740.449 599.344 416.469 373.216 331.126 331.126 322.537 315.865 308.89 305.657 303.626 302.746 301.539 300.821 300.611 300.416 300.353 300.187 300.141 300.077 300.033 300.032 300.014 300.008 300.005 300.004 300.001 300.001 300 300 300 300 300 300 300 300 300 300 300 300 300 300 300 300 300 300 300 300 300 300 300 300 300 300 300 300 300 300 300 300 300 300 300 300 300 300 300 300 300 300 300 300 300 300 300 300 300 300 300 300 300 300 300 300 300 300 300 300 300 300 300 300 300 300 300
1018.23 783.239 534.665 449.753 384.285 366.249 345.187 324.891 316.85 311.072 309.407 303.844 302.535 302.014 300.931 300.931 300.591 300.473 300.303 300.173 300.115 300.059 300.041 300.024 300.015 300.011 300.006 300.002 300.001 300.001 300 300 300 300 300 300 300 300 300 300 300 300 300 300 300 300 300 300 300 300 300 300 300 300 300 300 300 300 300 300 300 300 300 300 300 300 300 300 300 300 300 300 300 300 300 300 300 300 300 300 300 300 300 300 300 300 300 300 300 300 300 300 300 300 300 300
1122.36 651.678 533.545 422.762 362.264 351.359 333.07 324.719 315.139 308.349 304.913 304.231 301.991 301.823 301.214 300.65 300.467 300.344 300.252 300.108 300.087 300.05 300.029 300.021 300.013 300.007 300.005 300.002 300.001 300 300 300 300 300 300 300 300 300 300 300 300 300 300 300 300 300 300 300 300 300 300 300 300 300 300 300 300 300 300 300 300 300 300 300 300 300 300 300 300 300 300 300 300 300 300 300 300 300 300 300 300 300 300 300 300 300 300 300 300 300 300 300 300 300 300 300
1563.53 858.451 528.949 398.72 395.573 337.416 337.416 332.656 317.819 309.147 305.324 304.89 303.412 302.195 301.073 300.72 300.54 300.413 300.237 300.126 300.073 300.046 300.028 300.019 300.012 300.007 300.004 300.001 300.001 300.001 300 300 300 300 300 300 300 300 300 300 300 300 300 300 300 300 300 300 300 300 300 300 300 300 300 300 300 300 300 300 300 300 300 300 300 300 300 300 300 300 300 300 300 300 300 300 300 300 300 300 300 300 300 300 300 300 300 300 300 300 300 300 300 300 300 300
1060.65 637.523 510.522 401.547 351.884 335.032 325.302 310.273 309.292 305.207 304.639 302.657 301.9 301.468 300.899 300.57 300.373 300.214 300.15 300.096 300.071 300.036 300.021 300.017 300.009 300.006 300.002 300.001 300.001 300 300 300 300 300 300 300 300 300 300 300 300 300 300 300 300 300 300 300 300 300 300 300 300 300 300 300 300 300 300 300 300 300 300 300 300 300 300 300 300 300 300 300 300 300 300 300 300 300 300 300 300 300 300 300 300 300 300 300 300 300 300 300 300 300 300 300
1072.46 802.409 450.012 398.7 364.662 349.224 325.864 319.029 311.731 308.639 305.22 303.575 302.939 300.984 300.984 300.762 300.45 300.295 300.215 300.136 300.092 300.06 300.02 300.015 300.012 300.007 300.004 300.001 300.001 300 300 300 300 300 300 300 300 300 300 300 300 300 300 300 300 300 300 300 300 300 300 300 300 300 300 300 300 300 300 300 300 300 300 300 300 300 300 300 300 300 300 300 300 300 300 300 300 300 300 300 300 300 300 300 300 300 300 300 300 300 300 300 300 300 300 300
1388.65 750.539 515.858 399.496 387.887 347.4 327.255 317.556 311.708 306.965 304.531 302.841 302.362 301.062 300.727 300.466 300.436 300.23 300.156 300.121 300.077 300.049 300.026 300.017 300.009 300.006 300.004 300.001 300.001 300 300 300 300 300 300 300 300 300 300 300 300 300 300 300 300 300 300 300 300 300 300 300 300 300 300 300 300 300 300 300 300 300 300 300 300 300 300 300 300 300 300 300 300 300 300 300 300 300 300 300 300 300 300 300 300 300 300 300 300 300 300 300 300 300 300 300
908.765 615.462 523.915 383.734 351.009 348.472 326.761 312.068 312.068 307.815 305.505 303.16 302.458 301.525 300.872 300.744 300.481 300.322 300.153 300.153 300.08 300.062 300.038 300.017 300.013 300.009 300.003 300.001 300.001 300 300 300 300 300 300 300 300 300 300 300 300 300 300 300 300 300 300 300 300 300 300 300 300 300 300 300 300 300 300 300 300 300 300 300 300 300 300 300 300 300 300 300 300 300 300 300 300 300 300 300 300 300 300 300 300 300 300 300 300 300 300 300 300 300 300 300
1362.36 612.828 583.805 382.151 382.151 338.731 333.274 324.629 314.819 306.352 306.087 303.875 302.103 301.637 300.899 300.75 300.44 300.326 300.169 300.133 300.061 300.051 300.026 300.021 300.014 300.007 300.004 300.001 300.001 300.001 300 300 300 300 300 300 300 300 300 300 300 300 300 300 300 300 300 300 300 300 300 300 300 300 300 300 300 300 300 300 300 300 300 300 300 300 300 300 300 300 300 300 300 300 300 300 300 300 300 300 300 300 300 300 300 300 300 300 300 300 300 300 300 300 300 300
938.597 563.556 563.556 404.546 359.774 359.774 335.16 326.085 316.87 309.546 305.878 304.865 302.826 301.727 301.354 300.818 300.556 300.447 300.259 300.151 300.101 300.05 300.032 300.016 300.012 300.008 300.005 300.001 300.001 300.001 300 300 300 300 300 300 300 300 300 300 300 300 300 300 300 300 300 300 300 300 300 300 300 300 300 300 300 300 300 300 300 300 300 300 300 300 300 300 300 300 300 300 300 300 300 300 300 300 300 300 300 300 300 300 300 300 300 300 300 300 300 300 300 300 300 300
919.783 711.789 511.038 370.715 367.732 356.811 333.949 323.322 318.019 308.389 307.02 303.165 302.72 301.759 301.38 300.896 300.385 300.349 300.242 300.157 300.078 300.052 300.029 300.019 300.013 300.008 300.005 300.002 300.001 300.001 300 300 300 300 300 300 300 300 300 300 300 300 300 300 300 300 300 300 300 300 300 300 300 300 300 300 300 300 300 300 300 300 300 300 300 300 300 300 300 300 300 300 300 300 300 300 300 300 300 300 300 300 300 300 300 300 300 300 300 300 300 300 300 300 300 300
1998.25 1009.37 632.392 441.448 377.569 368.981 348.556 324.622 316.766 311.365 305.506 304.598 303.133 301.908 301.389 300.976 300.386 300.386 300.173 300.173 300.11 300.074 300.034 300.024 300.017 300.008 300.005 300.002 300.001 300.001 300 300 300 300 300 300 300 300 300 300 300 300 300 300 300 300 300 300 300 300 300 300 300 300 300 300 300 300 300 300 300 300 300 300 300 300 300 300 300 300 300 300 300 300 300 300 300 300 300 300 300 300 300 300 300 300 300 300 300 300 300 300 300 300 300 300
1256.74 705.366 553.073 365.161 365.161 347.642 324.082 315.117 312.225 307.116 304.589 303.427 301.342 301.342 300.872 300.581 300.394 300.267 300.119 300.101 300.059 300.034 300.028 300.013 300.009 300.005 300.003 300.001 300.001 300 300 300 300 300 300 300 300 300 300 300 300 300 300 300 300 300 300 300 300 300 300 300 300 300 300 300 300 300 300 300 300 300 300 300 300 300 300 300 300 300 300 300 300 300 300 300 300 300 300 300 300 300 300 300 300 300 300 300 300 300 300 300 300 300 300 300
1000.44 730.96 587.818 424.772 362.103 350.707 335.044 317.291 312.872 309.03 305.198 303.51 301.993 301.597 300.951 300.646 300.389 300.294 300.124 300.116 300.067 300.039 300.027 300.013 300.01 300.004 300.003 300.001 300.001 300 300 300 300 300 300 300 300 300 300 300 300 300 300 300 300 300 300 300 300 300 300 300 300 300 300 300 300 300 300 300 300 300 300 300 300 300 300 300 300 300 300 300 300 300 300 300 300 300 300 300 300 300 300 300 300 300 300 300 300 300 300 300 300 300 300 300
1246.66 681.825 543.741 462.325 405.709 373.775 336.779 323.168 319.511 307.999 306.988 305.236 304.32 302.246 302 301.23 300.82 300.544 300.341 300.211 300.138 300.063 300.051 300.025 300.014 300.011 300.006 300.003 300.001 300.001 300 300 300 300 300 300 300 300 300 300 300 300 300 300 300 300 300 300 300 300 300 300 300 300 300 300 300 300 300 300 300 300 300 300 300 300 300 300 300 300 300 300 300 300 300 300 300 300 300 300 300 300 300 300 300 300 300 300 300 300 300 300 300 300 300 300
791.011 575.907 485.695 375.647 363.99 351.485 334.145 326.635 311.947 308.801 307.3 304.203 303.097 301.94 301.239 300.957 300.65 300.362 300.222 300.18 300.106 300.055 300.043 300.028 300.012 300.007 300.003 300.001 300.001 300.001 300 300 300 300 300 300 300 300 300 300 300 300 300 300 300 300 300 300 300 300 300 300 300 300 300 300 300 300 300 300 300 300 300 300 300 300 300 300 300 300 300 300 300 300 300 300 300 300 300 300 300 300 300 300 300 300 300 300 300 300 300 300 300 300 300 300
1033.32 712.626 545.377 409.201 353.884 329.737 325.128 317.86 311.458 308.187 305.271 303.389 301.73 301.289 300.905 300.713 300.458 300.237 300.162 300.095 300.052 300.04 300.02 300.012 300.01 300.005 300.003 300.001 300.001 300 300 300 300 300 300 300 300 300 300 300 300 300 300 300 300 300 300 300 300 300 300 300 300 300 300 300 300 300 300 300 300 300 300 300 300 300 300 300 300 300 300 300 300 300 300 300 300 300 300 300 300 300 300 300 300 300 300 300 300 300 300 300 300 300 300 300
1663.1 939.959 626.838 428.102 389.791 363.423 335.207 319.517 309.991 309.391 305.688 304.206 302.65 300.799 300.799 300.653 300.425 300.37 300.199 300.155 300.101 300.052 300.033 300.016 300.014 300.008 300.004 300.001 300.001 300.001 300 300 300 300 300 300 300 300 300 300 300 300 300 300 300 300 300 300 300 300 300 300 300 300 300 300 300 300 300 300 300 300 300 300 300 300 300 300 300 300 300 300 300 300 300 300 300 300 300 300 300 300 300 300 300 300 300 300 300 300 300 300 300 300 300 300
1232.05 708.915 509.945 366.722 344.785 324.289 324.289 309.854 309.854 305.591 304.045 303.022 301.523 301.214 300.852 300.657 300.337 300.287 300.2 300.113 300.055 300.044 300.024 300.014 300.008 300.005 300.002 300.001 300.001 300 300 300 300 300 300 300 300 300 300 300 300 300 300 300 300 300 300 300 300 300 300 300 300 300 300 300 300 300 300 300 300 300 300 300 300 300 300 300 300 300 300 300 300 300 300 300 300 300 300 300 300 300 300 300 300 300 300 300 300 300 300 300 300 300 300 300
803.425 716.991 626.513 397.088 362.583 353.975 331.007 322.746 310.722 307.531 305.954 304.819 302.96 301.819 301.134 300.74 300.422 300.263 300.197 300.126 300.056 300.035 300.032 300.021 300.011 300.007 300.005 300.002 300.001 300 300 300 300 300 300 300 300 300 300 300 300 300 300 300 300 300 300 300 300 300 300 300 300 300 300 300 300 300 300 300 300 300 300 300 300 300 300 300 300 300 300 300 300 300 300 300 300 300 300 300 300 300 300 300 300 300 300 300 300 300 300 300 300 300 300 300
1045.99 648.526 561.646 427.592 371.091 326.412 318.175 318.175 308.075 305.283 305.283 304.142 302.16 301.782 300.958 300.754 300.314 300.286 300.127 300.121 300.062 300.037 300.019 300.013 300.009 300.005 300.003 300.001 300.001 300 300 300 300 300 300 300 300 300 300 300 300 300 300 300 300 300 300 300 300 300 300 300 300 300 300 300 300 300 300 300 300 300 300 300 300 300 300 300 300 300 300 300 300 300 300 300 300 300 300 300 300 300 300 300 300 300 300 300 300 300 300 300 300 300 300 300
1480.61 948.161 665.101 411.945 398.043 347.439 326.164 326.164 310.197 308.762 305.984 304.758 303.241 301.959 301.384 300.788 300.509 300.421 300.235 300.153 300.083 300.061 300.039 300.019 300.013 300.009 300.005 300.002 300.001 300 300 300 300 300 300 300 300 300 300 300 300 300 300 300 300 300 300 300 300 300 300 300 300 300 300 300 300 300 300 300 300 300 300 300 300 300 300 300 300 300 300 300 300 300 300 300 300 300 300 300 300 300 300 300 300 300 300 300 300 300 300 300 300 300 300 300
1011.19 605.947 551.516 388.69 363.432 331.417 325.32 315.591 314.454 306.919 303.34 302.158 301.913 301.181 300.832 300.581 300.415 300.199 300.16 300.119 300.046 300.038 300.021 300.013 300.009 300.005 300.003 300.001 300.001 300 300 300 300 300 300 300 300 300 300 300 300 300 300 300 300 300 300 300 300 300 300 300 300 300 300 300 300 300 300 300 300 300 300 300 300 300 300 300 300 300 300 300 300 300 300 300 300 300 300 300 300 300 300 300 300 300 300 300 300 300 300 300 300 300 300 300
1365.82 810.167 636.762 465.975 389.474 365.638 353.693 323.264 310.291 310.291 307.994 304.811 304.1 302.152 301.898 301.029 300.748 300.429 300.333 300.229 300.116 300.06 300.043 300.018 300.014 300.01 300.005 300.002 300.001 300 300 300 300 300 300 300 300 300 300 300 300 300 300 300 300 300 300 300 300 300 300 300 300 300 300 300 300 300 300 300 300 300 300 300 300 300 300 300 300 300 300 300 300 300 300 300 300 300 300 300 300 300 300 300 300 300 300 300 300 300 300 300 300 300 300 300
