3244.75 2087.99 1102.37 804.344 636.575 636.575 591.118 562.299 533.443 504.991 478.125 454.082 452.841 437.741 435.463 428.944 425.175 423.016 421.353 420.131 418.748 417.318 415.624 405.333 379.347 361.538 355.522 353.812 352.509 351.915 351.664 351.329 350.721 348.238 340.076 331.934 326.141 313.917 305.105 301.051 300.546 300.211 300.085 300.029 300.013 300.006 300.002 300.001 300 300 300 300 300 300 300 300 300 300 300 300 300 300 300 300 300 300 300 300 300 300 300 300 300 300 300 300 300 300 300 300 300 300 300 300 300 300 300 300 300 300 300 300 300 300 300
3060.02 1676.7 1350.85 801.136 696.455 660.412 578.607 555.888 536.867 507.793 485.289 467.633 461.276 449.411 439.971 433.417 428.125 426.088 423.615 421.937 420.458 419.231 412.57 405.987 403.302 402.035 401.46 401.267 401.067 400.94 400.904 400.863 400.819 400.531 399.615 398.239 396.576 394.429 388.654 334.632 310.336 304.15 301.906 300.748 300.27 300.115 300.044 300.017 300.008 300.003 300.001 300 300 300 300 300 300 300 300 300 300 300 300 300 300 300 300 300 300 300 300 300 300 300 300 300 300 300 300 300 300 300 300 300 300 300 300 300 300 300 300 300 300 300 300
4089.19 1589.14 1303.54 802.062 658.868 583.134 583.134 545.308 529.878 512.381 498.646 475.156 455.178 455.152 442.722 437.025 432.031 426.905 423.134 420.491 414.163 406.433 404.918 404.066 402.965 402.258 401.791 401.562 401.404 401.297 400.966 399.774 398.308 396.157 394.505 392.88 391.743 391.166 390.845 384.651 363.997 320.913 309.041 303.397 301.448 300.563 300.2 300.064 300.031 300.011 300.005 300.002 300.001 300 300 300 300 300 300 300 300 300 300 300 300 300 300 300 300 300 300 300 300 300 300 300 300 300 300 300 300 300 300 300 300 300 300 300 300 300 300 300 300 300 300
3534.05 2139.25 1211.12 767.848 643.976 613.975 554.756 540.289 499.587 493.951 468.218 456.293 441.049 435.52 431.48 426.111 424.352 421.297 420.422 418.77 415.659 406.685 403.753 402.32 399.044 388.064 359.643 354.922 352.478 351.446 350.233 346.028 336.909 331.548 319.174 308.992 304.752 302.485 301.549 300.239 300.109 300.049 300.019 300.008 300.004 300.002 300.001 300 300 300 300 300 300 300 300 300 300 300 300 300 300 300 300 300 300 300 300 300 300 300 300 300 300 300 300 300 300 300 300 300 300 300 300 300 300 300 300 300 300 300 300 300 300 300 300
3181.26 2161.48 1200.8 798.523 679.93 616.657 577.373 565.305 504.505 491.785 477.77 458.45 453.468 436.935 436.66 431.264 426.632 424.721 423.385 421.623 420.133 418.028 413.191 405.938 403.668 402.008 401.478 400.836 398.473 382.681 358.052 354.536 352.774 351.117 349.226 338.225 329.844 322.28 311.088 301.467 300.748 300.265 300.102 300.047 300.021 300.008 300.004 300.001 300.001 300 300 300 300 300 300 300 300 300 300 300 300 300 300 300 300 300 300 300 300 300 300 300 300 300 300 300 300 300 300 300 300 300 300 300 300 300 300 300 300 300 300 300 300 300 300
3590.28 1811.59 1173.26 745.539 695.179 636.662 577.37 525.879 522.896 505.941 490.601 468.118 457.281 444.87 433.319 432.185 428.32 425.858 423.913 421.558 419.46 415.071 408.86 405.442 402.734 402.147 401.49 401.191 399.886 393.962 364.284 354.821 350.543 346.121 333.119 325.014 317.448 305.616 303.139 300.565 300.273 300.109 300.052 300.021 300.009 300.004 300.002 300.001 300 300 300 300 300 300 300 300 300 300 300 300 300 300 300 300 300 300 300 300 300 300 300 300 300 300 300 300 300 300 300 300 300 300 300 300 300 300 300 300 300 300 300 300 300 300 300
3388.43 2054.1 1546.07 818.699 683.891 618.52 577.75 560.216 528.994 500.353 486.549 465.803 449.713 442.478 436.433 429.023 426.725 425.212 423.808 421.67 420.443 419.188 414.819 405.341 403.417 401.998 401.447 401.126 401 400.946 400.883 400.845 400.756 400.304 399.326 397.39 395.433 394.283 388.089 328.038 308.669 304.017 301.538 300.565 300.26 300.096 300.032 300.013 300.005 300.002 300.001 300 300 300 300 300 300 300 300 300 300 300 300 300 300 300 300 300 300 300 300 300 300 300 300 300 300 300 300 300 300 300 300 300 300 300 300 300 300 300 300 300 300 300 300
3442.97 1544.14 1222.96 743.96 709.37 644.284 579.132 547.473 524.853 512.35 487.277 476.667 456.6 447.425 439.043 432.787 427.988 425.223 422.472 421.161 419.732 418.506 416.803 413.159 399.302 376.33 359.735 355.404 353.341 352.276 351.62 351.301 350.913 348.525 338.22 330.893 323.179 310.809 304.639 300.903 300.352 300.133 300.063 300.028 300.01 300.004 300.002 300.001 300 300 300 300 300 300 300 300 300 300 300 300 300 300 300 300 300 300 300 300 300 300 300 300 300 300 300 300 300 300 300 300 300 300 300 300 300 300 300 300 300 300 300 300 300 300 300
3302.53 2322.68 1576.69 827.776 720.535 614.102 574.379 553.312 527.903 498.362 478.656 453.856 451.124 441.802 434.754 429.984 426.371 423.698 422.804 421.531 419.355 412.124 405.641 403.323 401.971 401.467 400.729 388.661 365.669 354.366 351.964 350.701 347.445 336.592 326.36 318.071 308.734 303.914 302.733 300.435 300.177 300.095 300.035 300.017 300.007 300.003 300.001 300.001 300 300 300 300 300 300 300 300 300 300 300 300 300 300 300 300 300 300 300 300 300 300 300 300 300 300 300 300 300 300 300 300 300 300 300 300 300 300 300 300 300 300 300 300 300 300 300
3756.64 2107.4 1429.86 774.339 645.902 623.701 581.885 543.126 519.687 496.912 484.057 460.711 446.964 437.431 433.317 429.809 424.824 423.212 421.507 420.293 419.271 418.362 414.597 407.25 403.599 402.019 401.342 401.037 401.005 400.891 400.839 400.779 400.633 399.909 398.477 396.401 394.85 392.665 387.112 335.903 315.935 306.272 302.187 300.908 300.388 300.141 300.049 300.019 300.008 300.003 300.001 300.001 300 300 300 300 300 300 300 300 300 300 300 300 300 300 300 300 300 300 300 300 300 300 300 300 300 300 300 300 300 300 300 300 300 300 300 300 300 300 300 300 300 300 300
3274.37 1860.91 1231.05 763.819 693.628 568.643 560.971 552.493 527.472 508.999 491.285 476.996 457.753 444.153 431.007 423.69 417.226 413.414 409.442 404.398 402.964 400.705 398.05 394.377 392.079 388.74 379.313 340.61 318.906 308.242 305.406 302.757 301.906 301.164 300.595 300.402 300.222 300.124 300.055 300.014 300.007 300.003 300.001 300.001 300 300 300 300 300 300 300 300 300 300 300 300 300 300 300 300 300 300 300 300 300 300 300 300 300 300 300 300 300 300 300 300 300 300 300 300 300 300 300 300 300 300 300 300 300 300 300 300 300 300 300
3694.7 1456.7 1144.62 769.23 712.99 616.893 588.232 551.937 498.225 491.362 467.079 456.22 446.934 437.747 432.77 426.121 424.846 422.714 420.889 417.714 410.011 406.643 404.465 403.078 402.291 401.844 401.531 401.413 401.263 400.878 399.537 397.709 396.226 394.726 393.189 392.17 391.536 391.045 390.872 384.59 361.858 320.285 309.847 304.068 301.437 300.454 300.218 300.088 300.037 300.014 300.005 300.002 300.001 300 300 300 300 300 300 300 300 300 300 300 300 300 300 300 300 300 300 300 300 300 300 300 300 300 300 300 300 300 300 300 300 300 300 300 300 300 300 300 300 300 300
4208.98 2174.35 1301.78 817.281 717.468 602.565 565.857 532.235 525.894 524.221 509.494 494.717 470.543 470.233 457.882 441.611 441.611 438.33 434.312 429.551 422.597 413.272 409.851 406.344 403.81 400.968 396.734 384.997 343.493 325.046 316.528 308.128 304.474 302.355 301.485 300.826 300.425 300.274 300.19 300.038 300.016 300.008 300.003 300.001 300.001 300 300 300 300 300 300 300 300 300 300 300 300 300 300 300 300 300 300 300 300 300 300 300 300 300 300 300 300 300 300 300 300 300 300 300 300 300 300 300 300 300 300 300 300 300 300 300 300 300 300
3128.46 1754.02 1197.32 726.942 669.626 594.26 560.001 552.805 525.043 488.351 483.874 470.984 455.527 444.22 440.924 433.101 429.699 425.6 424.001 419.47 411.247 407.652 405.601 404.074 402.849 402.195 401.67 401.477 401.073 399.906 398.071 396.313 394.617 393.247 392.165 391.478 391.047 390.825 390.564 362.51 324.022 309.564 304.132 301.622 300.517 300.203 300.094 300.039 300.016 300.006 300.002 300.001 300 300 300 300 300 300 300 300 300 300 300 300 300 300 300 300 300 300 300 300 300 300 300 300 300 300 300 300 300 300 300 300 300 300 300 300 300 300 300 300 300 300 300
3599.47 2052.48 1272.17 704.793 638.665 611.649 581.976 540.352 506.415 504.7 474.833 470.217 456.767 446.845 434.714 429.795 425.425 423.7 421.991 420.95 419.785 418.724 403.662 385.605 376.89 374.756 372.578 368.79 359.768 353.578 352.902 351.841 351.526 351.208 350.068 343.311 335.068 327.358 313.694 302.263 300.971 300.344 300.129 300.066 300.027 300.012 300.005 300.002 300.001 300 300 300 300 300 300 300 300 300 300 300 300 300 300 300 300 300 300 300 300 300 300 300 300 300 300 300 300 300 300 300 300 300 300 300 300 300 300 300 300 300 300 300 300 300 300
3677.22 2095.68 1052.93 781.426 640.03 603.842 555.945 531.244 512.038 495.751 468.523 453.904 445.685 440.612 431.529 429.205 424.891 423.091 421.008 419.923 418.106 412.153 406.613 402.924 401.882 401.414 401.235 401.034 400.945 400.922 400.88 400.835 400.69 399.794 398.835 397.049 395.553 393.729 391.67 384.803 353.728 315.403 306.605 302.35 300.815 300.364 300.144 300.053 300.02 300.008 300.003 300.001 300 300 300 300 300 300 300 300 300 300 300 300 300 300 300 300 300 300 300 300 300 300 300 300 300 300 300 300 300 300 300 300 300 300 300 300 300 300 300 300 300 300 300
2966.8 2110.79 1334.68 761.888 677.767 639.385 585.464 556.51 521.776 494.347 476.119 464.503 448.288 440.283 437.084 431.461 427.371 424.478 422.08 419.56 412.89 407.381 405.587 403.955 402.705 402.265 401.722 401.482 401.281 400.77 399.218 397.678 396.094 394.327 392.955 391.872 391.146 390.826 390.584 374.339 335.706 313.29 304.632 301.304 300.693 300.238 300.1 300.038 300.014 300.006 300.002 300.001 300 300 300 300 300 300 300 300 300 300 300 300 300 300 300 300 300 300 300 300 300 300 300 300 300 300 300 300 300 300 300 300 300 300 300 300 300 300 300 300 300 300 300
3636.07 2015.7 1348.22 796.591 710.172 625.315 587.464 544.168 533.683 505.022 485.764 470.543 458.896 443.275 441.973 435.161 431.6 430.841 427.627 424.029 420.597 416.821 408.506 406.079 404.158 402.893 400.684 393.637 354.186 349.187 342.872 329.995 323.877 314.296 305.777 303.379 302.097 301.102 300.656 300.113 300.054 300.025 300.01 300.004 300.001 300.001 300 300 300 300 300 300 300 300 300 300 300 300 300 300 300 300 300 300 300 300 300 300 300 300 300 300 300 300 300 300 300 300 300 300 300 300 300 300 300 300 300 300 300 300 300 300 300 300 300
3269.81 1793.88 1094.3 703.293 663.984 615.682 574.353 541.976 517.126 487.461 467.965 453.919 449.867 440.399 434.81 429.294 425.721 419.879 412.994 407.666 406.98 405.019 403.523 402.263 401.651 401.154 400.37 398.564 396.801 395.619 394.265 392.99 391.583 391.032 390.819 390.583 387.7 378.886 344.179 306.66 302.686 301.138 300.444 300.168 300.077 300.028 300.013 300.006 300.002 300.001 300 300 300 300 300 300 300 300 300 300 300 300 300 300 300 300 300 300 300 300 300 300 300 300 300 300 300 300 300 300 300 300 300 300 300 300 300 300 300 300 300 300 300 300 300
3419.77 1926.92 1251.73 735.751 684.162 612.901 587.024 527.14 527.14 503.674 498.231 482.973 476.047 466.502 446.354 435.25 428.289 421.828 417.395 412.005 406.448 403.455 401.123 398.714 395.127 390.673 386.722 366.464 335.125 317.029 308.652 306.148 302.566 301.241 301.008 300.539 300.332 300.162 300.099 300.023 300.011 300.005 300.002 300.001 300 300 300 300 300 300 300 300 300 300 300 300 300 300 300 300 300 300 300 300 300 300 300 300 300 300 300 300 300 300 300 300 300 300 300 300 300 300 300 300 300 300 300 300 300 300 300 300 300 300 300
3748.08 1803.46 1195.56 844.713 711.685 625.812 567.116 548.796 513.189 492.209 475.98 458.574 442.104 439.97 432.038 427.592 423.987 421.195 419.788 416.812 408.151 404.391 402.779 401.711 400.757 392.501 369.03 357.878 353.812 351.943 350.053 347.004 337.409 328.641 319.964 310.192 303.688 302.882 301.431 300.27 300.108 300.047 300.02 300.008 300.003 300.001 300.001 300 300 300 300 300 300 300 300 300 300 300 300 300 300 300 300 300 300 300 300 300 300 300 300 300 300 300 300 300 300 300 300 300 300 300 300 300 300 300 300 300 300 300 300 300 300 300 300
2873.61 1927.81 1188.58 808.692 713.868 628.401 590.81 549.677 522.76 500.283 475.8 458.96 442.829 429.428 426.101 420.007 411.075 407.883 403.299 397.356 392.993 390.11 378.603 340.803 318.471 309.779 306.604 303.564 302.069 301.038 300.73 300.464 300.276 300.155 300.103 300.062 300.039 300.024 300.015 300.003 300.001 300.001 300 300 300 300 300 300 300 300 300 300 300 300 300 300 300 300 300 300 300 300 300 300 300 300 300 300 300 300 300 300 300 300 300 300 300 300 300 300 300 300 300 300 300 300 300 300 300 300 300 300 300 300 300
3374.21 1909.52 1170.34 776.533 641.333 612.596 577.535 532.506 521.447 485.611 480.915 461.844 447.454 441.079 437.455 434.949 434.116 432.744 429.468 427.958 425.72 423.219 420.835 418.912 416.021 408.618 405.064 403.433 402.596 402.07 401.682 401.553 401.447 401.386 401.245 400.33 398.582 397.262 395.636 393.01 392.457 392.257 392.064 391.509 390.95 390.539 387.182 365.468 321.814 306.72 301.924 300.706 300.249 300.1 300.013 300.004 300.001 300.001 300 300 300 300 300 300 300 300 300 300 300 300 300 300 300 300 300 300 300 300 300 300 300 300 300 300 300 300 300 300 300 300 300 300 300 300 300
3685.74 2189.87 1502.64 748.837 631.228 623.435 581.617 547.234 517.373 494.815 469.39 453.614 443.908 430.673 422.583 416.545 410.443 408.015 404.825 401.787 399.678 395.858 392.426 389.945 385.82 354.413 323.337 310.853 305.725 303.573 302.041 301.312 300.809 300.531 300.31 300.179 300.112 300.059 300.043 300.009 300.004 300.002 300.001 300 300 300 300 300 300 300 300 300 300 300 300 300 300 300 300 300 300 300 300 300 300 300 300 300 300 300 300 300 300 300 300 300 300 300 300 300 300 300 300 300 300 300 300 300 300 300 300 300 300 300 300
3493.55 1671.42 1375.89 709.957 638.551 561.361 547.504 541.889 513.175 497.855 459.947 451.992 445.989 436.702 431.733 427.212 424.022 420.836 412.7 408.121 405.094 403.72 402.451 401.936 401.485 401.226 400.87 399.785 398.085 396.785 395.325 394.136 392.676 391.231 390.754 390.432 387.358 379.394 348.175 306.454 302.783 300.998 300.343 300.171 300.062 300.026 300.011 300.004 300.002 300.001 300 300 300 300 300 300 300 300 300 300 300 300 300 300 300 300 300 300 300 300 300 300 300 300 300 300 300 300 300 300 300 300 300 300 300 300 300 300 300 300 300 300 300 300 300
2791.15 1536.49 1169.25 783.881 684.022 624.081 582.976 571.959 535.505 519.857 505.094 477.619 466.688 457.275 450.43 445.752 438.938 436.126 431.559 428.947 426.455 424.63 423.218 419.067 416.47 415.651 414.844 414.535 414.256 414.097 414.031 414.011 413.987 413.982 413.979 413.977 413.976 413.976 413.975 413.975 413.975 413.975 413.975 413.975 413.975 413.975 413.975 413.975 413.975 413.975 413.975 413.975 413.975 413.975 413.975 413.975 413.975 413.975 413.975 413.975 413.975 413.975 413.975 413.975 413.975 413.975 413.975 413.975 413.975 413.975 413.975 413.975 413.975 413.975 413.975 413.975 413.975 413.975 413.975 413.975 413.975 413.975 413.975 413.975 413.975 413.975 413.975 413.975 413.975 413.975 413.975 413.975 413.975 413.975 413.975
3649.68 2033.47 1217.26 741.173 696.703 612.348 576.6 549.206 527.534 508.146 482.798 462.948 456.902 440.962 429.581 423.7 417.489 413.144 409.19 407.062 405.052 401.753 399.377 397.48 394.84 393.593 392.114 390.981 386.919 375.536 341.471 319.99 308.321 304.863 302.893 301.211 300.928 300.511 300.266 300.064 300.025 300.011 300.004 300.002 300.001 300 300 300 300 300 300 300 300 300 300 300 300 300 300 300 300 300 300 300 300 300 300 300 300 300 300 300 300 300 300 300 300 300 300 300 300 300 300 300 300 300 300 300 300 300 300 300 300 300 300
3795.74 1723.13 1277.13 777.477 713.533 642.563 592.963 567.806 539.186 515.163 502.052 492.178 468.361 441.325 438.648 430.591 420.192 420.192 414.774 411.764 406.16 401.322 398.254 395.104 392.944 387.336 369.279 330.987 316.797 309.052 304.106 303.242 301.877 301.071 300.523 300.349 300.183 300.137 300.077 300.015 300.006 300.003 300.001 300.001 300 300 300 300 300 300 300 300 300 300 300 300 300 300 300 300 300 300 300 300 300 300 300 300 300 300 300 300 300 300 300 300 300 300 300 300 300 300 300 300 300 300 300 300 300 300 300 300 300 300 300
3212.37 1904.4 1325.55 788.582 642.58 633.664 582.35 555.558 526.355 493.112 470.36 462.722 445.949 440.906 432.521 429.356 426.97 423.98 422.725 419.757 415.823 407.655 404.843 402.43 401.586 401.154 401.065 400.952 400.855 400.775 400.47 398.738 397.183 395.657 392.269 386.57 372.204 321.421 313.668 302.168 300.897 300.36 300.152 300.06 300.026 300.013 300.005 300.002 300.001 300 300 300 300 300 300 300 300 300 300 300 300 300 300 300 300 300 300 300 300 300 300 300 300 300 300 300 300 300 300 300 300 300 300 300 300 300 300 300 300 300 300 300 300 300 300
3696.99 1872.99 1285.77 759.764 688.671 606.058 585.077 539.538 509.348 480.371 471.768 465.117 448.39 438.52 431.609 429.419 426.47 423.39 422.614 420.763 419.101 418.186 416.2 410.521 404.906 402.305 399.014 381.662 361.384 355.346 353.094 351.693 351.178 350.494 346.682 336.631 325.329 313.851 306.197 301.187 300.527 300.192 300.076 300.036 300.016 300.006 300.003 300.001 300 300 300 300 300 300 300 300 300 300 300 300 300 300 300 300 300 300 300 300 300 300 300 300 300 300 300 300 300 300 300 300 300 300 300 300 300 300 300 300 300 300 300 300 300 300 300
4460.96 2098.25 1406.33 783.813 682.535 610.929 568.669 538.357 516.733 496.055 470.755 456.879 448.568 443.205 434.293 431.006 427.551 423.264 422.133 411.832 408.636 405.997 404.01 403.256 402.704 401.969 401.502 400.909 399.901 397.81 396.399 394.886 393.743 391.889 391.219 390.843 390.424 386.38 379.764 315.622 307.503 302.54 300.876 300.479 300.141 300.076 300.03 300.011 300.004 300.002 300.001 300 300 300 300 300 300 300 300 300 300 300 300 300 300 300 300 300 300 300 300 300 300 300 300 300 300 300 300 300 300 300 300 300 300 300 300 300 300 300 300 300 300 300 300
3969.71 1977.55 1385.3 817.64 688.144 612.228 586.185 533.437 530.114 510.123 489.263 473.415 456.125 447 436.366 430.713 427.899 424.932 423.154 421.185 419.815 418.495 416.589 408.206 404.135 402.513 401.668 401.231 401.05 400.966 400.912 400.882 400.851 400.783 400.506 399.925 398.603 396.868 395.055 381.212 344.73 320.231 307.008 301.739 300.837 300.307 300.122 300.05 300.016 300.008 300.003 300.001 300 300 300 300 300 300 300 300 300 300 300 300 300 300 300 300 300 300 300 300 300 300 300 300 300 300 300 300 300 300 300 300 300 300 300 300 300 300 300 300 300 300 300
2935.31 1920.59 1236.27 760.255 676.249 589.339 576.213 540.21 501.812 478.106 472.054 457.449 447.813 436.979 431.5 426.938 423.921 422.054 420.609 419.243 417.591 414.58 406.997 403.406 401.873 401.479 397.402 385.181 361.121 356.022 352.707 351.417 350.474 346.856 334.365 327.642 315.243 306.507 303.324 300.591 300.258 300.108 300.042 300.017 300.008 300.003 300.001 300 300 300 300 300 300 300 300 300 300 300 300 300 300 300 300 300 300 300 300 300 300 300 300 300 300 300 300 300 300 300 300 300 300 300 300 300 300 300 300 300 300 300 300 300 300 300 300
3461.69 2141.5 1069.95 778.412 675.42 612.109 585.774 516.892 513.429 478.74 472.448 455.656 446.804 437.042 432.569 427.743 424.585 422.666 420.026 417.908 408.936 404.595 403.049 402.282 401.847 401.644 401.435 401.197 400.745 398.701 397.337 395.956 394.682 393.155 392.525 392.15 391.543 391.083 390.8 365.337 324.647 309.692 303.061 301.24 300.471 300.188 300.07 300.029 300.012 300.005 300.002 300.001 300 300 300 300 300 300 300 300 300 300 300 300 300 300 300 300 300 300 300 300 300 300 300 300 300 300 300 300 300 300 300 300 300 300 300 300 300 300 300 300 300 300 300
3140.86 1993.78 1146.43 783.621 684.898 634.872 576.56 537.332 516.061 496.471 486.198 465.157 450.49 438.703 431.563 430.289 425.624 423.646 422.063 419.544 418.844 414.919 406.987 403.177 401.943 401.347 401.124 401.003 400.921 400.847 400.723 400.405 399.14 397.244 395.304 393.721 391.447 383.536 364.173 310.79 303.846 301.539 300.565 300.248 300.093 300.036 300.015 300.006 300.002 300.001 300 300 300 300 300 300 300 300 300 300 300 300 300 300 300 300 300 300 300 300 300 300 300 300 300 300 300 300 300 300 300 300 300 300 300 300 300 300 300 300 300 300 300 300 300
3702.84 2168.47 1091.89 756.56 703.933 615.59 603.002 540.9 526.05 500.455 480.176 467.263 451.565 438.902 432.256 429.435 425.5 423.915 422.199 419.101 416.579 408.924 406.113 403.314 401.834 401.125 398.998 381.151 362.384 355.192 352.201 350.826 348.713 338.831 327.533 317.135 306.73 304.126 302.24 300.36 300.16 300.072 300.03 300.013 300.006 300.002 300.001 300 300 300 300 300 300 300 300 300 300 300 300 300 300 300 300 300 300 300 300 300 300 300 300 300 300 300 300 300 300 300 300 300 300 300 300 300 300 300 300 300 300 300 300 300 300 300 300
4062.11 1831.99 1268.63 681.341 674.382 623.737 570.394 544.248 523.565 486.843 481.179 464.239 451.358 438.813 433.864 430.177 427.504 423.754 421.764 415.787 408.995 404.358 402.908 402.017 401.492 401.234 400.321 397.738 379.859 356.654 351.87 349.848 344.782 332.741 324.277 314.964 306.352 303.437 301.857 300.321 300.121 300.061 300.024 300.011 300.004 300.002 300.001 300 300 300 300 300 300 300 300 300 300 300 300 300 300 300 300 300 300 300 300 300 300 300 300 300 300 300 300 300 300 300 300 300 300 300 300 300 300 300 300 300 300 300 300 300 300 300 300
2945.58 1935.64 1195.16 836.299 662.32 583.201 572.243 545.577 513.172 500.573 485.459 473.889 464.652 451.894 437.322 424.461 417.973 414.786 410.729 406.731 402.873 400.195 397.071 392.4 389.343 382.739 346.024 317.448 311.244 305.428 303.176 302.071 301.181 300.722 300.398 300.234 300.147 300.089 300.053 300.011 300.005 300.002 300.001 300 300 300 300 300 300 300 300 300 300 300 300 300 300 300 300 300 300 300 300 300 300 300 300 300 300 300 300 300 300 300 300 300 300 300 300 300 300 300 300 300 300 300 300 300 300 300 300 300 300 300 300
3685.97 1647.62 1179.83 798.655 706.756 630.49 595.757 541.643 541.643 501.807 492.45 475.263 463.585 452.756 445.518 438.02 432.027 425.719 419.003 413.983 409.772 407.399 405.145 403.57 402.742 401.815 401.268 400.706 398.479 396.644 395.353 394.102 392.536 391.406 391.028 390.71 390.167 384.033 368.68 312.958 304.404 301.711 300.665 300.293 300.122 300.039 300.018 300.007 300.003 300.001 300.001 300 300 300 300 300 300 300 300 300 300 300 300 300 300 300 300 300 300 300 300 300 300 300 300 300 300 300 300 300 300 300 300 300 300 300 300 300 300 300 300 300 300 300 300
3205.83 2037.02 1259.89 700.536 674.862 653.899 577.518 550.797 524.197 503.135 481.972 466.188 460.927 449.021 440.293 432.192 428.026 425.815 423.855 421.721 420.006 418.789 417.489 414.091 406.514 400.344 378.586 360.834 355.258 353.697 352.179 351.911 351.559 351.263 350.474 345.942 332.049 324.136 315.447 303.052 301.019 300.396 300.174 300.068 300.029 300.012 300.006 300.002 300.001 300 300 300 300 300 300 300 300 300 300 300 300 300 300 300 300 300 300 300 300 300 300 300 300 300 300 300 300 300 300 300 300 300 300 300 300 300 300 300 300 300 300 300 300 300 300
3809.27 1641.9 1289.75 776.247 663.184 627.807 586.842 530.208 527.275 510.424 502.052 487.251 480.251 470.333 461.715 436.689 426.859 422.038 416.876 411.528 407.636 404.903 401.999 400.535 398.005 394.154 390.467 384.365 371.208 335.243 319.312 309.725 304.804 302.984 301.555 300.913 300.564 300.332 300.198 300.039 300.016 300.007 300.003 300.001 300.001 300 300 300 300 300 300 300 300 300 300 300 300 300 300 300 300 300 300 300 300 300 300 300 300 300 300 300 300 300 300 300 300 300 300 300 300 300 300 300 300 300 300 300 300 300 300 300 300 300 300
4844.82 2110.06 1111.44 768.258 695.342 595.721 565.657 538.778 528.41 509.736 496.665 473.651 456.469 444.366 435.342 432.686 422.581 420.046 416.404 409.062 406.847 404.476 401.13 396.571 394.73 391.359 378.661 345.902 316.277 308.215 304.632 303.239 301.771 301.053 300.646 300.4 300.233 300.149 300.092 300.017 300.008 300.004 300.002 300.001 300 300 300 300 300 300 300 300 300 300 300 300 300 300 300 300 300 300 300 300 300 300 300 300 300 300 300 300 300 300 300 300 300 300 300 300 300 300 300 300 300 300 300 300 300 300 300 300 300 300 300
2831.76 1974.78 1266.04 781.017 694.148 620.259 581.433 546.239 504.759 488.741 474.705 459.753 452.758 443.822 434.91 430.736 428.973 426.106 424.09 421.802 415.164 407.052 405.074 402.983 401.893 401.034 400.894 400.663 400.394 399.705 397.47 396.223 394.491 391.022 387.09 367.497 316.218 310.959 304.966 301.096 300.516 300.169 300.095 300.04 300.014 300.006 300.003 300.001 300 300 300 300 300 300 300 300 300 300 300 300 300 300 300 300 300 300 300 300 300 300 300 300 300 300 300 300 300 300 300 300 300 300 300 300 300 300 300 300 300 300 300 300 300 300 300
3537.01 1841.53 1233.95 777.616 664.163 605.748 587.723 555.794 530.963 502.48 493.688 478.193 461.427 454.966 448.519 441.35 435.665 431.631 429.117 426.876 425.419 424.279 423.599 422.766 420.698 417.161 415.375 414.635 414.29 414.145 414.087 414.023 414 413.987 413.98 413.978 413.977 413.976 413.975 413.975 413.975 413.975 413.975 413.975 413.975 413.975 413.975 413.975 413.975 413.975 413.975 413.975 413.975 413.975 413.975 413.975 413.975 413.975 413.975 413.975 413.975 413.975 413.975 413.975 413.975 413.975 413.975 413.975 413.975 413.975 413.975 413.975 413.975 413.975 413.975 413.975 413.975 413.975 413.975 413.975 413.975 413.975 413.975 413.975 413.975 413.975 413.975 413.975 413.975 413.975 413.975 413.975 413.975 413.975 413.975
3515.52 1900.95 1405 793.551 718.03 628.771 593.6 558.202 513.412 501.909 488.179 470.294 447.577 431.072 423.832 420.924 416.096 411.398 407.651 405.451 403.332 400.396 396.786 394.41 390.783 385.67 370.786 324.604 315.583 307.729 305.106 302.709 301.373 300.915 300.499 300.341 300.178 300.125 300.066 300.014 300.006 300.003 300.001 300.001 300 300 300 300 300 300 300 300 300 300 300 300 300 300 300 300 300 300 300 300 300 300 300 300 300 300 300 300 300 300 300 300 300 300 300 300 300 300 300 300 300 300 300 300 300 300 300 300 300 300 300
3477.3 1926.77 1229.29 696.44 636.162 597.014 562.958 534.875 513.403 489.89 471.785 463.014 448.083 440.424 434.597 430.195 426.699 425.182 423.17 421.593 420.308 418.553 417.504 415.23 408.241 403.698 402.598 401.637 400.871 399.216 384.304 362.851 355.309 353.495 352.097 351.89 351.656 351.379 350.745 338.821 333.091 325.553 309.182 303.225 301.551 300.574 300.231 300.079 300.034 300.013 300.006 300.002 300.001 300 300 300 300 300 300 300 300 300 300 300 300 300 300 300 300 300 300 300 300 300 300 300 300 300 300 300 300 300 300 300 300 300 300 300 300 300 300 300 300 300 300
2808.17 1818.18 1214.04 817.711 692.509 609.185 583.413 551.17 517.39 494.143 471.738 464.823 450.243 440.951 433.714 428.314 426.132 423.298 421.455 420.355 419.732 418.657 417.855 416.508 404.757 376.543 359.917 355.182 353.07 352.193 351.574 351.251 350.949 349.496 342.884 335.75 328.064 312.292 305.515 301.069 300.379 300.177 300.075 300.031 300.014 300.006 300.003 300.001 300 300 300 300 300 300 300 300 300 300 300 300 300 300 300 300 300 300 300 300 300 300 300 300 300 300 300 300 300 300 300 300 300 300 300 300 300 300 300 300 300 300 300 300 300 300 300
4136.06 2085.7 1221.59 736.126 639.775 618.677 594.486 532.631 514.622 496.428 467.802 451.66 444.519 438.701 432.757 424.066 421.373 415.414 411.694 409.978 407.789 405.258 400.707 396.881 395.17 393.778 392.794 392.526 392.133 391.779 391.258 390.907 390.72 387.927 382.532 356.966 322.447 311.035 306.36 301.148 300.412 300.157 300.07 300.027 300.013 300.006 300.002 300.001 300 300 300 300 300 300 300 300 300 300 300 300 300 300 300 300 300 300 300 300 300 300 300 300 300 300 300 300 300 300 300 300 300 300 300 300 300 300 300 300 300 300 300 300 300 300 300
3846.23 2065.6 1243.24 817.153 654.152 651.789 599.857 563.926 545.119 522.895 498.447 485.989 474.382 460.995 450.559 447.627 435.915 433.918 429.924 426.429 423.455 422.151 420.243 418.814 416.14 407.593 403.573 402.049 401.388 401.159 401.005 400.926 400.874 400.824 400.591 399.393 397.47 395.491 393.818 382.766 352.993 319.045 306.993 302.535 300.909 300.297 300.129 300.054 300.021 300.008 300.003 300.001 300 300 300 300 300 300 300 300 300 300 300 300 300 300 300 300 300 300 300 300 300 300 300 300 300 300 300 300 300 300 300 300 300 300 300 300 300 300 300 300 300 300 300
3967.03 2129.75 1143.15 820.032 698.292 609.421 573.899 540.792 514.733 496.052 476.911 466.614 452.114 444.649 436.739 430.273 427.405 425.647 423.215 421.132 420.781 419.598 417.787 412.486 403.081 397.816 373.407 356.831 354.649 353.035 351.518 350.479 348.415 337.478 327.407 318.396 306.155 303.357 302.105 300.393 300.184 300.075 300.032 300.013 300.006 300.003 300.001 300 300 300 300 300 300 300 300 300 300 300 300 300 300 300 300 300 300 300 300 300 300 300 300 300 300 300 300 300 300 300 300 300 300 300 300 300 300 300 300 300 300 300 300 300 300 300 300
4083.97 1850.92 1207.87 768.712 665.593 637.302 573.523 550.162 525.101 503.248 472.287 461.732 446.932 439.501 431.919 430.132 426.618 422.088 419.339 412.336 407.89 405.298 404.224 402.891 402.324 401.763 401.402 401.025 400.176 397.834 396.084 394.502 393.124 392.039 391.631 391.243 390.907 390.67 387.964 342.422 320.884 307.447 302.793 301.048 300.431 300.172 300.071 300.031 300.011 300.005 300.002 300.001 300 300 300 300 300 300 300 300 300 300 300 300 300 300 300 300 300 300 300 300 300 300 300 300 300 300 300 300 300 300 300 300 300 300 300 300 300 300 300 300 300 300 300
