44860.6 24724.7 21456.5 9371.96 8645.39 5926.99 4321 3404.61 2394.55 1930.14 1164.3 948.711 671.614 525.712 331.651 259.064 186.171 127.606 88.646 57.7942 29.9596 17.1794 10.5175 6.44384 3.1889 2.00545 1.3188 0.795865 0.40102 0.222269 0.096099 0.0467686 0.0182853 0.00640353 0.00304478 0.000757316 0.00043296 0.000192365 5.6724e-05 1.27082e-05 3.07262e-06 8.3844e-07 1.81232e-07 3.44839e-08 0 0 0 0 0 0 0 0 0 0 0 0 0 0 0 0 0 0 0 0 0 0 0 0 0 0 0 0 0 0 0 0 0 0 0 0 0 0 0 0 0 0 0 0 0 0 0 0 0 0 0 0 0 0 0
43315.5 24340.6 18935.7 9443.14 7981.62 5469.87 4139.47 2688.46 2134.68 1777.58 1287.39 829.734 639.708 460.992 374.721 221.269 191.047 121.354 79.2707 55.8029 27.8594 17.0366 11.4633 6.1305 3.3543 1.84348 1.38332 0.874715 0.548098 0.241572 0.113736 0.0516207 0.0237854 0.00896318 0.00357608 0.00152851 0.000551283 0.000213869 5.82039e-05 1.41145e-05 2.76529e-06 6.25578e-07 1.54153e-07 3.68999e-08 0 0 0 0 0 0 0 0 0 0 0 0 0 0 0 0 0 0 0 0 0 0 0 0 0 0 0 0 0 0 0 0 0 0 0 0 0 0 0 0 0 0 0 0 0 0 0 0 0 0 0 0 0 0 0
40225.9 27261.5 18489.1 8802.1 6662.81 5408.6 4181.5 3859.54 2997.05 1649.13 1304.21 893.712 725.897 511.877 299.09 269.367 200.173 127.797 99.0678 60.371 31.9228 20.0779 10.5769 5.50579 2.70615 2.07938 1.53185 1.02792 0.55254 0.242543 0.133636 0.0533105 0.0220676 0.00830133 0.0040575 0.00134937 0.000474544 0.000166978 5.78557e-05 1.06678e-05 3.14091e-06 5.92467e-07 1.48743e-07 2.86773e-08 0 0 0 0 0 0 0 0 0 0 0 0 0 0 0 0 0 0 0 0 0 0 0 0 0 0 0 0 0 0 0 0 0 0 0 0 0 0 0 0 0 0 0 0 0 0 0 0 0 0 0 0 0 0 0
44754.4 21480.5 17977.5 9521.45 6263.82 6263.82 4676.97 3091.42 1937.66 1673.08 1321.12 982.312 670.304 436.673 264.533 175.443 134.09 97.9913 66.6671 38.5418 30.0008 12.849 8.77938 5.70385 2.64112 1.73702 1.18783 0.722976 0.337574 0.149595 0.0697335 0.0276936 0.0114811 0.004664 0.00190593 0.000718102 0.000272291 0.00012747 4.83349e-05 9.05787e-06 2.37732e-06 6.19962e-07 1.56494e-07 3.26331e-08 0 0 0 0 0 0 0 0 0 0 0 0 0 0 0 0 0 0 0 0 0 0 0 0 0 0 0 0 0 0 0 0 0 0 0 0 0 0 0 0 0 0 0 0 0 0 0 0 0 0 0 0 0 0 0
47894.1 28294.8 21356.9 8986.01 6985.86 4978.18 4772.87 3248.61 2559.12 1852.43 1551.67 991.052 789.275 588.736 321.696 273.716 205.708 119.11 67.337 44.0109 22.2314 16.7361 9.51148 5.64142 3.08229 1.98226 1.23218 0.822327 0.44248 0.230882 0.092833 0.0407673 0.0158479 0.00682549 0.00263982 0.00107237 0.000388569 0.000143711 4.96709e-05 1.20997e-05 2.68885e-06 7.74541e-07 1.79136e-07 4.0328e-08 0 0 0 0 0 0 0 0 0 0 0 0 0 0 0 0 0 0 0 0 0 0 0 0 0 0 0 0 0 0 0 0 0 0 0 0 0 0 0 0 0 0 0 0 0 0 0 0 0 0 0 0 0 0 0
41351.1 26236.3 18023.8 11044 7003.21 5457.39 3891.32 3426.99 2551.79 1492.98 1401.44 1036.55 616.286 580.011 366.645 283.506 171.222 138.62 84.4699 57.6875 24.7161 16.475 11.7806 6.68512 2.98447 1.76876 1.26389 0.917065 0.481335 0.236451 0.0951138 0.0447686 0.0196689 0.0078428 0.00295443 0.00121563 0.000397286 0.000164543 5.98845e-05 1.26874e-05 2.8289e-06 8.20904e-07 1.41289e-07 3.32731e-08 0 0 0 0 0 0 0 0 0 0 0 0 0 0 0 0 0 0 0 0 0 0 0 0 0 0 0 0 0 0 0 0 0 0 0 0 0 0 0 0 0 0 0 0 0 0 0 0 0 0 0 0 0 0 0
47821.7 30081.2 19812.1 10754.3 7375.91 7375.91 4185.43 3276.53 2460.61 2025.18 1525.16 1036.46 770.848 543.386 389.049 295.114 208.198 146.514 89.3915 68.3292 38.1576 13.7907 11.8392 6.3683 4.27535 1.8573 1.40241 0.9683 0.473875 0.26024 0.119496 0.044123 0.0189143 0.00862216 0.00351021 0.00159029 0.000508137 0.000185937 8.31655e-05 1.71057e-05 3.89645e-06 8.58523e-07 1.62095e-07 3.80707e-08 1.05512e-08 0 0 0 0 0 0 0 0 0 0 0 0 0 0 0 0 0 0 0 0 0 0 0 0 0 0 0 0 0 0 0 0 0 0 0 0 0 0 0 0 0 0 0 0 0 0 0 0 0 0 0 0 0 0
38068.7 26366.5 18831.6 9796.94 7203.24 5988.24 3741.23 3741.23 2875.86 2396.31 1547.49 960.459 613.291 613.291 435.217 199.248 192.439 145.327 79.2582 55.8526 32.4423 18.8651 11.6355 5.73015 2.98983 1.87222 1.26976 0.806441 0.450584 0.206969 0.0689013 0.0367858 0.0164288 0.00524249 0.00210902 0.00110454 0.000429445 0.000156196 6.25647e-05 1.3786e-05 3.00464e-06 6.3809e-07 1.37525e-07 3.35478e-08 0 0 0 0 0 0 0 0 0 0 0 0 0 0 0 0 0 0 0 0 0 0 0 0 0 0 0 0 0 0 0 0 0 0 0 0 0 0 0 0 0 0 0 0 0 0 0 0 0 0 0 0 0 0 0
44855.8 27787.8 15914.5 8582 7417.63 6834.91 2957.38 2397.36 2188.55 1794.23 927.697 813.313 480.497 480.497 405.004 244.51 218.424 143.175 99.2356 49.1916 26.0657 15.9053 8.64944 4.74745 3.19863 1.85481 1.28178 0.749821 0.465546 0.177681 0.0935594 0.0319305 0.0145906 0.00546367 0.00237141 0.000821261 0.000383005 0.000101739 4.95984e-05 1.21737e-05 2.71488e-06 5.7851e-07 1.26211e-07 3.59962e-08 0 0 0 0 0 0 0 0 0 0 0 0 0 0 0 0 0 0 0 0 0 0 0 0 0 0 0 0 0 0 0 0 0 0 0 0 0 0 0 0 0 0 0 0 0 0 0 0 0 0 0 0 0 0 0
42168.9 32317.1 17758.3 9023.97 7249.69 5499.73 4153.84 3413.41 2369.22 1607.61 1236.12 1007 684.017 479.237 348.383 257.13 177.296 115.295 79.8261 44.3558 27.7361 12.8522 8.84185 4.48567 2.52136 1.6831 1.22034 0.759908 0.427801 0.163311 0.0835575 0.0327835 0.0137955 0.00550957 0.00230436 0.000993203 0.000376564 0.000177888 6.17357e-05 1.21808e-05 2.93313e-06 5.63932e-07 1.56032e-07 4.56596e-08 0 0 0 0 0 0 0 0 0 0 0 0 0 0 0 0 0 0 0 0 0 0 0 0 0 0 0 0 0 0 0 0 0 0 0 0 0 0 0 0 0 0 0 0 0 0 0 0 0 0 0 0 0 0 0
37420.7 28393.8 19461.2 8986.32 7063.27 5881.79 5418.11 3288.74 2496.72 1392.56 1378.69 1029.12 872.709 487.424 466.501 325.263 155.09 155.09 76.4428 61.6827 34.9272 17.0987 9.15865 6.76304 3.24645 1.82294 1.44094 0.964133 0.555784 0.253248 0.122691 0.0561497 0.0220476 0.0100538 0.00263136 0.0011893 0.000510332 0.000222453 7.37334e-05 2.16947e-05 3.33092e-06 9.4357e-07 2.20345e-07 5.02509e-08 0 0 0 0 0 0 0 0 0 0 0 0 0 0 0 0 0 0 0 0 0 0 0 0 0 0 0 0 0 0 0 0 0 0 0 0 0 0 0 0 0 0 0 0 0 0 0 0 0 0 0 0 0 0 0
45224.1 29021 21067 9607.48 5534.15 5534.15 3445.08 3339.35 2095.05 1931.69 1422.93 973.646 769.249 538.403 403.069 334.999 182.127 139.228 95.9899 57.0491 31.867 16.3678 11.0774 7.07766 3.1055 1.82763 1.25382 0.8806 0.440943 0.196534 0.0964394 0.0430024 0.0158685 0.00665265 0.0029507 0.000900639 0.000501263 0.00017967 6.99039e-05 1.37463e-05 3.10018e-06 7.29775e-07 1.62952e-07 3.07418e-08 0 0 0 0 0 0 0 0 0 0 0 0 0 0 0 0 0 0 0 0 0 0 0 0 0 0 0 0 0 0 0 0 0 0 0 0 0 0 0 0 0 0 0 0 0 0 0 0 0 0 0 0 0 0 0
45120.6 22649.6 16558 8634.99 7437.58 5204.49 4271.7 3395.19 2147.66 1578.89 1299.13 873.426 525.535 502.772 279.33 229.771 173.906 126.502 80.5548 47.5506 23.9131 13.789 8.76201 5.70718 2.46709 1.7857 1.10577 0.779679 0.386276 0.19334 0.0924874 0.034709 0.0125225 0.00607827 0.00238727 0.00106325 0.000475855 0.000152139 5.59535e-05 1.03495e-05 4.11534e-06 1.07596e-06 2.4374e-07 5.16571e-08 0 0 0 0 0 0 0 0 0 0 0 0 0 0 0 0 0 0 0 0 0 0 0 0 0 0 0 0 0 0 0 0 0 0 0 0 0 0 0 0 0 0 0 0 0 0 0 0 0 0 0 0 0 0 0
46083.6 30163.8 22063.1 10276.8 7295.02 5931.6 4710.76 3461.49 1918.99 1914.83 1158.62 1075.09 680.445 570.497 420.505 209.711 173.297 125.031 85.7593 56.8774 36.4787 19.3265 11.1755 5.85432 2.91058 1.94575 1.19837 0.878807 0.423709 0.205063 0.0835724 0.0387061 0.0146192 0.00489125 0.00261955 0.00103722 0.000397456 0.000121389 6.00483e-05 1.09594e-05 2.55233e-06 6.82861e-07 1.34342e-07 2.34157e-08 0 0 0 0 0 0 0 0 0 0 0 0 0 0 0 0 0 0 0 0 0 0 0 0 0 0 0 0 0 0 0 0 0 0 0 0 0 0 0 0 0 0 0 0 0 0 0 0 0 0 0 0 0 0 0
40511.8 25572.8 17206 7629.66 6534.49 5528.78 4064.97 2832.55 2591.94 1771.41 1351.18 846.342 758.038 419.827 419.827 293.995 159.895 106.355 87.9689 68.7778 32.2865 17.4896 10.6346 7.07176 3.15363 2.14657 1.43855 0.962748 0.542526 0.250619 0.112354 0.0381216 0.0170479 0.00656552 0.00317876 0.00119098 0.000515256 0.000161488 6.1241e-05 1.44599e-05 3.37582e-06 7.21605e-07 1.8107e-07 4.64543e-08 0 0 0 0 0 0 0 0 0 0 0 0 0 0 0 0 0 0 0 0 0 0 0 0 0 0 0 0 0 0 0 0 0 0 0 0 0 0 0 0 0 0 0 0 0 0 0 0 0 0 0 0 0 0 0
43643.9 27867.8 20750.7 9386 7120.17 4634.89 3998.65 2701.36 2413.84 1635.98 1204.74 879.392 537.208 427.993 385.225 266.503 170.565 142.307 77.9988 47.2031 26.4196 18.7301 10.4823 6.33907 4.46903 2.04572 1.50523 0.997485 0.526431 0.292375 0.132257 0.0609164 0.0230184 0.00769949 0.00349741 0.00136819 0.000477128 0.000161869 6.99418e-05 1.25391e-05 2.88265e-06 6.8022e-07 1.17169e-07 2.71119e-08 0 0 0 0 0 0 0 0 0 0 0 0 0 0 0 0 0 0 0 0 0 0 0 0 0 0 0 0 0 0 0 0 0 0 0 0 0 0 0 0 0 0 0 0 0 0 0 0 0 0 0 0 0 0 0
42433.5 29153 18210 9477.89 6724.58 4920.47 4447.22 2846.39 2485.9 2001.15 955.092 955.092 755.307 503.98 356.966 231.858 176.585 114.246 67.1365 47.7876 21.1859 14.0961 8.66888 4.35863 2.36252 1.70179 1.27183 0.799952 0.364271 0.183451 0.084606 0.0367135 0.0157183 0.00500053 0.00244713 0.000783168 0.000420971 0.000112899 5.47517e-05 1.16136e-05 2.91285e-06 6.43764e-07 1.56268e-07 3.00821e-08 0 0 0 0 0 0 0 0 0 0 0 0 0 0 0 0 0 0 0 0 0 0 0 0 0 0 0 0 0 0 0 0 0 0 0 0 0 0 0 0 0 0 0 0 0 0 0 0 0 0 0 0 0 0 0
45340.7 24477.9 16631.5 9557.02 7052.25 4964.85 4293.48 2721.17 2046.33 1478.66 1215.08 942.041 500.199 500.199 360.189 273.754 195.936 135.413 87.595 66.5545 33.5465 17.2523 12.0005 6.39194 3.55963 1.92704 1.10989 0.779519 0.464143 0.203654 0.106659 0.0363493 0.0142189 0.0055553 0.00245929 0.0011396 0.000440934 0.000163926 5.0082e-05 1.19311e-05 2.10372e-06 3.93416e-07 9.32073e-08 2.24695e-08 0 0 0 0 0 0 0 0 0 0 0 0 0 0 0 0 0 0 0 0 0 0 0 0 0 0 0 0 0 0 0 0 0 0 0 0 0 0 0 0 0 0 0 0 0 0 0 0 0 0 0 0 0 0 0
41806.7 27587.8 15638.8 7432.91 7222.61 5600.54 3713.28 3458.43 1975.97 1819.31 1231.13 823.275 630.935 501.825 368.851 219.501 177.297 99.8315 98.8724 61.4009 26.9709 17.9158 10.8581 5.89382 3.62783 1.99507 1.1469 0.881642 0.416121 0.187804 0.0925342 0.0388832 0.0138673 0.00591086 0.00241827 0.000994177 0.000313332 0.00014849 5.58502e-05 1.05478e-05 2.43213e-06 5.24757e-07 1.15673e-07 2.72781e-08 0 0 0 0 0 0 0 0 0 0 0 0 0 0 0 0 0 0 0 0 0 0 0 0 0 0 0 0 0 0 0 0 0 0 0 0 0 0 0 0 0 0 0 0 0 0 0 0 0 0 0 0 0 0 0
45887 27112.5 18828.4 10730.1 7586.65 5570.92 3795.75 2456.66 2294.73 1514.67 1276.66 938.573 758.781 417.916 395.528 235.64 152.813 114.776 90.2527 63.1309 30.5797 16.0364 10.2617 6.66916 3.62129 1.75202 1.36941 0.979073 0.495175 0.221823 0.111303 0.0421181 0.0194552 0.00698234 0.00297137 0.0012542 0.000529297 0.0002167 8.38926e-05 1.71009e-05 3.12741e-06 7.4908e-07 1.82172e-07 3.50998e-08 0 0 0 0 0 0 0 0 0 0 0 0 0 0 0 0 0 0 0 0 0 0 0 0 0 0 0 0 0 0 0 0 0 0 0 0 0 0 0 0 0 0 0 0 0 0 0 0 0 0 0 0 0 0 0
47818.3 30932.7 19532.7 9893.91 7438.36 4900.26 3942.24 3142.31 2277.28 1840.4 1145.84 807.342 613.426 496.774 369.034 251.796 155.556 126.177 83.869 56.0873 31.8745 15.7493 9.10856 4.99156 2.46102 1.82088 1.2406 0.771816 0.396846 0.179344 0.0819894 0.035702 0.0129437 0.00534922 0.00198439 0.000630677 0.000327461 8.66594e-05 4.09428e-05 8.2486e-06 1.93354e-06 4.57505e-07 1.21943e-07 2.25738e-08 0 0 0 0 0 0 0 0 0 0 0 0 0 0 0 0 0 0 0 0 0 0 0 0 0 0 0 0 0 0 0 0 0 0 0 0 0 0 0 0 0 0 0 0 0 0 0 0 0 0 0 0 0 0 0
48182.4 28790.3 14542 9869.49 7268.54 6563.07 4431.76 3105.48 2186.09 1950.56 1270.49 869.806 635.498 439.167 304.135 207.467 148.844 109.165 49.1279 49.1279 26.3465 10.9899 7.28215 4.66014 2.72878 1.55464 1.01711 0.604721 0.360087 0.124786 0.0568528 0.0223368 0.0100983 0.00362246 0.00168721 0.000713439 0.000230664 0.000119165 3.99984e-05 9.18912e-06 1.7816e-06 3.94767e-07 8.66793e-08 2.21798e-08 0 0 0 0 0 0 0 0 0 0 0 0 0 0 0 0 0 0 0 0 0 0 0 0 0 0 0 0 0 0 0 0 0 0 0 0 0 0 0 0 0 0 0 0 0 0 0 0 0 0 0 0 0 0 0
39850.8 29910 21448.5 9248.13 8536.69 6647.75 4716.52 3580.53 2364.63 1712 1403.02 1063.5 638.966 462.265 338.361 248.955 169.617 163.894 104.213 49.4875 32.7254 14.5811 9.46463 6.02774 3.17539 1.94091 1.21548 0.705419 0.378175 0.169509 0.0695663 0.030274 0.0126797 0.00635012 0.00223565 0.000908488 0.000366532 0.000146731 5.73798e-05 1.43606e-05 3.14749e-06 7.2638e-07 1.51884e-07 3.923e-08 0 0 0 0 0 0 0 0 0 0 0 0 0 0 0 0 0 0 0 0 0 0 0 0 0 0 0 0 0 0 0 0 0 0 0 0 0 0 0 0 0 0 0 0 0 0 0 0 0 0 0 0 0 0 0
44166.7 28129.3 19227.8 8443.68 6593.65 5139.55 4563.88 3483.81 2394.31 1834.11 1557.85 1006.57 668.973 454.213 376.709 301.091 198.865 152.815 81.2326 62.9232 35.2357 21.4625 13.3062 5.38092 3.54697 2.30724 1.63368 1.08172 0.674531 0.288736 0.138214 0.0623193 0.0282719 0.010619 0.0039534 0.00159923 0.000659096 0.000246837 8.72581e-05 1.87369e-05 6.07748e-06 1.59952e-06 3.90014e-07 9.79906e-08 2.32284e-08 0 0 0 0 0 0 0 0 0 0 0 0 0 0 0 0 0 0 0 0 0 0 0 0 0 0 0 0 0 0 0 0 0 0 0 0 0 0 0 0 0 0 0 0 0 0 0 0 0 0 0 0 0 0
43000.8 22836.4 16426.4 10160.2 6601.84 6218.3 4087.85 3046.74 2347.41 1685.02 1168.47 930.355 587.998 487.245 337.554 236.537 162.539 131.084 75.2382 50.1467 21.7148 13.6628 10.3968 5.11825 2.91062 1.60315 1.28623 0.867301 0.461704 0.230163 0.0844949 0.0247034 0.0131429 0.00646486 0.00232785 0.000750469 0.000278239 0.000101321 4.19352e-05 1.23e-05 3.20416e-06 9.69544e-07 2.35811e-07 6.22135e-08 1.31613e-08 0 0 0 0 0 0 0 0 0 0 0 0 0 0 0 0 0 0 0 0 0 0 0 0 0 0 0 0 0 0 0 0 0 0 0 0 0 0 0 0 0 0 0 0 0 0 0 0 0 0 0 0 0 0
50468.2 22887.8 20138.2 11443.6 7482.88 5656.75 4201.2 2762.64 2457.94 1734.55 1310.26 1003.51 524.626 453.459 329.436 232.818 169.218 99.0095 77.7752 47.4562 25.9409 14.0894 7.3587 3.68668 2.13336 1.62213 1.02745 0.726814 0.329095 0.128725 0.0631255 0.0281946 0.0113165 0.00458629 0.00203637 0.000722084 0.000267997 0.000109747 3.79799e-05 8.68615e-06 1.92491e-06 4.32543e-07 1.14655e-07 3.04968e-08 0 0 0 0 0 0 0 0 0 0 0 0 0 0 0 0 0 0 0 0 0 0 0 0 0 0 0 0 0 0 0 0 0 0 0 0 0 0 0 0 0 0 0 0 0 0 0 0 0 0 0 0 0 0 0
40681.3 22566.3 17863.3 10190.3 6872.34 6036.89 4893.31 3600.24 2400.19 1791.26 1259.77 1119.08 801.824 514.558 345.81 209.297 165.252 128.288 75.2178 55.4382 29.3409 13.5804 11.6007 7.29799 3.36144 2.16698 1.45187 0.924626 0.45177 0.217734 0.108192 0.0502248 0.0210165 0.00835223 0.00378028 0.0016284 0.000528185 0.000190703 9.00893e-05 1.71929e-05 4.02801e-06 9.67444e-07 1.81588e-07 4.13517e-08 0 0 0 0 0 0 0 0 0 0 0 0 0 0 0 0 0 0 0 0 0 0 0 0 0 0 0 0 0 0 0 0 0 0 0 0 0 0 0 0 0 0 0 0 0 0 0 0 0 0 0 0 0 0 0
42881.9 28008.7 21775.6 10668.4 9114.97 6475.16 5232.14 3528.25 3153.4 2202.12 1224.37 1224.37 979.354 690 434.844 245.255 214.977 152.868 71.2173 55.9759 46.7732 19.9417 11.7318 7.97186 4.01463 2.14636 1.29584 0.97678 0.528171 0.262964 0.102432 0.0531726 0.021761 0.00827463 0.00314822 0.00124859 0.00051396 0.000193273 7.58751e-05 1.42444e-05 2.8648e-06 7.05583e-07 1.65116e-07 3.08554e-08 0 0 0 0 0 0 0 0 0 0 0 0 0 0 0 0 0 0 0 0 0 0 0 0 0 0 0 0 0 0 0 0 0 0 0 0 0 0 0 0 0 0 0 0 0 0 0 0 0 0 0 0 0 0 0
43356.3 28201.3 14924 9775.08 6483.76 5743.16 4750.03 3105.41 2391.94 1929.24 1177.23 1077.91 710.481 384.565 307.798 269.133 197.529 100.645 88.415 51.6459 24.3225 16.1569 8.09709 4.7667 3.00822 1.6512 1.1569 0.703619 0.370077 0.170343 0.080426 0.0327957 0.0136817 0.00688218 0.00260609 0.00112921 0.000374853 0.000137915 4.54896e-05 1.15061e-05 2.79029e-06 6.78329e-07 1.36595e-07 3.06084e-08 0 0 0 0 0 0 0 0 0 0 0 0 0 0 0 0 0 0 0 0 0 0 0 0 0 0 0 0 0 0 0 0 0 0 0 0 0 0 0 0 0 0 0 0 0 0 0 0 0 0 0 0 0 0 0
39179.6 26928.5 19252.8 10035.5 4742.31 4742.31 4364.37 3099.34 2317.91 1631.56 1269.51 937.608 599.901 420.498 380.711 223.632 150.583 114.173 87.7416 57.46 20.1016 15.831 11.3544 5.78315 2.92622 1.48636 1.24127 0.591963 0.332261 0.186028 0.0812128 0.0258308 0.00716088 0.00510748 0.00199076 0.000768298 0.000252174 9.43973e-05 4.37997e-05 1.01478e-05 2.06589e-06 3.45486e-07 9.50787e-08 1.56572e-08 0 0 0 0 0 0 0 0 0 0 0 0 0 0 0 0 0 0 0 0 0 0 0 0 0 0 0 0 0 0 0 0 0 0 0 0 0 0 0 0 0 0 0 0 0 0 0 0 0 0 0 0 0 0 0
41750.7 22871 20363.5 10171.1 7544.47 7109.35 3915.22 3915.22 2676.37 1759.72 1344.64 957.299 514.562 514.562 301.631 248.007 159.095 134.431 84.8794 47.0809 22.5771 17.4465 7.94241 5.97485 3.18537 1.85694 1.22898 0.894717 0.510899 0.238351 0.0996575 0.0288756 0.0127918 0.00478505 0.00268387 0.00102983 0.00045113 0.000173657 6.64153e-05 1.74107e-05 3.45505e-06 9.78424e-07 2.11811e-07 4.62356e-08 0 0 0 0 0 0 0 0 0 0 0 0 0 0 0 0 0 0 0 0 0 0 0 0 0 0 0 0 0 0 0 0 0 0 0 0 0 0 0 0 0 0 0 0 0 0 0 0 0 0 0 0 0 0 0
42730.7 23821 21516.7 8037.28 5990.09 4758.11 4757.85 3343.35 1972.94 1508.63 1319.45 1022.07 696.52 448.71 390.113 260.143 162.307 127.583 87.4036 63.2181 36.3104 20.6965 12.0032 5.94255 3.28239 2.08279 1.39419 0.914282 0.522313 0.249679 0.0841838 0.0513219 0.0214168 0.00869309 0.00254196 0.00142591 0.000484796 0.00023412 8.04554e-05 1.4959e-05 3.28679e-06 6.2502e-07 1.27252e-07 2.77323e-08 0 0 0 0 0 0 0 0 0 0 0 0 0 0 0 0 0 0 0 0 0 0 0 0 0 0 0 0 0 0 0 0 0 0 0 0 0 0 0 0 0 0 0 0 0 0 0 0 0 0 0 0 0 0 0
42859 30329.3 19690.9 12939.7 7787.58 5279.43 4772.88 3050.36 2156.72 2041.48 1305.12 970.521 722.672 441.332 401.802 296.747 207.594 135.617 93.2879 61.1148 33.064 16.2958 11.1013 7.25272 3.14168 1.85363 1.27624 0.874503 0.469158 0.203445 0.0922974 0.0307782 0.0161171 0.00635082 0.00278586 0.000982965 0.000406275 0.000140111 5.64602e-05 1.07141e-05 2.22981e-06 4.61618e-07 1.00429e-07 2.69071e-08 0 0 0 0 0 0 0 0 0 0 0 0 0 0 0 0 0 0 0 0 0 0 0 0 0 0 0 0 0 0 0 0 0 0 0 0 0 0 0 0 0 0 0 0 0 0 0 0 0 0 0 0 0 0 0
44273.6 28414.4 19659.1 7923.23 6694.41 4980.38 3489.53 2975.96 2620.26 1353.89 1184.16 832.435 633.848 446.502 323.301 271.9 197.974 134.454 94.1686 60.0057 33.0736 17.2473 11.0794 6.18725 2.27548 1.52944 1.18284 0.65014 0.267301 0.13754 0.0554432 0.028254 0.0116075 0.00379254 0.00188528 0.000768072 0.000329561 0.000127552 3.98882e-05 1.00662e-05 2.22255e-06 5.35542e-07 1.33515e-07 2.20012e-08 0 0 0 0 0 0 0 0 0 0 0 0 0 0 0 0 0 0 0 0 0 0 0 0 0 0 0 0 0 0 0 0 0 0 0 0 0 0 0 0 0 0 0 0 0 0 0 0 0 0 0 0 0 0 0
45260.4 22243.6 17138.5 8612.4 6527.26 5988.75 4568.87 2959.18 2682.46 1807.62 1325.5 990.75 733.633 521.703 360.217 205.78 179.591 127.66 88.6663 59.3927 29.3406 15.3682 8.36913 4.75338 3.1326 1.83384 1.23167 0.856953 0.482627 0.200681 0.0888479 0.0304427 0.0120313 0.00621778 0.00210799 0.000884191 0.000341578 0.000121226 4.55044e-05 1.0578e-05 2.81667e-06 6.22333e-07 1.84572e-07 3.47169e-08 0 0 0 0 0 0 0 0 0 0 0 0 0 0 0 0 0 0 0 0 0 0 0 0 0 0 0 0 0 0 0 0 0 0 0 0 0 0 0 0 0 0 0 0 0 0 0 0 0 0 0 0 0 0 0
34093.5 28666.2 18723.8 6896.78 6069.97 4092.2 4092.2 2828.01 2402.16 1257.21 1257.21 786.639 613.798 548.617 387.159 231.123 166.815 113.342 84.8497 56.4075 25.1663 14.3871 10.1362 4.92119 2.95994 1.83097 1.28092 0.816025 0.454058 0.184891 0.0826359 0.0456586 0.0172623 0.00796634 0.00295552 0.00126193 0.000534969 0.000180606 7.3844e-05 1.81958e-05 3.64999e-06 7.78036e-07 1.9239e-07 4.90535e-08 1.20056e-08 0 0 0 0 0 0 0 0 0 0 0 0 0 0 0 0 0 0 0 0 0 0 0 0 0 0 0 0 0 0 0 0 0 0 0 0 0 0 0 0 0 0 0 0 0 0 0 0 0 0 0 0 0 0
43138.4 34410.2 23406 8510.71 8146.24 3566.32 3318.37 3318.37 2181.98 1861.36 1444.24 1093.94 520.339 520.339 304.861 279.989 142.388 113.673 93.3121 51.7115 29.1713 16.6121 11.9391 7.14942 3.12522 2.17518 1.5183 0.949479 0.604455 0.324112 0.124386 0.0594401 0.0233085 0.00835033 0.00354388 0.0012736 0.000459354 0.000181624 5.29222e-05 1.27996e-05 2.56292e-06 6.18282e-07 1.56691e-07 2.66209e-08 0 0 0 0 0 0 0 0 0 0 0 0 0 0 0 0 0 0 0 0 0 0 0 0 0 0 0 0 0 0 0 0 0 0 0 0 0 0 0 0 0 0 0 0 0 0 0 0 0 0 0 0 0 0 0
48882.2 30542 22351.6 8265.58 8265.58 7193.16 4372.96 3825.47 2070.35 1906.83 1630.12 1087.4 969.637 461.481 385.326 285.978 207.054 152.845 121.264 66.9367 42.8811 22.6798 14.7513 9.19787 4.79909 2.6706 1.64075 1.15219 0.717774 0.329289 0.140232 0.0679441 0.0273364 0.0094637 0.00437521 0.00156309 0.000594865 0.000247337 9.30034e-05 1.64379e-05 3.06947e-06 8.00072e-07 1.65958e-07 4.23477e-08 1.04866e-08 0 0 0 0 0 0 0 0 0 0 0 0 0 0 0 0 0 0 0 0 0 0 0 0 0 0 0 0 0 0 0 0 0 0 0 0 0 0 0 0 0 0 0 0 0 0 0 0 0 0 0 0 0 0
46673.2 31191.4 16194.3 10427.6 8240.28 5857.47 4495.96 3175.93 2555.55 2101.52 1416.47 727.016 663.894 514.253 374.721 280.662 205.793 163.077 83.834 58.4382 37.3532 17.0639 10.2681 6.46408 3.99207 1.91224 1.41101 0.911615 0.519863 0.270737 0.123056 0.0575611 0.0214061 0.00906548 0.00335461 0.00133044 0.000506278 0.000188512 7.66118e-05 1.62678e-05 4.2009e-06 7.79663e-07 1.93618e-07 3.77951e-08 0 0 0 0 0 0 0 0 0 0 0 0 0 0 0 0 0 0 0 0 0 0 0 0 0 0 0 0 0 0 0 0 0 0 0 0 0 0 0 0 0 0 0 0 0 0 0 0 0 0 0 0 0 0 0
40754.3 25092.1 17767.9 9590.73 6618.37 4947.88 4737.65 3183.12 2175.81 1161.04 1161.04 639.68 618.178 447.245 373.117 166.474 151.873 104.777 59.1441 42.3916 25.0124 13.0824 8.21377 4.41143 2.76981 1.63384 1.13305 0.705722 0.359599 0.145 0.0626576 0.0240317 0.012999 0.00433938 0.0013232 0.000533573 0.000177718 0.000113868 4.43677e-05 7.68375e-06 1.66177e-06 3.40683e-07 9.12083e-08 1.95608e-08 0 0 0 0 0 0 0 0 0 0 0 0 0 0 0 0 0 0 0 0 0 0 0 0 0 0 0 0 0 0 0 0 0 0 0 0 0 0 0 0 0 0 0 0 0 0 0 0 0 0 0 0 0 0 0
39380.6 27638.9 16875.3 8471.13 7876.04 5427.26 4383.19 3494.19 2293.15 1898.7 1408.82 969.164 463.726 463.726 397.561 277.332 182.475 136.065 95.1779 54.2247 29.3728 18.129 11.8763 6.77368 4.31098 2.00211 1.40929 0.941006 0.541228 0.298377 0.138059 0.0627908 0.0233109 0.00970762 0.00381521 0.00159115 0.000606137 0.000231381 7.66001e-05 1.45179e-05 3.55004e-06 8.30195e-07 1.56411e-07 3.42731e-08 0 0 0 0 0 0 0 0 0 0 0 0 0 0 0 0 0 0 0 0 0 0 0 0 0 0 0 0 0 0 0 0 0 0 0 0 0 0 0 0 0 0 0 0 0 0 0 0 0 0 0 0 0 0 0
38108.8 27683 16943.8 8905.61 6815.03 5079.35 4691.53 2169.95 2169.95 1487.45 948.83 725.138 595.379 386.552 277.151 195.308 140.341 96.9656 71.3726 38.906 22.6577 11.5761 6.53993 4.39287 2.25865 1.51786 1.05957 0.665145 0.337161 0.154213 0.0724796 0.0299392 0.0135974 0.00409793 0.00226769 0.00089184 0.000280322 0.000118561 5.19187e-05 8.35757e-06 2.06554e-06 4.99511e-07 1.23901e-07 2.99771e-08 0 0 0 0 0 0 0 0 0 0 0 0 0 0 0 0 0 0 0 0 0 0 0 0 0 0 0 0 0 0 0 0 0 0 0 0 0 0 0 0 0 0 0 0 0 0 0 0 0 0 0 0 0 0 0
45585.2 20159.6 15648.6 10792.6 7111.77 5229.02 3685.7 3105.81 2458.24 2000.99 1370.26 927.627 636.449 507.541 428.276 253.2 168.88 106.464 96.3179 46.6131 22.4933 15.7413 10.0096 5.86564 2.81624 1.72868 1.22309 0.570998 0.371508 0.170768 0.0960429 0.0405273 0.0185066 0.00762604 0.00294789 0.00095586 0.000407747 0.000164174 5.72784e-05 9.64194e-06 1.99141e-06 3.59369e-07 7.62284e-08 1.45369e-08 0 0 0 0 0 0 0 0 0 0 0 0 0 0 0 0 0 0 0 0 0 0 0 0 0 0 0 0 0 0 0 0 0 0 0 0 0 0 0 0 0 0 0 0 0 0 0 0 0 0 0 0 0 0 0
44260.7 22100.5 19540.5 7805.49 7376.67 3921.96 3921.96 2957.53 2447.46 1764.02 1325.11 994.568 791.231 531.008 412.536 240.56 197 124.622 94.3206 51.7121 27.1745 15.7312 10.3817 6.27005 2.58218 1.78498 1.19861 0.822946 0.398054 0.184374 0.0774536 0.0339183 0.0127885 0.00517045 0.00216094 0.000845161 0.000355646 0.000135577 5.57076e-05 9.03286e-06 1.37158e-06 4.01926e-07 7.86767e-08 1.61201e-08 0 0 0 0 0 0 0 0 0 0 0 0 0 0 0 0 0 0 0 0 0 0 0 0 0 0 0 0 0 0 0 0 0 0 0 0 0 0 0 0 0 0 0 0 0 0 0 0 0 0 0 0 0 0 0
39670.7 22128.8 18299.6 11323.2 8022.7 5894.36 4826.97 4116.42 2822.9 2359.45 1473.73 898.47 636.438 564.323 287.63 245.803 196.674 145.543 102.632 44.1946 23.8222 13.2273 8.77774 6.50841 2.80567 1.79308 1.18182 0.705096 0.354381 0.144358 0.0611287 0.0295062 0.0111518 0.00471319 0.00177947 0.000599192 0.000277093 9.77644e-05 4.39057e-05 1.04985e-05 2.48958e-06 4.25092e-07 1.06045e-07 2.91946e-08 0 0 0 0 0 0 0 0 0 0 0 0 0 0 0 0 0 0 0 0 0 0 0 0 0 0 0 0 0 0 0 0 0 0 0 0 0 0 0 0 0 0 0 0 0 0 0 0 0 0 0 0 0 0 0
35491 26057.9 18353.4 9348.4 7600.33 5708.48 3787.08 3144.98 2587.62 1688.74 999.323 897.187 584.176 411.18 320.783 215.144 183.125 125.675 81.4029 57.9196 29.7759 17.3065 8.75311 5.06792 2.91202 1.70359 1.23349 0.766264 0.402345 0.180093 0.0919094 0.0357043 0.0157704 0.00600988 0.00166925 0.000980595 0.000437335 0.000145167 4.68766e-05 1.15537e-05 2.56858e-06 5.44223e-07 1.1754e-07 2.54576e-08 0 0 0 0 0 0 0 0 0 0 0 0 0 0 0 0 0 0 0 0 0 0 0 0 0 0 0 0 0 0 0 0 0 0 0 0 0 0 0 0 0 0 0 0 0 0 0 0 0 0 0 0 0 0 0
41003.2 30783.4 18192.2 10380.8 5063.91 5063.91 3671.45 3526.75 2085.5 1868.15 1365.88 949.086 713.311 461.306 322.765 270.505 188.376 144.55 89.6883 49.6486 28.7521 15.1955 12.4819 5.79793 3.18156 1.96196 1.39409 0.816113 0.516084 0.226782 0.0822074 0.0462188 0.0141645 0.0086439 0.00273382 0.0011324 0.000541457 0.000163259 7.30895e-05 1.68342e-05 4.12189e-06 1.08422e-06 2.8201e-07 7.46455e-08 1.3606e-08 0 0 0 0 0 0 0 0 0 0 0 0 0 0 0 0 0 0 0 0 0 0 0 0 0 0 0 0 0 0 0 0 0 0 0 0 0 0 0 0 0 0 0 0 0 0 0 0 0 0 0 0 0 0
39452.7 23197.7 21545 10034 8281.92 6516.97 5169.44 3188.41 2900.2 2081.12 1863.4 1321.32 778.142 583.243 454.285 302.653 240.828 132.942 78.3961 50.9236 30.7871 22.7512 14.0454 7.3062 4.20799 2.2274 1.52097 1.1582 0.633269 0.35818 0.162549 0.0606069 0.0282767 0.0103687 0.00396245 0.00183741 0.000746842 0.000287017 7.95992e-05 1.93191e-05 4.42176e-06 7.97104e-07 2.61686e-07 5.54347e-08 1.22719e-08 0 0 0 0 0 0 0 0 0 0 0 0 0 0 0 0 0 0 0 0 0 0 0 0 0 0 0 0 0 0 0 0 0 0 0 0 0 0 0 0 0 0 0 0 0 0 0 0 0 0 0 0 0 0
45134.9 27996.8 21556.9 8917.61 7342.89 6666.6 4214.82 3559.89 2430.14 1957 1305.15 996.999 611.073 513.66 339.15 266.918 185.653 125.559 87.0109 52.1077 25.0833 11.3763 8.43641 5.52773 2.72498 1.87134 1.13892 0.686984 0.415732 0.174378 0.0653548 0.0309913 0.0154588 0.00534674 0.00180642 0.000762562 0.000317632 0.000116295 3.85132e-05 9.37032e-06 2.05553e-06 4.12805e-07 8.28127e-08 1.49597e-08 0 0 0 0 0 0 0 0 0 0 0 0 0 0 0 0 0 0 0 0 0 0 0 0 0 0 0 0 0 0 0 0 0 0 0 0 0 0 0 0 0 0 0 0 0 0 0 0 0 0 0 0 0 0 0
38174.5 36670.6 18305.2 11511.5 7989.57 5999.6 4499.19 3094.16 1637.59 1637.59 1300.45 1057.87 790.056 671.047 368.311 348.9 200.04 140.885 95.5774 56.608 32.3007 19.0008 10.0223 6.38952 3.85202 1.91668 1.57766 0.985933 0.619456 0.229926 0.105499 0.0495067 0.0194406 0.00846294 0.00338895 0.0014761 0.000535888 0.000180064 6.42616e-05 1.60935e-05 3.60301e-06 7.98028e-07 2.11233e-07 5.14044e-08 1.10253e-08 0 0 0 0 0 0 0 0 0 0 0 0 0 0 0 0 0 0 0 0 0 0 0 0 0 0 0 0 0 0 0 0 0 0 0 0 0 0 0 0 0 0 0 0 0 0 0 0 0 0 0 0 0 0
41662.4 26988.4 18461 9414.27 6097.18 4634.05 4046.75 2886.37 1999.55 1619.31 1264.13 932.624 728.711 466.3 333.266 244.222 208.026 95.8462 90.9977 64.2353 26.8377 17.4941 12.4151 7.1183 3.92129 1.93154 1.4597 0.97958 0.603425 0.269555 0.108855 0.0328473 0.0196745 0.00839661 0.00310242 0.00148131 0.000654254 0.000166077 7.31826e-05 1.459e-05 3.53373e-06 9.06899e-07 2.03105e-07 4.70045e-08 1.22183e-08 0 0 0 0 0 0 0 0 0 0 0 0 0 0 0 0 0 0 0 0 0 0 0 0 0 0 0 0 0 0 0 0 0 0 0 0 0 0 0 0 0 0 0 0 0 0 0 0 0 0 0 0 0 0
