773.082 649.08 501.349 396.606 396.606 396.606 390.359 365.593 356.047 344.138 334.966 321.332 313.503 308.732 306.324 303.616 302.332 301.977 301.124 300.572 300.412 300.291 300.087 300.076 300.052 300.026 300.019 300.006 300.004 300.002 300.002 300.001 300 300 300 300 300 300 300 300 300 300 300 300 300 300 300 300 300 300 300 300 300 300 300 300 300 300 300 300 300 300 300 300 300 300 300 300 300 300 300 300 300 300 300 300 300 300 300 300 300 300 300 300 300 300 300 300 300 300 300 300 300 300 300 300
807.966 635.978 635.978 607.537 602.838 592.42 526.494 526.494 490.458 490.458 490.458 469.956 463.359 456.368 452.881 443.89 416.659 399.739 380.185 374.487 367.655 366.008 355.801 325.676 311.275 306.806 303.749 301.275 300.812 300.367 300.253 300.106 300.062 300.047 300.021 300.012 300.007 300.003 300.001 300.001 300 300 300 300 300 300 300 300 300 300 300 300 300 300 300 300 300 300 300 300 300 300 300 300 300 300 300 300 300 300 300 300 300 300 300 300 300 300 300 300 300 300 300 300 300 300 300 300 300 300 300 300 300 300 300 300
921.137 762.896 649.691 492.136 445.765 408.357 407.668 397.644 371.227 352.087 344.274 319.294 316.261 310.906 305.953 304.541 302.442 301.87 300.809 300.805 300.42 300.295 300.147 300.116 300.06 300.037 300.023 300.007 300.004 300.003 300.001 300.001 300 300 300 300 300 300 300 300 300 300 300 300 300 300 300 300 300 300 300 300 300 300 300 300 300 300 300 300 300 300 300 300 300 300 300 300 300 300 300 300 300 300 300 300 300 300 300 300 300 300 300 300 300 300 300 300 300 300 300 300 300 300 300 300
729.351 506.273 487.912 452.989 421.216 417.24 409.022 376.925 373.184 346.826 336.761 323.864 313.448 313.448 308.114 305.874 302.508 302.222 301.554 300.801 300.646 300.325 300.168 300.121 300.071 300.039 300.023 300.006 300.004 300.002 300.002 300.001 300 300 300 300 300 300 300 300 300 300 300 300 300 300 300 300 300 300 300 300 300 300 300 300 300 300 300 300 300 300 300 300 300 300 300 300 300 300 300 300 300 300 300 300 300 300 300 300 300 300 300 300 300 300 300 300 300 300 300 300 300 300 300 300
787.53 762.583 594.675 528.812 506.9 482.131 437.775 423.263 406.966 395.333 387.981 370.66 361.817 341.307 327.989 314.332 312.559 307.523 305.658 302.368 302.321 301.154 300.754 300.438 300.289 300.15 300.102 300.033 300.026 300.011 300.008 300.003 300.003 300.001 300.001 300 300 300 300 300 300 300 300 300 300 300 300 300 300 300 300 300 300 300 300 300 300 300 300 300 300 300 300 300 300 300 300 300 300 300 300 300 300 300 300 300 300 300 300 300 300 300 300 300 300 300 300 300 300 300 300 300 300 300 300 300
965.393 754.124 574.881 488.589 457.014 421.241 388.453 379.733 354.51 349.666 326.58 320.226 318.406 311.456 305.977 304.529 302.705 301.593 300.978 300.838 300.357 300.307 300.161 300.088 300.064 300.039 300.023 300.008 300.005 300.003 300.001 300.001 300 300 300 300 300 300 300 300 300 300 300 300 300 300 300 300 300 300 300 300 300 300 300 300 300 300 300 300 300 300 300 300 300 300 300 300 300 300 300 300 300 300 300 300 300 300 300 300 300 300 300 300 300 300 300 300 300 300 300 300 300 300 300 300
866.209 696.814 651.238 567.571 567.571 466.929 451.607 419.178 411.483 389.942 371.964 363.643 339.293 323.083 312.345 306.6 304.85 302.228 301.852 300.836 300.611 300.358 300.224 300.194 300.104 300.054 300.039 300.015 300.007 300.006 300.002 300.001 300.001 300.001 300 300 300 300 300 300 300 300 300 300 300 300 300 300 300 300 300 300 300 300 300 300 300 300 300 300 300 300 300 300 300 300 300 300 300 300 300 300 300 300 300 300 300 300 300 300 300 300 300 300 300 300 300 300 300 300 300 300 300 300 300 300
824.548 613.588 565.645 425.276 425.276 370.58 369.037 366.797 341.306 329.853 324.233 315.128 313.727 306.924 304.248 303.034 302.261 301.267 300.96 300.52 300.354 300.214 300.128 300.069 300.054 300.027 300.019 300.007 300.003 300.002 300.001 300.001 300.001 300 300 300 300 300 300 300 300 300 300 300 300 300 300 300 300 300 300 300 300 300 300 300 300 300 300 300 300 300 300 300 300 300 300 300 300 300 300 300 300 300 300 300 300 300 300 300 300 300 300 300 300 300 300 300 300 300 300 300 300 300 300 300
727.111 700.429 568.961 488.491 441.78 389.951 384.797 384.797 368.271 351.308 343.585 328.173 318.5 314.859 308.619 305.463 302.569 302.104 300.901 300.862 300.568 300.223 300.209 300.103 300.07 300.035 300.024 300.007 300.004 300.002 300.001 300.001 300 300 300 300 300 300 300 300 300 300 300 300 300 300 300 300 300 300 300 300 300 300 300 300 300 300 300 300 300 300 300 300 300 300 300 300 300 300 300 300 300 300 300 300 300 300 300 300 300 300 300 300 300 300 300 300 300 300 300 300 300 300 300 300
981.496 858.685 740.164 610.282 590.952 590.952 587.563 587.225 584.807 584.52 584.031 583.819 583.819 583.816 583.776 583.761 583.76 583.749 583.742 583.742 583.742 583.739 583.737 583.737 583.736 583.736 583.736 583.735 583.735 583.735 583.735 583.734 583.734 583.734 583.734 583.734 583.734 583.734 583.734 583.734 583.734 583.734 583.734 583.734 583.734 583.734 583.734 583.734 583.734 583.734 583.734 583.734 583.734 583.734 583.734 583.734 583.734 583.734 583.734 583.734 583.734 583.734 583.734 583.734 583.734 583.734 583.734 583.734 583.734 583.734 583.734 583.734 583.734 583.734 583.734 583.734 583.734 583.734 583.734 583.734 583.734 583.734 583.734 583.734 583.734 583.734 583.734 583.734 583.734 583.734 583.734 583.734 583.734 583.734 583.734 583.734
931.851 689.387 592.526 440.117 415.897 400.629 396.738 387.336 368.392 365.762 350.037 326.494 325.633 317.529 309.017 307.484 303.88 302.749 301.872 301.041 300.654 300.396 300.265 300.138 300.099 300.065 300.03 300.01 300.007 300.004 300.003 300.001 300.001 300 300 300 300 300 300 300 300 300 300 300 300 300 300 300 300 300 300 300 300 300 300 300 300 300 300 300 300 300 300 300 300 300 300 300 300 300 300 300 300 300 300 300 300 300 300 300 300 300 300 300 300 300 300 300 300 300 300 300 300 300 300 300
904.951 654.909 497.496 440.857 411.076 386.622 373.508 352.941 333.889 332.476 323.162 315.352 309.06 306.446 304.144 302.848 301.618 301.088 300.859 300.331 300.319 300.189 300.083 300.07 300.05 300.016 300.014 300.006 300.003 300.001 300.001 300.001 300 300 300 300 300 300 300 300 300 300 300 300 300 300 300 300 300 300 300 300 300 300 300 300 300 300 300 300 300 300 300 300 300 300 300 300 300 300 300 300 300 300 300 300 300 300 300 300 300 300 300 300 300 300 300 300 300 300 300 300 300 300 300 300
823.576 616.359 469.684 426.846 386.429 386.429 376.356 355.522 330.707 329.089 320.6 310.851 308.25 305.11 303.172 302.766 301.444 300.962 300.832 300.453 300.312 300.184 300.109 300.068 300.038 300.024 300.011 300.005 300.003 300.002 300.001 300.001 300 300 300 300 300 300 300 300 300 300 300 300 300 300 300 300 300 300 300 300 300 300 300 300 300 300 300 300 300 300 300 300 300 300 300 300 300 300 300 300 300 300 300 300 300 300 300 300 300 300 300 300 300 300 300 300 300 300 300 300 300 300 300 300
753.66 516.724 516.724 464.413 425.523 415.075 388.739 379.79 359.155 349.387 324.481 324.481 317.656 311.597 306.842 305.714 302.754 302.063 301.486 300.902 300.504 300.26 300.176 300.112 300.071 300.044 300.02 300.008 300.003 300.003 300.001 300.001 300 300 300 300 300 300 300 300 300 300 300 300 300 300 300 300 300 300 300 300 300 300 300 300 300 300 300 300 300 300 300 300 300 300 300 300 300 300 300 300 300 300 300 300 300 300 300 300 300 300 300 300 300 300 300 300 300 300 300 300 300 300 300 300
899.422 690.427 507.92 444.364 420.646 406.259 389.375 368.838 344.94 339.194 317.869 311.677 309.539 306.105 304.46 302.684 301.792 301.402 300.659 300.538 300.404 300.203 300.13 300.095 300.038 300.03 300.016 300.007 300.004 300.002 300.001 300.001 300 300 300 300 300 300 300 300 300 300 300 300 300 300 300 300 300 300 300 300 300 300 300 300 300 300 300 300 300 300 300 300 300 300 300 300 300 300 300 300 300 300 300 300 300 300 300 300 300 300 300 300 300 300 300 300 300 300 300 300 300 300 300 300
755.759 736.156 530.887 466.027 394.089 394.089 393.97 388.923 366.808 356.64 345.348 325.197 313.273 313.273 308.803 307.131 303.611 302.164 301.841 301.257 300.795 300.288 300.288 300.138 300.083 300.057 300.035 300.01 300.007 300.004 300.002 300.001 300.001 300 300 300 300 300 300 300 300 300 300 300 300 300 300 300 300 300 300 300 300 300 300 300 300 300 300 300 300 300 300 300 300 300 300 300 300 300 300 300 300 300 300 300 300 300 300 300 300 300 300 300 300 300 300 300 300 300 300 300 300 300 300 300
795.174 591.532 591.532 591.532 587.05 587.05 587.05 587.05 587.05 587.05 587.05 482.765 482.765 482.765 482.765 482.765 482.765 482.765 481.591 481.591 481.591 481.591 481.591 481.591 466.877 462.936 460.903 449.176 411.988 384.832 368.276 366.016 349.464 319.565 311.199 305.085 302.638 301.279 300.473 300.244 300.112 300.053 300.022 300.01 300.003 300.001 300.001 300 300 300 300 300 300 300 300 300 300 300 300 300 300 300 300 300 300 300 300 300 300 300 300 300 300 300 300 300 300 300 300 300 300 300 300 300 300 300 300 300 300 300 300 300 300 300 300 300
763.414 638.655 562.937 425.777 386.2 380.482 363.531 361.929 345.667 325.617 322.285 313.187 310.929 306.078 304.356 302.391 301.403 301.332 300.798 300.415 300.178 300.176 300.094 300.044 300.044 300.023 300.011 300.005 300.003 300.002 300.001 300.001 300 300 300 300 300 300 300 300 300 300 300 300 300 300 300 300 300 300 300 300 300 300 300 300 300 300 300 300 300 300 300 300 300 300 300 300 300 300 300 300 300 300 300 300 300 300 300 300 300 300 300 300 300 300 300 300 300 300 300 300 300 300 300 300
904.935 562.715 475.72 413.007 399.406 391.139 368.625 362.386 347.554 326.774 320.923 316.182 312.751 307.071 304.641 303.223 301.842 301.139 300.882 300.465 300.357 300.23 300.132 300.098 300.044 300.031 300.018 300.005 300.004 300.002 300.001 300.001 300 300 300 300 300 300 300 300 300 300 300 300 300 300 300 300 300 300 300 300 300 300 300 300 300 300 300 300 300 300 300 300 300 300 300 300 300 300 300 300 300 300 300 300 300 300 300 300 300 300 300 300 300 300 300 300 300 300 300 300 300 300 300 300
877.469 690.526 636.05 428.662 428.662 403.081 400.662 389.185 374.568 353.815 340.514 330.484 321.179 312.41 308.001 305.692 304.705 302.36 301.509 300.751 300.494 300.395 300.226 300.11 300.063 300.049 300.03 300.01 300.006 300.003 300.002 300.001 300.001 300 300 300 300 300 300 300 300 300 300 300 300 300 300 300 300 300 300 300 300 300 300 300 300 300 300 300 300 300 300 300 300 300 300 300 300 300 300 300 300 300 300 300 300 300 300 300 300 300 300 300 300 300 300 300 300 300 300 300 300 300 300 300
940.91 555.53 512.562 445.964 428.391 395.15 387.201 375.398 366.271 347.069 332.451 322.939 317.752 310.536 307.874 304.864 303.21 301.922 301.193 300.749 300.443 300.329 300.183 300.111 300.072 300.041 300.026 300.007 300.005 300.002 300.001 300.001 300.001 300 300 300 300 300 300 300 300 300 300 300 300 300 300 300 300 300 300 300 300 300 300 300 300 300 300 300 300 300 300 300 300 300 300 300 300 300 300 300 300 300 300 300 300 300 300 300 300 300 300 300 300 300 300 300 300 300 300 300 300 300 300 300
705.279 454.456 454.456 443.653 412.185 388.081 384.654 371.059 358.405 344.956 331.936 321.587 314.534 306.936 305.829 303.05 302.107 301.285 301.003 300.458 300.356 300.208 300.139 300.049 300.038 300.026 300.017 300.005 300.003 300.002 300.001 300.001 300 300 300 300 300 300 300 300 300 300 300 300 300 300 300 300 300 300 300 300 300 300 300 300 300 300 300 300 300 300 300 300 300 300 300 300 300 300 300 300 300 300 300 300 300 300 300 300 300 300 300 300 300 300 300 300 300 300 300 300 300 300 300 300
867.413 762.48 507.14 444.936 419.402 382.074 382.074 361.786 345.188 323.848 322.633 314.639 308.957 304.774 303.068 302.169 301.478 300.971 300.646 300.326 300.276 300.154 300.098 300.067 300.029 300.017 300.012 300.005 300.003 300.001 300.001 300 300 300 300 300 300 300 300 300 300 300 300 300 300 300 300 300 300 300 300 300 300 300 300 300 300 300 300 300 300 300 300 300 300 300 300 300 300 300 300 300 300 300 300 300 300 300 300 300 300 300 300 300 300 300 300 300 300 300 300 300 300 300 300 300
984.534 619.438 551.547 471.962 435.374 435.374 399.432 399.432 375.764 364.761 346.675 334.217 329.654 316.976 315.047 304.977 304.977 302.987 301.397 301.397 300.784 300.662 300.377 300.229 300.15 300.08 300.056 300.02 300.01 300.006 300.004 300.002 300.001 300.001 300 300 300 300 300 300 300 300 300 300 300 300 300 300 300 300 300 300 300 300 300 300 300 300 300 300 300 300 300 300 300 300 300 300 300 300 300 300 300 300 300 300 300 300 300 300 300 300 300 300 300 300 300 300 300 300 300 300 300 300 300 300
938.549 795.603 676.664 604.576 604.576 592.946 564.004 563.894 556.79 527.795 485.447 448.414 436.371 422.302 396.914 382.06 374.948 366.312 347.353 323.425 311.577 310.4 307.394 305.106 302.69 301.414 300.863 300.389 300.139 300.125 300.071 300.037 300.02 300.012 300.006 300.003 300.002 300.001 300 300 300 300 300 300 300 300 300 300 300 300 300 300 300 300 300 300 300 300 300 300 300 300 300 300 300 300 300 300 300 300 300 300 300 300 300 300 300 300 300 300 300 300 300 300 300 300 300 300 300 300 300 300 300 300 300 300
612.265 612.265 604.318 455.661 455.661 442.751 401.455 381.343 356.386 350.723 340.573 328.5 315.697 311.88 307.388 304.021 303.075 301.642 301.003 300.715 300.494 300.357 300.196 300.113 300.073 300.04 300.022 300.009 300.004 300.003 300.002 300.001 300.001 300 300 300 300 300 300 300 300 300 300 300 300 300 300 300 300 300 300 300 300 300 300 300 300 300 300 300 300 300 300 300 300 300 300 300 300 300 300 300 300 300 300 300 300 300 300 300 300 300 300 300 300 300 300 300 300 300 300 300 300 300 300 300
757.285 624.168 521.405 452.612 408.59 404.077 374.319 338.996 338.996 338.996 330.98 316.113 312.819 310.552 305.945 303.502 302.785 301.354 301.187 300.567 300.341 300.284 300.166 300.059 300.056 300.028 300.02 300.006 300.003 300.002 300.001 300 300 300 300 300 300 300 300 300 300 300 300 300 300 300 300 300 300 300 300 300 300 300 300 300 300 300 300 300 300 300 300 300 300 300 300 300 300 300 300 300 300 300 300 300 300 300 300 300 300 300 300 300 300 300 300 300 300 300 300 300 300 300 300 300
831.892 723.185 692.204 646.377 624.089 624.089 597.324 559.794 559.794 559.794 559.794 559.794 559.794 559.794 559.794 559.794 559.794 559.794 559.794 559.794 559.794 559.794 559.794 559.794 559.794 559.794 559.794 559.794 559.794 559.794 559.794 559.794 559.794 559.794 559.794 559.794 559.794 559.794 559.794 559.794 559.794 559.794 559.794 559.794 559.794 559.794 559.794 559.794 559.794 559.794 559.794 559.794 559.794 559.794 559.794 559.794 548.428 435.121 418.022 416.958 402.968 369.087 366.508 315.947 305.046 301.028 300.341 300.076 300.013 300.003 300.001 300 300 300 300 300 300 300 300 300 300 300 300 300 300 300 300 300 300 300 300 300 300 300 300 300
914.276 742.769 659.758 589.157 584.859 567.544 494.966 459.245 430.532 403.774 379.661 366.686 351.454 318.352 317.098 309.567 305.774 303.667 303.458 301.586 300.946 300.689 300.47 300.257 300.147 300.072 300.061 300.017 300.012 300.007 300.004 300.002 300.001 300.001 300 300 300 300 300 300 300 300 300 300 300 300 300 300 300 300 300 300 300 300 300 300 300 300 300 300 300 300 300 300 300 300 300 300 300 300 300 300 300 300 300 300 300 300 300 300 300 300 300 300 300 300 300 300 300 300 300 300 300 300 300 300
985.31 700.872 602.4 507.528 447.735 440.821 438.093 394.282 378.417 371.429 354.769 340.631 319.214 316.991 312.058 306.175 305.031 303.36 301.195 301.127 300.927 300.435 300.328 300.215 300.118 300.058 300.037 300.014 300.007 300.005 300.003 300.002 300.001 300.001 300 300 300 300 300 300 300 300 300 300 300 300 300 300 300 300 300 300 300 300 300 300 300 300 300 300 300 300 300 300 300 300 300 300 300 300 300 300 300 300 300 300 300 300 300 300 300 300 300 300 300 300 300 300 300 300 300 300 300 300 300 300
899.487 711.924 548.189 548.189 430.43 426.756 416.749 391.451 389.887 377.002 371.879 368.104 350.801 312.79 311.979 310.481 305.484 303.521 302.988 301.592 301.116 300.779 300.433 300.277 300.186 300.102 300.07 300.021 300.009 300.008 300.004 300.002 300.001 300.001 300 300 300 300 300 300 300 300 300 300 300 300 300 300 300 300 300 300 300 300 300 300 300 300 300 300 300 300 300 300 300 300 300 300 300 300 300 300 300 300 300 300 300 300 300 300 300 300 300 300 300 300 300 300 300 300 300 300 300 300 300 300
941.778 723.567 537.679 464.835 437.417 437.417 430.054 423.83 382.898 373.252 371.127 366.961 354.539 321.989 317.819 308.349 306.1 304.722 302.471 302.107 301.236 300.601 300.424 300.276 300.174 300.098 300.067 300.024 300.011 300.007 300.004 300.002 300.001 300.001 300 300 300 300 300 300 300 300 300 300 300 300 300 300 300 300 300 300 300 300 300 300 300 300 300 300 300 300 300 300 300 300 300 300 300 300 300 300 300 300 300 300 300 300 300 300 300 300 300 300 300 300 300 300 300 300 300 300 300 300 300 300
727.972 602.98 495.827 460.497 441.456 404.124 359.148 359.148 352.001 338.18 331.671 321.131 312.689 306.717 304.187 303.278 302.766 301.646 300.856 300.664 300.308 300.168 300.131 300.081 300.05 300.026 300.015 300.005 300.003 300.002 300.001 300.001 300 300 300 300 300 300 300 300 300 300 300 300 300 300 300 300 300 300 300 300 300 300 300 300 300 300 300 300 300 300 300 300 300 300 300 300 300 300 300 300 300 300 300 300 300 300 300 300 300 300 300 300 300 300 300 300 300 300 300 300 300 300 300 300
857.255 767.518 600.602 519.874 495.701 456.25 450.118 430.978 400.478 384.35 361.59 338.379 336.447 327.184 310.378 310.065 307.383 304.486 302.828 301.122 301.087 300.677 300.333 300.227 300.123 300.084 300.054 300.014 300.009 300.005 300.003 300.001 300.001 300 300 300 300 300 300 300 300 300 300 300 300 300 300 300 300 300 300 300 300 300 300 300 300 300 300 300 300 300 300 300 300 300 300 300 300 300 300 300 300 300 300 300 300 300 300 300 300 300 300 300 300 300 300 300 300 300 300 300 300 300 300 300
862.456 671.618 515.573 437.74 425.273 411.538 380.514 366.338 338.757 335.978 317.725 316.248 308.18 306.122 302.887 301.996 301.69 300.903 300.588 300.427 300.237 300.18 300.075 300.045 300.031 300.016 300.01 300.003 300.002 300.001 300.001 300 300 300 300 300 300 300 300 300 300 300 300 300 300 300 300 300 300 300 300 300 300 300 300 300 300 300 300 300 300 300 300 300 300 300 300 300 300 300 300 300 300 300 300 300 300 300 300 300 300 300 300 300 300 300 300 300 300 300 300 300 300 300 300 300
1018.41 554.563 554.563 421.564 421.564 421.564 397.508 380.244 362.974 353.28 353.28 329.167 319.336 312.931 310.776 305.189 305.156 302.242 301.803 301.31 300.55 300.436 300.273 300.164 300.094 300.057 300.032 300.008 300.006 300.005 300.002 300.001 300.001 300.001 300 300 300 300 300 300 300 300 300 300 300 300 300 300 300 300 300 300 300 300 300 300 300 300 300 300 300 300 300 300 300 300 300 300 300 300 300 300 300 300 300 300 300 300 300 300 300 300 300 300 300 300 300 300 300 300 300 300 300 300 300 300
881.297 734.38 702.151 487.702 480.901 470.562 463.489 443.325 404.866 393.681 388.146 373.41 353.279 343.801 327.963 323.816 312.087 308.99 307.057 304.513 302.774 301.518 301.032 300.685 300.498 300.223 300.105 300.044 300.024 300.013 300.01 300.005 300.003 300.002 300.001 300 300 300 300 300 300 300 300 300 300 300 300 300 300 300 300 300 300 300 300 300 300 300 300 300 300 300 300 300 300 300 300 300 300 300 300 300 300 300 300 300 300 300 300 300 300 300 300 300 300 300 300 300 300 300 300 300 300 300 300 300
891.055 782.909 668.444 625.541 604.473 591.989 566.409 566.409 563.47 537.579 472.235 435.186 427.098 414.494 405.829 377.585 370.508 369.684 368.726 367.047 365.705 347.533 315.621 308.427 303.719 302.769 301.787 300.703 300.355 300.212 300.126 300.077 300.043 300.021 300.01 300.005 300.004 300.002 300.001 300 300 300 300 300 300 300 300 300 300 300 300 300 300 300 300 300 300 300 300 300 300 300 300 300 300 300 300 300 300 300 300 300 300 300 300 300 300 300 300 300 300 300 300 300 300 300 300 300 300 300 300 300 300 300 300 300
917.205 694.439 614.88 539.916 469.778 457.147 435.615 430.863 398.226 383.604 370.663 363.746 335.048 323.788 316.136 308.78 304.978 303.478 303.036 301.876 301.124 300.612 300.38 300.223 300.148 300.099 300.056 300.022 300.011 300.007 300.004 300.002 300.001 300.001 300 300 300 300 300 300 300 300 300 300 300 300 300 300 300 300 300 300 300 300 300 300 300 300 300 300 300 300 300 300 300 300 300 300 300 300 300 300 300 300 300 300 300 300 300 300 300 300 300 300 300 300 300 300 300 300 300 300 300 300 300 300
681.813 616.694 566.625 452.454 400.887 400.887 389.434 370.957 363.419 348.991 325.897 313.856 313.546 309.52 304.517 303.592 302.587 301.82 300.992 300.57 300.454 300.25 300.109 300.071 300.063 300.034 300.017 300.007 300.004 300.003 300.002 300.001 300.001 300 300 300 300 300 300 300 300 300 300 300 300 300 300 300 300 300 300 300 300 300 300 300 300 300 300 300 300 300 300 300 300 300 300 300 300 300 300 300 300 300 300 300 300 300 300 300 300 300 300 300 300 300 300 300 300 300 300 300 300 300 300 300
851.662 716.14 586.08 461.941 433.782 417.586 388.308 383.941 332.124 332.124 331.431 318.257 311.826 307.398 305.437 303.253 302.325 301.284 300.916 300.614 300.289 300.161 300.105 300.071 300.039 300.025 300.016 300.005 300.002 300.002 300.001 300.001 300 300 300 300 300 300 300 300 300 300 300 300 300 300 300 300 300 300 300 300 300 300 300 300 300 300 300 300 300 300 300 300 300 300 300 300 300 300 300 300 300 300 300 300 300 300 300 300 300 300 300 300 300 300 300 300 300 300 300 300 300 300 300 300
642.02 642.02 642.02 470.634 434.47 398.564 377.423 377.071 358.094 321.722 321.722 313.835 312.218 306.581 305.973 303.271 302.154 301.359 300.875 300.674 300.365 300.305 300.158 300.089 300.046 300.034 300.019 300.007 300.004 300.003 300.001 300.001 300 300 300 300 300 300 300 300 300 300 300 300 300 300 300 300 300 300 300 300 300 300 300 300 300 300 300 300 300 300 300 300 300 300 300 300 300 300 300 300 300 300 300 300 300 300 300 300 300 300 300 300 300 300 300 300 300 300 300 300 300 300 300 300
763.77 644.802 586.768 435.972 435.972 416.177 397.889 362.522 358.908 331.276 323.147 317.13 312.564 307.149 303.532 303.532 302.509 301.503 300.802 300.331 300.289 300.179 300.128 300.064 300.052 300.033 300.015 300.007 300.003 300.002 300.001 300.001 300 300 300 300 300 300 300 300 300 300 300 300 300 300 300 300 300 300 300 300 300 300 300 300 300 300 300 300 300 300 300 300 300 300 300 300 300 300 300 300 300 300 300 300 300 300 300 300 300 300 300 300 300 300 300 300 300 300 300 300 300 300 300 300
849.771 752.719 598.269 518.013 468.222 462.574 423.707 390.171 390.171 383.29 368.142 368.142 349.346 333.572 324.664 315.153 307.315 305.951 303.557 301.772 301.772 300.733 300.648 300.218 300.185 300.115 300.078 300.022 300.014 300.007 300.004 300.002 300.002 300.001 300 300 300 300 300 300 300 300 300 300 300 300 300 300 300 300 300 300 300 300 300 300 300 300 300 300 300 300 300 300 300 300 300 300 300 300 300 300 300 300 300 300 300 300 300 300 300 300 300 300 300 300 300 300 300 300 300 300 300 300 300 300
877.315 612.077 481.907 433.774 403.769 381.738 373.181 373.181 353.524 330.848 321.927 318.156 310.037 308.457 305.036 303.597 301.593 301.48 300.845 300.51 300.308 300.2 300.112 300.069 300.049 300.037 300.02 300.007 300.004 300.002 300.001 300.001 300 300 300 300 300 300 300 300 300 300 300 300 300 300 300 300 300 300 300 300 300 300 300 300 300 300 300 300 300 300 300 300 300 300 300 300 300 300 300 300 300 300 300 300 300 300 300 300 300 300 300 300 300 300 300 300 300 300 300 300 300 300 300 300
720.403 720.403 627.825 448.409 445.521 439.778 412.282 387.036 377.732 362.251 344.081 344.081 334.221 322.379 319.261 311.09 308.024 303.966 302.716 302.053 301.079 300.736 300.48 300.19 300.139 300.047 300.047 300.018 300.01 300.005 300.004 300.002 300.001 300.001 300 300 300 300 300 300 300 300 300 300 300 300 300 300 300 300 300 300 300 300 300 300 300 300 300 300 300 300 300 300 300 300 300 300 300 300 300 300 300 300 300 300 300 300 300 300 300 300 300 300 300 300 300 300 300 300 300 300 300 300 300 300
758.465 540.988 489.954 405.162 405.162 377.666 346.162 338.537 327.756 321.176 311.767 307.536 305.417 303.409 301.655 301.37 300.767 300.558 300.325 300.279 300.163 300.123 300.049 300.038 300.028 300.012 300.008 300.003 300.001 300.001 300.001 300 300 300 300 300 300 300 300 300 300 300 300 300 300 300 300 300 300 300 300 300 300 300 300 300 300 300 300 300 300 300 300 300 300 300 300 300 300 300 300 300 300 300 300 300 300 300 300 300 300 300 300 300 300 300 300 300 300 300 300 300 300 300 300 300
918.692 784.276 699.122 487.535 487.535 487.535 456.829 456.829 456.829 450.249 431.614 431.614 410.375 386.498 379.609 374.044 365.647 353.768 331.723 319.82 310.494 308.285 305.725 302.839 302.042 301.144 300.813 300.304 300.124 300.079 300.055 300.033 300.014 300.008 300.004 300.003 300.001 300.001 300 300 300 300 300 300 300 300 300 300 300 300 300 300 300 300 300 300 300 300 300 300 300 300 300 300 300 300 300 300 300 300 300 300 300 300 300 300 300 300 300 300 300 300 300 300 300 300 300 300 300 300 300 300 300 300 300 300
936.632 723.768 653.006 604.318 530.774 461.423 423.567 423.567 395.768 394.674 378.93 369.929 369.416 366.432 347.17 323.194 313.425 308.363 306.591 303.213 302.057 301.113 300.653 300.441 300.319 300.164 300.122 300.038 300.022 300.013 300.008 300.005 300.003 300.001 300.001 300 300 300 300 300 300 300 300 300 300 300 300 300 300 300 300 300 300 300 300 300 300 300 300 300 300 300 300 300 300 300 300 300 300 300 300 300 300 300 300 300 300 300 300 300 300 300 300 300 300 300 300 300 300 300 300 300 300 300 300 300
914.494 557.005 557.005 443.935 410.864 388.664 374.527 367.572 343.245 323.67 323.67 317.396 311.713 307.909 304.211 302.982 301.437 301.06 300.681 300.62 300.353 300.199 300.116 300.081 300.046 300.035 300.016 300.007 300.004 300.002 300.001 300.001 300 300 300 300 300 300 300 300 300 300 300 300 300 300 300 300 300 300 300 300 300 300 300 300 300 300 300 300 300 300 300 300 300 300 300 300 300 300 300 300 300 300 300 300 300 300 300 300 300 300 300 300 300 300 300 300 300 300 300 300 300 300 300 300
518.894 490.967 490.967 399.253 399.253 389.105 385.187 363.145 345.789 342.271 329.172 319.848 312.205 307.528 304.243 302.87 302.282 301.134 300.771 300.436 300.387 300.148 300.135 300.067 300.028 300.026 300.017 300.006 300.002 300.002 300.001 300.001 300 300 300 300 300 300 300 300 300 300 300 300 300 300 300 300 300 300 300 300 300 300 300 300 300 300 300 300 300 300 300 300 300 300 300 300 300 300 300 300 300 300 300 300 300 300 300 300 300 300 300 300 300 300 300 300 300 300 300 300 300 300 300 300
