12506.1 8263.67 5373.9 2895.16 2705.61 1517.55 1286.95 1286.95 1001.44 675.076 389.634 253.996 253.996 205.148 178.057 116.181 71.0271 56.9759 50.0069 34.415 18.0969 10.5941 9.00813 4.9784 4.67259 1.96542 1.47568 0.987831 0.726472 0.428376 0.235981 0.119328 0.0524799 0.021812 0.00930115 0.0043118 0.00137069 0.00065923 0.000246453 8.85777e-06 2.67131e-06 5.52796e-07 9.16186e-08 2.32565e-08 0 0 0 0 0 0 0 0 0 0 0 0 0 0 0 0 0 0 0 0 0 0 0 0 0 0 0 0 0 0 0 0 0 0 0 0 0 0 0 0 0 0 0 0 0 0 0 0 0 0 0
15030.7 7288.14 5017.27 2874.48 2086.47 1762.21 1237.52 1133.74 608.635 539.642 365.432 273.53 213.578 213.441 105.945 105.945 64.5768 44.2528 26.0736 22.9135 16.4294 9.69529 6.14289 4.725 2.31234 1.45174 1.03241 0.733145 0.427452 0.235868 0.112654 0.0590773 0.0168643 0.0114729 0.00418743 0.00191552 0.000681144 0.000272939 0.000109862 5.0893e-06 1.38936e-06 3.36004e-07 9.01617e-08 1.17453e-08 0 0 0 0 0 0 0 0 0 0 0 0 0 0 0 0 0 0 0 0 0 0 0 0 0 0 0 0 0 0 0 0 0 0 0 0 0 0 0 0 0 0 0 0 0 0 0 0 0 0 0
13924.4 9087.3 6131.21 2220.45 1797.67 1738.72 1626.13 1225.95 757.936 644.363 492.622 344.049 307.33 214.835 133.151 66.4809 66.4809 44.8272 44.8272 32.8656 14.7573 11.1473 8.37472 5.30868 2.89427 1.41687 1.0007 0.782094 0.598127 0.371417 0.16679 0.0820047 0.0360242 0.0129819 0.00593936 0.00262732 0.000902386 0.000392992 0.000130185 6.55109e-06 1.2894e-06 3.46317e-07 7.15023e-08 1.74435e-08 0 0 0 0 0 0 0 0 0 0 0 0 0 0 0 0 0 0 0 0 0 0 0 0 0 0 0 0 0 0 0 0 0 0 0 0 0 0 0 0 0 0 0 0 0 0 0 0 0 0 0
14129.7 6981.12 5787.55 3026.85 2538.96 1858.46 1316.49 1151.72 854.851 629.105 435.095 261.75 235.391 184.985 165.937 127.556 91.3246 74.1175 51.864 33.4005 21.7359 9.88913 4.82653 4.62566 3.30317 1.83382 0.993909 0.810593 0.552672 0.315998 0.1432 0.0667194 0.020966 0.0127565 0.00466505 0.00220316 0.000999893 0.000363326 0.000135822 6.11879e-06 1.30369e-06 2.83603e-07 7.31973e-08 1.35569e-08 0 0 0 0 0 0 0 0 0 0 0 0 0 0 0 0 0 0 0 0 0 0 0 0 0 0 0 0 0 0 0 0 0 0 0 0 0 0 0 0 0 0 0 0 0 0 0 0 0 0 0
11116.7 6426.15 4103.83 2936.75 2355.4 1186.03 1186.03 952.823 707.962 707.962 532.997 379.127 278.348 236.525 82.0733 82.0733 82.0733 66.2685 52.5779 32.9513 12.1507 11.7055 8.34003 4.76547 2.83385 1.72511 1.19275 0.856913 0.665104 0.362484 0.189215 0.0836053 0.0342117 0.0160111 0.00748866 0.00341043 0.00117649 0.000345222 0.000175959 8.51781e-06 2.47748e-06 4.89033e-07 1.17722e-07 1.402e-08 0 0 0 0 0 0 0 0 0 0 0 0 0 0 0 0 0 0 0 0 0 0 0 0 0 0 0 0 0 0 0 0 0 0 0 0 0 0 0 0 0 0 0 0 0 0 0 0 0 0 0
14357.7 9125.86 5849.94 3458.26 2181.61 1963.35 1441.36 1224.52 991.856 667.284 432.056 314.013 309.558 161.406 161.406 121.891 121.891 72.9405 57.475 36.2355 13.9503 13.4124 7.98424 5.78842 4.21332 2.25507 1.1883 0.912196 0.539656 0.350385 0.133326 0.067195 0.0312837 0.0110487 0.00633445 0.00195763 0.000799176 0.000313856 0.000142479 8.42446e-06 1.67435e-06 4.55489e-07 6.57731e-08 1.23941e-08 0 0 0 0 0 0 0 0 0 0 0 0 0 0 0 0 0 0 0 0 0 0 0 0 0 0 0 0 0 0 0 0 0 0 0 0 0 0 0 0 0 0 0 0 0 0 0 0 0 0 0
10258.2 6803.65 5364.24 2381.91 2111.76 1672.24 1597.45 1281.19 911.642 573.903 536.647 391.699 298.188 216.29 148.066 118.729 78.2033 53.2841 33.1062 27.0865 18.3387 11.5056 7.27043 4.29697 1.36403 1.36403 1.2628 0.768891 0.503554 0.312957 0.164632 0.0608774 0.0280437 0.0101035 0.00395228 0.00178145 0.000722022 0.000298821 0.000108884 5.8464e-06 9.86954e-07 2.71044e-07 5.09006e-08 0 0 0 0 0 0 0 0 0 0 0 0 0 0 0 0 0 0 0 0 0 0 0 0 0 0 0 0 0 0 0 0 0 0 0 0 0 0 0 0 0 0 0 0 0 0 0 0 0 0 0 0
15497.4 8583.93 5671.67 2422.75 2104.33 1742.44 1065.17 1065.17 935.106 587.17 445.097 390.19 275.891 220.642 153.179 128.187 60.8811 60.8811 56.1209 43.1486 24.8247 20.4878 7.17732 6.04034 4.04425 1.48289 1.31195 0.844368 0.696019 0.386741 0.165293 0.0919638 0.0382848 0.0153689 0.00729479 0.00306686 0.00117999 0.000487548 0.000145702 6.97979e-06 1.98236e-06 4.42241e-07 8.02665e-08 1.76093e-08 0 0 0 0 0 0 0 0 0 0 0 0 0 0 0 0 0 0 0 0 0 0 0 0 0 0 0 0 0 0 0 0 0 0 0 0 0 0 0 0 0 0 0 0 0 0 0 0 0 0 0
11021.6 6623.06 5638.42 3655.45 2056.44 1562.63 994.502 988.66 828.292 758.194 503.248 473.45 287.868 214.507 156.004 133.318 94.1999 62.1854 51.7026 34.1115 21.6 9.07682 7.65121 4.60725 3.98152 2.9917 1.51405 1.03324 0.721339 0.453634 0.2382 0.0833823 0.0435828 0.0186945 0.00879397 0.00327075 0.00162861 0.000472889 0.000193922 1.07753e-05 1.94185e-06 5.47669e-07 7.73503e-08 1.30434e-08 0 0 0 0 0 0 0 0 0 0 0 0 0 0 0 0 0 0 0 0 0 0 0 0 0 0 0 0 0 0 0 0 0 0 0 0 0 0 0 0 0 0 0 0 0 0 0 0 0 0 0
16479.5 8923.46 6269.52 3374.4 1922.76 1675.08 1675.08 1359.72 747.422 747.422 587.568 466.433 331.197 235.606 202.764 159.902 116.336 63.7539 47.5356 33.0282 14.0099 14.0099 7.71074 5.86187 3.59451 1.5377 1.29885 0.893425 0.649966 0.287565 0.170166 0.0621457 0.0362406 0.014176 0.00670488 0.00262744 0.00109594 0.000377317 0.000152197 9.19215e-06 1.56353e-06 4.3891e-07 9.08605e-08 1.72695e-08 0 0 0 0 0 0 0 0 0 0 0 0 0 0 0 0 0 0 0 0 0 0 0 0 0 0 0 0 0 0 0 0 0 0 0 0 0 0 0 0 0 0 0 0 0 0 0 0 0 0 0
16673.1 6326 5581.88 3089.81 1680.75 1680.75 1611.89 897.278 897.278 636.665 456.378 320.246 270.295 261.79 109.787 104.894 88.8596 56.6045 44.7615 21.7384 16.0852 10.5144 4.74747 3.18651 2.64145 1.44433 0.995142 0.701884 0.407587 0.240806 0.108574 0.0431685 0.0223347 0.00699412 0.0033345 0.00106808 0.000592029 0.000228229 7.60964e-05 3.98358e-06 6.21668e-07 1.51751e-07 2.74143e-08 0 0 0 0 0 0 0 0 0 0 0 0 0 0 0 0 0 0 0 0 0 0 0 0 0 0 0 0 0 0 0 0 0 0 0 0 0 0 0 0 0 0 0 0 0 0 0 0 0 0 0 0
15615.7 7575.96 6233.82 2474.88 2474.88 1984.94 1519.86 1236.8 1020.17 661.873 560.327 336.961 336.961 191.828 126.24 100.085 87.2658 52.1784 51.1426 33.7662 18.7863 16.1921 9.05078 4.7052 3.59845 1.92238 1.09623 0.79647 0.686913 0.392066 0.198262 0.0861384 0.0380635 0.0132317 0.0061079 0.00297621 0.00128327 0.000541169 0.000188299 1.14328e-05 2.71807e-06 5.93833e-07 1.36234e-07 2.79814e-08 0 0 0 0 0 0 0 0 0 0 0 0 0 0 0 0 0 0 0 0 0 0 0 0 0 0 0 0 0 0 0 0 0 0 0 0 0 0 0 0 0 0 0 0 0 0 0 0 0 0 0
13860.9 8194.67 5623.65 3085.59 2044.4 1984.89 1314.86 799.807 799.807 739.959 522.602 460.022 310.377 208.7 149.449 149.449 78.7068 62.0396 55.0876 35.8968 27.7002 8.4842 7.83619 7.18374 4.27284 2.28299 1.52527 1.0142 0.828165 0.445899 0.217549 0.123876 0.0493493 0.0210675 0.0107388 0.00445274 0.00160672 0.000583549 0.000291185 1.11111e-05 3.33871e-06 4.15525e-07 8.83954e-08 1.97589e-08 0 0 0 0 0 0 0 0 0 0 0 0 0 0 0 0 0 0 0 0 0 0 0 0 0 0 0 0 0 0 0 0 0 0 0 0 0 0 0 0 0 0 0 0 0 0 0 0 0 0 0
17178.9 7438.41 4527.69 2964.55 2964.55 1769.44 1310.31 1143.47 717.327 633.523 499.601 382.258 202.877 202.877 173.827 147.044 118.73 81.4606 55.4312 34.3615 16.8304 13.1775 6.91807 5.61067 3.52555 1.75082 1.06242 0.830144 0.664728 0.391356 0.181727 0.0881935 0.0469881 0.0155718 0.00659001 0.00275411 0.00148616 0.000579698 0.000190123 1.14274e-05 3.04896e-06 7.10275e-07 1.03449e-07 2.74471e-08 0 0 0 0 0 0 0 0 0 0 0 0 0 0 0 0 0 0 0 0 0 0 0 0 0 0 0 0 0 0 0 0 0 0 0 0 0 0 0 0 0 0 0 0 0 0 0 0 0 0 0
10649.3 7984.2 5721.81 2528.51 2303.23 1578.75 1512.32 1062.37 652.784 594.659 439.042 311.144 211.261 110.206 110.206 110.206 61.0022 56.5509 44.8792 26.9235 12.6972 8.97545 6.27926 4.64459 2.02778 1.25978 0.941741 0.612512 0.442997 0.127643 0.0993115 0.0410969 0.018707 0.00620539 0.00282827 0.00128799 0.000370844 0.000202467 7.73547e-05 3.96734e-06 6.03982e-07 1.69878e-07 3.41815e-08 0 0 0 0 0 0 0 0 0 0 0 0 0 0 0 0 0 0 0 0 0 0 0 0 0 0 0 0 0 0 0 0 0 0 0 0 0 0 0 0 0 0 0 0 0 0 0 0 0 0 0 0
11573.7 8039.97 4819.67 2776.63 1392.78 1392.78 1388.38 1197.24 951.177 791.335 394.261 394.261 309.685 188.621 144.424 125.397 80.7382 77.3807 58.4043 37.2191 17.4606 12.82 9.65394 6.64903 3.69607 2.80382 1.59643 0.972758 0.733755 0.378272 0.287532 0.118279 0.0495492 0.0200338 0.00808267 0.00369149 0.00164493 0.000505967 0.000232133 1.2008e-05 3.24804e-06 6.61706e-07 1.53554e-07 2.77896e-08 0 0 0 0 0 0 0 0 0 0 0 0 0 0 0 0 0 0 0 0 0 0 0 0 0 0 0 0 0 0 0 0 0 0 0 0 0 0 0 0 0 0 0 0 0 0 0 0 0 0 0
16169.8 9570.59 5595.2 2852.11 2323.16 2079.78 1418.82 1258.16 802.57 441.749 441.749 410.221 223.508 201.799 171.091 129.802 111.805 85.0047 59.1862 26.3108 18.736 16.6034 9.56097 3.81193 2.44223 2.27972 1.14927 0.96669 0.677657 0.46817 0.161707 0.123876 0.0458429 0.0229048 0.00682877 0.00445807 0.00163144 0.000456903 0.000199206 1.14862e-05 2.38674e-06 5.01228e-07 1.03963e-07 1.93553e-08 0 0 0 0 0 0 0 0 0 0 0 0 0 0 0 0 0 0 0 0 0 0 0 0 0 0 0 0 0 0 0 0 0 0 0 0 0 0 0 0 0 0 0 0 0 0 0 0 0 0 0
14553.9 6610.89 6126.64 3126.26 1964.32 1964.32 1227.18 1227.18 1107.75 553.74 522.272 510.948 327.305 185.2 185.2 127.532 109.511 66.6836 37.9558 33.1242 27.1874 16.4613 8.03259 7.24572 4.32301 2.28956 1.40129 0.81519 0.741015 0.501061 0.305419 0.13412 0.053967 0.0188504 0.0104953 0.00410468 0.00169111 0.000504453 0.00024404 1.22041e-05 2.75732e-06 5.77451e-07 1.01594e-07 2.69495e-08 0 0 0 0 0 0 0 0 0 0 0 0 0 0 0 0 0 0 0 0 0 0 0 0 0 0 0 0 0 0 0 0 0 0 0 0 0 0 0 0 0 0 0 0 0 0 0 0 0 0 0
14646.6 10005.1 7329.86 2420.6 2420.6 2059.35 1506.4 1468.25 1033.7 714.913 657.435 312.639 312.639 177.811 177.811 160.432 111.592 87.8319 63.6206 47.6636 19.0476 15.2703 8.92416 6.22015 4.04129 2.02924 1.1378 0.822932 0.628024 0.394583 0.187617 0.105186 0.0376505 0.0161606 0.00820175 0.00290453 0.00107427 0.000482978 0.000175427 7.49782e-06 1.74334e-06 4.14005e-07 1.19067e-07 2.13581e-08 0 0 0 0 0 0 0 0 0 0 0 0 0 0 0 0 0 0 0 0 0 0 0 0 0 0 0 0 0 0 0 0 0 0 0 0 0 0 0 0 0 0 0 0 0 0 0 0 0 0 0
15585.5 10019.1 6414.98 3381.04 2485.03 2172.42 1705.85 1481.67 874.447 710.151 448.814 338.271 322.499 167.92 121.98 120.759 99.306 72.1686 67.838 33.2812 14.6551 11.1345 7.64904 4.78841 3.71255 2.18343 1.39288 1.04799 0.749043 0.515363 0.300936 0.108086 0.0535743 0.0221236 0.0134404 0.0044477 0.00214738 0.000766838 0.000311394 1.38083e-05 3.51588e-06 7.88453e-07 1.33419e-07 2.88632e-08 0 0 0 0 0 0 0 0 0 0 0 0 0 0 0 0 0 0 0 0 0 0 0 0 0 0 0 0 0 0 0 0 0 0 0 0 0 0 0 0 0 0 0 0 0 0 0 0 0 0 0
10752.4 9500.92 4184.41 3322.78 2405.07 1683.4 1294.12 983.366 709.744 623.362 427.608 266.598 266.598 224.485 127.31 99.7116 77.6237 58.0687 44.3092 30.1139 20.4519 11.2067 5.35171 5.21926 3.39783 1.94117 1.20302 0.820587 0.573256 0.331337 0.190857 0.0666998 0.0269034 0.01628 0.00731394 0.00244782 0.000936963 0.000432774 0.000136174 8.30091e-06 1.65354e-06 3.69166e-07 5.03711e-08 1.27297e-08 0 0 0 0 0 0 0 0 0 0 0 0 0 0 0 0 0 0 0 0 0 0 0 0 0 0 0 0 0 0 0 0 0 0 0 0 0 0 0 0 0 0 0 0 0 0 0 0 0 0 0
15353.6 9043.93 6002.29 2311.27 2067.18 1618.31 1393.05 1112.38 756.78 588.326 442.666 270.78 234.407 197.371 125.779 110.333 86.5918 46.0428 43.6169 29.3733 16.9511 10.7918 5.58746 4.90306 2.42564 1.45251 1.04889 0.75343 0.521608 0.319329 0.158573 0.0684555 0.0326349 0.0125034 0.00555911 0.00157457 0.000693088 0.000300582 0.000102513 7.51563e-06 1.92854e-06 3.38441e-07 7.24232e-08 1.53426e-08 0 0 0 0 0 0 0 0 0 0 0 0 0 0 0 0 0 0 0 0 0 0 0 0 0 0 0 0 0 0 0 0 0 0 0 0 0 0 0 0 0 0 0 0 0 0 0 0 0 0 0
12389.1 7925.69 6377.17 3480.37 2694.45 1783.91 1783.91 1248.85 769.088 769.088 614.765 380.853 380.853 260.984 185.151 155.972 113.727 100.014 59.7477 44.0474 29.0603 12.2297 9.52648 7.1241 4.3566 1.82241 1.32774 1.02369 0.75516 0.501478 0.195258 0.111827 0.0551856 0.0144253 0.0100343 0.0036958 0.00168128 0.000497278 0.00024247 1.17844e-05 2.13945e-06 6.28668e-07 1.11668e-07 1.75083e-08 0 0 0 0 0 0 0 0 0 0 0 0 0 0 0 0 0 0 0 0 0 0 0 0 0 0 0 0 0 0 0 0 0 0 0 0 0 0 0 0 0 0 0 0 0 0 0 0 0 0 0
17118.1 5878.45 5303.7 3162.1 2542.13 2193.5 1394.2 1350.64 991.535 733.166 527.927 328.464 323.447 209.434 170.237 128.567 81.021 74.2896 42.1373 29.9409 24.0675 13.0357 9.48252 5.8384 3.75528 2.48478 1.56375 1.1379 0.64279 0.472447 0.268858 0.145019 0.0519981 0.0199975 0.0100281 0.00467988 0.00144098 0.00068855 0.000275993 1.60057e-05 2.79477e-06 5.43706e-07 1.54657e-07 2.678e-08 0 0 0 0 0 0 0 0 0 0 0 0 0 0 0 0 0 0 0 0 0 0 0 0 0 0 0 0 0 0 0 0 0 0 0 0 0 0 0 0 0 0 0 0 0 0 0 0 0 0 0
10206.5 7124.62 6511.22 2996.86 1886 1709.97 1486.65 1273.76 945.438 586.736 431.081 311.822 311.822 246.135 152.002 107.196 105.088 78.2839 48.7189 23.7829 14.2269 12.1429 9.45878 6.68605 3.68583 2.71823 1.39411 1.02428 0.774567 0.498818 0.279355 0.117783 0.0681177 0.0250059 0.0104721 0.00565307 0.00217447 0.000615624 0.000307594 7.74535e-06 3.79452e-06 6.91535e-07 1.36419e-07 2.99029e-08 0 0 0 0 0 0 0 0 0 0 0 0 0 0 0 0 0 0 0 0 0 0 0 0 0 0 0 0 0 0 0 0 0 0 0 0 0 0 0 0 0 0 0 0 0 0 0 0 0 0 0
9027.85 7200.91 6286.68 3378.52 2415.13 1806.2 1677.72 1218.9 1140.76 780.923 641.709 463.764 395.886 269.41 137.08 137.08 128.895 89.3218 48.3331 27.9236 26.2229 15.5874 10.4875 6.47858 4.84606 2.37601 1.48327 0.969524 0.673424 0.500375 0.229712 0.126482 0.0523943 0.0181329 0.0084104 0.00325881 0.00159279 0.000847452 0.000156269 1.4596e-05 2.29378e-06 4.91916e-07 1.02661e-07 2.08038e-08 0 0 0 0 0 0 0 0 0 0 0 0 0 0 0 0 0 0 0 0 0 0 0 0 0 0 0 0 0 0 0 0 0 0 0 0 0 0 0 0 0 0 0 0 0 0 0 0 0 0 0
13978.2 9299.84 7079.93 3478.05 1728.84 1728.84 1542.54 962.585 962.585 604.168 535.084 401.405 233.912 164.322 161.123 130.057 113.063 72.2945 50.5861 26.1456 20.7525 13.2899 8.3481 6.091 2.9746 2.05346 1.02671 1.02671 0.677385 0.482203 0.218311 0.101626 0.0386599 0.0218241 0.00554679 0.00298624 0.00124427 0.000610521 0.00025797 1.07483e-05 3.32587e-06 6.8515e-07 1.27211e-07 2.46239e-08 0 0 0 0 0 0 0 0 0 0 0 0 0 0 0 0 0 0 0 0 0 0 0 0 0 0 0 0 0 0 0 0 0 0 0 0 0 0 0 0 0 0 0 0 0 0 0 0 0 0 0
14740.1 9585.98 5028.36 3126 2667.46 2125.39 1702.03 867.686 736.197 736.197 551.518 286.282 286.282 206.345 109.692 109.692 80.3235 65.7826 63.9753 35.2537 24.2174 11.9102 8.65955 5.32729 3.0636 2.45231 1.53855 1.0145 0.755866 0.46944 0.249404 0.106898 0.0499298 0.0145462 0.00567234 0.0045205 0.00157054 0.000676574 0.000260667 1.24204e-05 2.00532e-06 4.8493e-07 9.78475e-08 2.04191e-08 0 0 0 0 0 0 0 0 0 0 0 0 0 0 0 0 0 0 0 0 0 0 0 0 0 0 0 0 0 0 0 0 0 0 0 0 0 0 0 0 0 0 0 0 0 0 0 0 0 0 0
14364 6849.86 4279.1 2420.88 2359.91 1558.95 1273.75 963.663 536.647 509.047 497.758 189.41 189.41 189.41 120.149 120.149 87.1626 52.3427 38.1001 26.7539 15.5129 12.1712 5.6218 4.25508 2.29528 1.44762 1.17045 0.726561 0.563801 0.298663 0.175821 0.0652981 0.0348591 0.0146385 0.0057845 0.00177674 0.000654131 0.000258721 0.000120384 7.27923e-06 1.59024e-06 3.44077e-07 5.7781e-08 1.34339e-08 0 0 0 0 0 0 0 0 0 0 0 0 0 0 0 0 0 0 0 0 0 0 0 0 0 0 0 0 0 0 0 0 0 0 0 0 0 0 0 0 0 0 0 0 0 0 0 0 0 0 0
15654.6 7686.09 6242.96 2584.33 2082.68 1592.37 929.11 929.11 808.279 404.562 404.562 392.435 210.78 203.248 184.322 140.003 70.7872 61.4655 43.086 30.792 16.8886 11.6044 8.37466 4.81193 3.81325 2.07248 1.15981 0.917017 0.652319 0.434107 0.212368 0.118832 0.0500106 0.0197157 0.00928583 0.00342949 0.00145086 0.000601398 0.00020578 1.52272e-05 3.53249e-06 7.28955e-07 1.06612e-07 3.05416e-08 0 0 0 0 0 0 0 0 0 0 0 0 0 0 0 0 0 0 0 0 0 0 0 0 0 0 0 0 0 0 0 0 0 0 0 0 0 0 0 0 0 0 0 0 0 0 0 0 0 0 0
11363.9 7376.26 5841.96 3650.02 2379.57 1872.76 1569.52 1122.42 807.155 567.187 529.605 461.505 241.044 206.174 167.454 74.0464 73.3947 67.4287 46.3035 30.207 16.8224 14.7597 7.7915 4.31442 3.17572 1.62397 1.02554 0.727455 0.508068 0.278636 0.137142 0.076843 0.0322982 0.0135091 0.00599319 0.00248576 0.000743867 0.000309634 0.000105158 4.97978e-06 1.45141e-06 3.03877e-07 4.67702e-08 0 0 0 0 0 0 0 0 0 0 0 0 0 0 0 0 0 0 0 0 0 0 0 0 0 0 0 0 0 0 0 0 0 0 0 0 0 0 0 0 0 0 0 0 0 0 0 0 0 0 0 0
11543.8 6585.24 4102.85 2828.28 2560.73 1454.61 1033.44 1009.7 703.143 674.35 495.965 387.363 296.228 252.112 153.587 130.974 107.605 69.0076 62.7063 47.656 22.0834 9.56115 8.65476 6.67198 4.22717 1.84265 1.04412 0.97512 0.618939 0.423746 0.240793 0.116575 0.0369377 0.0223779 0.00849253 0.003053 0.00165649 0.000526886 0.000234516 8.30405e-06 2.54761e-06 6.97914e-07 7.67225e-08 2.66842e-08 0 0 0 0 0 0 0 0 0 0 0 0 0 0 0 0 0 0 0 0 0 0 0 0 0 0 0 0 0 0 0 0 0 0 0 0 0 0 0 0 0 0 0 0 0 0 0 0 0 0 0
11445.5 8335.54 6407.73 2727.94 1401.5 1401.5 1401.5 1271.58 741.257 624.827 488.869 248.667 248.667 200.474 177.934 116.161 97.244 81.839 54.1417 41.6024 27.7901 13.5684 11.0138 6.69083 4.78961 2.93843 1.62171 0.945235 0.742601 0.507872 0.216223 0.137376 0.0533522 0.0195832 0.00950652 0.0034863 0.00127598 0.000527977 0.000238709 1.32367e-05 2.3733e-06 5.97139e-07 8.30673e-08 2.20753e-08 0 0 0 0 0 0 0 0 0 0 0 0 0 0 0 0 0 0 0 0 0 0 0 0 0 0 0 0 0 0 0 0 0 0 0 0 0 0 0 0 0 0 0 0 0 0 0 0 0 0 0
10768.9 8839.46 5437.91 2168.8 2168.8 1193.23 1193.23 1076.34 837.681 814.717 454.141 331.437 331.437 242.769 175.018 110.606 104.339 80.3618 69.546 37.4597 15.7183 9.9999 9.37422 5.6661 3.0771 1.77842 1.26435 0.958931 0.678579 0.406494 0.206563 0.104161 0.0454151 0.0197187 0.00757009 0.00379799 0.00166553 0.000583941 0.000210442 9.04659e-06 3.19425e-06 5.71208e-07 9.50321e-08 2.17425e-08 0 0 0 0 0 0 0 0 0 0 0 0 0 0 0 0 0 0 0 0 0 0 0 0 0 0 0 0 0 0 0 0 0 0 0 0 0 0 0 0 0 0 0 0 0 0 0 0 0 0 0
13158.7 8445.96 4786.89 2470.09 2470.09 1698.88 1238.78 994.548 711.586 567.642 278.847 278.847 198.965 183.719 125.896 112.814 54.0819 44.089 41.9168 14.6843 14.4437 6.65263 5.15986 3.68347 2.38775 1.39526 1.03949 0.722847 0.464005 0.276981 0.129235 0.0585785 0.0214524 0.00925406 0.00472007 0.0016622 0.000588812 0.000324804 0.00010872 6.22046e-06 1.06968e-06 3.02235e-07 4.86435e-08 1.11106e-08 0 0 0 0 0 0 0 0 0 0 0 0 0 0 0 0 0 0 0 0 0 0 0 0 0 0 0 0 0 0 0 0 0 0 0 0 0 0 0 0 0 0 0 0 0 0 0 0 0 0 0
14622.2 6916.5 5124.73 2802.69 2265.82 1896.75 1645.66 893.061 749.974 494.99 494.99 308.212 293.216 153.867 144.801 99.8971 77.2286 48.9846 41.2058 26.3361 14.929 9.6796 7.50071 4.46344 3.03154 1.80689 1.09366 0.835468 0.496548 0.323834 0.191536 0.0657534 0.0225445 0.0101272 0.0047872 0.0020372 0.000855077 0.000369773 0.000110455 5.4278e-06 1.4017e-06 2.72277e-07 5.69486e-08 1.23337e-08 0 0 0 0 0 0 0 0 0 0 0 0 0 0 0 0 0 0 0 0 0 0 0 0 0 0 0 0 0 0 0 0 0 0 0 0 0 0 0 0 0 0 0 0 0 0 0 0 0 0 0
12991.9 7797.84 4439.17 1818.63 1818.63 1788.88 1333.88 927.051 646.118 485.49 380.779 326.42 255.648 175.373 125.559 87.469 66.6556 55.0322 30.2729 15.5057 14.996 8.91564 6.71211 3.72356 2.64289 1.43989 0.721942 0.636971 0.433728 0.287426 0.121307 0.0470265 0.0124499 0.00830988 0.00391227 0.00157248 0.000520688 0.000270198 0.00011224 6.16776e-06 1.36595e-06 2.91509e-07 5.02811e-08 1.2027e-08 0 0 0 0 0 0 0 0 0 0 0 0 0 0 0 0 0 0 0 0 0 0 0 0 0 0 0 0 0 0 0 0 0 0 0 0 0 0 0 0 0 0 0 0 0 0 0 0 0 0 0
10590.5 9286.39 4593.74 2884.51 1563.6 1563.6 1481.54 1086.09 1086.09 769.126 446.485 299.694 145.037 145.037 145.037 145.037 125.169 54.2761 54.2761 47.5809 28.4301 19.1374 9.59056 5.44581 3.90236 2.91423 1.68314 1.10322 0.787852 0.51318 0.286515 0.162657 0.0585214 0.0300465 0.0137966 0.0052297 0.00177232 0.000627033 0.000260694 1.46353e-05 2.78755e-06 6.17619e-07 1.42611e-07 2.94748e-08 0 0 0 0 0 0 0 0 0 0 0 0 0 0 0 0 0 0 0 0 0 0 0 0 0 0 0 0 0 0 0 0 0 0 0 0 0 0 0 0 0 0 0 0 0 0 0 0 0 0 0
14935 7332.58 7194.81 3362.31 2288.62 1555.03 1192.01 1192.01 892.894 734.103 515.09 445.923 230.795 223.042 182.918 159.725 94.0221 76.1332 49.8352 38.6549 21.057 16.3991 9.59504 7.22446 5.03071 2.69136 1.36551 0.819159 0.812478 0.517947 0.247509 0.118393 0.0544894 0.0152088 0.00695031 0.00252107 0.00130745 0.000509011 0.000167079 1.38259e-05 2.68148e-06 6.37221e-07 1.17841e-07 1.92075e-08 0 0 0 0 0 0 0 0 0 0 0 0 0 0 0 0 0 0 0 0 0 0 0 0 0 0 0 0 0 0 0 0 0 0 0 0 0 0 0 0 0 0 0 0 0 0 0 0 0 0 0
13783.3 8374.4 4632.93 3131.86 1862.79 1557.39 1048.81 1033.19 969.875 512.725 410.325 291.686 288.213 181.245 111.599 102.315 77.8554 45.2205 35.0775 27.242 14.9245 10.2384 7.09333 5.07238 2.8504 1.76248 1.08569 0.808161 0.603969 0.33295 0.170258 0.0797868 0.0397845 0.0140886 0.00635369 0.0017898 0.000989244 0.000377394 0.00012653 9.20541e-06 2.04278e-06 3.36147e-07 7.6272e-08 1.77773e-08 0 0 0 0 0 0 0 0 0 0 0 0 0 0 0 0 0 0 0 0 0 0 0 0 0 0 0 0 0 0 0 0 0 0 0 0 0 0 0 0 0 0 0 0 0 0 0 0 0 0 0
10285.9 6152.53 5221.76 3811.19 1779.08 1435.36 1178.57 1130.27 580.977 580.977 494.032 336.361 313.453 157.628 91.6671 88.1536 75.3636 54.8623 40.3571 22.5141 11.8353 7.17156 7.12427 3.53504 2.37315 1.31712 0.710609 0.671581 0.520578 0.246862 0.166928 0.0704138 0.0256803 0.0115137 0.00532969 0.0024174 0.000826464 0.000338373 0.000114724 6.50036e-06 9.8887e-07 3.62536e-07 7.83637e-08 1.14402e-08 0 0 0 0 0 0 0 0 0 0 0 0 0 0 0 0 0 0 0 0 0 0 0 0 0 0 0 0 0 0 0 0 0 0 0 0 0 0 0 0 0 0 0 0 0 0 0 0 0 0 0
15702.8 6797.63 6366.51 2528.66 2528.66 1803.02 1401.78 1101.23 1063.58 634.75 457.776 350.769 299.049 194.076 190.744 143.987 96.4731 90.6985 55.2895 42.7045 19.5988 12.4951 8.61135 4.8732 3.01608 1.64207 1.26238 0.861066 0.632559 0.448977 0.199041 0.0876866 0.0412673 0.0153976 0.00686093 0.00289196 0.00114009 0.000356022 0.000188201 9.21418e-06 1.83243e-06 4.21088e-07 1.02072e-07 1.6524e-08 0 0 0 0 0 0 0 0 0 0 0 0 0 0 0 0 0 0 0 0 0 0 0 0 0 0 0 0 0 0 0 0 0 0 0 0 0 0 0 0 0 0 0 0 0 0 0 0 0 0 0
13791.5 7158.51 4759 1930.04 1403.14 1084.63 1084.63 848.756 848.756 653.263 371.027 363.542 267.039 196.153 164.047 117.262 93.3623 76.3152 37.704 34.3712 25.6902 16.1521 9.29038 6.06087 4.36203 2.88008 1.60776 1.14545 0.642115 0.516097 0.27099 0.0975981 0.0494145 0.027665 0.0109685 0.00488063 0.00169385 0.000813482 0.000269835 1.8258e-05 4.30253e-06 1.24188e-06 2.36209e-07 4.02391e-08 0 0 0 0 0 0 0 0 0 0 0 0 0 0 0 0 0 0 0 0 0 0 0 0 0 0 0 0 0 0 0 0 0 0 0 0 0 0 0 0 0 0 0 0 0 0 0 0 0 0 0
11274 8958.51 5528.39 2619.44 2548.06 1961.36 1262.06 789.085 789.085 589.015 350.448 350.448 306.159 194.767 96.0109 79.8809 59.5835 59.5835 43.0747 27.3816 14.6448 9.80876 6.84746 4.86419 2.77455 1.50578 0.890224 0.685262 0.528349 0.353522 0.176942 0.0826851 0.0304466 0.0128964 0.0054964 0.00251197 0.00109086 0.000375598 0.000142249 6.71972e-06 1.69895e-06 3.46831e-07 7.42091e-08 1.23973e-08 0 0 0 0 0 0 0 0 0 0 0 0 0 0 0 0 0 0 0 0 0 0 0 0 0 0 0 0 0 0 0 0 0 0 0 0 0 0 0 0 0 0 0 0 0 0 0 0 0 0 0
11409 8435.26 6893.89 2908.17 1737.92 1737.92 1580.84 955.023 836.525 624.941 624.941 476.002 187.009 187.009 175.195 138.787 94.6397 80.6525 59.3606 35.7629 24.9395 10.8552 6.08463 5.14333 3.51534 1.8595 1.28676 0.812115 0.749995 0.46238 0.306343 0.140139 0.0496288 0.0306089 0.00892645 0.00445029 0.00195916 0.000912428 0.000319667 1.83498e-05 4.38292e-06 9.49687e-07 1.2266e-07 3.58422e-08 0 0 0 0 0 0 0 0 0 0 0 0 0 0 0 0 0 0 0 0 0 0 0 0 0 0 0 0 0 0 0 0 0 0 0 0 0 0 0 0 0 0 0 0 0 0 0 0 0 0 0
12919.5 9426.01 6796.98 3102.07 2790.24 1698.39 1672.36 1176.91 794.139 628.243 413.913 413.913 367.986 247.998 204.33 147.11 109.97 92.3144 76.6115 44.5886 31.8389 18.6012 11.2636 7.00972 6.17557 2.97117 1.26713 1.26713 0.681089 0.604632 0.36749 0.199796 0.081919 0.0299895 0.0134894 0.00674722 0.00238501 0.000857263 0.000286514 1.94772e-05 5.9309e-06 1.514e-06 3.9325e-07 6.96034e-08 1.46152e-08 0 0 0 0 0 0 0 0 0 0 0 0 0 0 0 0 0 0 0 0 0 0 0 0 0 0 0 0 0 0 0 0 0 0 0 0 0 0 0 0 0 0 0 0 0 0 0 0 0 0
10628 7450.59 4969.12 2810.2 1437.37 1437.37 1104.31 706.578 576.015 576.015 466.194 319.867 263.59 159.744 159.744 113.513 92.9961 60.6695 60.6695 34.8091 26.77 11.0939 9.13857 6.81123 3.58485 2.12476 1.36949 0.888437 0.659658 0.488634 0.282965 0.120753 0.0597281 0.0239358 0.00980921 0.00308008 0.00162507 0.000637599 0.000211981 1.2718e-05 2.47086e-06 5.53237e-07 1.32318e-07 2.7207e-08 0 0 0 0 0 0 0 0 0 0 0 0 0 0 0 0 0 0 0 0 0 0 0 0 0 0 0 0 0 0 0 0 0 0 0 0 0 0 0 0 0 0 0 0 0 0 0 0 0 0 0
14772.7 7992.76 6412.31 3413.46 2385.35 1877.05 1694.47 854.224 854.224 725.006 622.796 464.281 300.944 298.44 181.063 147.127 104.057 76.0545 70.3034 64.7953 31.8575 25.7476 10.8135 8.24129 5.49187 3.14908 1.55707 0.92586 0.765566 0.479645 0.261706 0.126098 0.0589369 0.0186759 0.00773343 0.00300695 0.00147964 0.000531597 0.000188497 1.45465e-05 2.68514e-06 7.47869e-07 1.23145e-07 2.80788e-08 0 0 0 0 0 0 0 0 0 0 0 0 0 0 0 0 0 0 0 0 0 0 0 0 0 0 0 0 0 0 0 0 0 0 0 0 0 0 0 0 0 0 0 0 0 0 0 0 0 0 0
12659.2 7710.47 5819.42 2013.31 2013.31 1398.39 1353.39 1010.5 806.276 640.147 500.25 435.548 362.894 172.357 155.683 93.1137 93.1137 72.2924 61.7012 22.022 19.5079 13.9058 9.29804 5.78007 3.2527 1.62769 1.22365 0.860082 0.677148 0.433796 0.185083 0.103943 0.0352947 0.0173367 0.00579585 0.0023164 0.000930188 0.000381498 0.000161218 8.02917e-06 1.65075e-06 3.93015e-07 9.43462e-08 1.92194e-08 0 0 0 0 0 0 0 0 0 0 0 0 0 0 0 0 0 0 0 0 0 0 0 0 0 0 0 0 0 0 0 0 0 0 0 0 0 0 0 0 0 0 0 0 0 0 0 0 0 0 0
13298.9 8501.26 4567.71 2658.14 2206.61 1699.48 1420.65 1232.53 1029.27 703.599 498.897 498.897 336.798 246.856 91.2076 91.2076 86.9547 53.8527 46.6302 32.1519 17.8958 13.9134 8.22067 5.96682 2.30791 2.28283 1.04063 0.919543 0.735779 0.506493 0.234975 0.140187 0.0563923 0.0222913 0.00915646 0.00317919 0.00161636 0.000506728 0.00028321 1.47003e-05 2.52127e-06 8.29342e-07 1.28382e-07 2.69187e-08 0 0 0 0 0 0 0 0 0 0 0 0 0 0 0 0 0 0 0 0 0 0 0 0 0 0 0 0 0 0 0 0 0 0 0 0 0 0 0 0 0 0 0 0 0 0 0 0 0 0 0
12453.1 8834.95 5825.16 3376.08 2075.56 1367.89 1367.89 1175.55 1034.45 896.263 633.523 371.714 324.61 218.289 192.771 100.514 100.514 79.399 56.5306 44.4516 23.6271 18.01 9.08136 6.79703 5.08056 2.92054 1.28972 1.0858 0.85413 0.489024 0.276016 0.157267 0.0580991 0.0282005 0.0122492 0.00467993 0.00173634 0.000853623 0.000298147 1.58727e-05 3.11315e-06 7.70499e-07 1.68047e-07 2.66155e-08 0 0 0 0 0 0 0 0 0 0 0 0 0 0 0 0 0 0 0 0 0 0 0 0 0 0 0 0 0 0 0 0 0 0 0 0 0 0 0 0 0 0 0 0 0 0 0 0 0 0 0
